1.786537697898104530e-04
1.139505477068660449e-04
9.342613001033497281e-05
3.256696181341819577e-05
2.637392589450667543e-04
1.994753891556917040e-04
2.124318423565258807e-04
2.205053715591637979e-04
7.636627770632745062e-05
1.976199730249413879e-04
5.558342358475940092e-04
6.166257644376778573e-04
2.190541598331574179e-04
5.881151783484378547e-04
5.222382879020886267e-04
6.868877631110436059e-04
9.140451476245706024e-04
6.459470657941110590e-04
1.136535112470569249e-03
2.606356483845095710e-03
4.605301809634734268e-03
2.166983346047257619e-02
1.392474895516714883e-01
3.726189436705565905e-01
3.964382656885040990e-01
2.578780736056514589e-01
2.190720313450315870e-01
1.977072691700824392e-01
1.590163003839164257e-01
1.345044583505311253e-01
1.298499205569224879e-01
1.020890916734084192e-01
9.863682451891588043e-02
8.792473214589781316e-02
8.266272103917381153e-02
8.328098403818039175e-02
8.816389697966608985e-02
8.429976457847396243e-02
7.555669771268322399e-02
7.292040937625518526e-02
6.911366400711413394e-02
6.380951252957353659e-02
5.914848057682223909e-02
5.157636537713958941e-02
4.174436501956115680e-02
3.309209583536012328e-02
2.789027374223040229e-02
2.639800670186972370e-02
2.153502301673569305e-02
1.933684012267567962e-02
1.678342053070139284e-02
1.694292073015496794e-02
1.122286803290834141e-02
9.675213314564468439e-03
1.123021589608538297e-02
6.684182034274462926e-03
8.503463624743560004e-03
3.992394964315601133e-03
3.411258032241201374e-03
4.863671244354084676e-03
1.803936699086122666e-03
1.796464824030372153e-03
2.453765362435102008e-03
1.057200776430414430e-03
1.287328881668213174e-03
1.799379055268878489e-03
1.532288947163101345e-03
2.528274766774274776e-03
3.465599746171701880e-03
3.411304715860804648e-03
3.006461225412003935e-03
2.420201156603234149e-03
1.498873127576287601e-03
8.970314779555016308e-04
6.900109621692480455e-04
4.200055300791813288e-04
6.121773274848051061e-04
3.968149378586935914e-04
6.005043670219585832e-04
7.755827498229086537e-04
9.224322938227992553e-04
1.570492821522788320e-03
9.418905481035052055e-04
1.004265536598613045e-03
7.513432097446600278e-04
4.141651743018250650e-04
4.083679660865888487e-04
2.124429274128800224e-04
2.180574657746252656e-04
3.135249340961886655e-04
2.408807268074475438e-04
1.090495102666074834e-04
3.265155642133312478e-05
6.945467980283333506e-06
1.099115319386695288e-06
1.335831170326235931e-07
1.276202243359498362e-08
9.755425773930667211e-10
6.050731308037831577e-11
3.079853530420798154e-12
1.298652228184232926e-13
4.572313457660018175e-15
1.353324929700314966e-16
3.387190882898886967e-18
7.205751425242347932e-20
1.308852662429561995e-21
2.038109469464750039e-23
2.730618188821937605e-25
3.157971347450975137e-27
3.161941196527426277e-29
2.748325194022802489e-31
2.078844495433875994e-33
1.371510389631254218e-35
7.908720793652731140e-38
3.993761939643287499e-40
1.769314330566074883e-42
6.888085803521450986e-45
2.360140818043160065e-47
7.127778473338002650e-50
1.899934600365315116e-52
