4.707274137363864161e-09
6.325936664202589728e-09
8.639519972106138772e-09
1.198466708658505536e-08
1.688395014045619590e-08
2.416220805464703042e-08
3.514232916097987583e-08
5.197660948871506847e-08
7.821253977211347426e-08
1.197683322093293739e-07
1.866334340770607683e-07
2.958720448813565402e-07
4.770159735854454258e-07
7.819497835160093391e-07
1.303492634579424170e-06
2.211336605725940290e-06
3.823513455605813319e-06
6.751428950416438291e-06
1.219559526405343798e-05
2.253821570283716676e-05
4.247998823684659414e-05
8.106917423092742099e-05
1.549618111132742930e-04
2.929225841393591555e-04
5.406858964071368373e-04
9.638225035549219648e-04
1.644759667872382810e-03
2.669886664833569928e-03
4.105255295557407036e-03
5.965133454077409421e-03
8.184489520622728609e-03
1.060996872256619351e-02
1.301988924263370630e-02
1.517199084216473530e-02
1.686360734826675839e-02
1.798119343396548109e-02
1.852029517001883147e-02
1.857100430595425011e-02
1.827917109927648665e-02
1.780167208392592626e-02
1.727206424367568396e-02
1.678443265228714634e-02
1.639401665014672549e-02
1.612762999587934523e-02
1.599616675517445685e-02
1.600416505927466926e-02
1.615498604080267339e-02
1.645268599035164953e-02
1.690246701720960615e-02
1.751113610929220382e-02
1.828810421631541297e-02
1.924671711117022926e-02
2.040533876224680590e-02
2.178756675891311417e-02
2.342119558694553960e-02
2.533615063612874169e-02
2.756274952682819662e-02
3.013293521485602491e-02
3.308674110190415463e-02
3.648145253711245622e-02
4.039238196577413925e-02
4.489073728800119234e-02
4.999695876594660582e-02
5.563226091261951750e-02
6.160063331915528739e-02
6.761090662544425034e-02
7.331568472272563530e-02
7.833762125476466387e-02
8.227686676967117807e-02
8.471991801995426563e-02
8.527696785305234617e-02
8.365232218191917535e-02
7.971697772790323211e-02
7.355212194736557296e-02
6.547255215529979022e-02
5.604343835299705617e-02
4.604591902162052247e-02
3.633284524276522709e-02
2.761221714741882854e-02
2.028898243984739516e-02
1.445558596905675841e-02
9.996654736160124829e-03
6.707658154223153368e-03
4.365584154005589142e-03
2.756331689009034608e-03
1.687425009544871830e-03
9.988449372282744067e-04
5.683731112230302985e-04
3.084256454181753685e-04
1.581776407815925142e-04
7.601106170125837514e-05
3.405208897108579380e-05
1.431399489075893345e-05
5.827562776297693518e-06
2.450084206282169270e-06
1.137056255915891974e-06
5.908098710312318415e-07
3.316131193780095502e-07
1.920011420505081896e-07
1.092655444421454089e-07
5.812111513889878711e-08
2.770242066455623283e-08
1.149895694299186573e-08
4.087048583289244567e-09
1.231913509108206718e-09
3.131333729822232011e-10
6.689272457567873517e-11
1.198440897237105849e-11
1.798458188931328166e-12
2.259189372357113547e-13
2.375176959313489998e-14
2.090291572741759445e-15
1.540567271576769708e-16
9.514885069930067658e-18
4.928674904829244162e-19
2.143215740237249176e-20
7.831638675820698835e-22
2.407453508396918414e-23
6.232554003151289451e-25
1.360415486349314346e-26
