6.087606982806602286e-05
-1.257928248466533462e-05
-5.834389054942133626e-05
2.025177366733154404e-05
8.127013441674792757e-05
8.049252905742914710e-05
2.867385670945341039e-05
8.655741147410583400e-06
1.243287951664478975e-04
7.322228204571594977e-05
7.688769005027597779e-05
1.281293274554348033e-04
6.540844747474754432e-05
1.812033869614868942e-04
4.632375468947531947e-04
1.052674895392766629e-03
1.020398687614816700e-03
7.113928205264258113e-04
1.212813878835907128e-03
1.553861462149293358e-03
1.030220786699206524e-03
1.725351505093830964e-02
1.215966857677777679e-01
2.819132567185837490e-01
3.035403111199205251e-01
1.832372668835212937e-01
1.502289309172806231e-01
1.633211421059549973e-01
1.515610122597155496e-01
1.569373168701070076e-01
1.630408285142381786e-01
1.654743458576062032e-01
1.531692209605071964e-01
1.414954966508292222e-01
1.226050284786240341e-01
1.034979482568861575e-01
8.358938203419911950e-02
6.749748461980888126e-02
5.788188571868366217e-02
5.402477328078404695e-02
5.450110554315999029e-02
5.476154540865468129e-02
5.478966210600408338e-02
5.408293515801981116e-02
5.202544330567380332e-02
5.095679063544805015e-02
4.346286386263496088e-02
3.843568545277835369e-02
3.295127331197889031e-02
2.682659573006613077e-02
2.433368857703792007e-02
2.185667470739570753e-02
1.749113088628003951e-02
1.497553650493887306e-02
9.463767526677636932e-03
9.742274895501121593e-03
1.199956625282598381e-02
6.518137047126981373e-03
5.646185206092727699e-03
4.766267230292107679e-03
6.325711629704790402e-03
4.100210345094480735e-03
3.453112119574997408e-03
3.202647736791170048e-03
6.335582928559838588e-03
4.090088937425526497e-03
7.713450091472437431e-03
7.169166174190412348e-03
7.424475197509469541e-03
1.097866408535577362e-02
1.070687802634752959e-02
7.551242301659977924e-03
6.988625746027732691e-03
3.184154066570206616e-03
4.076862150645920758e-03
3.421376562892784745e-03
2.857002901132141975e-03
2.674506842307475610e-03
2.223512954082663105e-03
2.232807351643831088e-03
1.426292143676268160e-03
1.865140043100602671e-03
1.933163328414240142e-03
2.838534181628725710e-03
2.095029405015309907e-03
9.645208278713066248e-04
1.928848472145893930e-03
2.528350277529869267e-03
1.964916679656133602e-03
1.130205439772880450e-03
5.075187633867564658e-04
1.741956308001920914e-04
4.506990212039036392e-05
8.838201385313541718e-06
1.332983686447954743e-06
1.571981495553740796e-07
1.472135695824056722e-08
1.109744573938242697e-09
6.813057613648538066e-11
3.440680916098231987e-12
1.441639084215626904e-13
5.048918535710210956e-15
1.487551744660743430e-16
3.707955833061668674e-18
7.858781365508844978e-20
1.422533583139689336e-21
2.207910406973540857e-23
2.948924210802879181e-25
3.400259570758859427e-27
3.394701231288420484e-29
2.942356319274834468e-31
2.219518919373226958e-33
1.460401263357772398e-35
8.399227751322758089e-38
4.230551618398169197e-40
1.869483636953837046e-42
7.259990019912352753e-45
2.481499729558147491e-47
7.476299158429736067e-50
1.988126592852852583e-52
