-2.903367966680083671e-06
2.381678552767639349e-07
-6.337923015877831299e-08
-1.238500460607643709e-06
-1.751273595935805920e-05
-1.178002933331646535e-05
-4.481856860507127967e-06
4.748508504271314686e-06
-6.313994629939515311e-06
-6.665201275269856028e-06
-1.273714900074842589e-05
-4.427263476238559222e-06
4.143570143554854254e-06
-7.147721452879326584e-06
-1.411822972239027278e-05
9.054699198515078775e-06
1.398985689790964341e-05
1.058342234469863134e-04
9.133302358885046508e-05
9.491155531976417162e-05
1.721440997977419533e-04
3.824878341124210348e-03
3.767741350669085582e-02
1.422443206235956270e-01
2.388651871169797936e-01
2.048970585333146910e-01
1.607697358543690724e-01
2.077223405513470011e-01
2.162351720718826698e-01
2.017338091595919092e-01
1.990125243046771686e-01
1.879365644144551650e-01
1.785349963616737201e-01
1.676890905047533908e-01
1.569930934118222432e-01
1.486591123399168823e-01
1.402668567405482292e-01
1.283629766097055536e-01
1.141802348166275488e-01
9.880200545839619430e-02
8.358650657005965712e-02
7.183915483368832899e-02
6.391771059827015822e-02
5.504485745706673427e-02
4.400899329028563206e-02
3.381768014024582464e-02
2.475725565940577882e-02
1.772116347296133140e-02
1.304486838428040724e-02
9.350924868666071407e-03
5.784338185207657350e-03
3.132075730801979051e-03
1.763715319595096816e-03
9.437857138069852443e-04
3.654467348353647688e-04
1.230607713793045927e-04
1.315025134053883818e-04
8.173417735385534355e-05
7.167758551877392620e-05
9.154539126246138655e-05
3.028707509584451733e-05
5.844971765923228209e-05
5.414815308911559351e-05
6.245067951195240282e-05
8.683186767954363477e-05
9.124001577399018753e-05
5.640211160573353858e-05
4.156230645537989805e-05
4.462669689083386787e-05
3.628637926946319791e-05
1.408814834622174866e-05
6.152801178943195011e-05
6.197330242556135739e-05
4.256797335354008252e-05
8.763667750800766226e-05
3.218279011261487914e-05
5.291491801669612367e-05
2.698879896775634114e-05
1.844020319948724165e-05
3.077880687291577425e-05
1.522326439902634075e-05
4.810705725839417812e-05
3.079590698451157584e-05
4.532928804217116193e-05
4.426628600611932690e-05
1.342167438022968102e-05
2.316298546381388376e-05
7.021590184342485705e-06
2.683151453561082636e-06
1.671068499186204430e-05
1.784763909405259879e-05
9.289319506333942287e-06
3.006264318314022504e-06
6.722351448567392072e-07
1.101572587445933595e-07
1.373637291055615089e-08
1.338263803726675990e-09
1.038751785095413341e-10
6.521627977980092633e-12
3.352211041080686555e-13
1.424781190102039349e-14
5.049078135441452218e-16
1.502410697128131662e-17
3.776763079647137398e-19
8.063211607065056754e-21
1.468859852976508997e-22
2.292638024748030023e-24
3.077384092313852049e-26
3.564233281396227149e-28
3.572714324795673952e-30
3.107916154442344340e-32
2.352162879227933471e-34
1.552354823561759971e-36
8.952812626690303644e-39
4.520873869477104889e-41
2.002474712041268445e-43
7.793369897968792182e-46
2.669188047888917315e-48
8.056860442957967970e-51
2.146257720205837534e-53
