2.303368081137592345e-09
3.117122097334086979e-09
4.280229519357721702e-09
5.962274624959596523e-09
8.437052267076275859e-09
1.215837071889717051e-08
1.788896879928397482e-08
2.692304056664579334e-08
4.147795380106834453e-08
6.539313402625083980e-08
1.053878842308463293e-07
1.733461914182458117e-07
2.905165542923325935e-07
4.953295573279911784e-07
8.580895282486643206e-07
1.508664094626477465e-06
2.688311246891984228e-06
4.844851102010019397e-06
8.801757049986616034e-06
1.604438124472830625e-05
2.917363733164057087e-05
5.256527063613138697e-05
9.322186314105119402e-05
1.616986554213107805e-04
2.728281870516748465e-04
4.458092955025012394e-04
7.031552607828396714e-04
1.068119250488525724e-03
1.560584596827521275e-03
2.191957801228998966e-03
2.960148263552771306e-03
3.846034097946463785e-03
4.812742249707164729e-03
5.808588069190390342e-03
6.773706513092831241e-03
7.649411605748792330e-03
8.388368537728186844e-03
8.963088968795232536e-03
9.370425714288012353e-03
9.630793713968462816e-03
9.782487986192203722e-03
9.873027414217147926e-03
9.950225984101888563e-03
1.005538417125443305e-02
1.021987428045527391e-02
1.046510225205477679e-02
1.080495879924821094e-02
1.124965248126681347e-02
1.181008057766618803e-02
1.250229602854621702e-02
1.335187426513248163e-02
1.439792644523098936e-02
1.569615694998265087e-02
1.731987291157302891e-02
1.935749260923385826e-02
2.190521798978409609e-02
2.505442889515550192e-02
2.887500533072124426e-02
3.339761917009049369e-02
3.859903061127593210e-02
4.439378881657857212e-02
5.063389923126425385e-02
5.711672213707050944e-02
6.360183945216724144e-02
6.983802102197281259e-02
7.559721109284432694e-02
8.070207520317605743e-02
8.502482428054550234e-02
8.844226598039928167e-02
9.076201804128478101e-02
9.167165691238782221e-02
9.077185128501968903e-02
8.771211784278219736e-02
8.237242374241554588e-02
7.498553215021992735e-02
6.612376243441354939e-02
5.656117243725378857e-02
4.709012921967428017e-02
3.836637909397513230e-02
3.080919462530537500e-02
2.455857363000241850e-02
1.950082693054243366e-02
1.536987185038707002e-02
1.189017185972007264e-02
8.889582472356541074e-03
6.326323449482167648e-03
4.235108958891452800e-03
2.647256587308686234e-03
1.540043197046669400e-03
8.340475718060713292e-04
4.217772659824753270e-04
2.001350360706004392e-04
8.960100000657187605e-05
3.803656590885347608e-05
1.536819119634112084e-05
5.931905904102272599e-06
2.203661932079924488e-06
8.013327513410824493e-07
2.936483879633504871e-07
1.116862189067642896e-07
4.416815689997535091e-08
1.746442892757106750e-08
6.517606702366601347e-09
2.186064554317671453e-09
6.382587739782435001e-10
1.592288319680779888e-10
3.359320781602433098e-11
5.959935503635569031e-12
8.865531498247746258e-13
1.104146068320690231e-13
1.150792859708818845e-14
1.003828899920803675e-15
7.331956280010453595e-17
4.487357653029800082e-18
2.303334173487837537e-19
9.925483485711919922e-21
3.594511437140228654e-22
1.095234617475470546e-23
2.810939523218883956e-25
6.083830615810028802e-27
