2.290180583661588723e-05
2.353565072093703845e-05
-1.751599010330379163e-05
2.550871885050152377e-06
2.769309933590295136e-05
6.053699799421501684e-05
1.349901074081291642e-05
-9.718483949391214349e-06
6.114324383204624961e-05
2.130046280736824747e-05
4.857245316472058735e-05
4.860022186454283953e-05
7.330250252099280200e-06
2.896626628462171208e-06
3.854727694986647102e-05
6.800259023963345860e-05
1.160435701041759852e-04
1.168903208376579690e-04
1.586984553509161570e-04
2.311282287982883261e-04
9.241113352735140594e-04
1.445384265088441381e-02
1.128275910414222177e-01
2.454753826082951840e-01
2.921617424709275768e-01
3.317532438589334554e-01
2.672375529498292046e-01
2.037197354294482954e-01
1.854872657267929437e-01
1.937327589378727566e-01
1.483389051870722120e-01
1.288381471158136782e-01
1.164643476466861172e-01
1.071160620305019046e-01
1.015903978699023019e-01
9.906621809510392229e-02
9.593031596227814817e-02
9.251773090359551033e-02
8.934569853357939018e-02
8.373446631376736671e-02
7.545255903814805654e-02
6.795032884483674651e-02
6.095648782740138716e-02
5.336423020344893686e-02
4.572846950868680871e-02
3.903550629061069976e-02
3.253013482300329967e-02
2.579439863601525398e-02
1.926353117093242140e-02
1.318453538289803342e-02
7.980666538118788220e-03
4.502661018955939932e-03
2.258470158080440934e-03
1.004559724286593079e-03
5.045195482266117163e-04
5.128625402859220096e-04
1.394888604711224181e-04
1.861625129598260073e-04
-1.021960373527261727e-04
6.481146086109181546e-04
2.559865773293592715e-04
-3.560181108957966066e-04
3.237799492883858591e-04
1.215456904836519200e-04
4.732362112779952418e-04
5.946961796846882706e-04
4.442940248306389813e-04
2.629287132356530475e-04
1.463262211636903428e-04
8.918581484215724344e-05
6.660839000638636763e-05
1.055504003463038419e-04
6.565596147487968710e-05
5.816426096092299023e-05
8.600965273285025598e-05
3.495778284197717365e-05
6.479879496198432786e-05
3.797756840582598676e-05
3.924337168932312900e-05
3.829730070929658435e-05
2.476831164312298376e-05
3.210602784475390797e-05
2.036941786674247389e-05
2.259208364362766850e-05
2.456138441765748023e-05
1.048645555380926239e-05
2.857201487221129824e-05
1.326061702170033314e-05
9.060443751749770372e-06
2.318969397523909192e-05
2.243070445908517551e-05
1.140598246688452291e-05
3.672751592814423410e-06
8.223984442172169664e-07
1.353115345065704807e-07
1.696203601274592499e-08
1.662123640522941233e-09
1.297880636897095520e-10
8.197644558104102118e-12
4.238784624422575307e-13
1.812087089218000329e-14
6.457964980676552370e-16
1.932194605916546565e-17
4.882972273096257648e-19
1.047848852325899594e-20
1.918324748568151409e-22
3.008539397651510907e-24
4.057048448564448021e-26
4.719929527916248970e-28
4.751646064775653888e-30
4.150781221369075470e-32
3.154160980285992439e-34
2.089812074753265336e-36
1.209823356132315684e-38
6.131687542846581310e-41
2.725656315366172910e-43
1.064459798171148261e-45
3.657957537514953194e-48
1.107741483993439758e-50
2.960240448794340710e-53
