9.999999999999932276e-01
5.654547697738632195e-01
5.391303073533380008e-01
5.270280567884108036e-01
5.210337235765866160e-01
5.160439954496415238e-01
4.233702927868406851e-01
2.097369244168163505e-01
1.699809426079814945e-01
1.808900176139413840e-01
1.940596639171273952e-01
2.080407530050820963e-01
2.227208647233962224e-01
2.380271849418931218e-01
2.538878613979714816e-01
2.702199183857268983e-01
2.868547550784013578e-01
3.033113949994748482e-01
3.135060728951665210e-01
2.913897918570275136e-01
2.446572921178225002e-01
2.169640379829564369e-01
2.135152348711921999e-01
2.224539207485170533e-01
2.366840726173729814e-01
2.533224920908528355e-01
2.711416769807355465e-01
2.894644698528347493e-01
3.076679653640588818e-01
3.248379085481238326e-01
3.395584900655264637e-01
3.499378841668262519e-01
3.542543367967456169e-01
3.522508995311041669e-01
3.460861933334203333e-01
3.398472874452735937e-01
3.374587506518964553e-01
3.408153718155931822e-01
3.497331342437252077e-01
3.630060770247187651e-01
3.792428739338408183e-01
3.970818031338491649e-01
4.149672465750607886e-01
4.306719856211707054e-01
4.408964920001910981e-01
4.421190438575272608e-01
4.339978933682906437e-01
4.220694753344214067e-01
4.139003613873767917e-01
4.132207572411929486e-01
4.194690524617376015e-01
4.302633083209413956e-01
4.428593587380773022e-01
4.544778631959225934e-01
4.626163318546201442e-01
4.659388933377812680e-01
4.652272911809980926e-01
4.631515013150199200e-01
4.625991144086554208e-01
4.650682847825287070e-01
4.702781404622176642e-01
4.765819557839325871e-01
4.815549848596457627e-01
4.829101726756657165e-01
4.799750852335950557e-01
4.746914063529277805e-01
4.705891510062554239e-01
4.704288191509506389e-01
4.749049698991167356e-01
4.830006117864202864e-01
4.927051336823517480e-01
5.013021247767850408e-01
5.056224686448279604e-01
5.032427568384124639e-01
4.946664900349158067e-01
4.840767560198320774e-01
4.766534236089908227e-01
4.751945221144893150e-01
4.795072714490997146e-01
4.876705700671415400e-01
4.970139158213483510e-01
5.044565525898669911e-01
5.070574676930881264e-01
5.034861291592838128e-01
4.955451190970175390e-01
4.875300498069356503e-01
4.833396084795299474e-01
4.843869766729100856e-01
4.897914872973394007e-01
4.973761100901014642e-01
5.042800925022890013e-01
5.074967407179422629e-01
5.051378640511985374e-01
4.980896644590708244e-01
4.900534851407898351e-01
4.851090493711902596e-01
4.852586434988981900e-01
4.901196991111465562e-01
4.978398220820129949e-01
5.057605699678281441e-01
5.107679476652904338e-01
5.101935793292404764e-01
5.036418897169371300e-01
4.941256497583253471e-01
4.863749810186550060e-01
4.836593947040952468e-01
4.864785443936062159e-01
4.933587697026982632e-01
5.018427182804046094e-01
5.089163076240378336e-01
5.115118231310035180e-01
5.079214636021709417e-01
4.995340724593753667e-01
4.905883179073545763e-01
4.853251974654468337e-01
4.855410423717057000e-01
4.905666582740860204e-01
4.983309886854506709e-01
5.060361045562974391e-01
5.105571553117861372e-01
5.094615513690085029e-01
5.027905211012911879e-01
4.938138262159510461e-01
4.870433296513320687e-01
4.852921547157475479e-01
4.887404223243265733e-01
4.957812088805972905e-01
5.038826754295036014e-01
5.099853268005337670e-01
5.111728552959963201e-01
5.062805781851179576e-01
4.974085424829476909e-01
4.890376414037393427e-01
4.849808526169595013e-01
4.864317920573855147e-01
4.923446091119138002e-01
5.004761018016543606e-01
5.079309224129550104e-01
5.115815522767254153e-01
5.092670584010625667e-01
5.016188050444096991e-01
4.924187867004933272e-01
4.861595352870304865e-01
4.852316071476183157e-01
4.894127659623047633e-01
4.968649857387927304e-01
5.049267144255903395e-01
5.104870679563699998e-01
5.107828752831626851e-01
5.051087481396306922e-01
4.960748457743482387e-01
4.882513987510437858e-01
4.850827587786298301e-01
4.873386237839681390e-01
4.937253554286041846e-01
5.018725315535754739e-01
5.088078481052291657e-01
5.114655531076025552e-01
5.080655329081543714e-01
4.998553615904396397e-01
4.909620217384156882e-01
4.856317470910727629e-01
4.857418675675697628e-01
4.906998668503108063e-01
4.984871947065874775e-01
5.063402938026465572e-01
5.111231976261150223e-01
5.102891732253923562e-01
5.036814579398267711e-01
4.944567180091752334e-01
4.872265485219652859e-01
4.850085988833268691e-01
4.881265245185653079e-01
4.950325981995541413e-01
5.032241039907575653e-01
5.096573239040808057e-01
5.113578672372660616e-01
5.069576523595568096e-01
4.982914957517663446e-01
4.897456409466530713e-01
4.852803594096312123e-01
4.863014244041405920e-01
4.918986099306041360e-01
4.998938047666327544e-01
5.074284432977260728e-01
5.113723288938629707e-01
5.094592950661900321e-01
5.021088669649754754e-01
4.929360169634526279e-01
4.864603988275670865e-01
4.852293582352971146e-01
4.891584368145569517e-01
4.964860791493729275e-01
5.045944854307823357e-01
5.103871757292924860e-01
5.110335210436168785e-01
5.056448218168226871e-01
4.966413494836073861e-01
4.885759644223675591e-01
4.850457729662308037e-01
