9.999999999999932276e-01
5.654485313810146963e-01
5.391233767468638360e-01
5.270188939168812814e-01
5.210199025434667508e-01
5.158969297639655061e-01
4.205177806203788116e-01
2.079864439865578285e-01
1.696227329749002977e-01
1.804418157461969152e-01
1.935251641999144456e-01
2.074155043883001981e-01
2.219967586810960292e-01
2.371956156914802605e-01
2.529375971243534860e-01
2.691364106698622694e-01
2.856128220920557403e-01
3.018522805247050300e-01
3.115608723682422587e-01
2.915915876975058163e-01
2.491102525906568332e-01
2.215681110188662817e-01
2.165165859513195346e-01
2.243185578755206577e-01
2.378384804506435690e-01
2.539251059782244302e-01
2.713298255886524291e-01
2.895119781470981701e-01
3.080622028360059939e-01
3.263417480344925625e-01
3.431201392636644698e-01
3.560082881646928765e-01
3.612621725463270872e-01
3.562552914338590337e-01
3.442850555668717227e-01
3.338236095385482272e-01
3.310664086092752201e-01
3.367227307346798981e-01
3.487090274015112179e-01
3.647121987338360349e-01
3.828169980360134894e-01
4.011797326021846466e-01
4.175212277754822843e-01
4.289725346373319814e-01
4.330109978029358375e-01
4.297374996179038065e-01
4.231931347476635130e-01
4.187159038819631696e-01
4.191547344830027222e-01
4.242418411543120715e-01
4.319847690513496374e-01
4.399020079969914176e-01
4.460087652817699699e-01
4.497679916053095583e-01
4.523266362441816235e-01
4.555683280874236463e-01
4.607930916022355272e-01
4.680711410402568218e-01
4.762765404190863472e-01
4.832703018333722178e-01
4.863312897887795971e-01
4.835834214054645641e-01
4.760779750053990567e-01
4.679503985531889287e-01
4.635779982471596727e-01
4.649142578231417189e-01
4.713908667561393373e-01
4.810609187490206273e-01
4.912970336614055356e-01
4.990062611888398392e-01
5.013130407278053591e-01
4.973045909621672256e-01
4.894403358942774895e-01
4.822669322086222676e-01
4.792843808585103282e-01
4.813261646786797243e-01
4.870990244491571475e-01
4.941481081549924381e-01
4.995070692786748312e-01
5.006582905478601520e-01
4.971170151741497456e-01
4.912291368078199327e-01
4.866823667971587608e-01
4.860319220881507141e-01
4.896534243840605094e-01
4.962061275506547964e-01
5.032820110608060560e-01
5.078614318554787177e-01
5.073206357445747550e-01
5.013251298705951875e-01
4.928376525994169755e-01
4.862808680685595797e-01
4.845493702965750216e-01
4.879365019779305368e-01
4.948966623031514911e-01
5.028930543396800124e-01
5.088270567575530201e-01
5.098394071732568200e-01
5.050597344698359858e-01
4.969070619701129732e-01
4.897473256989643420e-01
4.868860604319336094e-01
4.890641208004024576e-01
4.949864398701729895e-01
5.022172786732473915e-01
5.077198067903465617e-01
5.087005585829986742e-01
5.042958804567728714e-01
4.967780197734845693e-01
4.902643848372121860e-01
4.878865650288317646e-01
4.903552783233623980e-01
4.964244269264450060e-01
5.037114523976509162e-01
5.091887040297204958e-01
5.100029137147785718e-01
5.052117372179826260e-01
4.971182237596257214e-01
4.900112474753846592e-01
4.871971167932738767e-01
4.894583916183803396e-01
4.955485780596108336e-01
5.030792645206357827e-01
5.090180196061704354e-01
5.104327266439672162e-01
5.061592395370420050e-01
4.982466688043638570e-01
4.909264277257235909e-01
4.876706091691855316e-01
4.894669172968207915e-01
4.951953620255610811e-01
5.025287618482691121e-01
5.084670844549620261e-01
5.100696921083414104e-01
5.060815046992920285e-01
4.984025583614712929e-01
4.911692596498132279e-01
4.878744261276526939e-01
4.895848685040373183e-01
4.952508489170650563e-01
5.025924876280319920e-01
5.086308381188798799e-01
5.103891443528638661e-01
5.064999520823002532e-01
4.987518318338935441e-01
4.912866820937117351e-01
4.877091944540483115e-01
4.891965039907229529e-01
4.947581200945764257e-01
5.021446611981039698e-01
5.083934464628663275e-01
5.104905773956193160e-01
5.069280312374446762e-01
4.993125309606205042e-01
4.917240300621773530e-01
4.878678913953846674e-01
4.890650485550116500e-01
4.944201572060911154e-01
5.017340667396110732e-01
5.080708894098662221e-01
5.103981068171415947e-01
5.071013747935115834e-01
4.996327861328455633e-01
4.919995611889361742e-01
4.879686430276015674e-01
4.889716078232397845e-01
4.941939203024690030e-01
5.014834645474722796e-01
5.079296164471449604e-01
5.104774725153385928e-01
5.074037057872525791e-01
5.000129245637561226e-01
4.922591847378725016e-01
4.879915906923693036e-01
4.887620511228256137e-01
4.938360119526870595e-01
5.011045178485803442e-01
5.076812301431383734e-01
5.104911349093309569e-01
5.076991475871814874e-01
5.004450852515593962e-01
4.926069009095545015e-01
4.881075474406982306e-01
4.886275412975381038e-01
4.935236008924197559e-01
5.007363950533809671e-01
5.074074223071570744e-01
5.104481641504956535e-01
5.079232649718833370e-01
5.008149021352925612e-01
4.929182814228449949e-01
4.882164455021048011e-01
4.885096862909375504e-01
4.932436027583861904e-01
5.004085272095248893e-01
5.071742761757046525e-01
5.104403124362121291e-01
5.081736409580723812e-01
5.012003748744014997e-01
4.932329076558431558e-01
