3.253009293299080754e-31
4.406695814989660566e-31
5.965710261831197022e-31
8.071091055918043844e-31
1.091246923121378887e-30
1.474464091909335002e-30
1.990973308984404523e-30
2.686683008157174924e-30
3.623154512018030485e-30
4.882883901898044100e-30
6.576347248963242099e-30
8.851391464123868932e-30
1.190574311455311221e-29
1.600365898026397986e-29
2.149807443793489065e-29
2.886004466833296816e-29
3.871785296345613788e-29
5.190892440146550673e-29
6.954869003168386210e-29
9.312187272308185579e-29
1.246034108644643574e-28
1.666185309060286879e-28
2.226544953062595578e-28
2.973405122896959187e-28
3.968174898084608597e-28
5.292261291291066196e-28
7.053507802150831316e-28
9.394681687242916343e-28
1.250465395609826927e-27
1.663311601261836917e-27
2.210993802022839987e-27
2.937061499020219387e-27
3.898969130625284352e-27
5.172463407177681310e-27
6.857338069224964817e-27
9.084976879397997103e-27
1.202823346192461514e-26
1.591436269482345389e-26
2.104193404536480525e-26
2.780293711710643286e-26
3.671165257692133251e-26
4.844233182390817726e-26
6.387833750825513862e-26
8.417618453437431398e-26
1.108489392170293438e-25
1.458747492647994671e-25
1.918379745689476920e-25
2.521125778369041094e-25
3.311002552291144759e-25
4.345394200251498720e-25
5.699058269136122666e-25
7.469316348015583305e-25
9.782774277410530402e-25
1.280401626254360162e-24
1.674684436722366222e-24
2.188879784248635704e-24
2.858989547364546828e-24
3.731681124442883470e-24
4.867403517864428165e-24
6.344400763147983871e-24
8.263877246025452541e-24
1.075664052503849554e-23
1.399163787203464877e-23
1.818691812672764702e-23
2.362369729902331615e-23
3.066439306807758873e-23
3.977573055821476749e-23
5.155832294184327286e-23
6.678451245091651244e-23
8.644674158696547511e-23
1.118193375320950458e-22
1.445373687128768399e-22
1.866972135365181134e-22
2.409847207038900088e-22
3.108384049275187565e-22
4.006570949506846635e-22
5.160639371492206642e-22
6.642417886277130558e-22
8.543589722297560634e-22
1.098109316580273399e-21
1.410396622048325919e-21
1.810201496063533565e-21
2.321678284128588010e-21
2.975542078370086384e-21
3.810821125347169663e-21
4.877069138903942525e-21
6.237155994821715486e-21
7.970785210471588186e-21
1.017892394184202615e-20
1.298937775287467612e-20
1.656380034147426619e-20
2.110650047660466010e-20
2.687549798423158778e-20
3.419639187418766125e-20
4.347974174511259865e-20
5.524283473929913893e-20
7.013692228597308201e-20
8.898127317657726152e-20
1.128057138212422893e-19
1.429037271345860063e-19
1.808986758883428888e-19
2.288263259527660675e-19
2.892375957768905733e-19
3.653263826557305359e-19
4.610884527255592165e-19
5.815187776401794073e-19
7.328564142260544730e-19
9.228881242508925388e-19
1.161324504982986196e-18
1.460265550847101362e-18
1.834776417483078522e-18
2.303598863580113062e-18
2.890029586437444854e-18
3.623003665915688972e-18
4.538429855775675745e-18
5.680834833747180288e-18
7.105386130355374066e-18
8.880378768535430314e-18
1.109028922263896008e-17
1.383952282006341033e-17
1.725700796891561922e-17
2.150182356786274617e-17
2.677008579622083436e-17
3.330336857539144160e-17
4.139898998609558860e-17
5.142256678537469526e-17
6.382332323354352622e-17
7.915274149730197860e-17
9.808726224704489231e-17
1.214558896357092907e-16
1.502737292794330693e-16
1.857826966564290429e-16
2.295008829975976530e-16
2.832823639328180302e-16
3.493895919239160006e-16
4.305809375061788677e-16
5.302164490973468100e-16
6.523855013146752129e-16
8.020607146127152767e-16
9.852833748045880032e-16
1.209386583275508586e-15
1.483263555013702432e-15
1.817689884141187032e-15
2.225710252871261593e-15
2.723102013319970864e-15
3.328930372925128749e-15
4.066212622016622504e-15
4.962712024238698112e-15
6.051885725491966590e-15
7.374015415418403837e-15
8.977554601538569134e-15
1.092073234997058163e-14
1.327346034608507430e-14
1.611959829153447940e-14
1.955964216160943921e-14
2.371391090564880915e-14
2.872632001870737029e-14
3.476884531328693194e-14
4.204679748042044123e-14
5.080504799521869063e-14
6.133536998458717979e-14
7.398508427551214230e-14
8.916723147936032857e-14
1.073725262005679740e-13
1.291833899150879148e-13
1.552904054485810299e-13
1.865115890810799219e-13
2.238149369894518023e-13
2.683447719826893067e-13
3.214524953647672579e-13
3.847324384664762939e-13
4.600636102309356644e-13
5.496582526587485242e-13
6.561182464922491649e-13
7.825005569663665479e-13
9.323930756410902045e-13
1.110002401283892038e-12
1.320255312670626389e-12
1.568915921355014912e-12
1.862720755430563094e-12
2.209534318714790344e-12
2.618527996437750537e-12
3.100385541351175751e-12
3.667538776239865827e-12
4.334437593295534412e-12
5.117858820899046826e-12
6.037259067345316188e-12
7.115177242159263226e-12
8.377693102080590867e-12
9.854948873608360591e-12
1.158174176998728882e-11
1.359819605027968004e-11
1.595052416377884925e-11
1.869188748608861177e-11
2.188336818466157259e-11
2.559506485151603159e-11
2.990732570830542397e-11
3.491213442185474823e-11
4.071466486297725261e-11
4.743502249279150768e-11
5.521019146165204241e-11
6.419620794665259270e-11
7.457058172284674516e-11
8.653498944593630106e-11
1.003182646021051574e-10
1.161797105329696136e-10
1.344127643443834361e-10
1.553490408276027334e-10
1.793627867264132448e-10
2.068757767337551685e-10
2.383626834533143328e-10
2.743569541639417780e-10
3.154572275222361345e-10
3.623343232695482008e-10
4.157388375047364312e-10
4.765093750695996477e-10
5.455814489898280510e-10
6.239970746312713320e-10
7.129150831812481877e-10
8.136221751462508048e-10
9.275447296700374081e-10
1.056261379516602863e-09
1.201516354418111112e-09
1.365233587056109401e-09
1.549531566112959279e-09
1.756738909494954515e-09
1.989410617892401629e-09
2.250344954212014673e-09
2.542600878007840629e-09
2.869515945795448581e-09
3.234724567995963951e-09
3.642176491211304479e-09
4.096155350577304047e-09
4.601297111101206909e-09
5.162608189259501115e-09
5.785483016792773410e-09
6.475720777778274155e-09
7.239541017876509492e-09
8.083597791430105076e-09
9.014991978156766392e-09
1.004128136693708543e-08
1.117048807014407237e-08
1.241110279861401002e-08
1.377208549538518745e-08
1.526286179641093086e-08
1.689331475943600795e-08
1.867377127889107923e-08
2.061498258606561059e-08
2.272809822092998061e-08
2.502463285583402579e-08
2.751642535317988621e-08
3.021558945010277524e-08
3.313445548443313789e-08
3.628550260908503227e-08
3.968128098745653063e-08
4.333432352191959637e-08
4.725704674182221627e-08
5.146164056774415398e-08
5.595994677590814205e-08
6.076332611121184353e-08
6.588251413982390321e-08
7.132746609304153705e-08
7.710719113257138464e-08
8.322957666384351246e-08
8.970120353684173843e-08
9.652715320245461272e-08
1.037108081348444289e-07
1.112536470839813594e-07
1.191550369856336586e-07
1.274120236241406811e-07
1.360191234138107116e-07
1.449681189321183161e-07
1.542478610978258381e-07
1.638440811343449814e-07
1.737392156862437308e-07
1.839122486599712653e-07
1.943385735295794679e-07
2.049898799805730076e-07
2.158340688491306317e-07
2.268351993462260008e-07
2.379534725269419013e-07
2.491452548686143079e-07
2.603631456517325176e-07
2.715560915874867915e-07
2.826695518018872444e-07
2.936457158649903696e-07
3.044237770401623436e-07
3.149402623252048904e-07
3.251294201617845775e-07
3.349236659067378026e-07
3.442540842929430299e-07
3.530509871643285560e-07
3.612445237604348067e-07
3.687653397617548009e-07
3.755452802005490019e-07
3.815181302140644797e-07
3.866203864813824039e-07
3.907920510679504084e-07
3.939774383241545942e-07
3.961259844696191314e-07
3.971930485743036549e-07
3.971406928422053791e-07
3.959384294453231277e-07
3.935639206707635551e-07
3.900036188560578915e-07
3.852533325265077411e-07
3.793187053305241661e-07
3.722155948172607307e-07
3.639703388283870567e-07
3.546198982943644192e-07
3.442118665371613778e-07
3.328043367884158533e-07
3.204656215229431671e-07
3.072738193683383198e-07
2.933162277605368614e-07
2.786886021379247311e-07
2.634942652695581227e-07
2.478430732464377291e-07
2.318502476758357542e-07
2.156350866510478727e-07
1.993195700523446668e-07
1.830268776041950522e-07
1.668798407946658745e-07
1.509993521800060098e-07
1.355027576796930763e-07
1.205022591410773500e-07
1.061033556513175653e-07
9.240335273824406224e-08
7.948996867653863066e-08
6.744006656225597209e-08
5.631853960653314038e-08
4.617737521517276651e-08
3.705492086603391218e-08
2.897537158988273314e-08
2.194849504016233655e-08
1.596960575838515563e-08
1.101979537902067774e-08
7.066420262906870670e-09
4.063842509651084582e-09
1.954414600677452540e-09
6.696922008994769929e-10
1.318540434064291484e-10
2.553024885542821752e-10
9.484134391655770656e-10
2.115399957092209286e-09
3.658250306418704780e-09
5.478698376446685136e-09
7.480182628418456769e-09
9.569748957929043201e-09
1.165985323929611931e-08
1.367002085929571363e-08
1.552832326423357452e-08
1.717263541104353672e-08
1.855164296924325594e-08
1.962557407007295756e-08
2.036663721097147531e-08
2.075915443456762341e-08
2.079938691875251114e-08
2.049505842098830975e-08
1.986459037934927189e-08
1.893607063584295782e-08
1.774598546061371496e-08
1.633775156760795861e-08
1.476009088392620848e-08
1.306529574726893318e-08
1.130743576773350068e-08
9.540559647710622431e-09
7.816945695831617538e-09
6.185453536486873392e-09
4.690026598041670928e-09
3.368390409572718773e-09
2.250985654777926903e-09
1.360167485849701569e-09
7.096940061394802866e-10
3.045173525357522896e-10
1.408807511960462348e-10
2.067146189800240149e-10
4.823145928970154659e-10
9.412746539335627228e-10
1.551639626883402485e-09
2.277233622108514400e-09
3.079114743404224330e-09
3.917101877503397837e-09
4.751316806795997524e-09
5.543684381688138008e-09
6.259335111446474142e-09
6.867858260871336346e-09
7.344359270632378249e-09
7.670282866434136743e-09
7.833972324288574116e-09
7.830945685445548679e-09
7.663880876518228470e-09
7.342313255942378929e-09
6.882060617887741350e-09
6.304401670453294210e-09
5.635044008484976820e-09
4.902926194277707390e-09
4.138905362706506157e-09
3.374386468787301688e-09
2.639951665362442463e-09
1.964048201727494642e-09
1.371790639243718519e-09
8.839281641787868350e-10
5.160205260284393471e-10
2.778569288831370493e-10
1.731414345054465904e-10
1.994565572877935818e-10
3.485042614692186510e-10
6.066110656146849705e-10
9.554719870361915822e-10
1.373097174986266396e-09
1.834915802041413109e-09
2.314984559223745432e-09
2.787243295375520434e-09
3.226758210849482042e-09
3.610893693025140767e-09
3.920357367694255512e-09
4.140069101768205965e-09
4.259813262480270090e-09
4.274644127248447002e-09
4.185026451465064331e-09
3.996706259042980809e-09
3.720320286019717404e-09
3.370765517532175125e-09
2.966362256166834100e-09
2.527854528208415538e-09
2.077299829246469192e-09
1.636905789903765134e-09
1.227873991443625601e-09
8.693107118689390400e-10
5.772608268293635719e-10
3.639145800723141140e-10
2.370277875060139911e-10
1.995847044436058976e-10
2.497198484443199183e-10
3.809012065114295225e-10
5.823632020937580461e-10
8.397643127990211726e-10
1.136032053135047078e-09
1.452347846510767293e-09
1.769216686713302430e-09
2.067561876837311264e-09
2.329783818093446968e-09
2.540723906194508997e-09
2.688479993669158091e-09
2.765028317871504924e-09
2.766617825392231506e-09
2.693915838125512176e-09
2.551898276021966050e-09
2.349492365429980073e-09
2.098994071652270673e-09
1.815295563502548030e-09
1.514969071075633393e-09
1.215261868551254633e-09
9.330622843813090472e-10
6.838982777131940310e-10
4.810280952077167721e-10
3.346769274438518475e-10
2.514646264478422511e-10
2.340579347949284531e-10
2.810669958320221481e-10
3.871909827225665062e-10
5.436024076500421742e-10
7.385449904068770261e-10
9.581067917947067712e-10
1.187119482880565587e-09
1.410126821321599357e-09
1.612361153286621381e-09
1.780666349002984824e-09
1.904309066140200113e-09
1.975627425292249670e-09
1.990476643120285186e-09
1.948444253769584945e-09
1.852822432970817399e-09
1.710340670984966345e-09
1.530677603071593542e-09
1.325785181837097482e-09
1.109070613459858486e-09
8.944907586134740193e-10
6.956193849809611697e-10
5.247493497287384969e-10
3.920893477378150737e-10
3.051084212442292440e-10
2.680713959921515450e-10
2.817954425168101855e-10
3.436429195243720727e-10
4.477495509378341563e-10
5.854709138345954587e-10
7.460152751279774736e-10
9.172180475186082558e-10
1.086403436886719145e-09
1.241272916300113532e-09
1.370758422890778406e-09
1.465780779311772329e-09
1.519860633283513373e-09
1.529539731310246760e-09
1.494583870983224612e-09
1.417954464564541505e-09
1.305552192239064532e-09
1.165752545064408311e-09
1.008767978626921252e-09
8.458838328675290025e-10
6.886242058061545732e-10
5.479089234612493544e-10
4.332632416651533160e-10
3.521378888252420184e-10
3.093887857207356707e-10
3.069538500834724984e-10
3.437495770574795240e-10
4.157936652134932050e-10
5.165430509967477755e-10
6.374205898121626882e-10
7.684894974751289387e-10
8.992236193639413486e-10
1.019314478702666853e-09
1.119453429853175931e-09
1.192029328243982187e-09
1.231688786172309294e-09
1.235716820316607566e-09
1.204209699938268368e-09
1.140028001818329335e-09
1.048535016799840171e-09
9.371423980865669156e-10
8.146999780045348257e-10
6.907788173116781912e-10
5.749048189709603477e-10
4.758039657485091533e-10
4.007191137457937809e-10
3.548523632980453967e-10
3.409767899335424645e-10
3.592475580684878398e-10
4.072262563998612367e-10
4.801149877312322886e-10
5.711797200505416454e-10
6.723270491395852185e-10
7.747860990996798368e-10
8.698388262716710826e-10
9.495382057938408678e-10
1.007354997797532753e-09
1.038699928320348389e-09
1.041278684336509932e-09
1.015251245224414770e-09
9.631835821737510346e-10
8.897972715063616632e-10
8.015396120867340370e-10
7.060119650849115280e-10
6.113059537615865504e-10
5.253048439611900970e-10
4.550102007006741688e-10
4.059515279398785819e-10
3.817292358684225850e-10
3.837295630932032111e-10
4.110350121718321926e-10
4.605367372774009286e-10
5.272376409160961835e-10
6.047182418436178474e-10
6.857231397792665577e-10
7.628153903990301668e-10
8.290402597402988747e-10
8.785391868423714546e-10
9.070594223074062254e-10
9.123143327070120211e-10
8.941629288814678314e-10
8.545935827788031149e-10
7.975146704285925597e-10
7.283724108704516933e-10
6.536318663905430126e-10
5.801694877035629608e-10
5.146335781795923316e-10
4.628318612856835243e-10
4.292026841707995099e-10
4.164185000041042973e-10
4.251578517081314238e-10
4.540662668486360929e-10
4.999087296334888974e-10
5.578983762346311767e-10
6.221694572030814986e-10
6.863490000223064808e-10
7.441722896045223556e-10
7.900831720769015042e-10
8.197616977369437498e-10
8.305286391480381585e-10
8.215883079385012757e-10
7.940867336813877959e-10
7.509801733400664519e-10
6.967273692414616277e-10
6.368361798405889447e-10
5.773094835814732678e-10
5.240451877688196175e-10
4.822497553928528975e-10
4.559234045874076696e-10
4.474681176682542195e-10
4.574574698589978521e-10
4.845912151518426635e-10
5.258391168128478962e-10
5.767595056214692202e-10
6.319603897546868070e-10
6.856564130642765391e-10
7.322650570896027677e-10
7.669812516624717908e-10
7.862714847326127429e-10
7.882364509192457786e-10
7.728045028292785856e-10
7.417353743903712375e-10
6.984331112209292705e-10
6.475868931405152059e-10
5.946764362686078200e-10
5.453930330181058489e-10
5.050364935797143909e-10
4.779512688794302738e-10
4.670614666778779180e-10
4.735546036734239024e-10
4.967487132455900699e-10
5.341583737014975024e-10
5.817542851526143506e-10
6.343903862724080719e-10
6.863543519618176970e-10
7.319836135756989658e-10
7.662813214671943976e-10
7.854658460344878698e-10
7.873936919353466261e-10
7.718085303788479059e-10
7.403871753212617436e-10
6.965748888981650998e-10
6.452251396214592137e-10
5.920804231103052885e-10
5.431486417548501986e-10
5.040418194661692617e-10
4.793491574631605026e-10
4.721139062207341851e-10
4.834733553515805469e-10
5.125043791841114458e-10
5.562951245476786460e-10
6.102388760847346774e-10
6.685215193520699762e-10
7.247520478573836688e-10
7.726687059816018959e-10
8.068436018380944661e-10
8.233072029086186622e-10
8.200213960043563278e-10
7.971451501492737242e-10
7.570587561206755702e-10
7.041388489213506453e-10
6.443041350207813133e-10
5.843778891059755547e-10
5.313348981460771871e-10
4.915150805221299246e-10
4.698916863733493358e-10
4.694779249168789739e-10
4.909422694298432658e-10
5.324808377336470528e-10
5.899673782557003501e-10
6.573704898399955451e-10
7.273971745708612001e-10
7.922951275541447631e-10
8.447264324162139637e-10
8.786149829447585180e-10
8.898704250556796778e-10
8.769029552894904384e-10
8.408649211923031255e-10
7.855846674262530737e-10
7.171923204319271189e-10
6.434724304572807673e-10
5.730105951617784671e-10
5.142266028897256329e-10
4.744021494084119014e-10
4.588147327895814875e-10
4.700801611428974440e-10
5.077848992788890560e-10
5.684583190937033685e-10
6.458971011092236817e-10
7.318137249735482398e-10
8.167427636100291975e-10
8.911070389396931981e-10
9.463244640154150150e-10
9.758283577350697411e-10
9.758805013756477831e-10
9.460768935641100239e-10
8.894790761046872261e-10
8.123455861160042383e-10
7.234839514205578862e-10
6.332884653649537186e-10
5.525674928796695241e-10
4.912915802005046238e-10
4.574066144167904070e-10
4.558527443348225645e-10
4.879096440531889022e-10
5.509538312423610140e-10
6.386677909183719053e-10
7.416886686295832232e-10
8.486322208353293334e-10
9.473816789437409480e-10
1.026496812418404360e-09
1.076580180701988889e-09
1.091437998220882041e-09
1.068892721660800967e-09
1.011141660588148408e-09
9.246067339337802258e-10
8.192793276547149730e-10
7.076243038152631540e-10
6.031614546911023065e-10
5.188844460658211041e-10
4.657011905825977620e-10
4.510822357996428255e-10
4.780841786407246803e-10
5.448749919421718947e-10
6.448316505588857639e-10
7.672138507459631269e-10
8.983486152698219087e-10
1.023197388610856142e-09
1.127127631524960196e-09
1.197681310722898974e-09
1.226127225185584307e-09
1.208604208168596152e-09
1.146706239754157439e-09
1.047423799492910429e-09
9.224312997344174196e-10
7.867893808242560722e-10
6.572037383619288337e-10
5.500399489367025216e-10
4.793289754831071048e-10
4.550056961024830358e-10
4.816011452279747039e-10
5.575599452225130829e-10
6.752828246705783606e-10
8.219082537315407508e-10
9.807571661552740668e-10
1.133281400717185310e-09
1.261290315430369201e-09
1.349189652886497271e-09
1.385957905894416658e-09
1.366610177780695173e-09
1.292955803648190089e-09
1.173537788838272332e-09
1.022740079820482028e-09
8.591511710743843827e-10
7.033670064508728491e-10
5.754906022701353904e-10
4.926304642115355627e-10
4.667082550669068309e-10
5.028561814794883169e-10
5.986188032087387274e-10
7.440795749079319522e-10
9.229203474487164572e-10
1.114305772979378450e-09
1.295378501694912581e-09
1.444068818265998316e-09
1.541874954211222508e-09
1.576264707917528539e-09
1.542387135706396157e-09
1.443861429928940405e-09
1.292519980444396284e-09
1.107111087231116309e-09
9.110981778519678170e-10
7.298101601749061772e-10
5.872864071310072585e-10
5.032077269667334320e-10
4.903042538214168136e-10
5.525811493013513878e-10
6.846082547659930434e-10
8.719911342672762735e-10
1.092993710353838450e-09
1.321135159079371964e-09
1.528454724324465879e-09
1.689044660127799888e-09
1.782406598324400915e-09
1.796197423568535068e-09
1.727997442518024225e-09
1.585849308587815840e-09
1.387467353575414320e-09
1.158185251961477923e-09
9.278741215464020290e-10
7.272019582787513744e-10
5.837000668155424759e-10
5.181393737177610063e-10
5.416927294358957849e-10
6.542701522268163265e-10
8.442722130912539196e-10
1.089829297828557765e-09
1.361403345488430697e-09
1.625448322240202969e-09
1.848679935317173193e-09
2.002413910821446349e-09
2.066409005725295655e-09
2.031700764742972981e-09
1.902030428209667187e-09
1.693646803168109451e-09
1.433466166814446514e-09
1.155790153899765170e-09
8.979760835296416569e-10
6.956021563479060502e-10
5.777506033818476777e-10
5.630326554405207295e-10
6.568977563093796611e-10
8.506141836231489290e-10
1.122097594692403192e-09
1.438524279814468301e-09
1.760428009363907121e-09
2.046774896354183114e-09
2.260367745504094522e-09
2.372870657199731348e-09
2.368776600214431596e-09
2.247763628277590700e-09
2.025085579066062466e-09
1.729895937799141121e-09
1.401676794420598811e-09
1.085202518179625066e-09
8.246749942323756954e-10
6.577948257309523630e-10
6.105614492619797959e-10
6.935180133410911921e-10
8.999815083940375611e-10
1.206545826186049662e-09
1.575847022660294176e-09
1.961274993545330319e-09
2.313045018495794529e-09
2.584843721012066611e-09
2.740165844926323083e-09
2.757476987396884850e-09
2.633473809977359054e-09
2.383952098520173544e-09
2.042104827161718345e-09
1.654416797961679499e-09
1.274653552623257349e-09
9.567146325221713418e-10
7.472961247848539411e-10
6.793581706635414726e-10
7.673093013687098012e-10
1.004608765017443261e-09
1.364175663136401124e-09
1.801619633361750554e-09
2.260921531702657072e-09
2.681846742449927980e-09
3.008117013885546787e-09
3.195236894514512130e-09
3.216889374827872246e-09
3.068983861545609013e-09
2.770739126876888546e-09
2.362576750372432820e-09
1.901035172587684903e-09
1.451331895951595252e-09
1.078543338693414735e-09
8.385888669481222253e-10
7.702639664944849639e-10
8.894547699666375467e-10
1.186393043846589790e-09
1.626410696659126060e-09
2.154177979569437392e-09
2.700923852660691997e-09
3.193707906617305396e-09
3.565502259265975102e-09
3.764695786865071607e-09
3.762677010512341398e-09
3.558385186005505975e-09
3.179114348163044379e-09
2.677361428681404938e-09
2.124059194799539847e-09
1.599051663398453686e-09
1.180080217119078272e-09
9.317920712176725860e-10
8.963199529910882456e-10
1.086801725700986912e-09
1.484830427095874937e-09
2.042296562928361487e-09
2.687475930812246046e-09
3.334611573940354764e-09
3.895723426214665638e-09
4.293029388808095172e-09
4.470231345020608248e-09
4.401033772659309251e-09
4.093611950580007147e-09
3.590288344161921268e-09
2.962338015763730355e-09
2.300535941197057429e-09
1.702683073870009974e-09
1.259812850120025659e-09
1.043014557912786478e-09
1.092774381439870823e-09
1.412426260327170755e-09
1.966759276487741527e-09
2.686117440239529581e-09
3.475548694914652058e-09
4.227822600372413656e-09
4.838547691646896182e-09
5.221268928715511855e-09
5.320370365043377532e-09
5.119864741427443001e-09
4.646692255007529436e-09
3.967905529914596438e-09
3.181984047702772465e-09
2.405376998251568172e-09
1.756094542490244441e-09
1.336645459002137669e-09
1.218777649629538145e-09
1.432284614068870829e-09
1.959613482742588677e-09
2.737215324448134815e-09
3.663623927738506550e-09
4.613269304729901789e-09
5.454168779881927349e-09
6.067021028816073182e-09
6.362954215071884160e-09
6.297298676343031691e-09
5.877261705319940304e-09
5.162214236270365009e-09
4.256344560807018760e-09
3.294545783664028143e-09
2.423420603863941047e-09
1.780057126997458028e-09
1.471632293204105279e-09
1.558864907275777935e-09
2.045860112414435238e-09
2.878018714103180828e-09
3.948544248540354408e-09
5.112828022067625088e-09
6.208808945628217972e-09
7.080467683604787823e-09
7.601069399388105043e-09
7.692708757588191410e-09
7.339158556986426669e-09
6.589928608278984584e-09
5.554684027152731478e-09
4.388577991355788002e-09
3.270419507066552904e-09
2.376717749409344802e-09
1.855346899295094935e-09
1.802741703485427922e-09
2.248122943099079887e-09
3.147307018654084420e-09
4.387299344343677075e-09
5.801296632319758437e-09
7.192156766186909953e-09
8.361071173962262547e-09
9.137298968481196344e-09
9.404539686406161149e-09
9.119893084491262437e-09
8.322344934215726268e-09
7.129197944896251695e-09
5.720630038907782546e-09
4.314352257404658203e-09
3.133887330552119192e-09
2.375056769395873344e-09
2.175673338820178835e-09
2.593104439908798373e-09
3.593326662554312689e-09
5.053467508154798070e-09
6.777853769084877433e-09
8.525544644476682759e-09
1.004552794820304144e-08
1.111447980303409704e-08
1.157144232073458095e-08
1.134406628419115425e-08
1.046217954246898024e-08
9.056234337203884437e-09
7.340407981620247868e-09
5.582457671835479798e-09
4.064511435798483588e-09
3.040488639444738732e-09
2.696536273743328114e-09
3.120609000325530036e-09
4.286119704553577562e-09
6.052595258732753867e-09
8.183767320928707740e-09
1.038087598243348690e-08
1.232656548811019250e-08
1.373298147359712642e-08
1.438683011121913054e-08
1.418439209894256282e-08
1.315079918355269998e-08
1.144011257870632594e-08
9.315579555147617396e-09
7.112471338365353922e-09
5.188663443626568017e-09
3.870175399268362626e-09
3.399900161661627288e-09
3.897532790796199909e-09
5.337244947632643408e-09
7.547129509598692770e-09
1.023121087366126582e-08
1.301135552165593156e-08
1.548325088229666331e-08
1.727824820695890900e-08
1.812168167632974488e-08
1.787850588215149757e-08
1.657875091420924645e-08
1.441817163584369031e-08
1.173316190489303329e-08
8.952970903337326178e-09
6.535891010434687145e-09
4.898808523900118937e-09
4.350864456321416997e-09
5.041703026439408215e-09
6.932874290842265646e-09
9.797643602351762163e-09
1.325021045762393473e-08
1.680078203731655863e-08
1.992878254235135732e-08
2.216337285452870987e-08
2.315892996097491238e-08
2.275348804225712911e-08
2.100038655864114500e-08
1.816722312910244714e-08
1.470112610150687252e-08
1.116461195918887374e-08
8.151064952649957156e-09
6.192403920135708417e-09
5.673183939315665850e-09
6.764885012311537295e-09
9.391462809212603114e-09
1.323271683658262920e-08
1.776631130021367072e-08
2.234321897226065098e-08
2.628589128814828657e-08
2.899447351934702510e-08
3.004456741252277310e-08
2.926076488775214108e-08
2.675341875294242211e-08
2.291146454359074075e-08
1.835079709479201116e-08
1.382472972914116393e-08
1.010932381762166223e-08
7.880850352616725321e-09
7.604553897594379456e-09
9.452829271960705263e-09
1.326694373425049939e-08
1.857005839612660662e-08
2.463144030867644342e-08
3.057360193167152490e-08
3.550694299604295980e-08
3.867148081906112360e-08
3.956332094023247650e-08
3.802507220419174558e-08
3.428434309228391333e-08
2.893211997219230453e-08
2.284211136587960981e-08
1.704162917110308612e-08
1.255276046241967407e-08
1.022809988124182946e-08
1.060716963981756442e-08
1.381740221305444506e-08
1.953738880017101764e-08
2.703082915073104563e-08
3.524861085801674933e-08
4.298539097641079384e-08
4.906772225184535857e-08
5.254473231502930664e-08
5.285073746217120610e-08
4.991240394657975648e-08
4.418084868390962989e-08
3.658034275592350644e-08
2.837838170170169447e-08
2.099478523520458328e-08
1.577809737060882561e-08
1.378406399785749478e-08
1.559213743779566134e-08
2.119137045739764572e-08
2.995720019177108399e-08
4.072684371316543589e-08
5.196538433603444010e-08
6.199956862250805176e-08
6.928432335855143608e-08
7.266012414212837311e-08
7.155895215720119904e-08
6.612302486497484905e-08
5.721304873315802934e-08
4.629966113530539254e-08
3.525045824253312927e-08
2.604258630003524366e-08
2.044439200372539336e-08
1.971669251299000138e-08
2.438338105395324891e-08
3.411209132153563300e-08
4.772957918304722065e-08
6.337562368014387880e-08
7.877677288666633159e-08
9.160075466937445213e-08
9.983728326905374579e-08
1.021440510040014541e-07
9.809943604337997565e-08
8.831591198836420905e-08
7.438875629948020500e-08
5.868045340145934740e-08
4.396820668523187973e-08
3.300584278103256399e-08
2.806803586683473610e-08
3.055109948142062713e-08
4.069902227465372177e-08
5.750626661376377041e-08
7.882232749838499884e-08
1.016510408284278960e-07
1.226051172711957622e-07
1.384486893415567265e-07
1.466426123477928601e-07
1.458023416239077305e-07
1.359879302790272880e-07
1.187692332938421958e-07
9.704362136898051566e-08
7.462332476008574641e-08
5.564866414636519189e-08
4.391536959031718772e-08
4.222325525649348008e-08
5.185583527007099744e-08
7.228471813392063169e-08
1.011604036479061488e-07
1.346068457848681164e-07
1.677875044721154066e-07
1.956635298136486621e-07
2.138281774449674317e-07
2.192822295521936439e-07
2.110173071280540354e-07
1.902984032528216336e-07
1.605809804294384588e-07
1.270553719705486062e-07
9.587322476281597472e-08
7.316724122475104398e-08
6.401674954284759970e-08
7.152983172485330348e-08
9.620342100366244783e-08
1.356858200364243461e-07
1.850059791009258143e-07
2.372592517366634999e-07
2.846618271533003830e-07
3.198184549693682925e-07
3.370024083324739976e-07
3.332319455630128355e-07
3.089482799213300462e-07
2.681550397364159407e-07
2.179613532513105581e-07
1.675679467611730006e-07
1.268325841928427285e-07
1.046314130667351004e-07
1.072816471365049287e-07
1.372981461116351207e-07
1.927178278841711333e-07
2.671449059298257067e-07
3.505575142694967857e-07
4.307892740123313919e-07
4.954783269057379449e-07
5.341822998391109239e-07
5.403084649600047347e-07
5.125155723243178155e-07
4.553102423387215899e-07
3.786793259466197623e-07
2.967537881449595081e-07
2.256656725732438194e-07
1.809100011250527153e-07
1.746311132701033586e-07
2.132962761707026838e-07
2.961860828087897098e-07
4.150210760352654810e-07
5.548702314460089925e-07
6.962744158295739587e-07
8.183003771039461426e-07
9.020554748991027744e-07
9.340750054653231046e-07
9.089687716260979633e-07
8.307938892438285078e-07
7.128021122708745871e-07
5.754700502195722482e-07
4.430222284135513838e-07
3.389526939544016550e-07
2.812908001408024884e-07
2.784965684816430544e-07
3.268799920611540287e-07
4.103062033400822626e-07
5.026874122039716142e-07
5.734088402521094818e-07
5.954442300973533962e-07
5.555525831285297004e-07
4.656781320465599966e-07
3.745568075580138160e-07
3.786017609404578695e-07
6.314091288280987704e-07
1.351676751903554355e-06
2.829922328762855553e-06
5.435067053307207501e-06
9.622655977181362538e-06
1.594716662124786758e-05
2.508148349565753841e-05
3.784718704574132096e-05
5.525984728450200666e-05
7.859406832454781527e-05
1.094736410882674743e-04
1.499928389819908919e-04
2.028755861843483060e-04
2.716798021498512475e-04
3.610544316873906165e-04
4.770561475407314846e-04
6.275310076191110368e-04
8.225629583745856267e-04
1.074985517896880419e-03
1.400944882215139371e-03
1.820491936423683640e-03
2.358167414253172552e-03
3.043529361387078795e-03
3.911556236363088884e-03
5.002844046628243148e-03
6.363503929208329593e-03
8.044659921291281990e-03
1.010144780665481017e-02
1.259142718061319333e-02
1.557234206949584948e-02
1.909920156201185687e-02
2.322070080487441748e-02
2.797506283087372245e-02
3.338544992746438761e-02
3.945516497675798095e-02
4.616293239013079946e-02
5.345860789257236845e-02
6.125970896983524983e-02
6.944917595744563854e-02
7.787476117936982523e-02
8.635039566708668790e-02
9.465979776564711901e-02
1.025624664559103977e-01
1.098020491016661881e-01
1.161168967766795929e-01
1.212524318847590238e-01
1.249747667073399654e-01
1.270848437795041308e-01
1.274322360525603215e-01
1.259276620952120285e-01
1.225532520248974466e-01
1.173696523509018680e-01
1.105191861075400378e-01
1.022244860879649303e-01
9.278228466718491108e-02
8.255235829717556817e-02
7.194196738077388020e-02
6.138647780432129192e-02
5.132717151984449860e-02
4.218752269513759839e-02
3.434940786512108435e-02
2.813081264803539774e-02
2.376658012540572296e-02
2.139361151131795660e-02
2.104168221431206368e-02
2.263068935425452399e-02
2.597472268814004712e-02
3.079287961798719483e-02
3.672626162911959286e-02
4.336013172479993155e-02
5.024981711907469673e-02
5.694864173523945389e-02
6.303599526946353226e-02
6.814360682839487593e-02
7.197819760609544537e-02
7.433893315739868723e-02
7.512846444669057933e-02
7.435681058752739714e-02
7.213785946079380451e-02
6.867880436100474995e-02
6.426335275207634146e-02
5.922999611641156792e-02
5.394698195017404857e-02
4.878585262477735940e-02
4.409549410128420915e-02
4.017856533793299351e-02
3.727196401566074818e-02
3.553264492000195174e-02
3.502967289948451940e-02
3.574289909318784098e-02
3.756813761913100486e-02
4.032823139809392499e-02
4.378896873648105426e-02
4.767847922242066799e-02
5.170852234293032978e-02
5.559599857065756351e-02
5.908306282479237892e-02
6.195439541456865262e-02
6.405046705859650247e-02
6.527599550196827582e-02
6.560319927967975251e-02
6.506987439086200919e-02
6.377271763693581619e-02
6.185666510132792340e-02
5.950128052402108708e-02
5.690539867264623325e-02
5.427129456211268743e-02
5.178961094803383181e-02
4.962614291275157380e-02
4.791136592007632505e-02
4.673332432882425919e-02
4.613419629480445400e-02
4.611054456545998076e-02
4.661697594826195307e-02
4.757268700800865863e-02
4.887018672563575583e-02
5.038536936321291043e-02
5.198806708535284177e-02
5.355224006662021724e-02
5.496505420347707477e-02
5.613424081703083379e-02
5.699331327535834407e-02
5.750441496609472181e-02
5.765877406483605611e-02
5.747492695410396507e-02
5.699503038189030618e-02
5.627970238643154738e-02
5.540190750727788660e-02
5.444043082205867606e-02
5.347346976584067130e-02
5.257281775877584162e-02
5.179902726993039497e-02
5.119783169702799008e-02
5.079798574710998188e-02
5.061056314054678679e-02
5.062963777887363737e-02
5.083417779170312789e-02
5.119090686941204366e-02
5.165783750832758647e-02
5.218815748175285180e-02
5.273415312449963172e-02
5.325087818931947825e-02
5.369932100539917541e-02
5.404888040874309546e-02
5.427902693014784868e-02
5.438009452151970624e-02
5.435321456840517401e-02
5.420946367431483948e-02
5.396834623845844087e-02
5.365576976841694712e-02
5.330169385489681722e-02
5.293764252447443613e-02
5.259426496641753795e-02
5.229911288855232376e-02
5.207477609951378927e-02
5.193748386770750958e-02
5.189624092551900492e-02
5.195252646926615259e-02
5.210054482960323197e-02
5.232798007290574011e-02
5.261717569073565831e-02
5.294663633864096081e-02
5.329273238875421870e-02
5.363148042375697616e-02
5.394027375410629516e-02
5.419944611331215661e-02
5.439356794882641705e-02
5.451239686188356220e-02
5.455143013844074990e-02
5.451203613093649064e-02
5.440117057691663122e-02
5.423071187333512733e-02
5.401647409270955019e-02
5.377697659410041880e-02
5.353206324280276179e-02
5.330147170658964401e-02
5.310345369641360225e-02
5.295354049436905297e-02
5.286353525622006222e-02
5.284079540950459286e-02
5.288784636458199184e-02
5.300234334547617582e-02
5.317737320125860701e-02
5.340206436139159629e-02
5.366245231770762347e-02
5.394253158082386312e-02
5.422541405617476579e-02
5.449450887951847594e-02
5.473464014154187651e-02
5.493302633740355934e-02
5.508005807303657103e-02
5.516982743507239245e-02
5.520038208485697484e-02
5.517369799559828508e-02
5.509538519760803083e-02
5.497415939876201113e-02
5.482112758176128919e-02
5.464894663040139461e-02
5.447092006758778165e-02
5.430009887978869132e-02
5.414844835632980080e-02
5.402613447174674927e-02
5.394097148711178569e-02
5.389805826977239062e-02
5.389961557761911715e-02
5.394502147848633661e-02
5.403102833285508555e-02
5.415213332263913576e-02
5.430106606390136537e-02
5.446935179827065709e-02
5.464790710470391472e-02
5.482762680283224943e-02
5.499992527253709518e-02
5.515720214437706825e-02
5.529321046180453447e-02
5.540331418479646497e-02
5.548463054262543770e-02
5.553606060255521226e-02
5.555821800391180093e-02
5.555327079381824212e-02
5.552471455634368225e-02
5.547709658619500578e-02
5.541571089853850052e-02
5.534628266743395891e-02
5.527465858314932479e-02
5.520651696222166060e-02
5.514710855561176517e-02
5.510103614489420681e-02
5.507207838407995881e-02
5.506306104404634638e-02
5.507577688036445485e-02
5.511095374503786892e-02
5.516826922925131133e-02
5.524640897136466611e-02
5.534316471075511473e-02
5.545556715546200166e-02
5.558004773668561577e-02
5.571262236221861952e-02
5.584908940661774401e-02
5.598523346839144599e-02
5.611702597728270708e-02
5.624081363899299107e-02
5.635348603340253892e-02
5.645261447713140202e-02
5.653655552351264518e-02
5.660451416021358012e-02
5.665656379250062769e-02
5.669362234944409773e-02
5.671738617858151227e-02
5.673022564906946008e-02
5.673504841573812768e-02
5.673513797574553097e-02
5.673397637287281442e-02
5.673506060449597793e-02
5.674172243426853918e-02
5.675696091909848001e-02
5.678329606599528956e-02
5.682265071461733985e-02
5.687626608686137397e-02
5.694465455952021221e-02
5.702759120814450411e-02
5.712414364585858412e-02
5.723273773904915401e-02
5.735125501124593156e-02
5.747715602352090891e-02
5.760762280741173191e-02
5.773971257393628598e-02
5.787051446461184689e-02
5.799730106731140755e-02
5.811766679492867682e-02
5.822964600427318199e-02
5.833180488371907113e-02
5.842330260872295733e-02
5.850391898305082328e-02
5.857404766158359061e-02
5.863465598510440163e-02
5.868721433694232964e-02
5.873359964224966062e-02
5.877597906543452488e-02
5.881668102648324181e-02
5.885806128122596931e-02
5.890237195126361847e-02
5.895164103651674703e-02
5.900756912225983697e-02
5.907144876180644294e-02
5.914411046387545168e-02
5.922589745100492048e-02
5.931666950682120548e-02
5.941583442404332893e-02
5.952240392381843298e-02
5.963506954647112418e-02
5.975229299640739955e-02
5.987240481281565913e-02
5.999370505406800141e-02
6.011455991642118690e-02
6.023348881666778371e-02
6.034923738943073768e-02
6.046083300092951196e-02
6.056762067011926126e-02
6.066927862061502474e-02
6.076581397271412638e-02
6.085754024474862578e-02
6.094503930267348296e-02
6.102911112994749421e-02
6.111071525945565436e-02
6.119090790749806552e-02
6.127077878638213099e-02
6.135139127172762469e-02
6.143372910029328698e-02
6.151865211989986787e-02
6.160686285644141613e-02
6.169888485787428795e-02
6.179505297452596996e-02
6.189551498859998530e-02
6.200024335672686682e-02
6.210905531298432231e-02
6.222163922101515976e-02
6.233758487646049590e-02
6.245641544653184746e-02
6.257761888182516996e-02
6.270067692471570364e-02
6.282509023758364730e-02
6.295039864407206420e-02
6.307619597485894514e-02
6.320213949262733222e-02
6.332795429887354277e-02
6.345343346435337872e-02
6.357843485156870755e-02
6.370287569983579257e-02
6.382672602210252844e-02
6.395000173127299292e-02
6.407275819672567096e-02
6.419508466138230951e-02
6.431709966285395486e-02
6.443894733574458134e-02
6.456079425892499724e-02
6.468282637655405065e-02
6.480524547924038092e-02
6.492826478437999094e-02
6.505210329255585455e-02
6.517697879940895223e-02
6.530309968094151485e-02
6.543065581179077772e-02
6.555980918735243579e-02
6.569068497235469595e-02
6.582336376881593731e-02
6.595787587357121451e-02
6.609419817971774747e-02
6.623225417875291954e-02
6.637191726227144317e-02
6.651301723243992214e-02
6.665534964143406127e-02
6.679868732362199968e-02
6.694279328847672905e-02
6.708743402757420815e-02
6.723239226651882283e-02
6.737747826251093419e-02
6.752253890044590534e-02
6.766746405599313730e-02
6.781218994792885535e-02
6.795669946596293032e-02
6.810101970673132499e-02
6.824521715559568602e-02
6.838939109773300995e-02
6.853366591912150863e-02
6.867818296539238143e-02
6.882309257119247070e-02
6.896854676827680886e-02
6.911469304498042698e-02
6.926166938250892524e-02
6.940960065324115746e-02
6.955859634807369518e-02
6.970874951393614405e-02
6.986013673313996863e-02
7.001281896153714601e-02
7.016684305585250969e-02
7.032224385190730120e-02
7.047904669305607439e-02
7.063727034092665003e-02
7.079693021968117006e-02
7.095804194546322108e-02
7.112062507384241117e-02
7.128470696361832726e-02
7.145032661269119789e-02
7.161753828044886694e-02
7.178641468152990868e-02
7.195704952687444200e-02
7.212955920598977666e-02
7.230408345153860328e-02
7.248078490149485742e-02
7.265984756849605541e-02
7.284147433032039931e-02
7.302588365709844487e-02
7.321330587670142609e-02
7.340397933796583008e-02
7.359814685309114257e-02
7.379605278114875766e-02
7.399794105469494065e-02
7.420405435653792958e-02
7.441463453398947103e-02
7.462992420674005589e-02
7.485016939684131787e-02
7.507562289988341242e-02
7.530654803776187789e-02
7.554322239435055930e-02
7.578594113983898317e-02
7.603501959626123019e-02
7.629079477948290389e-02
7.655362576117502593e-02
7.682389281480528354e-02
7.710199542797957495e-02
7.738834936605498704e-02
7.768338304740239619e-02
7.798753353161881618e-02
7.830124242528407885e-02
7.862495197728371077e-02
7.895910157331612056e-02
7.930412475643949799e-02
7.966044680884165619e-02
8.002848284149620406e-02
8.040863626382176166e-02
8.080129745359183879e-02
8.120684242314964163e-02
8.162563128292468773e-02
8.205800633477199069e-02
8.250428967997504304e-02
8.296478029189165160e-02
8.343975057188976474e-02
8.392944247052770701e-02
8.443406330619636357e-02
8.495378144548372534e-02
8.548872202091996331e-02
8.603896285324198756e-02
8.660453072030173394e-02
8.718539807877760672e-02
8.778148030449449413e-02
8.839263347927907299e-02
8.901865272254536054e-02
8.965927104831110384e-02
9.031415872478693041e-02
9.098292312322987796e-02
9.166510906239387635e-02
9.236019967969993916e-02
9.306761788454684381e-02
9.378672846702912347e-02
9.451684094193710250e-02
9.525721319998591008e-02
9.600705601476522411e-02
9.676553841636056918e-02
9.753179389457021509e-02
9.830492734165857671e-02
9.908402259308052296e-02
9.986815038119077614e-02
1.006563764875156308e-01
1.014477698677768297e-01
1.022414105325896855e-01
1.030363969949767700e-01
1.038318531403889800e-01
1.046269344307089871e-01
1.054208334138553721e-01
1.062127845679918942e-01
1.070020685568291163e-01
1.077880160045613517e-01
1.085700109117640894e-01
1.093474938258665458e-01
1.101199648531038661e-01
1.108869865567716634e-01
1.116481867351186014e-01
1.124032610181795455e-01
1.131519751735316215e-01
1.138941669730878098e-01
1.146297474517002507e-01
1.153587013866846783e-01
1.160810868460619566e-01
1.167970336903172562e-01
1.175067409639233701e-01
1.182104731727419283e-01
1.189085555051741100e-01
1.196013681116743221e-01
1.202893396030461082e-01
1.209729399582159248e-01
1.216526730444715126e-01
1.223290689472865400e-01
1.230026762845712468e-01
1.236740546457420625e-01
1.243437672541354844e-01
1.250123739081072660e-01
1.256804242172109842e-01
1.263484511196519833e-01
1.270169646494617721e-01
1.276864459174480160e-01
1.283573412788262813e-01
1.290300566798223691e-01
1.297049522018782763e-01
1.303823368505874769e-01
1.310624636622035322e-01
1.317455252192985538e-01
1.324316496752534489e-01
1.331208973832424258e-01
1.338132582089922029e-01
1.345086495794542425e-01
1.352069152851919087e-01
1.359078250165001722e-01
1.366110745771644819e-01
1.373162866898091361e-01
1.380230122865247488e-01
1.387307321708752816e-01
1.394388589428380010e-01
1.401467390963689053e-01
1.408536552271741349e-01
1.415588283224621657e-01
1.422614201402027101e-01
1.429605357177186342e-01
1.436552260742581244e-01
1.443444911855532309e-01
1.450272833086149737e-01
1.457025107216505799e-01
1.463690419181511992e-01
1.470257102593255094e-01
1.476713190487460581e-01
1.483046469525663713e-01
1.489244536528144536e-01
1.495294855943134493e-01
1.501184816715426529e-01
1.506901787017288497e-01
1.512433165451957662e-01
1.517766427620685088e-01
1.522889167325080229e-01
1.527789132120960791e-01
1.532454253395987009e-01
1.536872671563210835e-01
1.541032757303231471e-01
1.544923130012554324e-01
1.548532674706761258e-01
1.551850558575978700e-01
1.554866248212717073e-01
1.557569528249111712e-01
1.559950521791456934e-01
1.561999712667515028e-01
1.563707969147092036e-01
1.565066568503560573e-01
1.566067221581349533e-01
1.566702096440771297e-01
1.566963840177281742e-01
1.566845598140860774e-01
1.566341030000099888e-01
1.565444322367735841e-01
1.564150197996668490e-01
1.562453921831019887e-01
1.560351304420987684e-01
1.557838703358545018e-01
1.554913023447903053e-01
1.551571716285750080e-01
1.547812779803675876e-01
1.543634758133334284e-01
1.539036741927435892e-01
1.534018369030749618e-01
1.528579825184150642e-01
1.522721844283326242e-01
1.516445707625323769e-01
1.509753241572612259e-01
1.502646813143131976e-01
1.495129323188010839e-01
1.487204197025463193e-01
1.478875372632645069e-01
1.470147286729842906e-01
1.461024859290360189e-01
1.451513477153714426e-01
1.441618977487542086e-01
1.431347631827629974e-01
1.420706131326939237e-01
1.409701573673123598e-01
1.398341451910716515e-01
1.386633645153227679e-01
1.374586410921856683e-01
1.362208378627671468e-01
1.349508543548880724e-01
1.336496260561703397e-01
1.323181236870500377e-01
1.309573523052240118e-01
1.295683501870369403e-01
1.281521874507852155e-01
1.267099644094445421e-01
1.252428096633253773e-01
1.237518779639649458e-01
1.222383478969922138e-01
1.207034194418181994e-01
1.191483114691394285e-01
1.175742592330720343e-01
1.159825119041597852e-01
1.143743301740736268e-01
1.127509839444259115e-01
1.111137500934478717e-01
1.094639102973992556e-01
1.078027488708817316e-01
1.061315505831519623e-01
1.044515984070627235e-01
1.027641711635992466e-01
1.010705410372230717e-01
9.937197095428772220e-02
9.766971183643935461e-02
9.596499976106062646e-02
9.425905307915734277e-02
9.255306955528028179e-02
9.084822360286749776e-02
8.914566369028215087e-02
8.744650998785837015e-02
8.575185231479111325e-02
8.406274842774637268e-02
8.238022267266777166e-02
8.070526499917704544e-02
7.903883031564774841e-02
7.738183814455465437e-02
7.573517252374435682e-02
7.409968209121250982e-02
7.247618028933065781e-02
7.086544562908239642e-02
6.926822196513816865e-02
6.768521874691615925e-02
6.611711122768924864e-02
6.456454063097354090e-02
6.302811428931025250e-02
6.150840578309096224e-02
6.000595511510154606e-02
5.852126895928984329e-02
5.705482101948303186e-02
5.560705252619260047e-02
5.417837288798556944e-02
5.276916049973344458e-02
5.137976369510888902e-02
5.001050181657171190e-02
4.866166636460868972e-02
4.733352218025899810e-02
4.602630861198491602e-02
4.474024061998113644e-02
4.347550977780314380e-02
4.223228514209043105e-02
4.101071397476619557e-02
3.981092231718006552e-02
3.863301543038116098e-02
3.747707812865276600e-02
3.634317504324258846e-02
3.523135085878872919e-02
3.414163056596288687e-02
3.307401977007753957e-02
3.202850508748151387e-02
3.100505465037470612e-02
3.000361872740347699e-02
2.902413045362177771e-02
2.806650665046880530e-02
2.713064870580397803e-02
2.621644347675949893e-02
2.532376417500574461e-02
2.445247119522164780e-02
2.360241285292853999e-02
2.277342600680059073e-02
2.196533655204938387e-02
2.117795978435958390e-02
2.041110064662565379e-02
1.966455388222556472e-02
1.893810412748900274e-02
1.823152598151186674e-02
1.754458409305248781e-02
1.687703330176170205e-02
1.622861886477485263e-02
1.559907679046103508e-02
1.498813428978768535e-02
1.439551034357929200e-02
1.382091637212656994e-02
1.326405698334294850e-02
1.272463076795798780e-02
1.220233110584694781e-02
1.169684694683852284e-02
1.120786353229604078e-02
1.073506302999923355e-02
1.027812506370758168e-02
9.836727129312097459e-03
9.410544900584872155e-03
8.999252438096719611e-03
8.602522323849044403e-03
8.220025750677760132e-03
7.851432598960006795e-03
7.496411533264583232e-03
7.154630148433561813e-03
6.825755188510781828e-03
6.509452853616364866e-03
6.205389200184895961e-03
5.913230629894379066e-03
5.632644453153212022e-03
5.363299505074835445e-03
5.104866786217431875e-03
4.857020097516464609e-03
4.619436638984252864e-03
4.391797544863044675e-03
4.173788333581486543e-03
3.965099258514577507e-03
3.765425554374798433e-03
3.574467583184293400e-03
3.391930892313862588e-03
3.217526204189448836e-03
3.050969362313904736e-03
2.891981260771852962e-03
2.740287784192381709e-03
2.595619782310885307e-03
2.457713098113415654e-03
2.326308661625369097e-03
2.201152653400425402e-03
2.081996733485940842e-03
1.968598323874172062e-03
1.860720925938116064e-03
1.758134449697355915e-03
1.660615529374987690e-03
1.567947799786293490e-03
1.479922110594898308e-03
1.396336660115298119e-03
1.316997036663769766e-03
1.241716162845559650e-03
1.170314145919033573e-03
1.102618044770258985e-03
1.038461570394384357e-03
9.776847415490347824e-04
9.201335200110456790e-04
8.656594504239732528e-04
8.141193280577086865e-04
7.653749141182079755e-04
7.192927129151145942e-04
6.757438187436563392e-04
6.346038333692806703e-04
5.957528481627617691e-04
5.590754788374071400e-04
5.244609359189021961e-04
4.918031109414707121e-04
4.610006571557962352e-04
4.319570443165109759e-04
4.045805697798027451e-04
3.787843123978107017e-04
3.544860211314779632e-04
3.316079364019978103e-04
3.100765484017656260e-04
2.898223023321407858e-04
2.707792653214812200e-04
2.528847731970662008e-04
2.360790770590707002e-04
2.203050096095243162e-04
2.055076894550026203e-04
1.916342783148630062e-04
1.786338015417739350e-04
1.664570370166889310e-04
1.550564717944087850e-04
1.443863203468537628e-04
1.344025933517819247e-04
1.250632021126944651e-04
1.163280811799328676e-04
1.081593107600757728e-04
1.005212211007398034e-04
9.338046313602013898e-05
8.670603306169859465e-05
8.046924286499854335e-05
7.464363376986592994e-05
6.920483464652493245e-05
6.413037224150264768e-05
5.939944421327283968e-05
5.499266907893902008e-05
5.089182905029528381e-05
4.707962223528043241e-05
4.353943979338428452e-05
4.025518146574870470e-05
3.721111966197162245e-05
3.439181826763553076e-05
3.178210788893761973e-05
2.936711474881618415e-05
2.713233626344398013e-05
2.506375279399276817e-05
2.314796245949372576e-05
2.137232440348609360e-05
1.972509562519465405e-05
1.819554740988787013e-05
1.677404942014604791e-05
1.545211245087765392e-05
1.422238444850939789e-05
1.307859834514083855e-05
1.201547423779089247e-05
1.102858213346861510e-05
1.011417459632411487e-05
9.269000940533623264e-06
8.490115948793435321e-06
7.774696379482126882e-06
7.119877758729182930e-06
6.522622222347594751e-06
5.979625635481741755e-06
5.487269092214056312e-06
5.041616440533932790e-06
4.638455965958164483e-06
4.273381072496450648e-06
3.941901971077472978e-06
3.639578228830850027e-06
3.362160696418564205e-06
3.105730896598388568e-06
2.866826436072632220e-06
2.642542335244781984e-06
2.430600234577622123e-06
2.229380057630670415e-06
2.037911678271270151e-06
1.855827221619532014e-06
1.683277591582332788e-06
1.520819444415651697e-06
1.369280931010173639e-06
1.229615968089067162e-06
1.102757481246049178e-06
9.894799600116756649e-07
8.902808049479621178e-07
8.052884119337877951e-07
7.342028590974982483e-07
6.762726030130748263e-07
6.303079412611744892e-07
5.947293550134144297e-07
5.676463984194365681e-07
5.469607219585270905e-07
5.304852437949800032e-07
5.160705153664763256e-07
5.017290175897288103e-07
4.857484764469935229e-07
4.667862584838875206e-07
4.439384125829916549e-07
4.167788439235058236e-07
3.853662935494295246e-07
3.502190924226515575e-07
3.122598995866545122e-07
2.727346663040605481e-07
2.331117571630198503e-07
1.949683984787151396e-07
1.598723414508487280e-07
1.292667881903649778e-07
1.043662377473217200e-07
8.607000894964706303e-08
7.489886274687301207e-08
7.095848134500867267e-08
7.393168628122632285e-08
8.309932447315519099e-08
9.738785290295873840e-08
1.154399337126009456e-07
1.357029208356823966e-07
1.565290629375419363e-07
1.762806238896279819e-07
1.934329593324456013e-07
2.066688829961742252e-07
2.149583764185007935e-07
2.176187810290352151e-07
2.143519810336564537e-07
2.052566422755294627e-07
1.908152106192112856e-07
1.718569861073238957e-07
1.495000741861332526e-07
1.250762823374288276e-07
1.000440060987779789e-07
7.589478029299715521e-08
5.405943040658315273e-08
3.581964096424578027e-08
2.223028170991939440e-08
1.405703932897772904e-08
1.173285147671089253e-08
1.533540401457160482e-08
2.458661338518571428e-08
3.887365916603792126e-08
5.728984024111723333e-08
7.869237794208147083e-08
1.017733457989431959e-07
1.251392182207252086e-07
1.473941322443938656e-07
1.672218616355529199e-07
1.834617066462031800e-07
1.951739835570838177e-07
2.016915180982036257e-07
2.026544555961235957e-07
1.980267386730547154e-07
1.880937056558201086e-07
1.734413633818869923e-07
1.549189232947224647e-07
1.335871022967340543e-07
1.106554317482247232e-07
8.741235288360402673e-08
6.515218163373505085e-08
4.510309125411483684e-08
2.836009204653399501e-08
1.582660164232275107e-08
8.167626071056600313e-09
5.776849763556772541e-09
8.759107067219127075e-09
1.692882802913486985e-08
2.982416737466537028e-08
4.673568619593668200e-08
6.674770487613209727e-08
8.878982059288818766e-08
1.116956123838166533e-07
1.342652606666121849e-07
1.553286955554932656e-07
1.738059583627138492e-07
1.887617026879405298e-07
1.994511561802722095e-07
2.053553848689529868e-07
2.062043168734651592e-07
2.019866557439130783e-07
1.929465085745042812e-07
1.795672337909936518e-07
1.625436439422572960e-07
1.427442497639784560e-07
1.211656784580074545e-07
9.888172318487575298e-08
7.698967085889307335e-08
5.655660738617819451e-08
3.856831652276002176e-08
2.388318017376321142e-08
1.319316961739907637e-08
6.993608953873347543e-09
5.562917673864485891e-09
8.953024379541051075e-09
1.699061490744087449e-08
2.928886135729918704e-08
4.526879798027556235e-08
6.418908679654709778e-08
8.518256770991995888e-08
1.072977278807563742e-07
1.295430615256386769e-07
1.509322275184920751e-07
1.705279467259010082e-07
1.874827079691176932e-07
2.010745609350873269e-07
2.107365530273146249e-07
2.160786993106010844e-07
2.169017429781841765e-07
2.132023500130770816e-07
2.051697678996344133e-07
1.931743472668053675e-07
1.777486617558451655e-07
1.595622519969163474e-07
1.393912538538505287e-07
1.180843415811906045e-07
9.652651893619916586e-08
7.560232448556558266e-08
5.615998327916459515e-08
3.897794044144077680e-08
2.473506019120679097e-08
1.398557543163012330e-08
7.139638908372249456e-09
4.450068483716678799e-09
6.005608165878576549e-09
1.173075486890232246e-08
2.139193953408655412e-08
3.460961024493794505e-08
5.087555293759092169e-08
6.957460920268980653e-08
9.000981559639392673e-08
1.114298979916267747e-07
1.330580090210636239e-07
1.541205959366270308e-07
1.738753278577890830e-07
1.916370915036492281e-07
2.068011779437741487e-07
2.188629235175668607e-07
2.274332290528768582e-07
2.322495556876016586e-07
2.331821757303150656e-07
2.302356360794698761e-07
2.235455632236859017e-07
2.133710969297820736e-07
2.000833794217424466e-07
1.841506441873496041e-07
1.661205406201558685e-07
1.466003957218972290e-07
1.262361513585300261e-07
1.056907254313291862e-07
8.562252910014254531e-08
6.666483202461356755e-08
4.940660632339938331e-08
3.437540098665946985e-08
2.202270560251726961e-08
1.271215948012789353e-08
6.710853648230952838e-09
4.183862769042607303e-09
5.192035510343430343e-09
9.692968808956502715e-09
1.754499675670835278e-08
2.851394107055676005e-08
4.228229925231514747e-08
5.846049001245621446e-08
7.659973416605056444e-08
9.620612329238152357e-08
1.167554177457295864e-07
1.377081194063410141e-07
1.585243817495304582e-07
1.786783489269632100e-07
1.976715548761640993e-07
2.150450610868630837e-07
2.303900655348770446e-07
2.433567733858657768e-07
2.536613803417383405e-07
2.610910800190486237e-07
2.655070657193778763e-07
2.668455527767226966e-07
2.651168989699678729e-07
2.604029461351185057e-07
2.528527452343481249e-07
2.426768591241955056e-07
2.301404617662786520e-07
2.155554695357449055e-07
1.992719497293745779e-07
1.816690536838874573e-07
1.631457175880652527e-07
1.441113637571078854e-07
1.249768195931756906e-07
1.061456515227380794e-07
8.800608776679960287e-08
7.092367777007620553e-08
5.523480838815947507e-08
4.124116836919641529e-08
2.920522407798335989e-08
1.934674153097103158e-08
1.184036328972942986e-08
6.814224152863870660e-09
4.349567343539556759e-09
4.481303360894099834e-09
7.199437092875576116e-09
1.245127532127208620e-08
2.014431643825240150e-08
3.014971700393339049e-08
4.230622559598772493e-08
5.642447306034146723e-08
7.229150953644329202e-08
8.967548223040139435e-08
1.083303535408292940e-07
1.280005664831829532e-07
1.484255730767132541e-07
1.693441511204193681e-07
1.904984452689133094e-07
2.116376792149923468e-07
2.325214968095381544e-07
2.529229008397938354e-07
2.726307687145185669e-07
2.914519342742475700e-07
3.092128341903322316e-07
3.257607258124128673e-07
3.409644907723258977e-07
3.547150450900003887e-07
3.669253819219018097e-07
3.775302774350181937e-07
3.864856936016855746e-07
3.937679140278851865e-07
3.993724503093470754e-07
4.033127569272355007e-07
4.056187924276508552e-07
4.063354636719890663e-07
4.055209883881823667e-07
4.032452091962837381e-07
3.995878898215069332e-07
3.946370214371753948e-07
3.884871640897179308e-07
3.812378450316351544e-07
3.729920326022617264e-07
3.638547011207568008e-07
3.539314991493961027e-07
3.433275305024847511e-07
3.321462545580901401e-07
3.204885098110273478e-07
3.084516622140383234e-07
2.961288777055522348e-07
2.836085164306789312e-07
2.709736445301356150e-07
2.583016579993834222e-07
2.456640120005515632e-07
2.331260481337759976e-07
2.207469115268097388e-07
2.085795491672887796e-07
1.966707806613007745e-07
1.850614325354137055e-07
1.737865272866311032e-07
1.628755186043281572e-07
1.523525645201417516e-07
1.422368306652120019e-07
1.325428163104306586e-07
1.232806964163556964e-07
1.144566735083997848e-07
1.060733338048595638e-07
9.813000264690359919e-08
9.062309489881581723e-08
8.354645659342626575e-08
7.689169468347694637e-08
7.064849231714379613e-08
6.480490758026378220e-08
5.934765413400232485e-08
5.426236262270828451e-08
4.953382213010037118e-08
4.514620132225889994e-08
4.108324923331429356e-08
3.732847592472385905e-08
3.386531348356313856e-08
3.067725802088251886e-08
2.774799349030376004e-08
2.506149827262112598e-08
2.260213556645653216e-08
2.035472869160093759e-08
1.830462245300685485e-08
1.643773173273590454e-08
1.474057847739972904e-08
1.320031823234734744e-08
1.180475734401518290e-08
1.054236191060814526e-08
9.402259511186185524e-09
8.374234686191435412e-09
7.448719080453853669e-09
6.616777094412437853e-09
5.870087822114450818e-09
5.200923986867180460e-09
4.602128518211993408e-09
4.067089348148472483e-09
3.589712940971870912e-09
3.164397010281781629e-09
2.786002819166885447e-09
2.449827405563351694e-09
2.151576024567722549e-09
1.887335053191171702e-09
1.653545560694913413e-09
1.446977709253483389e-09
1.264706115148408642e-09
1.104086269888578761e-09
9.627320934152248989e-10
8.384946676903284952e-10
7.294421782741574535e-10
6.338410737447844258e-10
5.501384377732466487e-10
4.769455560983087470e-10
4.130226503219158990e-10
3.572647421356764127e-10
3.086886050724250248e-10
2.664207559504163056e-10
2.296864346353726605e-10
1.977995184120421838e-10
1.701533159544980643e-10
1.462121854606827256e-10
1.255039218276315952e-10
1.076128586601727297e-10
9.217363231408010988e-11
7.886555697017252196e-11
6.740756183059525024e-11
5.755364384235303120e-11
4.908879181857773573e-11
4.182534038711507647e-11
3.559971479861201872e-11
3.026953023228701398e-11
2.571101181206513055e-11
2.181670406205607750e-11
1.849344096632799574e-11
1.566055013699623613e-11
1.324826682455628691e-11
1.119633561637219221e-11
9.452779658015825064e-12
7.972819094914236549e-12
6.717922168000994372e-12
5.654974008142924250e-12
4.755549662722867089e-12
3.995279257903156089e-12
3.353294456498689034e-12
2.811746519564228268e-12
2.355387325584740553e-12
1.971205650726477787e-12
1.648111873261661569e-12
1.376665041291927591e-12
1.148836941538097265e-12
9.578084342597887859e-13
7.977938812258796832e-13
6.638899956515305145e-13
5.519458904843926613e-13
4.584514993815502037e-13
3.804418978572011731e-13
3.154153647855118280e-13
2.612633007597176582e-13
2.162103634806156508e-13
1.787633948057081418e-13
1.476679024730074131e-13
1.218710246806528999e-13
1.004900502470934246e-13
8.278569334717828300e-14
6.813943192900166200e-14
5.603431476953046989e-14
4.603872542718794694e-14
3.779266361963069871e-14
3.099616715407277946e-14
2.539955167133139015e-14
2.079519220497199917e-14
1.701061085014610687e-14
1.390266951892781028e-14
1.135269656678539091e-14
9.262401654923454155e-15
7.550455133286751210e-15
6.149626985487722969e-15
5.004396403440542373e-15
4.068956734253403453e-15
3.305552193666622965e-15
2.683092654836132188e-15
2.176001246011284212e-15
1.763256639939066406e-15
1.427597976727383057e-15
1.154865489925197046e-15
9.334542401871217885e-16
7.538620200839099688e-16
6.083155787582635148e-16
4.904619129742698194e-16
3.951135559156810695e-16
3.180386302678290621e-16
2.557879717217688784e-16
2.055529191248081779e-16
1.650484471994025782e-16
1.324172203055424417e-16
1.061508993013852703e-16
8.502566201700385268e-17
6.804942136490610517e-17
5.441866069127474929e-17
4.348316798059802774e-17
3.471725104836969993e-17
2.769626505525649825e-17
2.207749008658821262e-17
1.758456732000256977e-17
1.399484344813839669e-17
1.112908954667869328e-17
8.843156671963956397e-18
7.021209632978153404e-18
5.570245524015608353e-18
4.415657152692404968e-18
3.497645469735314307e-18
2.768321177147506875e-18
2.189365248875921065e-18
1.730142293811888808e-18
1.366180477126991712e-18
1.077947879600293780e-18
8.498683655437934935e-19
6.695307839961994212e-19
5.270540864011382981e-19
4.145780701774237219e-19
3.258552498650687432e-19
2.559240609425735653e-19
2.008474168757279435e-19
1.575037320862617227e-19
1.234200270094077380e-19
9.663875633551852345e-20
7.561163780748661204e-20
5.911507989367583209e-20
4.618287202820468635e-20
3.605265953704838068e-20
2.812341639518324776e-20
2.192168470706907562e-20
1.707479633487797353e-20
1.328965054445271320e-20
1.033590900719980770e-20
8.032699828994798144e-21
6.238106660180218417e-21
4.840866405874675487e-21
3.753816886967613514e-21
2.908729869119042483e-21
2.252239904679637483e-21
1.742639220271129871e-21
1.347356483762252923e-21
1.040975148663098299e-21
8.036771664281851891e-22
6.200217517873625476e-22
4.779878427621297618e-22
3.682239227709595341e-22
2.834607718095481926e-22
2.180521293081587633e-22
1.676156949434400120e-22
1.287527733092722495e-22
9.882950855636924849e-23
7.580631400917187009e-23
5.810498441698141047e-23
4.450524763698699457e-23
3.406429723129851063e-23
2.605424992877182506e-23
1.991357307888435396e-23
1.520939110904862382e-23
1.160825715208658357e-23
8.853506355283937813e-24
6.747722398727938791e-24
5.139173247918730486e-24
3.911325676633185398e-24
2.974745985849639216e-24
2.260848689458966430e-24
1.717075220551148497e-24
1.303178373508238078e-24
9.883610695011537133e-25
7.490746844430020320e-25
5.673261839801515812e-25
4.293774648856105131e-25
3.247467900254687938e-25
2.454427294195606727e-25
1.853769122358937839e-25
1.399141897790751100e-25
1.055283142475626244e-25
7.953857973367980566e-26
5.990853836882762877e-26
4.509227449110369104e-26
3.391708719950197570e-26
2.549402459017658485e-26
1.914970793795871511e-26
1.437441778606191639e-26
1.078259207287597956e-26
8.082790769764755382e-27
6.054875128973665929e-27
4.532681233908454365e-27
3.390874641266346594e-27
2.534984422227361238e-27
1.893853105219910226e-27
1.413921014252396499e-27
1.054902439794147024e-27
7.865170755364481717e-28
5.860209550183145283e-28
4.363426693886885816e-28
3.246774937583190537e-28
2.414276792269744979e-28
1.794042459460799295e-28
1.332261764192068775e-28
9.886851315844084911e-29
7.332269778410962811e-29
5.434145471114071004e-29
4.024731125213493842e-29
2.978898222653662673e-29
2.203373033234354276e-29
1.628674715592185657e-29
1.203081432172353427e-29
8.881174902310204487e-30
6.551804524581869744e-30
