1.360386010694224285e-31
1.846697157535521229e-31
2.505246897006253364e-31
3.396459059175288837e-31
4.601748742187355560e-31
6.230741793166870656e-31
8.430951751021555553e-31
1.140074190627843636e-30
1.540667584322518733e-30
2.080672635230503910e-30
2.808129949987097905e-30
3.787467699121566878e-30
5.105033736372783002e-30
6.876475309889692439e-30
9.256576624848126408e-30
1.245236379672542272e-29
1.674055032528449665e-29
2.249074462358173538e-29
3.019630131021901328e-29
4.051530533182812102e-29
5.432497902020401395e-29
7.279385789608257621e-29
9.747747136032408866e-29
1.304450940858655926e-28
1.744475400081726273e-28
2.331391325743373924e-28
3.113711366267610888e-28
4.155793849039012710e-28
5.542959748416781013e-28
7.388242696679556378e-28
9.841286898635457223e-28
1.310006809779549147e-27
1.742632228057067773e-27
2.316584052351498953e-27
3.077514567717359897e-27
4.085653260373382875e-27
5.420406107833304660e-27
7.186388151365939128e-27
9.521330312720235664e-27
1.260643528785276522e-26
1.667993130357214651e-26
2.205479838754366981e-26
2.914193484571257200e-26
3.848041155407377661e-26
5.077695382762071363e-26
6.695742769968040273e-26
8.823393146375148186e-26
1.161921583345948725e-25
1.529050714860889584e-25
2.010807076056293356e-25
2.642542137155414607e-25
3.470371707417224126e-25
4.554410535887106575e-25
5.972965610862729743e-25
7.827968265896987065e-25
1.025200582690422461e-24
1.341741700941566598e-24
1.754804796656472251e-24
2.293443591128816261e-24
2.995340491969914053e-24
3.909333700372705998e-24
5.098673751500244446e-24
6.645216860604205376e-24
8.654820472222705283e-24
1.126428040168447023e-23
1.465024323447387957e-23
1.904064767291939891e-23
2.472940119828962944e-23
3.209519247514459435e-23
4.162558637629112536e-23
5.394786123842366714e-23
6.986844446803891715e-23
9.042330493096575124e-23
1.169422963808715179e-22
1.511312503256490069e-22
1.951766329046995153e-22
2.518788633842163263e-22
3.248220104864162981e-22
4.185896229981195199e-22
5.390390205976100937e-22
6.936496041399507354e-22
8.919648097728713295e-22
1.146152437832795200e-21
1.471714496802114585e-21
1.888385740089246359e-21
2.421270143899203411e-21
3.102277181270584734e-21
3.971935515470159630e-21
5.081681440840731447e-21
6.496744002134772606e-21
8.299779414726581496e-21
1.059544566070857432e-20
1.351615577009649033e-20
1.722930756023184045e-20
2.194636127315635771e-20
2.793422803812563774e-20
3.552954560304993855e-20
4.515655850093051679e-20
5.734949410661257083e-20
7.278054170506062925e-20
9.229480831180299958e-20
1.169539542946753246e-19
1.480906182045008367e-19
1.873762411938973269e-19
2.369055184373463231e-19
2.993014642373903071e-19
3.778460109187183562e-19
4.766422080248822665e-19
6.008154950049541781e-19
7.567632449411602206e-19
9.524638886350228393e-19
1.197859512077744080e-18
1.505328978373550358e-18
1.890272481458627351e-18
2.371833143223984384e-18
2.973786998691545258e-18
3.725639693786201651e-18
4.663976709640941796e-18
5.834124242393747428e-18
7.292190387998232421e-18
9.107571463829340852e-18
1.136602668988531528e-17
1.417344670740297821e-17
1.766046831576113817e-17
2.198812029653351414e-17
2.735472438485262000e-17
3.400432267618994691e-17
4.223695960882176415e-17
5.242121502701781422e-17
6.500946695032274924e-17
8.055646121102090864e-17
9.974188322852671632e-17
1.233977685967295039e-16
1.525417582788038544e-16
1.884174062386680984e-16
2.325429884249985587e-16
2.867705493870643686e-16
3.533572649325610073e-16
4.350516061089284932e-16
5.351972730901731689e-16
6.578584409699127557e-16
8.079705389994013275e-16
9.915215891542145928e-16
1.215770080841406948e-15
1.489506481432947949e-15
1.823366806600632371e-15
2.230208234337867161e-15
2.725558581733174659e-15
3.328153619859400131e-15
4.060578732551977293e-15
4.950034390470884180e-15
6.029248383012885609e-15
7.337561808242904362e-15
8.922220557849670045e-15
1.083990955643811783e-14
1.315857344388699903e-14
1.595957486462625567e-14
1.934025020663806436e-14
2.341693269543163981e-14
2.832852439799874652e-14
3.424071215992061437e-14
4.135093804612550821e-14
4.989425277683639999e-14
6.015020127604839028e-14
7.245091315225939660e-14
8.719059812689642870e-14
1.048366775798575694e-13
1.259428190130962978e-13
1.511641809184451437e-13
1.812752219140979956e-13
2.171904807925573897e-13
2.599887940794820790e-13
3.109414856942292670e-13
3.715451402650985208e-13
4.435596586093447679e-13
5.290523919495135846e-13
6.304492618092307630e-13
7.505938965109206371e-13
8.928159541751051947e-13
1.061009957589694445e-12
1.259726139850267019e-12
1.494274992943157719e-12
1.770847426199408859e-12
2.096652679604280238e-12
2.480076400195213425e-12
2.930861580121511375e-12
3.460315374327568500e-12
4.081545166172880784e-12
4.809727632505694087e-12
5.662414977579912057e-12
6.659882959395130098e-12
7.825525824073254076e-12
9.186303794975058641e-12
1.077324933433541133e-11
1.262203900677992292e-11
1.477363842616989869e-11
1.727502845920184639e-11
2.018002158978050785e-11
2.355017811510086531e-11
2.745583264452467631e-11
3.197724220131272919e-11
3.720586807930919758e-11
4.324580447470380626e-11
5.021536778802312616e-11
5.824886136258311937e-11
6.749853128013103273e-11
7.813672965673074785e-11
9.035830265435422656e-11
1.043832211259037883e-10
1.204594724192012232e-10
1.388662323531211841e-10
1.599173367156775341e-10
1.839650717863272643e-10
2.114043033161908465e-10
2.426769630689597411e-10
2.782769113880494260e-10
3.187551932642942905e-10
3.647257039801546885e-10
4.168712785486632184e-10
4.759502167882780664e-10
5.428032529188183875e-10
6.183609749680160518e-10
7.036516949764564210e-10
7.998097659209259627e-10
9.080843353766830663e-10
1.029848519147357671e-09
1.166608970351258658e-09
1.320015810711456707e-09
1.491872881005837301e-09
1.684148256763378462e-09
1.898984963309032396e-09
2.138711811159162053e-09
2.405854258554885974e-09
2.703145192610297457e-09
3.033535504207456319e-09
3.400204314443972288e-09
3.806568692250433958e-09
4.256292683862080160e-09
4.753295455331438278e-09
5.301758329399874992e-09
5.906130478056430606e-09
6.571133012299537082e-09
7.301761191294077693e-09
8.103284454683083382e-09
8.981243964676621266e-09
9.941447329205675963e-09
1.098996016436038070e-08
1.213309414415676597e-08
1.337739117896121722e-08
1.472960336126253255e-08
1.619666831966065828e-08
1.778567962955031438e-08
1.950385194274124075e-08
2.135848051893948569e-08
2.335689487015553845e-08
2.550640626555568549e-08
2.781424888948054071e-08
3.028751449994910396e-08
3.293308049942824814e-08
3.575753140426376648e-08
3.876707378420325179e-08
4.196744483905787772e-08
4.536381488536418784e-08
4.896068414203040783e-08
5.276177432941135174e-08
5.676991573053302913e-08
6.098693050525134101e-08
6.541351319625324535e-08
7.004910951897975274e-08
7.489179468300079547e-08
7.993815264864979049e-08
8.518315787647234787e-08
9.062006127575915601e-08
9.624028219895580771e-08
1.020333084570624493e-07
1.079866064444249786e-07
1.140855435543320467e-07
1.203133251373320866e-07
1.266509482958601219e-07
1.330771748196289866e-07
1.395685255407257642e-07
1.460992983221589354e-07
1.526416117855990932e-07
1.591654767291746810e-07
1.656388969825513218e-07
1.720280011922998657e-07
1.782972067232274927e-07
1.844094165027194216e-07
1.903262492239086694e-07
1.960083028626755821e-07
2.014154509560101931e-07
2.065071705387281138e-07
2.112429000487266181e-07
2.155824248944963133e-07
2.194862877400607788e-07
2.229162199143238215e-07
2.258355897017818608e-07
2.282098626351638342e-07
2.300070682998846147e-07
2.311982675888908082e-07
2.317580138323212263e-07
2.316648007815416230e-07
2.309014900696157733e-07
2.294557105149493594e-07
2.273202214948660898e-07
2.244932326078278966e-07
2.209786719759367313e-07
2.167863958258400472e-07
2.119323324328638873e-07
2.064385541262345741e-07
2.003332718329456528e-07
1.936507475848341368e-07
1.864311215202171157e-07
1.787201511692529258e-07
1.705688622079061949e-07
1.620331113784039602e-07
1.531730638847205216e-07
1.440525892509148669e-07
1.347385813474812526e-07
1.253002100139143271e-07
1.158081133941471547e-07
1.063335417183594513e-07
9.694746476772177511e-08
8.771965660549985148e-08
7.871777230871521040e-08
7.000643234818443750e-08
6.164633090413875801e-08
5.369338473717381931e-08
4.619793923020792952e-08
3.920404785570032103e-08
3.274884058755555384e-08
2.686199566290777166e-08
2.156532760754759965e-08
1.687250258231148231e-08
1.278888990889111216e-08
9.311556124733105683e-09
6.429405141108641526e-09
4.123465088888134712e-09
2.367319294810418798e-09
1.127675607129468274e-09
3.650650599169739471e-10
3.465771154033768250e-11
8.718049929622166227e-11
4.699192041667694313e-10
1.127784200651304336e-09
2.004417656060753658e-09
3.043318314125629801e-09
4.188959012550684534e-09
5.387871694688997181e-09
6.589674919166658598e-09
7.748019769315960820e-09
8.821431620185119699e-09
9.774027419287614366e-09
1.057609094313417584e-08
1.120449185034772958e-08
1.164293818995072890e-08
1.188205624869365915e-08
1.191929612622515332e-08
1.175866609036631450e-08
1.141030345509970335e-08
1.088989430269550001e-08
1.021795869782802817e-08
9.419021976316064018e-09
8.520696101656753173e-09
7.552697847378512771e-09
6.545832576652003265e-09
5.530973567144636590e-09
4.538067107107616137e-09
3.595192933788089635e-09
2.727707992817611489e-09
1.957498993625342540e-09
1.302365879439750955e-09
7.755542102627355300e-10
3.854496919486863167e-10
1.354428190826776636e-10
2.396600100857527240e-11
4.469979355510719742e-11
1.869391594595328113e-10
4.361052284513157055e-10
7.743830210273672945e-10
1.181461225646938526e-09
1.635346547408683312e-09
2.113222522710093832e-09
2.592321133349976705e-09
3.050775132918982350e-09
3.468419755114572111e-09
3.827514401000804486e-09
4.113357948292708437e-09
4.314775393885105833e-09
4.424458492099083648e-09
4.439148708248102767e-09
4.359656960397658312e-09
4.190721036840817598e-09
3.940708001818623491e-09
3.621175079725152391e-09
3.246308184872404301e-09
2.832262200774181680e-09
2.396431095891910166e-09
1.956678812907027603e-09
1.530563450328837794e-09
1.134587483964050553e-09
7.835056225730716947e-10
4.897193868253285915e-10
2.627837325676947833e-10
1.090461544340791860e-10
3.143290213828565387e-11
2.939046227289381485e-11
9.898358107764367933e-11
2.331441298982651874e-10
4.220583568308568054e-10
6.536738336532786187e-10
9.143019870455363724e-10
1.189287755930400927e-09
1.463714856470052689e-09
1.723113520847809074e-09
1.954137498642877923e-09
2.145178592670324673e-09
2.286889993115636892e-09
2.372594050039908592e-09
2.398555691299982646e-09
2.364109195890898593e-09
2.271633166666754333e-09
2.126375969992584626e-09
1.936141261339567845e-09
1.710850130629731878e-09
1.462002530114524621e-09
1.202065674937376258e-09
9.438207667319261059e-10
6.997014829037888470e-10
4.811580746302525694e-10
2.980795858883737598e-10
1.583036935818784616e-10
6.723911286795986367e-11
2.761963283421397891e-11
3.940193962581985737e-11
9.981180004933273595e-11
2.035353133206905866e-10
3.430442081282521678e-10
5.090369821784874914e-10
6.909714444331372299e-10
8.776592740123337582e-10
1.057889836963390673e-09
1.221048903770141681e-09
1.357698192887071659e-09
1.460083832558858708e-09
1.522545783642916135e-09
1.541805797696881412e-09
1.517118302776702116e-09
1.450276342582334532e-09
1.345472913513063405e-09
1.209026285390665415e-09
1.048985683329491406e-09
8.746405976130851179e-10
6.959625680645020215e-10
5.230122220745315471e-10
3.653463852496682452e-10
2.314600922343073833e-10
1.282962821437684089e-10
6.085196909263163459e-11
3.190395203384049637e-11
4.186999489534109281e-11
8.881328241665928462e-11
1.685893196296083526e-10
2.751258119720900958e-10
4.008179639218948207e-10
5.370145670213063585e-10
6.745646570642496399e-10
8.043907639512689311e-10
9.180531064461824327e-10
1.008269621529148452e-09
1.069359451551007228e-09
1.097582291075732375e-09
1.091352537201277311e-09
1.051315094668019553e-09
9.802784703153279273e-10
8.830098978747802765e-10
7.659060829284285485e-10
6.365611770755944572e-10
5.032602539065410311e-10
3.744314222235418640e-10
2.580924405865502540e-10
1.613280935047973647e-10
8.983260605768665197e-11
4.754711950645822028e-11
3.641598663735626352e-11
5.627777042816762986e-11
1.048978543233278502e-10
1.781400885801862561e-10
2.702655384202764948e-10
3.743377994363622776e-10
4.827070939718293519e-10
5.875399647867348148e-10
6.813582247539372030e-10
7.575501402161647708e-10
8.108186899658233313e-10
8.375360453643522206e-10
8.359798829183522670e-10
8.064353375304056303e-10
7.511557748815190091e-10
6.741854578850298328e-10
5.810569124767767032e-10
4.783846729616838660e-10
3.733844695285691050e-10
2.733522716876244032e-10
1.851405210849698312e-10
1.146691448113516586e-10
6.650649419712290799e-11
4.355035737113420163e-11
4.683198662311536624e-11
7.545716902468891578e-11
1.266883867127123250e-10
1.961617838135267036e-10
2.782227365333421993e-10
3.663550468645540917e-10
4.536718081499372448e-10
5.334313558069240194e-10
5.995397843470352602e-10
6.470024500657180464e-10
6.722906415739672508e-10
6.735959284244974136e-10
6.509531352607590902e-10
6.062228135141578298e-10
5.429347525096897291e-10
4.660046789917936054e-10
3.813460258940615316e-10
2.954067526694868003e-10
2.146670325020574403e-10
1.451367160500241547e-10
9.189157386963341072e-11
5.868437781196189594e-11
4.766110958337927985e-11
5.920441058533115999e-11
9.191643317615158179e-11
1.427422892890915198e-10
2.072241764196897711e-10
2.798658738888558463e-10
3.545784766005754184e-10
4.251716869374828671e-10
4.858512611675463690e-10
5.316826276326284213e-10
5.589833329509194934e-10
5.656126431986890735e-10
5.511348950985743148e-10
5.168434070748511644e-10
4.656431046960654956e-10
4.018015708624994278e-10
3.305890515847402764e-10
2.578371366487827890e-10
1.894526186799903122e-10
1.309268323457183669e-10
8.688124728804449451e-11
6.068716681466581408e-11
5.419128511210965054e-11
6.757006327782809581e-11
9.932511513178769343e-11
1.464199386226488322e-10
2.045463806429010684e-10
2.684981941650009040e-10
3.326198821148463319e-10
3.912925191786371111e-10
4.394149791252944396e-10
4.728392781890541993e-10
4.887225800023667283e-10
4.857654935944861978e-10
4.643160476547537846e-10
4.263303183275380404e-10
3.751931315395052934e-10
3.154144762805600426e-10
2.522281822139020451e-10
1.911280652489251204e-10
1.373823484341054516e-10
9.556920286112363687e-11
6.917451383189350597e-11
6.028758348644789641e-11
6.942188087519396612e-11
9.547688342565357866e-11
1.358444880401702418e-10
1.866505190344022531e-10
2.431096843771142258e-10
2.999620348631660083e-10
3.519515094693274635e-10
3.943032052843073338e-10
4.231559807944437977e-10
4.359109235754372339e-10
4.314637636561831057e-10
4.102998324077562799e-10
3.744427141638009459e-10
3.272611769612888943e-10
2.731520677847148846e-10
2.171284017196150847e-10
1.643507793278980368e-10
1.196456810094478273e-10
8.705557549832650007e-11
6.946297643581738347e-11
6.832381142182600002e-11
8.353533243714343087e-11
1.134512192634246026e-10
1.550426738080046275e-10
2.041904726696813744e-10
2.560804501496310249e-10
3.056649249359820889e-10
3.481461334170970786e-10
3.794354399077207534e-10
3.965442167757461203e-10
3.978686626272172038e-10
3.833408797687956083e-10
3.544313272398065690e-10
3.140020902267581808e-10
2.660248858214572192e-10
2.151909524373326282e-10
1.664506448353002315e-10
1.245276114210257610e-10
9.345513978278346203e-11
7.618031262086128345e-11
7.427516557769078574e-11
8.778367342463686413e-11
1.152200981159553760e-10
1.537192997986035412e-10
1.993245069555775451e-10
2.473842664703406318e-10
2.930192362745401450e-10
3.316122756645432628e-10
3.592726924862117690e-10
3.732278298275436096e-10
3.721022336228196738e-10
3.560557727339345308e-10
3.267662005260106947e-10
2.872573513064878663e-10
2.415898768535434748e-10
1.944455474729599082e-10
1.506472106360517657e-10
1.146633534991803368e-10
9.014810590862688847e-11
7.956420032582494623e-11
8.392816014303064204e-11
1.027046154859697600e-10
1.338613805227323279e-10
1.740803188833839914e-10
2.191027846035421519e-10
2.641742496601043922e-10
3.045421178594776889e-10
3.359548284071211681e-10
3.551098422166280831e-10
3.600030952039820999e-10
3.501425336578583185e-10
3.266024179482565716e-10
2.919117528178888992e-10
2.497877402877763274e-10
2.047417045036187412e-10
1.615987344995275694e-10
1.249818281157242346e-10
9.881552822913937384e-11
8.590240618974088753e-11
8.761837056071062689e-11
1.037603836029562666e-10
1.325640251790457470e-10
1.708901480492013996e-10
2.145615603148292087e-10
2.588142310759040855e-10
2.988147516907742218e-10
3.301881322644212141e-10
3.494983709073653404e-10
3.546288596835059461e-10
3.450201624549547050e-10
3.217379463667379260e-10
2.873622603643959779e-10
2.457089488007687977e-10
2.014126224059269760e-10
1.594162126402142337e-10
1.244229410446473643e-10
1.003712789584190199e-10
8.999154388194973672e-11
9.449429765447351474e-11
1.134265312760101859e-10
1.447132435533977900e-10
1.848814411194446062e-10
2.294430800145869478e-10
2.733953369649042231e-10
3.117829154243501594e-10
3.402594645944836658e-10
3.555845693070205655e-10
3.559993299579256386e-10
3.414366591959025572e-10
3.135406879612107806e-10
2.754911002987971133e-10
2.316504132536436859e-10
1.870726651757247116e-10
1.469283100154024362e-10
1.159104027115770196e-10
9.769012689288039801e-11
9.448490410282451499e-11
1.067901626940881343e-10
1.333076174506813084e-10
1.710806231128522734e-10
2.158233267387458850e-10
2.624076899184005190e-10
3.054536291360974321e-10
3.399547815521117683e-10
3.618673280538655576e-10
3.685926161168520585e-10
3.592957775252967323e-10
3.350209297267412505e-10
2.985868498047303458e-10
2.542725683658377646e-10
2.073271841362130458e-10
1.633594121039096677e-10
1.276773855483486794e-10
1.046561542391970650e-10
9.720819608055308265e-11
1.064211772170209087e-10
1.314083092394263052e-10
1.693920630129353773e-10
2.160145271602762942e-10
2.658405642312437418e-10
3.129963615277641507e-10
3.518688759958247989e-10
3.777831986463905292e-10
3.875761896555541915e-10
3.799958852858916132e-10
3.558759982719952285e-10
3.180611036182245615e-10
2.710877801815630707e-10
2.206565495226531220e-10
1.729553420719112591e-10
1.339142240976266621e-10
1.084808000327181400e-10
1.000047078657526780e-10
1.098078612817865005e-10
1.369957805774547716e-10
1.785369018405607235e-10
2.296044896166807378e-10
2.841435669467428662e-10
3.355970596569526829e-10
3.777046653038200235e-10
4.052774910491991528e-10
4.148527519238354901e-10
4.051458673310752824e-10
3.772407749344816821e-10
3.344905170627882376e-10
2.821354501032934211e-10
2.266815033654222943e-10
1.751114250264985164e-10
1.340240226841081465e-10
1.088071186868076108e-10
1.029477259451164853e-10
1.175678097284776829e-10
1.512475466042955943e-10
2.001632803629625264e-10
2.585285641975068546e-10
3.192885316925940377e-10
3.749851456889404803e-10
4.186878480857426236e-10
4.448738744451110943e-10
4.501465709460840145e-10
4.336982587882541407e-10
3.974545494874636003e-10
3.458759632033122329e-10
2.854355148599400478e-10
2.238322845309661925e-10
1.690356152123772011e-10
1.282779470756705917e-10
1.071231882852325993e-10
1.087304854366400667e-10
1.334108288185050593e-10
1.785386164061020346e-10
2.388363136293362357e-10
3.070030974177592423e-10
3.746138220924561052e-10
4.331785475427268146e-10
4.752300398705454009e-10
4.953003193187586711e-10
4.906586814385125309e-10
4.617116033282864548e-10
4.120063544325404547e-10
3.478299406400845267e-10
2.774470000085257335e-10
2.100677828526154120e-10
1.546741489711793003e-10
1.188525943921334416e-10
1.077855833829404597e-10
1.235351747742348625e-10
1.647178773368211050e-10
2.266209796105515144e-10
3.017542808493758399e-10
3.807743481693275645e-10
4.536685266448306477e-10
5.110496026521701573e-10
5.453943304199196550e-10
5.520627326176296085e-10
5.299602040554421290e-10
4.817482087733003583e-10
4.135664745581548201e-10
3.342928854141751953e-10
2.544285864549706547e-10
1.847470398513762773e-10
1.348799198068924721e-10
1.120248978468426514e-10
1.199484098789559046e-10
1.584214065801340799e-10
2.231719427397380703e-10
3.063719562484947907e-10
3.976052273347715761e-10
4.851985238325201629e-10
5.577470814476082396e-10
6.056359394558870013e-10
6.223547118213155534e-10
6.054262776722711773e-10
5.568172348518281025e-10
4.827640646721541079e-10
3.930254474160608370e-10
2.996480851532956380e-10
2.154004570850043104e-10
1.520769313277503350e-10
1.188966812028163251e-10
1.212143029411773480e-10
1.597221813865394105e-10
2.302627199011061195e-10
3.242892421119197478e-10
4.299279272940738044e-10
5.335110276587056930e-10
6.213850180375240329e-10
6.817556284423102397e-10
7.063211690947289238e-10
6.914683882579818822e-10
6.388590567946047690e-10
5.553140266283045801e-10
4.519946303889919245e-10
3.429767041245592848e-10
2.433973158354569054e-10
1.674166659048491587e-10
1.262685269391729150e-10
1.266669968448886737e-10
1.697950816358421257e-10
2.510265348988614355e-10
3.604357686905142303e-10
4.840441518692948996e-10
6.056489520090473264e-10
7.089976537849035568e-10
7.800173313650209512e-10
8.087942322868555540e-10
7.910257336874053321e-10
7.287327180109137746e-10
6.301171204616576514e-10
5.085644016460262493e-10
3.809086124761709977e-10
2.651823490329032167e-10
1.781504451985234165e-10
1.329634071580806074e-10
1.372581900451441590e-10
1.919799281849721409e-10
2.911049507260559565e-10
4.223247571005060841e-10
5.686186292835268052e-10
7.105172666759601101e-10
8.287588477611260558e-10
9.069769467530116567e-10
9.340464242020430512e-10
9.057519054023951480e-10
8.255297517638160022e-10
7.041577262299338963e-10
5.584105932798738852e-10
4.088450712841232993e-10
2.770035682361186716e-10
1.824148101241657984e-10
1.398073828595732969e-10
1.569326813953671921e-10
2.333180081001222150e-10
3.601477416131633969e-10
5.213166388774984749e-10
6.955352816339024883e-10
8.592162913021627880e-10
9.897529130705535323e-10
1.068736360023116690e-09
1.084655517915144365e-09
1.034684315212177699e-09
9.252812609937277030e-10
7.714870071262176034e-10
5.949875584596535430e-10
4.211876911982748955e-10
2.756859844443776214e-10
1.806379342188818054e-10
1.515219740859175695e-10
1.947790229927009420e-10
3.066837436039824324e-10
4.736391983629140114e-10
6.738883235015927399e-10
8.804330537111045304e-10
1.064773862414162254e-09
1.200955080110985470e-09
1.269344245106828382e-09
1.259597040092649316e-09
1.172361944350715903e-09
1.019448047325783426e-09
8.223930485101600674e-10
6.095968347663040114e-10
4.123967406657147477e-10
2.606228373322055860e-10
1.782606446101361459e-10
1.798496482378867608e-10
2.681563376830466460e-10
4.334905837324821853e-10
6.548063618426519901e-10
9.024734255890598638e-10
1.142361618962920396e-09
1.340679825394962729e-09
1.468887298030978493e-09
1.507966442539250483e-09
1.451419883339988659e-09
1.306523006271770132e-09
1.093604331056420363e-09
8.434069947160850817e-10
5.928655479067564588e-10
3.798722469130267284e-10
2.377699105361428104e-10
1.903682417951683836e-10
2.482256160657612541e-10
4.067734591133394034e-10
6.466064485432532665e-10
9.359534786499660207e-10
1.235025222332229358e-09
1.501650662191699119e-09
1.697409746174742917e-09
1.793374725480018946e-09
1.774605842142249942e-09
1.642706676336257114e-09
1.416010822562612038e-09
1.127308530535347958e-09
8.193819376624329552e-10
5.389481437297655210e-10
3.298610085572750933e-10
2.265557397431169287e-10
2.487119385529348071e-10
3.979578792340040300e-10
6.571597797747531207e-10
9.924722714356227898e-10
1.357922022668679357e-09
1.701914358451769101e-09
1.974750073298985429e-09
2.136063743281138331e-09
2.161075590980248055e-09
2.044693870491323748e-09
1.802797157602303654e-09
1.470426737227404131e-09
1.097072022526046553e-09
7.396706991327311197e-10
4.543042043740872051e-10
2.877922566236323040e-10
2.704400263703565233e-10
4.110554985538601816e-10
6.950473270201996033e-10
1.085975808039366628e-09
1.530423071688783314e-09
1.965547007929517109e-09
2.328262167058007590e-09
2.564715567011942101e-09
2.638641814790015465e-09
2.537308647360399439e-09
2.274088349116769881e-09
1.887169814427915179e-09
1.434492939986353528e-09
9.855588749303163506e-10
6.112603898324558044e-10
3.732097101778956309e-10
3.141614072155535695e-10
4.510105327864575791e-10
7.715014154378212901e-10
1.235255390168041815e-09
1.779090228062262513e-09
2.325952958811138976e-09
2.796219279632886682e-09
3.119715615407137951e-09
3.246659823214480170e-09
3.155825368822322388e-09
2.858603603855976813e-09
2.398221698182554059e-09
1.844088032010841639e-09
1.281977974014561464e-09
8.014289976275420722e-10
4.821823229604514731e-10
3.817112545463154482e-10
5.257745337501262410e-10
9.035319530415106275e-10
1.468110663913296821e-09
2.142705083183167538e-09
2.831449083321816528e-09
3.433544127834753115e-09
3.858579707771154269e-09
4.040733558109110306e-09
3.949636728230317527e-09
3.596129208344108972e-09
3.031859300504196462e-09
2.342592164734292114e-09
1.636056015283267965e-09
1.026021955741436996e-09
6.149487707565451082e-10
4.778215046544368145e-10
6.497150847044144846e-10
1.119123186708572554e-09
1.828270281411646934e-09
2.680586856257244526e-09
3.554426986371826736e-09
4.321111576666748117e-09
4.864647220758305182e-09
5.100122194979768320e-09
4.987884888128902165e-09
4.541165635552700619e-09
3.825740193074861000e-09
2.951420069534269429e-09
2.056416358663115384e-09
1.286766497197302203e-09
7.738559380242826863e-10
6.134675629757220141e-10
8.496727691957294545e-10
1.466239495559691516e-09
2.387154772861296241e-09
3.486494678519775375e-09
4.606425066157303869e-09
5.580804940770054366e-09
6.260900351127562430e-09
6.539263194739794088e-09
6.367975786969696854e-09
5.768207518294665004e-09
4.829279925297203587e-09
3.697014190283369835e-09
2.552805781617060153e-09
1.586376614901506542e-09
9.662538288757152904e-10
8.125286798265264720e-10
1.176257816595706381e-09
2.028986135965006986e-09
3.264408006056843180e-09
4.712349561576261180e-09
6.163323024953373798e-09
7.400174503911160038e-09
8.232099190895528114e-09
8.525747159214582925e-09
8.228402584976529242e-09
7.379279691787846921e-09
6.106704001551869875e-09
4.611091460495987356e-09
3.135878847944045665e-09
1.930546671529921798e-09
1.211286609412018159e-09
1.125453717799076603e-09
1.725583410954134062e-09
2.957463786839179893e-09
4.664702057984968906e-09
6.609703872554550978e-09
8.508376473860394564e-09
1.007358071213643209e-08
1.106076847187748829e-08
1.130863161391307425e-08
1.076809305886778802e-08
9.514555938499816535e-09
7.740785597883311760e-09
5.730777007389126047e-09
3.818004834766039387e-09
2.334083314474287689e-09
1.555641975843831991e-09
1.657831958703179836e-09
2.682169439959913629e-09
4.524454485614917844e-09
6.945535560353114777e-09
9.604152790435769076e-09
1.210752720986548186e-08
1.407233711687504380e-08
1.518674354867265544e-08
1.526355702833017295e-08
1.427563019351841570e-08
1.236702568210886495e-08
9.837116146950208713e-09
7.098996236439972833e-09
4.617775240662334316e-09
2.837800394384716243e-09
2.110043909951889656e-09
2.631362308947409002e-09
4.405950384232226702e-09
7.236201785592996975e-09
1.074577469600077039e-08
1.443259424390531154e-08
1.774458845686820941e-08
2.016695260729928919e-08
2.130735627995314839e-08
2.096520852918247351e-08
1.917302583089029961e-08
1.620189982803060944e-08
1.252849573502308251e-08
8.767121160596398476e-09
5.576234373751374623e-09
3.553354564638311870e-09
3.134891054845896627e-09
4.517410255831224714e-09
7.614182334622221676e-09
1.205579497077711985e-08
1.723689016067774827e-08
2.240367945889581914e-08
2.676999047279641800e-08
2.964433863470637367e-08
3.054784108663222921e-08
2.930326108983588580e-08
2.607917704809856901e-08
2.137977450225758380e-08
1.597914927116915242e-08
1.080801769095924570e-08
6.808920524560836431e-09
4.782002161311131662e-09
5.246151592947904586e-09
8.339088876053905079e-09
1.377485643658498236e-08
2.086875345764885785e-08
2.862923060954582493e-08
3.590524706809854280e-08
4.156785725648113584e-08
4.469800569338324774e-08
4.474994103916916400e-08
4.166197247868521554e-08
3.589337918707502927e-08
2.837725502657739098e-08
2.039234651050874851e-08
1.337047414333253686e-08
8.667706197511611664e-09
7.335061907733480174e-09
9.926673467259678800e-09
1.637935713634912221e-08
2.598772505068171267e-08
3.748458091580821715e-08
4.921948347042283286e-08
5.941166461476079171e-08
6.643972189696826432e-08
6.912212230724789493e-08
6.694127437216714434e-08
6.017040117657905359e-08
4.987609069107221668e-08
3.778840205471193897e-08
2.605195609437390941e-08
1.689212240857235323e-08
1.224674405905302764e-08
1.342281980536015117e-08
2.083722167243622716e-08
3.389030866163171552e-08
5.100225545574316651e-08
6.981663512211662937e-08
8.754807606394586090e-08
1.014251183236777733e-07
1.091601527018350374e-07
1.093691961047010026e-07
1.018674614739187982e-07
8.778253782436342128e-08
6.945372824774703925e-08
5.011997650521379443e-08
3.343465519879073198e-08
2.287739453391138954e-08
2.115543395230787861e-08
2.969520853645031340e-08
4.831660171786775195e-08
7.515766678838275460e-08
1.068795736199402785e-07
1.391354995666189761e-07
1.672403614301978364e-07
1.869386015661720280e-07
1.951420693627859849e-07
1.905049332272867787e-07
1.737201881012869460e-07
1.474618133232044367e-07
1.159534432623471059e-07
8.421081616188616083e-08
5.707141928088274924e-08
3.818017715247886291e-08
2.913535082647795395e-08
2.900740508828996608e-08
3.442293296442532933e-08
4.035814128238467619e-08
4.171912549846791909e-08
3.571055248136806035e-08
2.492445339782799012e-08
2.103137009040153386e-08
4.894051479882865814e-08
1.513241034629653808e-07
3.934793313622443424e-07
8.686304009236413451e-07
1.703949076796104077e-06
3.067789061936964240e-06
5.178879904687192356e-06
8.318504412041587172e-06
1.284698699827610187e-05
1.922614997935095853e-05
2.804975384167981942e-05
4.008432834398704080e-05
5.632322002121178305e-05
7.805711102325256403e-05
1.069646660368339897e-04
1.452272721104330873e-04
1.956719516463662465e-04
2.619463194774793451e-04
3.487287604982264311e-04
4.619756483563701053e-04
6.092052351029188283e-04
7.998146728068059649e-04
1.045422398145725434e-03
1.360222831489300713e-03
1.761334151001099028e-03
2.269113089928702191e-03
2.907403728265086067e-03
3.703680730345977699e-03
4.689042183926692489e-03
5.898003991563293899e-03
7.368047556256788859e-03
9.138876147792532323e-03
1.125134354637667353e-02
1.374603179898275379e-02
1.666147330396348242e-02
2.003203563760507996e-02
2.388551473355896362e-02
2.824051188598462533e-02
3.310370073923313977e-02
3.846711970078782461e-02
4.430565052644871993e-02
5.057486251371255681e-02
5.720941122851386229e-02
6.412217873460504536e-02
7.120432721017296018e-02
7.832640872374145580e-02
8.534063086853538316e-02
9.208432207575056871e-02
9.838457402683047082e-02
1.040639650278287753e-01
1.089471917961968850e-01
1.128683628404624217e-01
1.156786398631170637e-01
1.172538597600269461e-01
1.175017337807777174e-01
1.163682063722836502e-01
1.138425670509944088e-01
1.099609456981792271e-01
1.048078845539200665e-01
9.851576665440137104e-02
9.126198646344763077e-02
8.326386832322690834e-02
7.477146512381500909e-02
6.605849544225891878e-02
5.741179417134730650e-02
4.911975143064809673e-02
4.146029023113511486e-02
3.468897921132788054e-02
2.902788884951691337e-02
2.465577609801817074e-02
2.170012391865150381e-02
2.023147159680801360e-02
2.026035402402330543e-02
2.173703027191815559e-02
2.455403203712795690e-02
2.855141005504995000e-02
3.352441070659161609e-02
3.923318469268174263e-02
4.541402270561906152e-02
5.179153580026121112e-02
5.809115500423459727e-02
6.405131771043301447e-02
6.943473733552350813e-02
7.403821510198201061e-02
7.770054405824750043e-02
8.030816935504309084e-02
8.179839788871060002e-02
8.216008656185200265e-02
8.143187333030744990e-02
7.969814105744268962e-02
7.708301404862542838e-02
7.374277537548146189e-02
6.985715571761570708e-02
6.561997922507643854e-02
6.122965843103825301e-02
5.688000984327318960e-02
5.275181736892737422e-02
4.900550627860793262e-02
4.577521098804087502e-02
4.316443103890616612e-02
4.124337693583630948e-02
4.004801635433428292e-02
3.958074654029326844e-02
3.981254454669549275e-02
4.068638639825665482e-02
4.212168137727481665e-02
4.401943933995888791e-02
4.626787723213478254e-02
4.874817479453250751e-02
5.134010709608140960e-02
5.392731070919470210e-02
5.640197838015181125e-02
5.866882112049511683e-02
6.064818393848679656e-02
6.227824930288933247e-02
6.351630854180845276e-02
6.433912376934239341e-02
6.474244008087050306e-02
6.473973859551999943e-02
6.436034482308752858e-02
6.364702356661258720e-02
6.265320126376529297e-02
6.143995972735760702e-02
6.007294229113550182e-02
5.861930517532969176e-02
5.714483432138249552e-02
5.571133191074694596e-02
5.437435818227834977e-02
5.318139387068506613e-02
5.217046743020600785e-02
5.136926994865145812e-02
5.079475999727562502e-02
5.045324123427465807e-02
5.034087794791141518e-02
5.044459838244643585e-02
5.074332305407659727e-02
5.120944567049352802e-02
5.181048795995108619e-02
5.251084683402588299e-02
5.327355287796437661e-02
5.406196308474108675e-02
5.484131779472763840e-02
5.558010161313778341e-02
5.625116017013925135e-02
5.683253837398969527e-02
5.730802061175607059e-02
5.766736844779814242e-02
5.790626601349496000e-02
5.802599675313180327e-02
5.803288683657494007e-02
5.793755982046288472e-02
5.775405362611139848e-02
5.749885435876263273e-02
5.718990185358730632e-02
5.684561921639200155e-02
5.648401332240419320e-02
5.612188568823162776e-02
5.577418390394214137e-02
5.545351354833678859e-02
5.516981989015567328e-02
5.493023836890396222e-02
5.473910346259543841e-02
5.459809760188330530e-02
5.450651567014624249e-02
5.446161657960585378e-02
5.445903152130844582e-02
5.449319868626502361e-02
5.455779634269819489e-02
5.464614981266276844e-02
5.475159271983350701e-02
5.486776843098018636e-02
5.498886342764855439e-02
5.510976998681011568e-02
5.522618063904463637e-02
5.533462110768404968e-02
5.543243160381956108e-02
5.551770835296534340e-02
5.558921805215483875e-02
5.564629768477630939e-02
5.568875091328601840e-02
5.571675034111838593e-02
5.573075253149712555e-02
5.573143004911172010e-02
5.571962219582796139e-02
5.569630375875445766e-02
5.566256914897469571e-02
5.561962789969308180e-02
5.556880667390719231e-02
5.551155270850662016e-02
5.544943394796470609e-02
5.538413190917144263e-02
5.531742445218502252e-02
5.525115697514150492e-02
5.518720196617489526e-02
5.512740819906508660e-02
5.507354203787528935e-02
5.502722422927860957e-02
5.498986614957260960e-02
5.496260970817146152e-02
5.494627499325095005e-02
5.494131930866952285e-02
5.494781054759902139e-02
5.496541694728109689e-02
5.499341425026170460e-02
5.503071024201001971e-02
5.507588562041797198e-02
5.512724924689345329e-02
5.518290508502839836e-02
5.524082758774286755e-02
5.529894196602863632e-02
5.535520566319711983e-02
5.540768745360543507e-02
5.545464085745194921e-02
5.549456897787372056e-02
5.552627838306745806e-02
5.554892023362029835e-02
5.556201745564242483e-02
5.556547735128818805e-02
5.555958959489758209e-02
5.554501006861672224e-02
5.552273143722855075e-02
5.549404174606720197e-02
5.546047265125232661e-02
5.542373916361296310e-02
5.538567301245528318e-02
5.534815191685295982e-02
5.531302719113381783e-02
5.528205220426906513e-02
5.525681425231126348e-02
5.523867237792046136e-02
5.522870356863970875e-02
5.522765957355300209e-02
5.523593628664823230e-02
5.525355725001861174e-02
5.528017233346319698e-02
5.531507205996281235e-02
5.535721738877173032e-02
5.540528406783747084e-02
5.545771996044956964e-02
5.551281307784707714e-02
5.556876745234136383e-02
5.562378350537040134e-02
5.567613923801658510e-02
5.572426842617051596e-02
5.576683205638734153e-02
5.580277949680306770e-02
5.583139635221424230e-02
5.585233658245285226e-02
5.586563723552862709e-02
5.587171501901313370e-02
5.587134485536954936e-02
5.586562148653742566e-02
5.585590605740838738e-02
5.584376036782621316e-02
5.583087209618792235e-02
5.581897473166435447e-02
5.580976618472220652e-02
5.580483006736478707e-02
5.580556344797392432e-02
5.581311450515302058e-02
5.582833295523192269e-02
5.585173544228482639e-02
5.588348729707171697e-02
5.592340123548051461e-02
5.597095272233203883e-02
5.602531091621854725e-02
5.608538337541034424e-02
5.614987207861251578e-02
5.621733782554728942e-02
5.628626975116311076e-02
5.635515652539376669e-02
5.642255582066046243e-02
5.648715880599973482e-02
5.654784675602270161e-02
5.660373732399040514e-02
5.665421859437189123e-02
5.669896967021848672e-02
5.673796723071194981e-02
5.677147817956711834e-02
5.680003916168264999e-02
5.682442432221235240e-02
5.684560319180093774e-02
5.686469098227074637e-02
5.688289385299520606e-02
5.690145185098994390e-02
5.692158223586340354e-02
5.694442577956705664e-02
5.697099839200978066e-02
5.700215008397384320e-02
5.703853285952840274e-02
5.708057865514837986e-02
5.712848793733669994e-02
5.718222905997462358e-02
5.724154799098182117e-02
5.730598756674484817e-02
5.737491504068545356e-02
5.744755637381842445e-02
5.752303548057145777e-02
5.760041649854490825e-02
5.767874709799528793e-02
5.775710088341194648e-02
5.783461705971847805e-02
5.791053573035600394e-02
5.798422745214711765e-02
5.805521597876492357e-02
5.812319346570781614e-02
5.818802776903213986e-02
5.824976183156582027e-02
5.830860549820724575e-02
5.836492042148342524e-02
5.841919899665851124e-02
5.847203849136062281e-02
5.852411169950422903e-02
5.857613554781945786e-02
5.862883911332488623e-02
5.868293247273956986e-02
5.873907770443505955e-02
5.879786320743102257e-02
5.885978229997123473e-02
5.892521682420950868e-02
5.899442622647922685e-02
5.906754231805710909e-02
5.914456966236612823e-02
5.922539129329917190e-02
5.930977925612366392e-02
5.939740928539921638e-02
5.948787879911248550e-02
5.958072729781128257e-02
5.967545821230493819e-02
5.977156124162864848e-02
5.986853426062829081e-02
5.996590394843507449e-02
6.006324438908416247e-02
6.016019301690717774e-02
6.025646341544792922e-02
6.035185462317867178e-02
6.044625674651612351e-02
6.053965282551119348e-02
6.063211703587918777e-02
6.072380943918520568e-02
6.081496760804743634e-02
6.090589555276841593e-02
6.099695045773916025e-02
6.108852779863474525e-02
6.118104545336463390e-02
6.127492743994632923e-02
6.137058791226995824e-02
6.146841602008709660e-02
6.156876219305285752e-02
6.167192634170039905e-02
6.177814838307437578e-02
6.188760139851894049e-02
6.200038761973043766e-02
6.211653732126935085e-02
6.223601057829749456e-02
6.235870173265989358e-02
6.248444630368133607e-02
6.261302998695972288e-02
6.274419930905156262e-02
6.287767345137038055e-02
6.301315672488365383e-02
6.315035116909581414e-02
6.328896876395177784e-02
6.342874278012179678e-02
6.356943784911012196e-02
6.371085840636292463e-02
6.385285524411206393e-02
6.399533000174695285e-02
6.413823751568176190e-02
6.428158604366543405e-02
6.442543546629404816e-02
6.456989364758959626e-02
6.471511120399058015e-02
6.486127498461490004e-02
6.500860060366386861e-02
6.515732438743138122e-02
6.530769510342676609e-02
6.545996582815598319e-02
6.561438628429697162e-02
6.577119593915063678e-02
6.593061810661088318e-02
6.609285523720094535e-02
6.625808551791073642e-02
6.642646083885658803e-02
6.659810612025325594e-02
6.677311993390667999e-02
6.695157630104718594e-02
6.713352750507826927e-02
6.731900772538565447e-02
6.750803727765389284e-02
6.770062723751145428e-02
6.789678422725325957e-02
6.809651515879085182e-02
6.829983174821942227e-02
6.850675464632095812e-02
6.871731706274264440e-02
6.893156779704333326e-02
6.914957362507613559e-02
6.937142102234719609e-02
6.959721723539874505e-02
6.982709073692235091e-02
7.006119111953053313e-02
7.029968849684720134e-02
7.054277248907307729e-02
7.079065087408208112e-02
7.104354798520329251e-02
7.130170293396616288e-02
7.156536773117112837e-02
7.183480537328497395e-02
7.211028795395645064e-02
7.239209485268376099e-02
7.268051104447567634e-02
7.297582556570614276e-02
7.327833016220546003e-02
7.358831813580507530e-02
7.390608339511764435e-02
7.423191970527412420e-02
7.456612012007819701e-02
7.490897656886892630e-02
7.526077956001767100e-02
7.562181795407385554e-02
7.599237875281074361e-02
7.637274684655476209e-02
7.676320466164419931e-02
7.716403165305145417e-02
7.757550359408155183e-02
7.799789162546277854e-02
7.843146103947075398e-02
7.887646979022590321e-02
7.933316673798558594e-02
7.980178965208492570e-02
8.028256301299196984e-02
8.077569566786477195e-02
8.128137840509692957e-02
8.179978152107963973e-02
8.233105245647408255e-02
8.287531357961988587e-02
8.343266019158314395e-02
8.400315882113218446e-02
8.458684586936174310e-02
8.518372665331949700e-02
8.579377488664556572e-02
8.641693262348934534e-02
8.705311068039021938e-02
8.770218953980500609e-02
8.836402072873923708e-02
8.903842865662126016e-02
8.972521288809937046e-02
9.042415081869917270e-02
9.113500071418095816e-02
9.185750506772029367e-02
9.259139422269971331e-02
9.333639020289714872e-02
9.409221068618588146e-02
9.485857305281025775e-02
9.563519843494769357e-02
9.642181569104885108e-02
9.721816522649275039e-02
9.802400258183968651e-02
9.883910171151688573e-02
9.966325787926585966e-02
1.004962901022852795e-01
1.013380430834301404e-01
1.021883885800979469e-01
1.030472261691794678e-01
1.039144833793220063e-01
1.047901151744678322e-01
1.056741027856790416e-01
1.065664519013355266e-01
1.074671902385467004e-01
1.083763645306230483e-01
1.092940369766316200e-01
1.102202812089880940e-01
1.111551778437150362e-01
1.120988096851548710e-01
1.130512566625788140e-01
1.140125905800888212e-01
1.149828697634931729e-01
1.159621336884481962e-01
1.169503976728910599e-01
1.179476477140606605e-01
1.189538355458466534e-01
1.199688739863100512e-01
1.209926326380644651e-01
1.220249339958277141e-01
1.230655500066045183e-01
1.241141991184099014e-01
1.251705438440247065e-01
1.262341888569376847e-01
1.273046796279262705e-01
1.283815016028017619e-01
1.294640799147626087e-01
1.305517796189172297e-01
1.316439064314797736e-01
1.327397079521596135e-01
1.338383753450001490e-01
1.349390454500785097e-01
1.360408032962119318e-01
1.371426849823810246e-01
1.382436808932248351e-01
1.393427392114668095e-01
1.404387696872211599e-01
1.415306476213588627e-01
1.426172180170812431e-01
1.436972998513210420e-01
1.447696904153319697e-01
1.458331696725561066e-01
1.468865045816502846e-01
1.479284533335176732e-01
1.489577694538811170e-01
1.499732057268869656e-01
1.509735179007851980e-01
1.519574681435780228e-01
1.529238282241727753e-01
1.538713824031137101e-01
1.547989300254544454e-01
1.557052878167040078e-01
1.565892918905266717e-01
1.574497994834080095e-01
1.582856904369910889e-01
1.590958684525570765e-01
1.598792621444585782e-01
1.606348259202340090e-01
1.613615407144921299e-01
1.620584146021821215e-01
1.627244833144642633e-01
1.633588106775133442e-01
1.639604889916506936e-01
1.645286393653069001e-01
1.650624120159038255e-01
1.655609865476445064e-01
1.660235722149514814e-01
1.664494081793754521e-01
1.668377637674778313e-01
1.671879387373124137e-01
1.674992635612008451e-01
1.677710997328182574e-01
1.680028401066787913e-01
1.681939092777098299e-01
1.683437640081766051e-01
1.684518937078532674e-01
1.685178209719651876e-01
1.685411021793987718e-01
1.685213281514024442e-01
1.684581248686364274e-01
1.683511542419393880e-01
1.682001149298614218e-01
1.680047431939272751e-01
1.677648137807421780e-01
1.674801408188110741e-01
1.671505787168606205e-01
1.667760230501542373e-01
1.663564114210198397e-01
1.658917242802727399e-01
1.653819856967617685e-01
1.648272640630708552e-01
1.642276727265217784e-01
1.635833705356850298e-01
1.628945622938384186e-01
1.621614991120814697e-01
1.613844786559894551e-01
1.605638452810394801e-01
1.596999900531502203e-01
1.587933506519762505e-01
1.578444111557234519e-01
1.568537017073363682e-01
1.558217980629986177e-01
1.547493210247769813e-01
1.536369357600796126e-01
1.524853510112095800e-01
1.512953181988366813e-01
1.500676304234508651e-01
1.488031213689884336e-01
1.475026641128098781e-01
1.461671698459654223e-01
1.447975865074860036e-01
1.433948973361089396e-01
1.419601193426055230e-01
1.404943017057148080e-01
1.389985240946700618e-01
1.374738949214523998e-01
1.359215495263196849e-01
1.343426483006505689e-01
1.327383747519368384e-01
1.311099335165870072e-01
1.294585483271171178e-01
1.277854599412719949e-01
1.260919240413430897e-01
1.243792091126995486e-01
1.226485943108909099e-01
1.209013673268870409e-01
1.191388222598391833e-01
1.173622575062830548e-01
1.155729736740572916e-01
1.137722715281844627e-01
1.119614499749705810e-01
1.101418040893698408e-01
1.083146231895418116e-01
1.064811889615535773e-01
1.046427736361920102e-01
1.028006382193443063e-01
1.009560307768986032e-01
9.911018477500881108e-02
9.726431747669854466e-02
9.541962839595806434e-02
9.357729781101614686e-02
9.173848533887940526e-02
8.990432857372050723e-02
8.807594179212291374e-02
8.625441472839959212e-02
8.444081142331137657e-02
8.263616914938083646e-02
8.084149741558790958e-02
7.905777705375421904e-02
7.728595938810270405e-02
7.552696548873734372e-02
7.378168550874879272e-02
7.205097810382773971e-02
7.033566993235534914e-02
6.863655523315292939e-02
6.695439547753695431e-02
6.528991909178356867e-02
6.364382124593348511e-02
6.201676370476549155e-02
6.040937473684187403e-02
5.882224907781526124e-02
5.725594794445330871e-02
5.571099909630169988e-02
5.418789694228223069e-02
5.268710268996659035e-02
5.120904453564434355e-02
4.975411789360572462e-02
4.832268566337676735e-02
4.691507853376657156e-02
4.553159532279484056e-02
4.417250335260623773e-02
4.283803885854284982e-02
4.152840743160903653e-02
4.024378449352151305e-02
3.898431580363476839e-02
3.775011799701227799e-02
3.654127915295746210e-02
3.535785939337250661e-02
3.419989151029480257e-02
3.306738162199791831e-02
3.196030985697649596e-02
3.087863106507695785e-02
2.982227555489104509e-02
2.879114985635823631e-02
2.778513750729855528e-02
2.680409986231694491e-02
2.584787692225766487e-02
2.491628818206389345e-02
2.400913349466985910e-02
2.312619394826607652e-02
2.226723275413407602e-02
2.143199614213292178e-02
2.062021426088086334e-02
1.983160207975192754e-02
1.906586028994336490e-02
1.832267620206837547e-02
1.760172463802506942e-02
1.690266881516954908e-02
1.622516122114942699e-02
1.556884447805571836e-02
1.493335219482478347e-02
1.431830980703241961e-02
1.372333540339600033e-02
1.314804053836242555e-02
1.259203103018975527e-02
1.205490774386687274e-02
1.153626735810905392e-02
1.103570311552446066e-02
1.055280555488158703e-02
1.008716322424534247e-02
9.638363373616261678e-03
9.205992625601179882e-03
8.789637622612688286e-03
8.388885649099430894e-03
8.003325227405030939e-03
7.632546685997813711e-03
7.276142699014461097e-03
6.933708796318746419e-03
6.604843843543419142e-03
6.289150491882540203e-03
5.986235597684836859e-03
5.695710612163047346e-03
5.417191941778402679e-03
5.150301280037292324e-03
4.894665911597906836e-03
4.649918989666742067e-03
4.415699787720580964e-03
4.191653926597357048e-03
3.977433577969778644e-03
3.772697645174450960e-03
3.577111922306216215e-03
3.390349232431138539e-03
3.212089545716442091e-03
3.042020078237532652e-03
2.879835372204395203e-03
2.725237358342500783e-03
2.577935401186372700e-03
2.437646328068258234e-03
2.304094442627449470e-03
2.177011523705130874e-03
2.056136810526309772e-03
1.941216975097542589e-03
1.832006082758497060e-03
1.728265541818317088e-03
1.629764043177667080e-03
1.536277490789826703e-03
1.447588923749798962e-03
1.363488430721091545e-03
1.283773057327182920e-03
1.208246707048428112e-03
1.136720036085768840e-03
1.069010342585214983e-03
1.004941450563088439e-03
9.443435888404813064e-04
8.870532652802907416e-04
8.329131366290901074e-04
7.817718742884769085e-04
7.334840263800777686e-04
6.879098765149908000e-04
6.449152997280940434e-04
6.043716160866217458e-04
5.661554425210540238e-04
5.301485434535086827e-04
4.962376808106364490e-04
4.643144639988585004e-04
4.342752003952677882e-04
4.060207468626403013e-04
3.794563627384695448e-04
3.544915646774860494e-04
3.310399836495865741e-04
3.090192243161921982e-04
2.883507269310954394e-04
2.689596318435834060e-04
2.507746466235265281e-04
2.337279157851068529e-04
2.177548930575568496e-04
2.027942161398384321e-04
1.887875838788970477e-04
1.756796358273828604e-04
1.634178341625925539e-04
1.519523479808501741e-04
1.412359400165472394e-04
1.312238558688205313e-04
1.218737158478053932e-04
1.131454095739911115e-04
1.050009934757167905e-04
9.740459133104905926e-05
9.032229798973888911e-05
8.372208639079278987e-05
7.757371796175646401e-05
7.184865644997099482e-05
6.651998519650517824e-05
6.156232782250158455e-05
5.695177225886666791e-05
5.266579801564440818e-05
4.868320655929836037e-05
4.498405464634094110e-05
4.154959045061530604e-05
3.836219231985400812e-05
3.540531000380190264e-05
3.266340821053528886e-05
3.012191236764859265e-05
2.776715648896523598e-05
2.558633307312943272e-05
2.356744498565414565e-05
2.169925929885344612e-05
1.997126308278930366e-05
1.837362115366937510e-05
1.689713579328936435e-05
1.553320845376049737e-05
1.427380345624467846e-05
1.311141368133320955e-05
1.203902823321832071e-05
1.105010204125758397e-05
1.013852734244799898e-05
9.298606968364188672e-06
8.525029341692484306e-06
7.812845072059983480e-06
7.157445029384317527e-06
6.554539766281425988e-06
6.000140159491040287e-06
5.490539143828920416e-06
5.022294420514905242e-06
4.592212034157300879e-06
4.197330728317696759e-06
3.834907007319727854e-06
3.502400850614591895e-06
3.197462044424564090e-06
2.917917112382018078e-06
2.661756841558659424e-06
2.427124411820011065e-06
2.212304144362898324e-06
2.015710889312724601e-06
1.835880072396902270e-06
1.671458417233204093e-06
1.521195353152176583e-06
1.383935109386244466e-06
1.258609485687677360e-06
1.144231277841900400e-06
1.039888324998202690e-06
9.447381350587229800e-07
8.580030352905350320e-07
7.789657884324113392e-07
7.069656102923476452e-07
6.413945234060439282e-07
5.816939827978574518e-07
5.273517141199236569e-07
4.778987111296966200e-07
4.329063481586967748e-07
3.919835733674759111e-07
3.547741595488642658e-07
3.209540003836421626e-07
2.902284507253886012e-07
2.623297191082278153e-07
2.370143287220633003e-07
2.140606691913873233e-07
1.932666653558694663e-07
1.744475907581298744e-07
1.574340527118376567e-07
1.420701728017740077e-07
1.282119817328287067e-07
1.157260409726846201e-07
1.044882960771029251e-07
9.438315845097718540e-08
8.530280410132370571e-08
7.714667019016249976e-08
6.982112336154052523e-08
6.323926829949997843e-08
5.732086108556041225e-08
5.199228987620115820e-08
4.718658531243415855e-08
4.284342488929728212e-08
3.890909912810789966e-08
3.533641258206536318e-08
3.208449915600353868e-08
2.911853855629116039e-08
2.640936848825705131e-08
2.393299504783572747e-08
2.167001118046509594e-08
1.960493970302013716e-08
1.772552285560711357e-08
1.602198439178695129e-08
1.448629263539517300e-08
1.311145363012604173e-08
1.189086248232625678e-08
1.081773834099155129e-08
9.884664353141789344e-09
9.083248635178152637e-09
8.403916129830490422e-09
7.835834534094533626e-09
7.366970667487949398e-09
6.984267083271540821e-09
6.673922768095920993e-09
6.421756747552749512e-09
6.213629578958785543e-09
6.035895260823910551e-09
5.875855133757330241e-09
5.722185919502871161e-09
5.565316088640784804e-09
5.397728130165071621e-09
5.214168813860868270e-09
5.011754928504904571e-09
4.789967941982648612e-09
4.550537235536979672e-09
4.297217678722821325e-09
4.035473010950030470e-09
3.772081485021364797e-09
3.514684256768800978e-09
3.271299877835991652e-09
3.049829836133498200e-09
2.857580331473446064e-09
2.700824385307417309e-09
2.584426046175590739e-09
2.511545012720128828e-09
2.483435654832487694e-09
2.499349414035462777e-09
2.556544178713906565e-09
2.650398744276483276e-09
2.774625167366742643e-09
2.921566975301750257e-09
3.082567035865757589e-09
3.248385626217149163e-09
3.409647010485603229e-09
3.557291734857795453e-09
3.683011908231798572e-09
3.779647928074114623e-09
3.841527350800166188e-09
3.864729759190362976e-09
3.847265369119498854e-09
3.789159535249394820e-09
3.692440030547328092e-09
3.561028749255627271e-09
3.400544082340585198e-09
3.218024418758597799e-09
3.021586840568738464e-09
2.820037944819178277e-09
2.622455720887395660e-09
2.437762464632017730e-09
2.274308794036122710e-09
2.139487965831269319e-09
2.039397944476538659e-09
1.978566149430751814e-09
1.959748643013481135e-09
1.983811884337698010e-09
2.049701246782595032e-09
2.154496467239538388e-09
2.293550253368312006e-09
2.460702598841600547e-09
2.648560106315161913e-09
2.848826929051328215e-09
3.052671920096496655e-09
3.251115293867694863e-09
3.435417594539219713e-09
3.597454027934684469e-09
3.730058213515196170e-09
3.827321083392288606e-09
3.884832901669130751e-09
3.899859083258799877e-09
3.871443524191304299e-09
3.800436373262853548e-09
3.689446433089029000e-09
3.542721536117970433e-09
3.365963166726835649e-09
3.166084177922970057e-09
2.950920583587570080e-09
2.728910020601300671e-09
2.508750520427923575e-09
2.299053683598134843e-09
2.108006215541652171e-09
1.943053085273855737e-09
1.810614358756668957e-09
1.715846104448848052e-09
1.662453753317436114e-09
1.652564014019882302e-09
1.686658997610817155e-09
1.763573698553854489e-09
1.880555511609321678e-09
2.033382132677861203e-09
2.216532081590886029e-09
2.423400269209770258e-09
2.646549568093531571e-09
2.877988277063508924e-09
3.109462719566260248e-09
3.332753990833737140e-09
3.539968059785778182e-09
3.723809013317740912e-09
3.877826164343076128e-09
3.996626980592400978e-09
4.076049269772412894e-09
4.113287713160734776e-09
4.106971605703799955e-09
4.057192467282942645e-09
3.965481970176824464e-09
3.834742319510109241e-09
3.669132770760683004e-09
3.473917323507098546e-09
3.255279755326485910e-09
3.020113026141136558e-09
2.775790674112987961e-09
2.529928132808476613e-09
2.290141929447007249e-09
2.063814488745327561e-09
1.857871787757359740e-09
1.678580412875063682e-09
1.531369695224525193e-09
1.420683583552683369e-09
1.349865795416580147e-09
1.321080610035163634e-09
1.335270470969783145e-09
1.392150393370696348e-09
1.490238055214253567e-09
1.626917426967167854e-09
1.798532886706371780e-09
2.000509999634383431e-09
2.227498528013889178e-09
2.473532789748904008e-09
2.732204205135553552e-09
2.996840760161592873e-09
3.260688164406335609e-09
3.517087680817630301e-09
3.759645938283754960e-09
3.982392487679346512e-09
4.179921407463930055e-09
4.347513883846264458e-09
4.481239360307212158e-09
4.578033549271766374e-09
4.635752302980640029e-09
4.653201030718616732e-09
4.630140006826681786e-09
4.567266522088209903e-09
4.466175376482835556e-09
4.329299683028272811e-09
4.159834342639791409e-09
3.961644853537268603e-09
3.739164333597876043e-09
3.497281760654039020e-09
3.241224476998776361e-09
2.976437965335685241e-09
2.708465790992367255e-09
2.442832427748346337e-09
2.184931451563196273e-09
1.939921308042230065e-09
1.712630546232453574e-09
1.507474073953798735e-09
1.328381638782200076e-09
1.178739383895600823e-09
1.061344978488391364e-09
9.783764865954457438e-10
9.313748231594782087e-10
9.212393580845039125e-10
9.482359726572801459e-10
1.012016651721096661e-09
1.111649511720770047e-09
1.245658020459463145e-09
1.412068059243031416e-09
1.608461411218266148e-09
1.832034229416803500e-09
2.079659041858662942e-09
2.347948885983418734e-09
2.633322227153350947e-09
2.932067402130448529e-09
3.240405434228862129e-09
3.554550188137540928e-09
3.870764965049893540e-09
4.185414778813246579e-09
4.495013697458482720e-09
4.796266778293391307e-09
5.086106265536266707e-09
5.361721854483145356e-09
5.620584953114038430e-09
5.860466988858755618e-09
6.079451913520651252e-09
6.275943151948004049e-09
6.448665319264679512e-09
6.596661097014926632e-09
6.719283710394183581e-09
6.816185487204735214e-09
6.887303004786311573e-09
6.932839344763451259e-09
6.953243977968041389e-09
6.949190794392925111e-09
6.921554776775394107e-09
6.871387792564106526e-09
6.799893948901113505e-09
6.708404920105000769e-09
6.598355618176187808e-09
6.471260535247575416e-09
6.328691043752340314e-09
6.172253896363136307e-09
6.003571124388814161e-09
5.824261491043679965e-09
5.635923615547567290e-09
5.440120845891384684e-09
5.238367922761618384e-09
5.032119444925707703e-09
4.822760117521961808e-09
4.611596739362671435e-09
4.399851863568846221e-09
4.188659047606032597e-09
3.979059593981085192e-09
3.772000671370972134e-09
3.568334697567569189e-09
3.368819860138968981e-09
3.174121647859265574e-09
2.984815265481572908e-09
2.801388806045400301e-09
2.624247058326189323e-09
2.453715831981396506e-09
2.290046689139011178e-09
2.133421978357187034e-09
1.983960074809660639e-09
1.841720738991193803e-09
1.706710514984660258e-09
1.578888098203040414e-09
1.458169611349262750e-09
1.344433735984514987e-09
1.237526655446563023e-09
1.137266772807926449e-09
1.043449175043963715e-09
9.558498215205219412e-10
8.742294412830937975e-10
7.983371293976089148e-10
7.279136377509776028e-10
6.626943602684311702e-10
6.024120164502264630e-10
5.467990404999332569e-10
4.955896861306655121e-10
4.485218594278081836e-10
4.053386939588522123e-10
3.657898836828997389e-10
3.296327901760085746e-10
2.966333412873862976e-10
2.665667386220122725e-10
2.392179912485907921e-10
2.143822927941775719e-10
1.918652586513824712e-10
1.714830394207979334e-10
1.530623259776078309e-10
1.364402607143167981e-10
1.214642686001537799e-10
1.079918207359913015e-10
9.589014209238830257e-11
8.503587411770581795e-11
7.531470190772268710e-11
6.662095465242975766e-11
5.885718713031986500e-11
5.193374911429848049e-11
4.576834869381303860e-11
4.028561470949482732e-11
3.541666274335672493e-11
3.109866841164470766e-11
2.727445106930864982e-11
2.389207045515188993e-11
2.090443828362208556e-11
1.826894632151580895e-11
1.594711207320634434e-11
1.390424283374397535e-11
1.210911855227763452e-11
1.053369367546500498e-11
9.152817908613011837e-12
7.943975637648147875e-12
6.887043594414895248e-12
5.964066217778602881e-12
5.159048060350336117e-12
4.457762512325910406e-12
3.847576056861092193e-12
3.317287232979803198e-12
2.856979459550953595e-12
2.457886865081128595e-12
2.112272270770595181e-12
1.813316486503929729e-12
1.555018099462930052e-12
1.332102961253641616e-12
1.139942610478794454e-12
9.744809023204575195e-13
8.321681538780826391e-13
7.099021528305114489e-13
6.049754166684352224e-13
5.150281296440385436e-13
4.380062241508868939e-13
3.721241120520151409e-13
3.158316091586954488e-13
2.677846323544479225e-13
2.268192835535324345e-13
1.919289676299562849e-13
1.622442225566561087e-13
1.370149691984464012e-13
1.155949154871031510e-13
9.742787508315028635e-14
8.203578412878935417e-14
6.900822137373902157e-14
5.799325687638963741e-14
4.868947272594241251e-14
4.083901588222008797e-14
3.422155838000537547e-14
2.864905388823954769e-14
2.396119204554321789e-14
2.002146320749362437e-14
1.671375632962460271e-14
1.393942176385752676e-14
1.161473885078505000e-14
9.668735428432170742e-15
8.041312827723128113e-15
6.681635658892672234e-15
5.546750780078704171e-15
4.600404342755887522e-15
3.812029787410505484e-15
3.155883171033100661e-15
2.610305295280265780e-15
2.157092815901340241e-15
1.780962891473172422e-15
1.469098010131381739e-15
1.210759450593968161e-15
9.969594188803900685e-16
8.201832821031594277e-16
6.741545200801965797e-16
5.536360562280591941e-16
4.542625307566146851e-16
3.723988589763621133e-16
3.050210909369251917e-16
2.496161692568101483e-16
2.040976819067269271e-16
1.667351364500666496e-16
1.360946511322207095e-16
1.109892744014864239e-16
9.043741507722685061e-17
7.362809669518044872e-17
5.989194698887583596e-17
4.867700174442390378e-17
3.952854550041380584e-17
3.207233331905934682e-17
2.600064121310283887e-17
2.106068043820742389e-17
1.704498505211677769e-17
1.378344487728212878e-17
1.113670898503360347e-17
8.990729506406291352e-18
7.252253218903529535e-18
5.845100030693965960e-18
4.707094098452758385e-18
3.787535652973089947e-18
3.045120332261670836e-18
2.446228500654478067e-18
1.963520144677288630e-18
1.574781889229772759e-18
1.261981816179617837e-18
1.010495383319725852e-18
8.084720813340137984e-19
6.463177377643069492e-19
5.162717550691730117e-19
4.120622020175629757e-19
3.286246875977331086e-19
2.618734382016841630e-19
2.085150590604706399e-19
1.658971625974674027e-19
1.318854504010052486e-19
1.047639927182283271e-19
8.315440211844238044e-20
6.595038155488077476e-20
5.226477082998636045e-20
4.138674382943822955e-20
3.274724207559561812e-20
2.589108493923285784e-20
2.045448712850210801e-20
1.614695133284389304e-20
1.273669762459451801e-20
1.003894924043624239e-20
7.906523130346987986e-21
6.222278483908401923e-21
4.893061690509828761e-21
3.844855448098814628e-21
3.018895948270175540e-21
2.368567646105796665e-21
1.856922046356162858e-21
1.454696818825764820e-21
1.138735714817616005e-21
8.907292703755733095e-22
6.962120288961157507e-22
5.437647106315108286e-22
4.243799814783973846e-22
3.309587011068114012e-22
2.579101448531191284e-22
2.008350062510081346e-22
1.562742499182247734e-22
1.215103019590929999e-22
9.440980223340175610e-23
7.329933317260460313e-23
5.686729095607874210e-23
4.408646358943354697e-23
3.415299665934967589e-23
2.643831753077794068e-23
2.045129771905698546e-23
1.580849742878757834e-23
1.221078493943062269e-23
9.424979989415152093e-24
7.269453268984872629e-24
5.602838539466056212e-24
4.315191713045473312e-24
3.321072002473557660e-24
2.554131603517536420e-24
1.962888377328575613e-24
1.507425490959843985e-24
1.156816799519136452e-24
8.871199708964006295e-25
6.798133922122876928e-25
5.205796829213646989e-25
3.983597002018535444e-25
3.046174675602832057e-25
2.327694445885138807e-25
1.777417412430597744e-25
1.356268615324389212e-25
1.034178107629356426e-25
7.880228938990498759e-26
6.000351800877079806e-26
4.565722267881595501e-26
3.471663893090115185e-26
2.637920893649571097e-26
2.003006125350333407e-26
1.519846403679140549e-26
1.152429935596762546e-26
8.732272127725489218e-27
6.612084258084360499e-27
5.003205818242190528e-27
3.783186155986093514e-27
2.858688834387878806e-27
2.158620832958103458e-27
1.628870729308308897e-27
1.228282086746426271e-27
9.255743820761419927e-28
6.969902506994010830e-28
5.244990538655154345e-28
3.944262387038819576e-28
2.964083421651805411e-28
2.225968583984980768e-28
1.670521498040526943e-28
1.252823756711812941e-28
9.389299750108214759e-29
7.032053683092174738e-29
5.263048046510052319e-29
3.936398945255848043e-29
2.942171077634386433e-29
2.197577529259144200e-29
1.640319246453940400e-29
1.223547592354631383e-29
9.120572106344644207e-30
6.794107876762798374e-30
5.057691667811339920e-30
3.762549524764398067e-30
2.797193241421295843e-30
2.078133719620567771e-30
1.542892554771231857e-30
1.144746834523593268e-30
8.487801007364941677e-31
6.289169371080542787e-31
4.656977578791793669e-31
3.446102150678100911e-31
2.548388733673551576e-31
1.883289649895019501e-31
1.390858208459540877e-31
