9.037275414161372707e-32
1.228288776766028500e-31
1.668339412317429583e-31
2.264586734699670296e-31
3.071947529154051463e-31
4.164458821868096877e-31
5.641868412634700373e-31
7.638473752211477725e-31
1.033496807107163440e-30
1.397430603646799982e-30
1.888293822460712599e-30
2.549921163382105479e-30
3.441132841932993834e-30
4.640804468390203730e-30
6.254633847309703292e-30
8.424166417018352045e-30
1.133882487891230623e-29
1.525193185169319300e-29
2.050203612145402791e-29
2.754127823295513201e-29
3.697309262709733492e-29
4.960228441798033273e-29
6.650149584652908859e-29
8.909936471175048646e-29
1.192973719914453934e-28
1.596246058718997068e-28
2.134426012801586836e-28
2.852162658095896805e-28
3.808719595402022459e-28
5.082704296094192766e-28
6.778309956740848812e-28
9.033547720509323875e-28
1.203109620081151971e-27
1.601259022211917876e-27
2.129742551628833749e-27
2.830748889725687414e-27
3.759965770613968841e-27
4.990847859304579488e-27
6.620217354722289109e-27
8.775608175665988577e-27
1.162488957113566446e-26
1.538886747590844730e-26
2.035777299556309896e-26
2.691282136936345342e-26
3.555438009696758651e-26
4.693874544039668425e-26
6.192612290289358671e-26
8.164317902647816405e-26
1.075645297209937640e-25
1.416188195941925955e-25
1.863267111830982465e-25
2.449802500849735001e-25
3.218758395480914357e-25
4.226166226044785243e-25
5.545046571814246849e-25
7.270491686535007467e-25
9.526247440191608974e-25
1.247323063420369547e-24
1.632054248981362967e-24
2.133969913781821276e-24
2.788300490424573105e-24
3.640725649946262464e-24
4.750430165113061994e-24
6.194040431035913341e-24
8.070691573190892894e-24
1.050854487251706817e-23
1.367316420402257391e-23
1.777827348981017761e-23
2.309956134907747898e-23
2.999238244984948586e-23
3.891443796287999037e-23
5.045481314778701141e-23
6.537112505142256046e-23
8.463700845490391201e-23
1.095027698453332354e-22
1.415728003407828509e-22
1.829043006441859359e-22
2.361330862906768620e-22
3.046337749340398538e-22
3.927235909144505584e-22
5.059214581259861985e-22
6.512771181172628721e-22
8.377888661054500630e-22
1.076933342466983947e-21
1.383336899757567294e-21
1.775625694925530595e-21
2.277501218295866273e-21
2.919099944007825850e-21
3.738710765751944290e-21
4.784942605071004842e-21
6.119457962376933922e-21
7.820417356830222556e-21
9.986815973044532231e-21
1.274393913443719329e-20
1.625021959668494696e-20
2.070584974276942600e-20
2.636358882103965066e-20
3.354231341078324023e-20
4.264399326081842627e-20
5.417494059071102036e-20
6.877238631724472998e-20
8.723769060482997721e-20
1.105778088276386465e-19
1.400570211733090176e-19
1.772614114629477334e-19
2.241791687725543247e-19
2.833005090877312779e-19
3.577419039446494213e-19
4.514003958745929424e-19
5.691451215694065126e-19
7.170548078140991332e-19
9.027120189092113484e-19
1.135567398182956546e-18
1.427390157966985852e-18
1.792824750295858718e-18
2.250078137445607515e-18
2.821767549758770505e-18
3.535965275999082731e-18
4.427485129334737784e-18
5.539465071446381665e-18
6.925312420553311819e-18
8.651092551379495237e-18
1.079845953783333193e-17
1.346824841722955137e-17
1.678487441558755218e-17
2.090171545994459955e-17
2.600769168150983557e-17
3.233530065317605996e-17
4.017042131896047551e-17
4.986426475977469113e-17
6.184792823516250257e-17
7.665010287795361782e-17
9.491859799860301426e-17
1.174464797291005140e-16
1.452037828973480617e-16
1.793759475215741456e-16
2.214103609845049837e-16
2.730726606520495790e-16
3.365147775102906875e-16
4.143570887748627004e-16
5.097875074763439368e-16
6.266808827298670645e-16
7.697427309373760618e-16
9.446820832545965533e-16
1.158419138925739035e-15
1.419334481558067255e-15
1.737567873972738169e-15
2.125376129295160416e-15
2.597561298906216460e-15
3.171982465109725693e-15
3.870166827911075135e-15
4.718038588796628879e-15
5.746787426206532104e-15
6.993902203716575282e-15
8.504400040117849405e-15
1.033228610069126029e-14
1.254228555518008959e-14
1.521189622062278204e-14
1.843381861460530892e-14
2.231882965500054263e-14
2.699917724698125015e-14
3.263258571287891198e-14
3.940697668937086709e-14
4.754602701411163511e-14
5.731570455901339932e-14
6.903194528630992834e-14
8.306966039317109393e-14
9.987329170346228402e-14
1.199691669417807500e-13
1.439799447186906987e-13
1.726414825581276558e-13
2.068225107592247628e-13
2.475475510226979978e-13
2.960235823715076528e-13
3.536710288164612810e-13
4.221597243927042126e-13
5.034506026374707181e-13
5.998439603869425502e-13
7.140352611142478532e-13
8.491795721740362703e-13
1.008965874593702790e-12
1.197702644877071498e-12
1.420416287148512457e-12
1.682964192410051951e-12
1.992164421324720615e-12
2.355944249404262933e-12
2.783510080446276468e-12
3.285541527185988170e-12
3.874412779035879472e-12
4.564444727063104960e-12
5.372191697448075235e-12
6.316767057927215391e-12
7.420212408246926201e-12
8.707915546308963570e-12
1.020908291700389950e-11
1.195727280080129325e-11
1.399099608359764805e-11
1.635439206715049556e-11
1.909798742885372908e-11
2.227954711816467608e-11
2.596502668110606733e-11
3.022963622923257441e-11
3.515902700946291891e-11
4.085061227881406382e-11
4.741503493427169803e-11
5.497779508228215060e-11
6.368105144167470298e-11
7.368561114340027582e-11
8.517312310335916578e-11
9.834849068042900961e-11
1.134425197689618944e-10
1.307148187875731977e-10
1.504569671860275725e-10
1.729959690683427380e-10
1.986980082879511192e-10
2.279725208726910782e-10
2.612765998430505988e-10
2.991197463515083258e-10
3.420689795494291308e-10
3.907543156298588594e-10
4.458746240488709819e-10
5.082038659429732986e-10
5.785977161786920511e-10
6.580005662414028193e-10
7.474529002373387277e-10
8.480990305933327434e-10
9.611951735448841082e-10
1.088117837158291374e-09
1.230372486394795638e-09
1.389602440567836486e-09
1.567597948437510637e-09
1.766305375125424826e-09
1.987836423018426526e-09
2.234477295875557823e-09
2.508697701508551950e-09
2.813159573716331186e-09
3.150725378717009402e-09
3.524465855235024110e-09
3.937667020817300428e-09
4.393836260032796144e-09
4.896707293166428632e-09
5.450243807100749121e-09
6.058641513553381365e-09
6.726328384041997482e-09
7.457962796227688542e-09
8.258429313069671818e-09
9.132831804904859200e-09
1.008648361567691764e-08
1.112489446856409417e-08
1.225375380371735564e-08
1.347891024235333708e-08
1.480634687757134356e-08
1.624215210360001374e-08
1.779248571237847902e-08
1.946354000990381401e-08
2.126149573535531912e-08
2.319247260402409662e-08
2.526247434107448593e-08
2.747732812755103255e-08
2.984261844307867500e-08
3.236361536160498016e-08
3.504519743745409016e-08
3.789176940857700471e-08
4.090717504229375447e-08
4.409460555520339745e-08
4.745650415286005900e-08
5.099446735539093703e-08
5.470914390101486619e-08
5.860013214953736474e-08
6.266587704000522443e-08
6.690356778956077482e-08
7.130903765129209887e-08
7.587666717540148646e-08
8.059929253761610608e-08
8.546812060803841229e-08
9.047265253016078089e-08
9.560061765909998425e-08
1.008379197683132555e-07
1.061685974698034723e-07
1.115748008023798524e-07
1.170367859211992501e-07
1.225329297667567595e-07
1.280397665000624956e-07
1.335320473594814902e-07
1.389828254220374697e-07
1.443635665363264611e-07
1.496442874334414187e-07
1.547937217180084650e-07
1.597795140924905212e-07
1.645684427769253904e-07
1.691266696557177646e-07
1.734200172160921165e-07
1.774142708451359141e-07
1.810755045296504169e-07
1.843704274617704300e-07
1.872667485040768948e-07
1.897335549173952267e-07
1.917417012157672682e-07
1.932642034965186943e-07
1.942766341104956422e-07
1.947575111035121136e-07
1.946886764851335874e-07
1.940556570804445195e-07
1.928480015069095517e-07
1.910595867030092339e-07
1.886888874319521443e-07
1.857392023000965847e-07
1.822188300762317914e-07
1.781411904802004027e-07
1.735248841324362911e-07
1.683936870200481797e-07
1.627764756404406887e-07
1.567070799235720854e-07
1.502240621012379029e-07
1.433704208748884538e-07
1.361932215148396633e-07
1.287431538865017206e-07
1.210740218186856789e-07
1.132421686791834589e-07
1.053058454761225371e-07
9.732452922595305819e-08
8.935820068896709274e-08
8.146659183534934156e-08
7.370841453312773197e-08
6.614058291044630929e-08
5.881744260383692227e-08
5.179002063053411415e-08
4.510530988917252052e-08
3.880560227466303514e-08
3.292788407260824478e-08
2.750330666325837923e-08
2.255674461019283324e-08
1.810645193708404237e-08
1.416382581793176131e-08
1.073328504168528960e-08
7.812268489170965308e-09
5.391356515589047895e-09
3.454515610549373519e-09
1.979464062098104745e-09
9.381536407383285873e-10
2.973596086283828236e-10
1.936871664762148494e-11
6.275234875910797927e-11
3.832096805928038814e-10
9.344637072199616434e-10
1.669191329925258682e-09
2.539967433695065630e-09
3.500202088448166545e-09
4.505049709957536290e-09
5.512269251232634564e-09
6.483015278515143260e-09
7.382541119725273933e-09
8.180797143034379518e-09
8.852909598688805471e-09
9.379528291363695548e-09
9.747034580287340343e-09
9.947604752595614720e-09
9.979127590873215559e-09
9.844978856774263972e-09
9.553659328615446049e-09
9.118306846195715660e-09
8.556096413383146979e-09
7.887545672457989180e-09
7.135745883932571876e-09
6.325540821330810758e-09
5.482677635305052055e-09
4.632954685794087491e-09
3.801391534966609774e-09
3.011445710615702474e-09
2.284299487444225386e-09
1.638237816089072826e-09
1.088135707002163504e-09
6.450699241976717224e-10
3.160658623778483259e-10
1.039860915569094866e-10
7.562395742748649738e-12
2.156836006625121160e-11
1.371248364274468616e-10
3.421261070198350613e-10
6.217704310948220001e-10
9.591750573450996220e-10
1.336052851727334097e-09
1.733425547155360106e-09
2.132347360064982285e-09
2.514612401787547855e-09
2.863419968466432470e-09
3.163973414233373761e-09
3.403990853735447362e-09
3.574109320397933480e-09
3.668168109934475940e-09
3.683361717290514686e-09
3.620257855841509992e-09
3.482681336544611381e-09
3.277469875270484148e-09
3.014112977210082009e-09
2.704289710354485073e-09
2.361325230271629779e-09
1.999589181422628423e-09
1.633861430766068656e-09
1.278691877902790631e-09
9.477812648191098261e-10
6.534089553496214502e-10
4.059315957738048552e-10
2.133734776879777150e-10
8.112542285561618912e-11
1.176425981464970801e-11
4.999662360032154983e-12
5.774949761134378860e-11
1.643391319078732903e-10
3.168146200539241825e-10
5.053546080004810985e-10
7.187613466192848403e-10
9.450076544403205233e-10
1.171814153297006252e-09
1.387229760510356109e-09
1.580188329776889024e-09
1.741015508166081963e-09
1.861862276851070897e-09
1.937045167684688623e-09
1.963277640232072655e-09
1.939782358898871916e-09
1.868279881463347404e-09
1.752855283535480520e-09
1.599710206735517604e-09
1.416813437982129097e-09
1.213468121782317844e-09
9.998178220702144646e-10
7.863166703631636011e-10
5.831906000067049340e-10
3.999170705869731809e-10
2.447496984796984014e-10
1.243118661965947879e-10
4.327979239485738045e-11
4.170880208352359512e-12
7.247656602039362398e-12
5.054154998125388089e-11
1.299944412263857431e-10
2.397096962765689987e-10
3.722985782611429255e-10
5.193028583575291626e-10
6.716703765695892055e-10
8.202574752885322196e-10
9.563308044708603307e-10
1.072041067726082938e-09
1.160842852917950928e-09
1.217837695480910167e-09
1.240021803618075570e-09
1.226425204656532601e-09
1.178135161993108411e-09
1.098203226450544115e-09
9.914418601385484660e-10
8.641228324418398592e-10
7.235951768130767903e-10
5.778450877113504477e-10
4.350234566695474322e-10
3.029685924876076714e-10
1.887519234567542186e-10
9.827311139782132893e-11
3.592808506187022618e-11
4.369183521218306120e-12
4.371132666813288974e-12
3.481027548097555799e-11
9.275770890827205528e-11
1.736801490067675171e-10
2.717358625552778529e-10
3.801472623812266676e-10
4.916271200175480982e-10
5.988320948754470879e-10
6.948156242437342397e-10
7.734522774193438043e-10
8.298074598068882842e-10
8.604297616139425555e-10
8.635480809131155885e-10
8.391616207255978753e-10
7.890175979570404807e-10
7.164785892199621853e-10
6.262884284886041755e-10
5.242520188387957155e-10
4.168499094300888690e-10
3.108126603020249881e-10
2.126825931671933127e-10
1.283913279033258763e-10
6.288046678418635356e-11
1.978996570165987349e-11
1.234295213327903956e-12
7.680723627027340199e-12
3.793732003174638831e-11
8.925101564079765306e-11
1.575087552131692189e-10
2.375279032490271087e-10
3.234161046085952723e-10
4.089761431044255253e-10
4.881283175271563913e-10
5.553216785617344773e-10
6.059062349774108438e-10
6.364409048224663873e-10
6.449163880076854804e-10
6.308779806727727662e-10
5.954402465868649610e-10
5.411929372170394780e-10
4.720050953903795918e-10
3.927413630324693956e-10
3.089106431901246840e-10
2.262720042389211980e-10
1.504257171301904417e-10
8.641836106504991100e-11
3.838993192998140572e-11
9.287898630005872955e-12
6.683750026415483424e-13
1.259833925052090223e-11
4.366557683279644668e-11
9.109526247733814913e-11
1.509643899999304158e-10
2.184981641943503710e-10
2.884265073696260050e-10
3.553744467248862662e-10
4.142576691366325995e-10
4.606541516087698587e-10
4.911245400399235780e-10
5.034577393823297608e-10
4.968237264775804189e-10
4.718225011577899185e-10
4.304258447500566044e-10
3.758165825956656891e-10
3.121377472171316982e-10
2.441708289544661135e-10
1.769676622025551982e-10
1.154640123018864118e-10
6.410432164354674618e-11
2.650622412652680868e-11
5.190395866555335965e-12
1.396296942113495729e-12
1.499774784465057487e-11
4.452457596269561184e-11
8.728835227376696072e-11
1.396021516235991036e-10
1.970769424798766946e-10
2.549712211384402559e-10
3.085663287010459610e-10
3.535378660066980923e-10
3.862939245160488598e-10
4.042534699001622724e-10
4.060429559111426055e-10
3.915957446101265546e-10
3.621466573153136631e-10
3.201223663682525476e-10
2.689366921261422330e-10
2.127075202925694121e-10
1.559183805372107540e-10
1.030522088939354488e-10
5.822707939317899393e-11
2.486353781808281971e-11
5.410600813486075679e-12
1.152693023594594025e-12
1.211316356980234165e-11
3.706208576167477186e-11
7.362744748876912187e-11
1.185002912747199142e-10
1.677165714708217001e-10
2.169921135141645507e-10
2.620826265468586076e-10
2.991386175368831116e-10
3.250254717385514061e-10
3.375818800633511122e-10
3.357949771387931085e-10
3.198775794871131335e-10
2.912411967806820110e-10
2.523673343478156463e-10
2.065882623180221743e-10
1.577961562648214770e-10
1.101056495561473212e-10
6.749884385858347489e-11
3.348334515987486673e-11
1.079278350339076356e-11
1.155616781052056686e-12
5.152115338056313492e-12
2.217177524331348708e-11
5.047467029889795552e-11
8.735118289893514254e-11
1.293659434672979597e-10
1.726644151024180370e-10
2.133150408469284892e-10
2.476567222451150791e-10
2.726209105264455620e-10
2.859998233329574146e-10
2.866370668855696936e-10
2.745238352373400602e-10
2.507922714065777209e-10
2.176067655992902589e-10
1.779631138702554023e-10
1.354137443750901318e-10
9.374388730498556859e-11
5.662800817276961139e-11
2.729762853812142291e-11
8.250645933941401822e-12
1.028512801176109495e-12
6.081469990542784619e-12
2.273400395745294066e-11
4.925353288852775950e-11
8.301586020375972587e-11
1.207520328677540348e-10
1.588537297965825814e-10
1.937088833479536577e-10
2.220364172039970687e-10
2.411890420548596772e-10
2.493959959931915039e-10
2.459231900684958364e-10
2.311359142972870023e-10
2.064583665395460584e-10
1.742339392739221601e-10
1.374995312458212606e-10
9.969526144439846725e-11
6.433707993028511653e-11
3.468330466084579479e-11
1.342671715153008293e-11
2.441450019039615474e-12
2.608709099862504229e-12
1.373787269122298589e-11
3.459040568237643739e-11
6.300418100536490484e-11
9.610615642093044432e-11
1.305928401686406682e-10
1.630514212487501493e-10
1.902904827819442277e-10
2.096482566098369639e-10
2.192485227088078410e-10
2.181793155879012642e-10
2.065770939021974360e-10
1.856082401056987780e-10
1.573497920437723697e-10
1.245811886685007578e-10
9.050756641520966414e-11
5.844190387117009098e-11
3.147740322391124310e-11
1.218249955877835124e-11
2.348688120946567702e-12
2.816156857059401067e-12
1.339450842209822370e-11
3.288640649258107426e-11
5.921171944287406252e-11
8.961968190704658074e-11
1.209677595089065889e-10
1.500391771889142899e-10
1.738671443315210088e-10
1.900330906056169530e-10
1.969088044592274144e-10
1.938179980956339214e-10
1.811009538346341830e-10
1.600757246701362550e-10
1.328998768002569247e-10
1.023469060623663274e-10
7.152019588184907463e-11
4.353381053178124501e-11
2.119286341159909993e-11
6.706296097564543169e-12
1.461622421553289215e-12
5.884853002204532487e-12
1.940005761455133791e-11
4.049273848504124129e-11
6.687043453423379984e-11
9.570386851562064364e-11
1.239235406086034074e-10
1.485408485056609465e-10
1.669601971751880537e-10
1.772494422475242692e-10
1.783403160865111267e-10
1.701377819042306241e-10
1.535267980641817048e-10
1.302757599061170133e-10
1.028467890373631021e-10
7.413290855052076895e-11
4.714992649985364680e-11
2.471571225512526398e-11
9.150958233717301249e-12
2.033303985075815251e-12
4.031076656940621205e-12
1.483445294062761932e-11
3.319146066009582216e-11
5.704501541207834043e-11
8.375632904914504651e-11
1.103907020064301896e-10
1.340349335847970984e-10
1.521120991676351905e-10
1.626596464479285377e-10
1.645406533097581402e-10
1.575652674058752378e-10
1.425090511145138329e-10
1.210261443394853841e-10
9.546662081005419481e-11
6.861790136157963338e-11
4.339844761413169793e-11
2.253726330962294176e-11
8.274378352491526151e-12
2.115279470422979399e-12
4.666401682576579951e-12
1.556992947141525103e-11
3.354523645330879810e-11
5.653251276778847603e-11
8.192279007967366960e-11
1.068489358905253256e-10
1.285053334135175578e-10
1.444606708241207134e-10
1.529289234701279339e-10
1.529681755068748011e-10
1.445849075339063392e-10
1.287319016693840811e-10
1.071998203083464512e-10
8.241447052933346132e-11
5.716242741857066209e-11
3.427584634649010940e-11
1.631200936853453714e-11
5.263868948854149334e-12
2.334465728588893334e-12
7.800963315604226082e-12
2.098394778605428014e-11
4.032571174898577240e-11
6.356882943254537870e-11
8.801484372581810620e-11
1.108336475059768022e-10
1.293882226560021244e-10
1.415375021669827715e-10
1.458824890480425726e-10
1.419271575483096728e-10
1.301353691711247063e-10
1.118769616962098517e-10
8.926895197434472991e-11
6.492995990473126154e-11
4.167609797670097954e-11
2.219348726926925780e-11
8.725430195873745652e-12
2.810729324569898084e-12
5.103837812778417907e-12
1.529810652294754815e-11
3.216143012464747837e-11
5.368047081615140851e-11
7.729688337802965445e-11
1.002080791378746502e-10
1.196973429353154409e-10
1.334544896390948779e-10
1.398491741944633008e-10
1.381243771637996978e-10
1.284868716175056531e-10
1.120835680333604983e-10
9.086612007396388096e-11
6.735946537840974158e-11
4.436148993645723564e-11
2.460935684513601145e-11
1.045220886159778677e-11
3.569407387389395633e-12
4.768235143676133044e-12
1.388565410231054997e-11
2.980635964654180548e-11
5.059546426924525098e-11
7.373033856491045098e-11
9.640409701128568174e-11
1.158644078507844364e-10
1.297468215580313033e-10
1.363622305025383456e-10
1.349033856569795710e-10
1.255450032222848981e-10
1.094247666035402560e-10
8.850694261830873731e-11
6.534464537355016687e-11
4.276925108569063042e-11
2.354455343034601765e-11
1.002781024857334528e-11
3.879268603861806476e-12
5.856087787513343413e-12
1.571645662866385832e-11
3.224632427885867186e-11
5.340614760540398267e-11
7.658023779899939296e-11
9.889849403983138200e-11
1.175911432838340236e-10
1.303327320111185265e-10
1.355326269480155441e-10
1.325356054315011492e-10
1.217070199753325154e-10
1.043911961029459810e-10
8.274743597309196167e-11
5.948330962534770454e-11
3.751790556213158382e-11
1.961673531781091595e-11
8.043871946378297578e-12
4.275109041118232388e-12
8.808619807226889168e-12
2.109763386623036227e-11
3.961448752546333519e-11
6.203891608957675298e-11
8.554770921050156229e-11
1.071698387843166691e-10
1.241625689744106418e-10
1.343610074334537901e-10
1.364565048800736278e-10
1.301679506929477789e-10
1.162833122817071856e-10
9.656508716198159326e-11
7.353063487170788181e-11
5.013443637174102321e-11
2.939212339539722388e-11
1.399395467546917866e-11
5.957227688578547321e-12
6.362599006018836544e-12
1.520894613933116899e-11
3.140649652258918607e-11
5.291033639833062194e-11
7.697832902996583286e-11
1.005212438870726822e-10
1.205006449271588645e-10
1.343234411690607217e-10
1.401818981385814175e-10
1.372944420286343985e-10
1.260149981171580259e-10
1.077953556306059794e-10
8.500402166999989967e-11
6.062377626894759324e-11
3.786622193743495130e-11
1.975289956285283709e-11
8.717479370292119085e-12
6.281398541444244181e-12
1.284628874425470989e-11
2.763170585454577432e-11
4.876790676291562241e-11
7.353312593614033701e-11
9.870563610218102852e-11
1.209853744362703504e-10
1.374301753752107171e-10
1.458490431016516722e-10
1.450998695300054992e-10
1.352510099838117907e-10
1.175836816856036826e-10
9.443300347609120631e-11
6.888692854118416102e-11
4.438149433534101965e-11
2.424513877639363083e-11
1.125232601458252867e-11
7.246283658222736891e-12
1.288221214558681606e-11
2.752688990863780002e-11
4.933012161524845900e-11
7.546062556265999724e-11
1.024767583042878045e-10
1.267839219131943510e-10
1.451181454592602863e-10
1.549909413450348887e-10
1.550348311397936369e-10
1.452014784343568955e-10
1.267836010519436904e-10
1.022552726482706891e-10
7.494976277518684578e-11
4.861639830814882859e-11
2.691499057704533021e-11
1.291575412837153782e-11
8.672936628285343763e-12
1.493138699694292114e-11
3.100807275161866840e-11
5.486732080713750701e-11
8.338236418129010689e-11
1.127501570997024753e-10
1.390048884551972478e-10
1.585612014842620925e-10
1.687129228526230322e-10
1.680180003122571019e-10
1.565148583709732477e-10
1.357376889681568729e-10
1.085253731217954404e-10
7.864712580227588036e-11
5.029367523521474301e-11
2.750222630912565798e-11
1.359380825615261424e-11
1.070126154029950318e-11
1.945491823171168801e-11
3.887231545176728542e-11
6.647074125318018378e-11
9.859073855015515491e-11
1.308890895915896324e-10
1.589354141904332604e-10
1.788308434981086937e-10
1.877626405609750781e-10
1.844159958981442205e-10
1.691827471967786100e-10
1.441340958394982005e-10
1.127568744805538454e-10
7.948611315032596274e-11
4.909591306006958131e-11
2.603177382870414552e-11
1.377738685758156462e-11
1.434587565831442347e-11
2.796968322725807894e-11
5.303672710909199394e-11
8.628658168359971722e-11
1.232439295333311031e-10
1.588324553829709600e-10
1.880856136454932224e-10
2.068552359763624221e-10
2.124172032232867267e-10
2.038859429021803063e-10
1.823748694235819491e-10
1.508747455915733731e-10
1.138615644698761015e-10
7.668439542134915482e-11
4.481614886011232012e-11
2.307160404779523517e-11
1.490399716085697523e-11
2.188265017006598272e-11
4.343042456727090439e-11
7.686424950864657779e-11
1.177394142714355276e-10
1.604546696008131508e-10
1.990366945035679983e-10
2.279948123657010901e-10
2.431242284054402710e-10
2.421406938678891266e-10
2.250511375029850509e-10
1.942007407084479600e-10
1.539823353412687986e-10
1.102425477109026211e-10
6.946385558261095859e-11
3.783609401027191196e-11
2.034969766413830459e-11
2.004298500262607584e-11
3.751659090427147334e-11
7.079203382177704160e-11
1.155431748604543721e-10
1.656756923540288411e-10
2.141783257778094198e-10
2.541280833814737692e-10
2.797061794830937507e-10
2.870763089781590852e-10
2.749932716678995214e-10
2.450461045948052314e-10
2.014910078835779548e-10
1.506883743540592585e-10
1.002167180018049303e-10
5.778564731756592945e-11
3.010275093961585700e-11
2.186009057823494902e-11
3.499273294622664374e-11
6.832568177781323878e-11
1.176713700332235494e-10
1.763750218751317339e-10
2.362389605365380096e-10
2.886990597469659635e-10
3.260858005818533321e-10
3.427853137116292084e-10
3.361255631297045675e-10
3.068487865628213815e-10
2.590888772893161112e-10
1.998436614436531178e-10
1.380068166592117607e-10
8.309148713885537760e-11
4.382725333295943778e-11
2.683611101013453468e-11
3.558717400884966327e-11
6.979393129324144649e-11
1.253565160744800395e-10
1.948729727922512614e-10
2.686591355367886264e-10
3.361388846927761100e-10
3.874070631423595160e-10
4.147356687246285834e-10
4.137956892776707745e-10
3.844028761694033499e-10
3.306615320680765549e-10
2.604670761258676522e-10
1.844233818861176980e-10
1.143206206066362136e-10
6.138992150250876515e-11
3.459135852313816033e-11
3.919457706534252652e-11
7.587517203211088526e-11
1.404789329393388265e-10
2.245098772499106328e-10
3.162903093646987022e-10
4.026378650360000573e-10
4.708213828064946531e-10
5.105077148703400424e-10
5.154038668630475719e-10
4.843356895426939590e-10
4.215816196201189430e-10
3.363873024895204921e-10
2.417090352807422340e-10
1.523527955600862033e-10
8.277300382267823992e-11
4.485557876846999582e-11
4.602284540593884752e-11
8.795986189237450654e-11
1.661767961473661813e-10
2.705014522994010546e-10
3.864570850312443371e-10
4.973438217520001964e-10
5.867283071801393463e-10
6.409737692484478414e-10
6.514240884194398616e-10
6.158953625375790048e-10
5.392228371958759842e-10
4.327473773883014398e-10
3.127844771068189999e-10
1.982765796691988950e-10
1.079619616129843085e-10
5.747937013480785037e-11
5.685212445605003741e-11
1.087525137828941210e-10
2.078412092599254256e-10
3.413210933137441211e-10
4.906625261012153315e-10
6.342747314785653902e-10
7.507438107487586682e-10
8.221567050310278408e-10
8.369998055968035374e-10
7.921682047536053658e-10
6.937423814118015521e-10
5.563674938381035656e-10
4.012809694333253039e-10
2.532453588106043268e-10
1.368227609837913796e-10
7.254552171449177198e-11
7.357467519476196453e-11
1.433839137149195926e-10
2.748675909541218897e-10
4.510647269633344303e-10
6.474466826031327029e-10
8.354706291281794741e-10
9.868923085456000133e-10
1.078193782317072132e-09
1.094439145969141156e-09
1.031933950264807387e-09
8.992267072979858171e-10
7.162319687331055845e-10
5.115395419257632081e-10
3.182606989098678844e-10
1.690050512055156979e-10
9.074139548834427158e-11
1.003439447200902058e-10
2.015498811567275073e-10
3.838618749454016170e-10
6.236454397725103041e-10
8.873364583442004186e-10
1.136339268415578014e-09
1.332912888043319721e-09
1.446158840823073972e-09
1.457171658438203383e-09
1.362506247559973040e-09
1.175346400935435569e-09
9.240954111970532537e-10
6.485045517839382273e-10
3.938484418903762942e-10
2.039859962918456572e-10
1.143570880628559093e-10
1.460197828559006275e-10
3.017156166354444073e-10
5.646719275466783493e-10
9.004476551829207817e-10
1.261660449774225294e-09
1.594969548799819026e-09
1.849304187150324187e-09
1.984085665609346263e-09
1.976137234300388370e-09
1.824126597567430913e-09
1.549726439507332722e-09
1.195163484881312146e-09
8.173858630944594803e-10
4.796265716902440613e-10
2.415901350319433079e-10
1.497642389691638500e-10
2.294065047246472433e-10
4.795604830156399663e-10
8.720342269631335194e-10
1.354685896777440755e-09
1.858689620719979538e-09
2.308804306331238604e-09
2.635142888808959502e-09
2.784629287432746193e-09
2.730294838785331324e-09
2.476824009387412796e-09
2.061283694095605964e-09
1.548690498709089434e-09
1.022880536753305564e-09
5.739213435349535481e-10
2.839198730957419793e-10
2.134280047566802590e-10
3.906587480252191335e-10
8.053838498919045040e-10
1.408723975300148375e-09
2.119155865078756730e-09
2.834077617961848834e-09
3.445346333457929999e-09
3.856483399216875185e-09
3.998857746169692289e-09
3.844185384124488212e-09
3.411141245040837838e-09
2.764715462537973736e-09
2.008045914842367509e-09
1.267658988157624337e-09
6.741631673389181283e-10
3.412814331145443296e-10
3.465286009055741323e-10
7.167485114378880711e-10
1.421110705076417224e-09
2.373097940227308332e-09
3.441642566687651800e-09
4.470096504255997096e-09
5.300378933624233788e-09
5.798661717042539510e-09
5.878503812377808976e-09
5.517534800712160271e-09
4.764619099702061285e-09
3.735807884717520855e-09
2.599113056059347250e-09
1.549956810291471718e-09
7.807718180522706140e-10
4.493763977557950915e-10
6.512127577422848185e-10
1.400199434745032381e-09
2.621819650852006207e-09
4.160282613256147961e-09
5.799406367173747698e-09
7.294610700145995017e-09
8.411440227834797724e-09
8.964698987031255108e-09
8.851824462292024583e-09
8.074688345749339121e-09
6.745553838339953439e-09
5.075253488811988998e-09
3.344445269272128817e-09
1.861630207259412095e-09
9.140129881663740663e-10
7.188389740865456440e-10
1.383240154579801389e-09
2.879730451927246124e-09
5.042371355902795434e-09
7.585550455801608935e-09
1.014372051547035694e-08
1.232689092757616520e-08
1.378373220811345419e-08
1.426236941446059203e-08
1.365867051877580804e-08
1.204322568904516559e-08
9.661145589536169927e-09
6.902902830845050824e-09
4.249105584936955293e-09
2.196597181954929186e-09
1.176867567204438297e-09
1.479787231573081198e-09
3.195689336451405213e-09
6.186688711308371538e-09
1.009403901901626367e-08
1.438282909660602395e-08
1.841921496251990719e-08
2.156964160179725054e-08
2.330710475017979696e-08
2.330726366044663967e-08
2.151766991682351049e-08
1.818664658982576698e-08
1.384410080444427645e-08
9.234009031722708744e-09
5.206363951321440692e-09
2.583716432470320994e-09
2.022804634612224918e-09
3.894083429931185641e-09
8.200623290197917160e-09
1.455277169371835704e-08
2.220671343287766613e-08
3.016475851630330295e-08
3.732439726722677970e-08
4.265368017187548855e-08
4.536403791986481415e-08
4.504964557724751970e-08
4.176564977902341016e-08
3.602604601531526482e-08
2.871491154394326788e-08
2.092050741235739444e-08
1.371834547394319373e-08
7.944316274161737830e-09
4.010171597648826078e-09
1.819358304515727327e-09
8.405797030515472561e-10
3.897837933213561355e-10
1.599853404996787987e-10
1.024946743951306353e-09
6.130632714553460351e-09
2.228134388510293864e-08
6.162939234165657061e-08
1.436916086555078341e-07
2.977456916860167110e-07
5.657064341600062007e-07
1.005647408185728044e-06
1.696218456190076300e-06
2.742313783775801826e-06
4.282470229984460207e-06
6.498621424547136404e-06
9.629002389596767462e-06
1.398519190736506943e-05
1.997449668598984490e-05
2.812911930829977249e-05
3.914380367884207139e-05
5.392390268324557368e-05
7.364603926544870019e-05
9.983369932955490878e-05
1.344501562162036981e-04
1.800110242999097083e-04
2.397184072169600603e-04
3.176179741268562377e-04
4.187792978828434832e-04
5.494983663656079253e-04
7.175192987605513587e-04
9.322699612185123387e-04
1.205103423192546881e-03
1.549534120433421463e-03
1.981454343725356886e-03
2.519313462268019891e-03
3.184239378493992825e-03
4.000079400380439874e-03
4.993336335862118627e-03
6.192975490877428851e-03
7.630079690026603245e-03
9.337332681004513468e-03
1.134831648558037691e-02
1.369661545703387134e-02
1.641472889033356378e-02
1.953280474295697108e-02
2.307721893482130374e-02
2.706903722522579353e-02
3.152240910090495229e-02
3.644295464390780170e-02
4.182621512391386520e-02
4.765624522802015123e-02
5.390442862419484588e-02
6.052859830981852096e-02
6.747253847591491716e-02
7.466593521839642866e-02
8.202482942963323920e-02
8.945260698775017727e-02
9.684153960703975605e-02
1.040748653760143194e-01
1.110293722746140549e-01
1.175784221791665030e-01
1.235953284681948899e-01
1.289569787650289845e-01
1.335475769270777491e-01
1.372623662611977824e-01
1.400111899854668274e-01
1.417217457129270608e-01
1.423423983697348072e-01
1.418444302520136813e-01
1.402236272601722622e-01
1.375011257625454453e-01
1.337234737740230217e-01
1.289618917152571265e-01
1.233107503437364805e-01
1.168853148916836338e-01
1.098188334507626540e-01
1.022590728161019563e-01
9.436442519044416222e-02
8.629972350432732475e-02
7.823191112352714804e-02
7.032571324219660802e-02
6.273945250177984101e-02
5.562114085550420167e-02
4.910496421335466821e-02
4.330825696079252524e-02
3.832904119340087984e-02
3.424418166020989224e-02
3.110818316172903053e-02
2.895263362835611906e-02
2.778627429974420485e-02
2.759565914661220309e-02
2.834634952671682626e-02
2.998457742920981536e-02
3.243930170039859007e-02
3.562457631896746857e-02
3.944214788174672109e-02
4.378420060943778030e-02
4.853617091709655496e-02
5.357955938356864789e-02
5.879467523947008029e-02
6.406325672806793825e-02
6.927091937373519581e-02
7.430939288168317280e-02
7.907851573802054945e-02
8.348796432213539953e-02
8.745870032119522353e-02
9.092412637771318806e-02
9.383094521546203604e-02
9.613972205260212789e-02
9.782515404868548370e-02
9.887605399827761876e-02
9.929505864191195963e-02
9.909807496922035108e-02
9.831348086787468354e-02
9.698109951458876166e-02
9.515097005150566223e-02
9.288194032980828796e-02
9.024011076558499655e-02
8.729716152476792168e-02
8.412859817760352799e-02
8.081195345374637962e-02
7.742498458862938360e-02
7.404390678586669772e-02
7.074170335534017695e-02
6.758655198546728582e-02
6.464040428479338185e-02
6.195775215793769553e-02
5.958460980730840434e-02
5.755773428788690110e-02
5.590410076712057363e-02
5.464064119328258806e-02
5.377424723719476801e-02
5.330203045786444105e-02
5.321182497833305824e-02
5.348291086295431374e-02
5.408693015490248501e-02
5.498896241393054496e-02
5.614872278362433022e-02
5.752184324220077638e-02
5.906119680623380525e-02
6.071822504385138153e-02
6.244423122413580995e-02
6.419160463156647900e-02
6.591494580620808896e-02
6.757206749264087209e-02
6.912485163210450867e-02
7.053994854559915428e-02
7.178931027220240846e-02
7.285055561030537308e-02
7.370716955671453852e-02
7.434854438781950126e-02
7.476987346253072264e-02
7.497191188047756805e-02
7.496062037922798793e-02
7.474671032132963744e-02
7.434510836177818383e-02
7.377435948293518952e-02
7.305598663986002939e-02
7.221382438753236321e-02
7.127334267704850401e-02
7.026097561897973187e-02
6.920346851458566984e-02
6.812725492820570494e-02
6.705787407558552737e-02
6.601943737069509988e-02
6.503415162493533797e-02
6.412190512657719998e-02
6.329992162936630418e-02
6.258248612190021876e-02
6.198074510311719215e-02
6.150258292353134176e-02
6.115257454121331843e-02
6.093201376948439996e-02
6.083901475567853739e-02
6.086868303705264549e-02
6.101335109560469122e-02
6.126287191654941622e-02
6.160496269538920378e-02
6.202558959391033661e-02
6.250938337784832377e-02
6.304007493924436434e-02
6.360093916953935000e-02
6.417523544946440728e-02
6.474663318840735704e-02
6.529961139105606993e-02
6.581982214524902119e-02
6.629440918474223399e-02
6.671227423797275458e-02
6.706428566646256695e-02
6.734342584917230035e-02
6.754487579852930246e-02
6.766603751344973938e-02
6.770649649978784101e-02
6.766792864149612230e-02
6.755395711971406980e-02
6.736996630007857645e-02
6.712288040572514380e-02
6.682091534791552434e-02
6.647331229915900974e-02
6.609006148312830675e-02
6.568162425424756146e-02
6.525866089177430329e-02
6.483177069089537947e-02
6.441124995354956251e-02
6.400687242191303861e-02
6.362769561257511364e-02
6.328189544876838823e-02
6.297663059318446555e-02
6.271793698722583077e-02
6.251065232628749690e-02
6.235836955701729023e-02
6.226341797413871559e-02
6.222687011567501481e-02
6.224857239380100771e-02
6.232719723659175398e-02
6.246031443313475318e-02
6.264447934916626826e-02
6.287533569165910941e-02
6.314773052991032309e-02
6.345583931247320009e-02
6.379329864291553853e-02
6.415334458690213904e-02
6.452895427743476908e-02
6.491298856776424320e-02
6.529833345993896199e-02
6.567803802152823167e-02
6.604544650586591237e-02
6.639432242475644397e-02
6.671896239867429468e-02
6.701429773770305187e-02
6.727598189330236123e-02
6.750046216907223950e-02
6.768503438628141466e-02
6.782787956086375192e-02
6.792808205256889442e-02
6.798562908012356631e-02
6.800139194218303429e-02
6.797708972458896270e-02
6.791523669181817602e-02
6.781907493735045422e-02
6.769249418898481974e-02
6.753994091904989838e-02
6.736631908794121770e-02
6.717688494870233118e-02
6.697713836093736883e-02
6.677271300873327542e-02
6.656926779745558909e-02
6.637238152897251275e-02
6.618745273652017203e-02
6.601960631232381416e-02
6.587360829639431203e-02
6.575378992579399007e-02
6.566398178065523117e-02
6.560745861475675289e-02
6.558689523061959903e-02
6.560433355555154999e-02
6.566116089735832273e-02
6.575809920611334902e-02
6.589520503953374964e-02
6.607187982120230063e-02
6.628688988958332529e-02
6.653839575785883143e-02
6.682398993658907049e-02
6.714074261012363543e-02
6.748525440120772823e-02
6.785371540478844776e-02
6.824196962078758755e-02
6.864558386649659283e-02
6.905992020280669885e-02
6.948021086582807648e-02
6.990163465810779464e-02
7.031939372350287654e-02
7.072878960886651301e-02
7.112529750624665970e-02
7.150463757341217474e-02
7.186284225022275540e-02
7.219631852536939620e-02
7.250190416367122137e-02
7.277691697921825909e-02
7.301919633436629309e-02
7.322713615838612189e-02
7.339970891108237028e-02
7.353648006388059655e-02
7.363761283082265185e-02
7.370386305120876780e-02
7.373656430025166131e-02
7.373760347979545215e-02
7.370938731351851791e-02
7.365480033573865160e-02
7.357715511600480818e-02
7.348013559950450357e-02
7.336773456299051921e-02
7.324418628509339613e-02
7.311389560694418754e-02
7.298136461293325272e-02
7.285111819185663418e-02
7.272762974571399253e-02
7.261524829756248189e-02
7.251812821198340420e-02
7.244016268295325189e-02
7.238492206561800146e-02
7.235559803216627672e-02
7.235495441947832618e-02
7.238528550949183127e-02
7.244838234463311932e-02
7.254550753275004760e-02
7.267737884175569374e-02
7.284416172677382617e-02
7.304547077539447208e-02
7.328037990317154415e-02
7.354744098513744943e-02
7.384471047310066372e-02
7.416978342565139215e-02
7.451983427044421571e-02
7.489166352809271954e-02
7.528174965488053372e-02
7.568630510762335006e-02
7.610133569797596087e-02
7.652270228415229691e-02
7.694618384395228439e-02
7.736754098231586607e-02
7.778257894755717661e-02
7.818720926115980963e-02
7.857750910501790087e-02
7.894977765615011911e-02
7.930058861138805648e-02
7.962683820301894033e-02
7.992578807079768477e-02
8.019510242634990405e-02
8.043287902306883730e-02
8.063767352842718394e-02
8.080851698619724577e-02
8.094492615316462025e-02
8.104690659780802720e-02
8.111494855596157461e-02
8.115001564905885423e-02
8.115352668216660459e-02
8.112733084928881733e-02
8.107367677983173815e-02
8.099517596004481013e-02
8.089476115412798374e-02
8.077564052922807381e-02
8.064124825462304358e-02
8.049519239646205082e-02
8.034120096424268720e-02
8.018306698311726544e-02
8.002459346688113595e-02
7.986953915042718788e-02
7.972156580821848637e-02
7.958418793808073877e-02
7.946072552881315587e-02
7.935426055753794228e-02
7.926759778036401860e-02
7.920323029009815330e-02
7.916331021969939818e-02
7.914962487240539968e-02
7.916357846136747034e-02
7.920617954555016216e-02
7.927803415674512799e-02
7.937934452672336383e-02
7.950991324539831429e-02
7.966915261156118366e-02
7.985609887803629681e-02
8.006943104325983662e-02
8.030749380115845271e-02
8.056832423021197120e-02
8.084968177984915016e-02
8.114908109666883751e-02
8.146382722321714176e-02
8.179105269686595681e-02
8.212775607466443750e-02
8.247084141091944043e-02
8.281715821716105486e-02
8.316354143873667948e-02
8.350685098868321221e-02
8.384401038811278850e-02
8.417204407374317965e-02
8.448811294820446349e-02
8.478954776813391048e-02
8.507387998959216324e-02
8.533886972052090458e-02
8.558253046611860593e-02
8.580315039502232899e-02
8.599930990173072776e-02
8.616989529291652072e-02
8.631410848119192014e-02
8.643147262812941878e-02
8.652183373746101525e-02
8.658535825792632035e-02
8.662252681160935441e-02
8.663412421659920370e-02
8.662122602114108449e-02
8.658518180926270957e-02
8.652759557451346339e-02
8.645030348847539126e-02
8.635534941405968723e-02
8.624495853025813952e-02
8.612150944524224472e-02
8.598750517889904021e-02
8.584554339441401172e-02
8.569828625197506433e-02
8.554843024649223804e-02
8.539867637603318351e-02
8.525170096894532645e-02
8.511012747595185501e-02
8.497649950941985053e-02
8.485325538598145756e-02
8.474270440140869998e-02
8.464700503848657243e-02
8.456814528018997967e-02
8.450792517217368960e-02
8.446794175077497469e-02
8.444957642575431911e-02
8.445398488102529022e-02
8.448208953172980928e-02
8.453457455225102390e-02
8.461188346690200202e-02
8.471421927310796018e-02
8.484154704553198423e-02
8.499359894877558941e-02
8.516988156580167224e-02
8.536968542904306567e-02
8.559209662140700170e-02
8.583601029516502168e-02
8.610014593841472386e-02
8.638306420173411104e-02
8.668318508238213871e-02
8.699880725034418727e-02
8.732812829020873691e-02
8.766926562569021808e-02
8.802027788990116064e-02
8.837918650433901346e-02
8.874399723309572829e-02
8.911272148575953567e-02
8.948339715262086658e-02
8.985410876866987973e-02
9.022300681794796773e-02
9.058832600657246159e-02
9.094840235055136335e-02
9.130168894293259896e-02
9.164677028334561326e-02
9.198237507133046054e-02
9.230738738273350230e-02
9.262085616576806735e-02
9.292200301009115315e-02
9.321022815841265019e-02
9.348511474587166414e-02
9.374643126773224422e-02
9.399413229092164201e-02
9.422835743965402022e-02
9.444942869971482968e-02
9.465784609991770293e-02
9.485428184264339813e-02
9.503957296796487764e-02
9.521471264758722686e-02
9.538084021535246648e-02
9.553923005032914639e-02
9.569127943628252808e-02
9.583849552760893842e-02
9.598248155656652347e-02
9.612492241981235308e-02
9.626756978408068655e-02
9.641222685122308178e-02
9.656073292203107283e-02
9.671494789632531508e-02
9.687673684375154581e-02
9.704795477571744045e-02
9.723043174387485665e-02
9.742595838448928069e-02
9.763627202101402003e-02
9.786304342897592101e-02
9.810786435812095252e-02
9.837223589645543997e-02
9.865755774959687752e-02
9.896511849675433681e-02
9.929608687197306882e-02
9.965150410617978904e-02
1.000322773524363051e-01
1.004391742039934671e-01
1.008728183024142078e-01
1.013336860218383151e-01
1.018221042052803588e-01
1.023382489201902223e-01
1.028821451933916303e-01
1.034536676798090693e-01
1.040525422154094798e-01
1.046783482019458256e-01
1.053305217695932466e-01
1.060083596628543096e-01
1.067110237951646307e-01
1.074375464180630096e-01
1.081868358513686512e-01
1.089576827215158750e-01
1.097487666556617447e-01
1.105586633795804657e-01
1.113858521675642477e-01
1.122287235924870064e-01
1.130855875242718911e-01
1.139546813248773910e-01
1.148341781880084095e-01
1.157221955720798418e-01
1.166168036753404275e-01
1.175160339029636541e-01
1.184178872768791163e-01
1.193203427405808981e-01
1.202213653126862763e-01
1.211189140449287632e-01
1.220109497424026190e-01
1.228954424060962891e-01
1.237703783604321706e-01
1.246337670312623602e-01
1.254836473429563892e-01
1.263180937067978349e-01
1.271352215767615479e-01
1.279331925533132297e-01
1.287102190207170538e-01
1.294645683087625732e-01
1.301945663756566840e-01
1.308986010148038281e-01
1.315751245944764558e-01
1.322226563453985648e-01
1.328397842170273291e-01
1.334251663286037670e-01
1.339775320453447660e-01
1.344956827136845612e-01
1.349784920917555808e-01
1.354249065123565854e-01
1.358339448155264917e-01
1.362046980864589363e-01
1.365363292321188360e-01
1.368280724264926695e-01
1.370792324505198112e-01
1.372891839482486553e-01
1.374573706161843212e-01
1.375833043383805909e-01
1.376665642755207364e-01
1.377067959126366259e-01
1.377037100670590597e-01
1.376570818557187326e-01
1.375667496194780681e-01
1.374326138010348586e-01
1.372546357728239019e-01
1.370328366115309005e-01
1.367672958165439268e-01
1.364581499707370194e-01
1.361055913432225317e-01
1.357098664351071016e-01
1.352712744707447179e-01
1.347901658383129087e-01
1.342669404849848591e-01
1.337020462730467429e-01
1.330959773045382877e-01
1.324492722226987551e-01
1.317625124993076491e-01
1.310363207173646516e-01
1.302713588586576765e-01
1.294683266056322613e-01
1.286279596663756908e-01
1.277510281306198647e-01
1.268383348633748964e-01
1.258907139410876119e-01
1.249090291332983771e-01
1.238941724304325476e-01
1.228470626160478446e-01
1.217686438793749160e-01
1.206598844616424554e-01
1.195217753276102551e-01
1.183553288519726687e-01
1.171615775090930622e-01
1.159415725538566755e-01
1.146963826815028953e-01
1.134270926549375419e-01
1.121348018894000875e-01
1.108206229863067244e-01
1.094856802104684779e-01
1.081311079076923420e-01
1.067580488626941188e-01
1.053676526002457897e-01
1.039610736353101944e-01
1.025394696804830946e-01
1.011039998211812480e-01
9.965582267071203260e-02
9.819609451839719783e-02
9.672596748450142112e-02
9.524658769567719008e-02
9.375909349412675509e-02
9.226461369279859159e-02
9.076426588762087633e-02
8.925915483636290282e-02
8.775037091205592499e-02
8.623898863729173581e-02
8.472606530406952274e-02
8.321263968231150387e-02
8.169973081879125520e-02
8.018833692687842019e-02
7.867943436642740873e-02
7.717397671211742582e-02
7.567289390770554069e-02
7.417709150298211485e-02
7.268744996953395432e-02
7.120482409105011179e-02
6.973004242348523896e-02
6.826390682021359069e-02
6.680719201728668732e-02
6.536064527393639634e-02
6.392498606382991666e-02
6.250090581298721470e-02
6.108906768089606559e-02
5.969010638214825720e-02
5.830462804675405619e-02
5.693321011825260014e-02
5.557640128967423349e-02
5.423472147826329665e-02
5.290866184067961192e-02
5.159868483092781843e-02
5.030522430369883946e-02
4.902868566582943566e-02
4.776944607848847280e-02
4.652785471223008090e-02
4.530423305635787601e-02
4.409887528321883299e-02
4.291204866694997566e-02
4.174399405516183298e-02
4.059492639091757255e-02
3.946503528132870586e-02
3.835448560822803110e-02
3.726341817562901781e-02
3.619195038824207789e-02
3.514017695504664807e-02
3.410817061193486405e-02
3.309598285766936904e-02
3.210364469779238700e-02
3.113116739172228434e-02
3.017854319887907158e-02
2.924574612042124544e-02
2.833273263383737778e-02
2.743944241827764655e-02
2.656579906909198666e-02
2.571171080045457635e-02
2.487707113535240003e-02
2.406175958243382193e-02
2.326564229938245937e-02
2.248857274259530997e-02
2.173039230298006580e-02
2.099093092775906888e-02
2.027000772820166177e-02
1.956743157330062544e-02
1.888300166950955886e-02
1.821650812680583251e-02
1.756773251151005216e-02
1.693644838645572484e-02
1.632242183927546525e-02
1.572541199967669029e-02
1.514517154667702724e-02
1.458144720673865136e-02
1.403398024368055115e-02
1.350250694107930742e-02
1.298675907761865506e-02
1.248646439555560657e-02
1.200134706212405492e-02
1.153112812333154276e-02
1.107552594928356594e-02
1.063425666985907958e-02
1.020703459935034564e-02
9.793572648549724730e-03
9.393582722748377786e-03
9.006776104194230692e-03
8.632863817762060493e-03
8.271556978857832684e-03
7.922567122941594556e-03
7.585606516437495145e-03
7.260388449199077672e-03
6.946627509077147114e-03
6.644039839462344277e-03
6.352343380927345969e-03
6.071258098259439163e-03
5.800506194235823150e-03
5.539812311471435310e-03
5.288903723543517815e-03
5.047510516416181363e-03
4.815365760949648181e-03
4.592205677016753668e-03
4.377769789497499599e-03
4.171801076183322826e-03
3.974046107442215023e-03
3.784255177367732738e-03
3.602182426074942902e-03
3.427585952822657499e-03
3.260227919703863504e-03
3.099874645777945300e-03
2.946296691663944159e-03
2.799268934786245094e-03
2.658570635625176481e-03
2.523985495458348251e-03
2.395301706178663576e-03
2.272311992818437654e-03
2.154813649402791305e-03
2.042608568691731304e-03
1.935503266261586657e-03
1.833308899234351551e-03
1.735841279795962344e-03
1.642920883482643351e-03
1.554372852058919126e-03
1.470026990692949696e-03
1.389717759056497727e-03
1.313284255951923567e-03
1.240570197100042318e-03
1.171423885806672800e-03
1.105698176358145546e-03
1.043250430162538309e-03
9.839424648422911979e-04
9.276404966773343268e-04
8.742150769777059117e-04
8.235410231190264498e-04
7.754973450860982520e-04
7.299671684327835482e-04
6.868376545751680865e-04
6.459999192878555481e-04
6.073489501789178192e-04
5.707835237816299935e-04
5.362061227384125415e-04
5.035228533733403710e-04
4.726433637742600310e-04
4.434807623452936116e-04
4.159515366590178049e-04
3.899754723460545011e-04
3.654755717116347732e-04
3.423779717679401426e-04
3.206118614152923926e-04
3.001093975860630943e-04
2.808056202769984577e-04
2.626383665230843322e-04
2.455481834987930387e-04
2.294782410566844884e-04
2.143742441171954025e-04
2.001843453981261224e-04
1.868590590100432111e-04
1.743511754427713115e-04
1.626156784272538697e-04
1.516096640815319571e-04
1.412922626450660438e-04
1.316245629825913441e-04
1.225695399066462174e-04
1.140919842391229449e-04
1.061584354166477062e-04
9.873711635203466942e-05
9.179787020146441010e-05
8.531209865884144435e-05
7.925270140628769852e-05
7.359401639142691253e-05
6.831176067301024781e-05
6.338297167017456187e-05
5.878594875769407196e-05
5.450019526123975019e-05
5.050636101233708377e-05
4.678618571379398875e-05
4.332244343527446467e-05
4.009888859950387592e-05
3.710020382971769901e-05
3.431195000761581149e-05
3.172051884052021073e-05
2.931308816140518363e-05
2.707758009207383496e-05
2.500262209622671749e-05
2.307751084359036943e-05
2.129217870738128594e-05
1.963716263261377847e-05
1.810357504861834834e-05
1.668307646007898004e-05
1.536784933929466582e-05
1.415057295841779820e-05
1.302439884197670576e-05
1.198292658302697847e-05
1.102017984516712766e-05
1.013058246060817849e-05
9.308934624306519368e-06
8.550389268596290807e-06
7.850428775285736536e-06
7.204842237368781035e-06
6.609703516452702743e-06
6.061350352657913786e-06
5.556364770843476856e-06
5.091554992283107089e-06
4.663939007618632290e-06
4.270729899790966749e-06
3.909322930291715556e-06
3.577284324620585813e-06
3.272341619394383075e-06
2.992375369745863168e-06
2.735411966233185304e-06
2.499617278937787403e-06
2.283290834794596328e-06
2.084860242959242499e-06
1.902875611035086822e-06
1.736003739769690254e-06
1.583021941628194359e-06
1.442811394889980709e-06
1.314350014475550989e-06
1.196704888398011529e-06
1.089024389631359016e-06
9.905301230186351343e-07
9.005089022849583963e-07
8.183049710979808489e-07
7.433126835410843242e-07
6.749698437529657839e-07
6.127518734814702520e-07
5.561669326286464374e-07
5.047520650779020336e-07
4.580703843108291045e-07
4.157092548836928527e-07
3.772793710037287934e-07
3.424145860974941470e-07
3.107723106106076664e-07
2.820342716775724387e-07
2.559074191021406072e-07
2.321247675800309545e-07
2.104459845176808075e-07
1.906575644302807388e-07
1.725724722170046894e-07
1.560291854834255885e-07
1.408901170268797309e-07
1.270394490276274795e-07
1.143804569559905761e-07
1.028324406535929347e-07
9.232740999489865986e-08
8.280669123594313085e-08
7.421762668597052220e-08
6.651053463017034049e-08
5.963607925687377996e-08
5.354317321873118142e-08
4.817750052608023471e-08
4.348070732588161949e-08
3.939026561945928756e-08
3.583997303653634595e-08
3.276101319563318343e-08
3.008346841023192229e-08
2.773815154543812982e-08
2.565860810779323001e-08
2.378313392196910969e-08
2.205665809280324953e-08
2.043235478844250793e-08
1.887286953190007746e-08
1.735107447630273121e-08
1.585030051475672460e-08
1.436402976529893125e-08
1.289506763115507687e-08
1.145424700574199550e-08
1.005874623420214099e-08
8.730125467557057931e-09
7.492201800063868262e-09
6.368891314454325165e-09
5.382145652026689207e-09
4.550102275797972178e-09
3.885551988805663342e-09
3.394805705013856496e-09
3.077016470081557507e-09
2.923984033865929127e-09
2.920439727560303301e-09
3.044780821921217795e-09
3.270197638634730924e-09
3.566114929179944352e-09
3.899852594148717423e-09
4.238400497226134932e-09
4.550198341388999939e-09
4.806814324952147191e-09
4.984425197865932793e-09
5.065014660935957080e-09
5.037225767612892784e-09
4.896824856419983185e-09
4.646758182288293781e-09
4.296806397594987116e-09
3.862864964794184361e-09
3.365899183509848724e-09
2.830639691203786146e-09
2.284097192599260904e-09
1.753983211384334531e-09
1.267126559433176684e-09
8.479730065914274272e-10
5.172486175143408730e-10
2.908559675447500507e-10
1.790577370779613129e-10
1.859849535647326412e-10
3.094884433284951299e-10
5.413329512479625724e-10
8.677149417189288531e-10
1.270068285790101467e-09
1.726107713805151464e-09
2.211048747047110947e-09
2.698935293625905369e-09
3.164002465550924160e-09
3.582002488300957337e-09
3.931425662472195980e-09
4.194555837847435871e-09
4.358310247837718957e-09
4.414826172444067913e-09
4.361771008352869238e-09
4.202367138402326201e-09
3.945137720568686323e-09
3.603393409595843682e-09
3.194492409207483199e-09
2.738916563688058244e-09
2.259213999387370735e-09
1.778863830948708642e-09
1.321120519211740225e-09
9.078946262532857280e-10
5.587231206438006181e-10
2.898763344454186153e-10
1.136405621855443752e-10
3.780560294927427793e-11
6.537581619535237571e-11
1.945120515094684592e-10
4.187006803671031087e-10
7.271354316819792809e-10
1.105288285650428377e-09
1.535637710969718119e-09
1.998516348232257455e-09
2.473036056940473772e-09
2.938046160887971004e-09
3.373080748765667369e-09
3.759252918094391763e-09
4.080057707070163499e-09
4.322050882072733226e-09
4.475377421232612842e-09
4.534131098723048072e-09
4.496534650303477900e-09
4.364938204760358943e-09
4.145641628917575221e-09
3.848553816568869677e-09
3.486708458275776769e-09
3.075661217947559100e-09
2.632797333844855164e-09
2.176581342643206138e-09
1.725781849311504883e-09
1.298704052035138643e-09
9.124611600796729698e-10
5.823130468825144370e-10
3.210966387815378132e-10
1.387678641180923213e-10
4.206971347987094357e-11
3.433533694452610568e-11
1.154293762766369954e-10
2.818251372296292946e-10
5.268099683904757219e-10
8.408065202962258078e-10
1.211793570528897413e-09
1.625806938147935794e-09
2.067498754955445241e-09
2.520732051556383824e-09
2.969187252990339508e-09
3.396957724517712676e-09
3.789112892259025920e-09
4.132209586722655174e-09
4.414734998090698460e-09
4.627467852516981650e-09
4.763747970710348867e-09
4.819648102483032223e-09
4.794045695071134593e-09
4.688595908369742715e-09
4.507610609259453670e-09
4.257851149297103780e-09
3.948245364476624856e-09
3.589541363769738178e-09
3.193912248860487651e-09
2.774526908084159973e-09
2.345102452483274009e-09
1.919453731152892382e-09
1.511054715170239645e-09
1.132625428609843320e-09
7.957565982019816997e-10
5.105823662501063737e-10
2.855093463916893573e-10
1.270080832659035615e-10
3.947068897831652404e-11
2.513615188576633966e-11
8.408262098016920068e-11
2.142839282652599959e-10
4.117257783960577110e-10
6.705754549361384444e-10
9.833975996636296879e-10
1.341407637329848425e-09
1.734753753361460164e-09
2.152817985311077849e-09
2.584526949366980832e-09
3.018662970847592320e-09
3.444166894691674249e-09
3.850424584759782283e-09
4.227530041003341082e-09
4.566519130168737107e-09
4.859569096138557247e-09
5.100160247972313110e-09
5.283197476323263715e-09
5.405090483849455032e-09
5.463792797922888552e-09
5.458800733995011823e-09
5.391114470037685383e-09
5.263164256463768764e-09
5.078705507078390412e-09
4.842687085732011513e-09
4.561097516244327476e-09
4.240794100664655605e-09
3.889320038153668910e-09
3.514714602729415166e-09
3.125321275025935536e-09
2.729598445890357115e-09
2.335936934804065931e-09
1.952488111698020855e-09
1.587005895342374499e-09
1.246705343707758568e-09
9.381399696059918501e-10
6.670993256645993943e-10
4.385278220102683419e-10
2.564651820375079021e-10
1.240084185209849210e-10
4.329473422071158072e-11
1.550432606708302385e-11
4.088170586402852387e-11
1.187738470228149062e-10
2.476832279485859624e-10
4.253336683476325696e-10
6.487467432503552558e-10
9.143265078824015529e-10
1.217950270368347953e-09
1.555063203388504838e-09
1.920774684329316852e-09
2.309954389719499936e-09
2.717326337049016203e-09
3.137559258610930570e-09
3.565351901066588275e-09
3.995512064521670802e-09
4.423028420015777405e-09
4.843134368841867145e-09
5.251363426142798619e-09
5.643595820421657616e-09
6.016096196331037876e-09
6.365542487488685916e-09
6.689046186792946692e-09
6.984164382296921404e-09
7.248904046147921743e-09
7.481719162069166732e-09
7.681501353553579091e-09
7.847564730915298423e-09
7.979625711708179867e-09
8.077778587031667667e-09
8.142467607556772559e-09
8.174456349487139740e-09
8.174795093980925589e-09
8.144786915860065968e-09
8.085953130613734787e-09
7.999998694764782259e-09
7.888778095474234246e-09
7.754262202557224251e-09
7.598506491527591592e-09
7.423620981345779300e-09
7.231742166516009599e-09
7.025007161221298762e-09
6.805530214211551702e-09
6.575381698003101854e-09
6.336569625167358131e-09
6.091023698530538317e-09
5.840581861300720546e-09
5.586979277574738056e-09
5.331839643439056040e-09
5.076668703846614847e-09
4.822849830468139575e-09
4.571641500515366822e-09
4.324176505826376898e-09
4.081462714895647323e-09
3.844385207659148930e-09
3.613709603273938059e-09
3.390086404444498005e-09
3.174056187625460471e-09
2.966055476244693613e-09
2.766423143558829581e-09
2.575407202483778781e-09
2.393171851394894197e-09
2.219804657143380355e-09
2.055323769095479586e-09
1.899685070615713794e-09
1.752789186866615452e-09
1.614488279892566883e-09
1.484592573540189104e-09
1.362876561721713095e-09
1.249084863744763194e-09
1.142937699856129382e-09
1.044135968716666619e-09
9.523659162311075787e-10
8.673033919830296527e-10
7.886176954875257583e-10
7.159750195978104010e-10
6.490415027165449114e-10
5.874859050208517368e-10
5.309819267561420297e-10
4.792101888446884822e-10
4.318598976553059560e-10
3.886302168401389673e-10
3.492313697357259738e-10
3.133854959981243429e-10
2.808272859589148679e-10
2.513044157048729860e-10
2.245778051474374554e-10
2.004217204124188654e-10
1.786237407840796559e-10
1.589846092255505378e-10
1.413179842022369832e-10
1.254501091897563395e-10
1.112194148803701896e-10
9.847606773475004529e-11
8.708147718070949970e-11
7.690777245227214333e-11
6.783725880563727726e-11
5.976186165322592938e-11
5.258256603063914055e-11
4.620885776018569141e-11
4.055817170139011701e-11
3.555535158563192089e-11
3.113212511896813249e-11
2.722659730278993115e-11
2.378276426458134148e-11
2.075004930727622844e-11
1.808286237218011475e-11
1.574018366290487682e-11
1.368517179186594506e-11
1.188479648194236451e-11
1.030949557914634290e-11
8.932855902956084230e-12
7.731317274514940017e-12
6.683898914845820808e-12
5.771947291122092138e-12
4.978904404804180417e-12
4.290095457316871208e-12
3.692534793193668087e-12
3.174749004098256859e-12
2.726616076724708437e-12
2.339219480613954762e-12
2.004716115928524438e-12
1.716217074002766583e-12
1.467680203125911069e-12
1.253813516789968374e-12
1.069988530104652855e-12
9.121626609572907344e-13
7.768098847080710923e-13
6.608588838593246155e-13
5.616379864561460977e-13
4.768262383685966409e-13
4.044100045667554030e-13
3.426445426576404895e-13
2.900200380122788316e-13
2.452316335659115809e-13
2.071530286878336130e-13
1.748132603073814143e-13
1.473763157210895870e-13
1.241232602016753060e-13
1.044365937252835085e-13
8.778657989913453550e-14
7.371931659521236253e-14
6.184634198240003230e-14
5.183559171330024372e-14
4.340354308592984482e-14
3.630840018974789075e-14
3.034419048764443102e-14
2.533565810733227745e-14
2.113385244064459206e-14
1.761232259865727840e-14
1.466383895919396465e-14
1.219757258197895959e-14
1.013667175913465704e-14
8.416182512895467964e-15
6.981266539732835464e-15
5.785676015232719983e-15
4.790449895614151476e-15
3.962800951738868195e-15
3.275166815996724679e-15
2.704401871835539288e-15
2.231089924765277342e-15
1.838960312091110270e-15
1.514392481232724822e-15
1.245996133698835309e-15
1.024255829781471689e-15
8.412305102867233993e-16
6.902997450501635090e-16
5.659496893530410833e-16
4.635927415544522923e-16
3.794157685235684058e-16
3.102525177167380081e-16
2.534764817748833663e-16
2.069110372041991049e-16
1.687541552439286327e-16
1.375153910929641029e-16
1.119632066032593223e-16
9.108097949786943860e-17
7.403030622871506452e-17
6.012042192320324866e-17
4.878274482742626120e-17
3.954970887356937845e-17
3.203718048483151014e-17
2.592986794120597452e-17
2.096922654352391311e-17
1.694344299286374634e-17
1.367915004982434396e-17
1.103457953921377467e-17
8.893909736516111065e-18
7.162603493402099653e-18
5.763567309003510170e-18
4.633989935962600186e-18
3.722742879562011024e-18
2.988245030771607704e-18
2.396710285551637680e-18
1.920710865205800366e-18
1.538000607426894116e-18
1.230552117953328840e-18
9.837696732167665670e-19
7.858464101604188610e-19
6.272398537307637692e-19
5.002444029000299259e-19
3.986431798570328129e-19
3.174247761376687276e-19
2.525530143739162959e-19
2.007799773700273660e-19
1.594943144490614290e-19
1.265982827647935043e-19
1.004081720966637089e-19
7.957374010071189054e-20
6.301308810733675448e-20
4.986006606642698849e-20
3.942183462199645913e-20
3.114465364589780476e-20
2.458632732153664084e-20
1.939403045789883296e-20
1.528648102488020680e-20
1.203961973670726922e-20
9.475116942183754048e-21
7.451156746389515215e-21
5.855053641303318668e-21
4.597342436816900586e-21
3.607051626826427865e-21
2.827926500392820949e-21
2.215413771820484089e-21
1.734256262837049811e-21
1.356575862835608817e-21
1.060346954986841888e-21
8.281818145889042520e-22
6.463650463733242508e-22
5.040866489078927825e-22
3.928333608005601569e-22
3.059060288313447892e-22
2.380372262873825515e-22
1.850885513771271059e-22
1.438112019194189706e-22
1.116567565426534215e-22
8.662775820430062916e-23
6.715982504662789936e-23
5.202871282459260071e-23
4.027710799040867741e-23
3.115700981850405746e-23
2.408441897525258536e-23
1.860373303070427895e-23
1.435979212119538133e-23
1.107594877160684182e-23
8.536877550028328845e-24
6.575110960958136057e-24
5.060502324182806802e-24
3.891985933463449601e-24
2.991138787298879209e-24
2.297153995248093547e-24
1.762919444905325847e-24
1.351961122434681757e-24
1.036062310904575694e-24
7.934106791666658484e-25
6.071573451392186342e-25
4.642971928538661231e-25
3.547994998754699465e-25
2.709334428272053303e-25
2.067452038269948250e-25
1.576529178264376420e-25
1.201331464269061460e-25
9.147838381704139125e-26
6.960964615526635456e-26
5.293174313088781869e-26
4.022159653209676792e-26
3.054212574710199464e-26
2.317589781703134907e-26
1.757404463950669337e-26
1.331696416769896097e-26
1.008411009512812648e-26
7.630785695215521135e-27
5.770331350894723256e-27
4.360462418993694730e-27
3.292798250024300423e-27
2.484842986729198394e-27
1.873848641159400800e-27
1.412122136431441385e-27
1.063439227383574473e-27
8.003062638932524777e-28
6.018708915970050705e-28
4.523290745708216008e-28
3.397114312964754701e-28
2.549592431191784215e-28
1.912215133586274044e-28
1.433205856128631501e-28
1.073461989821276923e-28
8.034733563149278821e-29
6.009847264882480496e-29
4.492240180712225427e-29
3.355602491084206332e-29
2.504877438627447030e-29
1.868578338862802700e-29
1.392981713960743960e-29
1.037741570927595435e-29
7.725793969228672194e-30
5.747878119589069650e-30
4.273492133917501547e-30
3.175189164126861895e-30
2.357588689216391789e-30
1.749357682889137689e-30
1.297184452718450126e-30
9.612531807832696210e-31
7.118478464494920017e-31
5.268054785743004144e-31
3.896076721611156679e-31
2.879514133455932605e-31
2.126795872312793037e-31
1.569812071788901407e-31
1.157937611004069854e-31
8.535690773934193420e-32
