2.118321356378761733e-01
9.311787180567841771e-02
2.117307041166161252e-01
4.089378358189874052e-01
4.694215387329718769e-01
5.840126568346321045e-01
2.926150444966948982e-01
1.649737808473762668e-01
4.866164454149051188e-01
7.111380585500990392e-01
5.627858909593589365e-01
3.164657109729175355e-01
8.473061943249781125e-01
8.486911555730761725e-01
8.564326166545225272e-01
7.757345863593553270e-01
6.048649283402103283e-01
4.629291884583854877e-01
3.924058144243859902e-01
4.932523304668681163e-01
7.494635399601752290e-01
9.069585397931454462e-01
8.001322500726233411e-01
8.738856537617938347e-01
8.250655864791365257e-01
7.530194422145873867e-01
8.092005635370940198e-01
8.439573772637486426e-01
9.115145369710734302e-01
9.170303815133625802e-01
9.085064299845243552e-01
9.576949162407083493e-01
9.505119368597331198e-01
8.942925197710724916e-01
7.086270314661916592e-01
5.730150370530366910e-01
6.885663767529925927e-01
8.675656800934250512e-01
9.628146589523239873e-01
9.836203609223957978e-01
9.628569721047169905e-01
9.578581316869463347e-01
9.707183575970401712e-01
9.807364755423029212e-01
9.866587125113996937e-01
9.868557430441783351e-01
9.776967424091819181e-01
9.543281582176489364e-01
9.213542434279786697e-01
9.019014926405807264e-01
9.106890965274940797e-01
9.352235312971165504e-01
9.454279713242177419e-01
9.744716968349684816e-01
9.847866546908770058e-01
9.892919737213131670e-01
9.924003306128347246e-01
9.931066324716855132e-01
9.876345945155371453e-01
9.748684925789545819e-01
9.598145974226774957e-01
9.480909595340629714e-01
9.411906579342915746e-01
9.380233338423686895e-01
9.364308015770956839e-01
9.361752038731860903e-01
9.412481790039953777e-01
9.522236455528563237e-01
9.647887572965738734e-01
9.752459639307807793e-01
9.819667001247874838e-01
9.837675552782918498e-01
9.786878038511976907e-01
9.654846287485006062e-01
9.486022874304979036e-01
9.386633734694743714e-01
8.197006130007570279e-01
8.915095734426594642e-01
9.453405649361222851e-01
9.748452900423840717e-01
9.889416669369336388e-01
9.915398355033691047e-01
9.872932794728678241e-01
9.809744811089788907e-01
9.171104965217889982e-01
9.134444796301892655e-01
9.270685954951938257e-01
9.416781041024583354e-01
9.547887436100649383e-01
9.594555762256496978e-01
9.542226935565857326e-01
9.489952306709622531e-01
9.512905139663577758e-01
9.594213917433427330e-01
9.687827421153861751e-01
9.761222587338230783e-01
9.790213153044128314e-01
9.746133044309778226e-01
9.617620736804358694e-01
9.461890390487847080e-01
9.385219854250361760e-01
9.429813357751083425e-01
9.544043283960169655e-01
9.659490712147322800e-01
9.734229140708312578e-01
9.744698576083947739e-01
9.681210808926925537e-01
9.570370915278324508e-01
9.485033478086560832e-01
9.484544059535783278e-01
9.557064844873837117e-01
9.650913255188801054e-01
9.722811963949109515e-01
9.744295674893177495e-01
9.695647174986999905e-01
9.584297186160973814e-01
9.473606947712094328e-01
9.443808058237062042e-01
9.506505671550338210e-01
9.610064186574814871e-01
9.702195170853655792e-01
9.750792151025726717e-01
9.733997109419553206e-01
9.645146830858082332e-01
9.523572369922609360e-01
9.452244822090187792e-01
9.477566176476839299e-01
9.568077012769352629e-01
9.666946573649075614e-01
9.734099878886354196e-01
9.743806715806005991e-01
9.680732368305582369e-01
9.563924872908298180e-01
9.466535614669936427e-01
9.458189502262469572e-01
9.532540449190062271e-01
9.634502480234752309e-01
9.716850538410157778e-01
9.750351420864603602e-01
9.714714407953678466e-01
9.611551225710617263e-01
9.495129065167537963e-01
7.618950142528373437e-01
9.548061435153559762e-01
9.694976480795842733e-01
9.798445021897593810e-01
9.864828741479966245e-01
9.914165440920978956e-01
9.936190496398370486e-01
9.946505982178547312e-01
9.950001695920064337e-01
9.942740501603285486e-01
9.828365058970645052e-01
8.406057293888971049e-01
8.077909508497356228e-01
7.466013689207638970e-01
7.713576738751244388e-01
8.695702136474794397e-01
9.328903581526628574e-01
9.780006653514541348e-01
9.506505286355461104e-01
9.677422218764633044e-01
9.779144364848657567e-01
9.837514123413108047e-01
9.884196291579284699e-01
9.919463258497761560e-01
9.799358846648501542e-01
9.327196787805175360e-01
8.791260403701322002e-01
8.663532825906414825e-01
8.910105758608991566e-01
9.275223259734390879e-01
9.559267429549792583e-01
9.682151992904791671e-01
9.695446822077180560e-01
9.688012248283640604e-01
9.703907420386248539e-01
9.742224782009967221e-01
9.783776471065630531e-01
9.805812977653421969e-01
9.779855327041560020e-01
9.672597747250107902e-01
9.486069937794427975e-01
9.318757425698805941e-01
9.293545909037127517e-01
9.405910353122356460e-01
9.562790750674305951e-01
9.693271115664326976e-01
9.766653017216648802e-01
9.768503520693921915e-01
9.696518307406172266e-01
9.583553653797775018e-01
9.502011745667899856e-01
9.503586209934935525e-01
9.571984695656772235e-01
9.657213000938645875e-01
9.717593466474357955e-01
8.860702252403587220e-01
9.176782640448193362e-01
9.358504738076545149e-01
9.509483329971796239e-01
9.643567890049951075e-01
9.748669914783955059e-01
9.819656093856410362e-01
9.849827940259677783e-01
9.826281330820936244e-01
9.732245230870590902e-01
9.570624417643356363e-01
9.402916091822394185e-01
9.331907530749541380e-01
9.394229490079775147e-01
9.526657437665355666e-01
9.653703136258448003e-01
9.734831714154850157e-01
9.750592301950137264e-01
9.694211431874947271e-01
9.591682055717115629e-01
9.511319467759113966e-01
9.508670603807066746e-01
9.573458562174502751e-01
9.658154145654863632e-01
9.721529824684035370e-01
9.734438160691891717e-01
9.676752629614776557e-01
9.560506818848005794e-01
9.456255433686231449e-01
9.440960999100572737e-01
9.515023147010076565e-01
9.622361078773383758e-01
9.712824651020425248e-01
9.756633540040069441e-01
9.733160294951608282e-01
9.638329798311240371e-01
9.516210275760060844e-01
9.450675907351628879e-01
9.482280624627692500e-01
9.575077763904354944e-01
9.672504743048897513e-01
9.735749040675381050e-01
9.739597299306382849e-01
9.670495136643368905e-01
9.552577425376731490e-01
9.462269476047764361e-01
9.463587981384067316e-01
9.542965358850508117e-01
9.644470037005550278e-01
9.723029711403849973e-01
9.750596467216787744e-01
9.707820062377436887e-01
9.599931344457940385e-01
9.486344605279308784e-01
9.448319678811299971e-01
9.503609482160755295e-01
9.603849722540939160e-01
9.695967813459577256e-01
9.746401386435691316e-01
9.732410949690164514e-01
9.646230727591698084e-01
9.525427472518142036e-01
9.452489373582909638e-01
9.475831729882426835e-01
9.565701675854971775e-01
9.665255191402284396e-01
9.734037147606869889e-01
9.746215025661540965e-01
9.685771151967718096e-01
9.569444428556838078e-01
9.468687230888440665e-01
9.455602519941854744e-01
8.781916286685113038e-01
9.017093061126782993e-01
9.405270967051400088e-01
9.603029419018371815e-01
9.733339014690201019e-01
9.833878748194168073e-01
9.895132272981184141e-01
9.873028624600613812e-01
9.741809658384372739e-01
9.549460306868926551e-01
9.372227614272679030e-01
9.260005183051238653e-01
9.235867304565601454e-01
9.268585039036333351e-01
9.323634756917286159e-01
9.427935597502232756e-01
9.566291684326794220e-01
9.695785871683237911e-01
9.792970562841454285e-01
9.849694990223869517e-01
9.404052085675818073e-01
3.095611880640466995e-01
4.333499245690112800e-01
6.581046341728928883e-01
7.805560819551579099e-01
8.581482913945128743e-01
9.130991298935224876e-01
9.508932637574368796e-01
9.720696779050025382e-01
9.765684262520886172e-01
9.683576709338214128e-01
9.572628794074774516e-01
9.531382892363930992e-01
9.572059835915485149e-01
9.642321082450713288e-01
9.701239965734291815e-01
9.725527834182263742e-01
8.920879397612846429e-01
8.422808494364293352e-01
8.764306817177880404e-01
9.125344549718696907e-01
9.433376050495920762e-01
9.657508875319913422e-01
9.800914050249240894e-01
9.873456799405903039e-01
9.878847266054232579e-01
9.811414940257083828e-01
9.673774224020192936e-01
9.510357056993942182e-01
9.408088667319142173e-01
9.419641588720925052e-01
9.511686324946450055e-01
9.616885758917836924e-01
9.687201174297467299e-01
9.696584094765652306e-01
9.640205053962352943e-01
9.553039456682859143e-01
9.503229354945847973e-01
8.374936496169421707e-01
9.078736972679959383e-01
9.475386059356224466e-01
9.722674547921325017e-01
9.857709456592103070e-01
9.887350132171158767e-01
9.825573232485247388e-01
9.715844748070833203e-01
9.621262343452660071e-01
9.582292382321306867e-01
9.595158355782830162e-01
9.626317040170301320e-01
9.631154625379380052e-01
9.572886596529784908e-01
9.465552688554650373e-01
9.389964922745450693e-01
9.413337224972861961e-01
9.517939116294671376e-01
9.642567427873829367e-01
9.742388441281258915e-01
9.795532991374705789e-01
9.786025883699049910e-01
9.701940005478736362e-01
9.564620107790294812e-01
9.452463352456267343e-01
9.439153265401564186e-01
8.772431807797727021e-01
9.308691158741169147e-01
9.651166045495286339e-01
9.827861351762671172e-01
9.898562670992226975e-01
9.897122679896399600e-01
9.851378624775224413e-01
9.788005491987645801e-01
9.732283526094490655e-01
9.695853981587420067e-01
9.669020321295871412e-01
9.627954729089379660e-01
9.543179697746757562e-01
9.411224697225505365e-01
9.310876790347237808e-01
9.334215803257153166e-01
9.461287826351515440e-01
9.611802250949161852e-01
9.732321360624826001e-01
9.802492813307076558e-01
9.810232482111871377e-01
9.743245158921528537e-01
9.612739087642679925e-01
9.485601746148523139e-01
9.444215805030600208e-01
9.499296577913212136e-01
9.597169202111094366e-01
9.682877568907637400e-01
9.720809413416187095e-01
9.689532065986765641e-01
9.595469871311883558e-01
9.496631797038552758e-01
9.467884455738367899e-01
9.523980330344296030e-01
9.115269095546337796e-01
9.558704525999471846e-01
9.716261341905119142e-01
9.811889822269400652e-01
9.867143701328049410e-01
9.909997849580081120e-01
9.926300205656870546e-01
9.896400883374393276e-01
9.823802542598468746e-01
9.726352180105143352e-01
9.610706683077038237e-01
9.472765293350305926e-01
9.321378266896408471e-01
9.213691949110169865e-01
9.235754102912326902e-01
9.381442339089488547e-01
9.560052298959866857e-01
9.706954504007633266e-01
9.803444463654589214e-01
9.845067286195998690e-01
9.820441003841441363e-01
9.718055219037115000e-01
9.565477561000566009e-01
9.449870557756687717e-01
9.440385922401255403e-01
8.819078569197743578e-01
9.464178598406985943e-01
9.301910296279621848e-01
9.528709031627372594e-01
9.683130520792112561e-01
9.673169003670167854e-01
9.759864099007515836e-01
9.808562349276227499e-01
9.811814634402797886e-01
9.774052433951563312e-01
9.696126300389900088e-01
9.566409414637792041e-01
9.350913385808276024e-01
5.928075984794385356e-01
5.838116153762147320e-01
9.634383116735103503e-01
9.540810471889626942e-01
9.844028632607342288e-01
9.912436765795940019e-01
9.933860973879258260e-01
9.970732984633421392e-01
9.976387400187790577e-01
9.980598710566598308e-01
9.937246231550471709e-01
9.732908167661695753e-01
9.140591144508597443e-01
3.493617415219563704e-01
1.120188902959998317e-01
1.968932238628324505e-01
3.269608591117653118e-01
8.628665616676532979e-01
8.867172717547103789e-01
9.080128483516729521e-01
9.282850362861616578e-01
9.454871068516700339e-01
9.306862152589578940e-01
9.243523547739677104e-01
8.619899636706339630e-01
5.057890848831391173e-01
9.436569351776107339e-01
9.359569491967071331e-01
9.711604488510664490e-01
9.759174238248260469e-01
9.622729252791338839e-01
9.573206238789926381e-01
9.707195727332501578e-01
9.608949995763286234e-01
9.704500574589710604e-01
9.703749428668204668e-01
9.008632604956785528e-01
6.270069526561635742e-01
6.038326504393993766e-01
8.194721083001615947e-01
8.766147304295374143e-01
9.370684248509549841e-01
9.588165693032084658e-01
9.697068750207969989e-01
9.759170534808492281e-01
9.723933464306389052e-01
9.776922995449548459e-01
9.714823433114758711e-01
9.416655892483757340e-01
8.763142746265284444e-01
8.328687052103010968e-01
8.697086619512853778e-01
9.237412932707401714e-01
9.577814077341927357e-01
9.757615538906659891e-01
9.856061202116191966e-01
9.912567432842225301e-01
9.930377360370334916e-01
2.570338910274558297e-01
7.303642104573634386e-01
3.090853356831698706e-01
4.461891106362751436e-01
6.451144053381634436e-01
7.529857450338195424e-01
5.169364564401717210e-01
4.900141520976749043e-01
5.037013615854132320e-01
7.614234892760636253e-01
8.017431754315010872e-01
8.438951856927058293e-01
8.810749698999649215e-01
8.891492263058717871e-01
8.536935035312976927e-01
7.943941255043194261e-01
7.634224761791448266e-01
8.071704994404343969e-01
8.916723486186596270e-01
9.512867987246800272e-01
8.995849145822962800e-01
9.107840396945671158e-01
9.321271947101298361e-01
9.309886895148019592e-01
9.603309038543329512e-01
9.705674094756568948e-01
9.622337149074733365e-01
9.387413738069940727e-01
9.164419631518468945e-01
9.112189979286371422e-01
9.229362942396269753e-01
8.640564331584992264e-01
9.284768340876584647e-01
9.670416777255399499e-01
9.757708896382674135e-01
9.762457371591524158e-01
9.768192752080793184e-01
9.856437291370685472e-01
9.896234100174283732e-01
9.897502165607600100e-01
9.859189935211508660e-01
9.768419894727307096e-01
9.609241642542217798e-01
9.394216568260738143e-01
9.236746115806885316e-01
9.261110991043303153e-01
9.416899406758583169e-01
9.588427256093389195e-01
9.510129255931006886e-01
9.318221484729459769e-01
9.526688323500409616e-01
9.631487050186307020e-01
9.697005965872665945e-01
9.745800505855998219e-01
9.783508303930139594e-01
9.805622881092471710e-01
9.164495720441944160e-01
9.321574310042790579e-01
9.388505772667595783e-01
9.445426595220699495e-01
9.518677664310902786e-01
9.586931319700662257e-01
9.644483917499919734e-01
9.703535933693424598e-01
9.752852810226902980e-01
9.775621935173215427e-01
9.757247948093945578e-01
9.681499917255470544e-01
7.416752951148611883e-01
8.941384817879671765e-01
9.510351708568381968e-01
9.796162142508517690e-01
9.837714699730509826e-01
9.894514888732264257e-01
9.944840619175366880e-01
9.964280135142835615e-01
9.971639086323982326e-01
9.980782569047581543e-01
9.966951720853695074e-01
9.879321831999874348e-01
9.005029326397560041e-01
8.037084504727112222e-01
7.646755150232918963e-01
8.595952358889039635e-01
9.379490589622616614e-01
9.711359083072520493e-01
9.841541070139222525e-01
9.903708560164208308e-01
9.938520445943106463e-01
9.956715984265464003e-01
9.955724669813772465e-01
9.915963845021567025e-01
9.792739197827426967e-01
9.533461714015923905e-01
9.204995343907574901e-01
9.058714482262830714e-01
9.179571585927913668e-01
9.099301662576501082e-01
9.614695864500930611e-01
9.834997478786632330e-01
9.901284310344782291e-01
9.920005565500660261e-01
9.928732637261283855e-01
9.921841977625479592e-01
9.881827953743711479e-01
9.222478831786454778e-01
9.153804447883351347e-01
9.119993244483174388e-01
9.127782481913941925e-01
9.222320046411406347e-01
7.717056910085264843e-01
8.796484731355933562e-01
9.487768847649424853e-01
9.742407116024515146e-01
9.822364078258002396e-01
9.844923756343726406e-01
9.873844866786889440e-01
9.927024137215402222e-01
9.915871837822093360e-01
9.691477169249371748e-01
9.283957138083821503e-01
8.967307235423082057e-01
8.934315816030733437e-01
4.845531653641070302e-01
8.920742794034294265e-01
9.679180841207315478e-01
9.687152637978768688e-01
9.582959573011989862e-01
9.479341653743896812e-01
9.454861140958790156e-01
8.891345064107837315e-01
9.130274148148551649e-01
9.499979764550686712e-01
9.744467802813769897e-01
9.862500970303388348e-01
9.857401639761077528e-01
9.800816707051198673e-01
9.773002651365015891e-01
9.767320678870257122e-01
9.761998012798783764e-01
9.740036138655708831e-01
9.679229752762628092e-01
8.837446114843727774e-01
7.076316721758840744e-01
7.893439837283825478e-01
8.621810942384665610e-01
9.174378078272004133e-01
9.543096287910018960e-01
9.764758267413146120e-01
9.555825615564483844e-01
8.659719767140530156e-01
5.536179386582325002e-01
4.839708026714521494e-01
5.002469328111653901e-01
7.073812736435767246e-01
7.452895131181905830e-01
7.638514498212574111e-01
7.617014884838606559e-01
7.338584375162826579e-01
6.881256287837371755e-01
6.842949661962884900e-01
7.952482054960088309e-01
9.083085001710456963e-01
9.626101855912577721e-01
9.827020192196914694e-01
9.868953023963282778e-01
9.858056446452890809e-01
9.864798103856378120e-01
9.884839636354256776e-01
9.822226047805742155e-01
9.630513896707240118e-01
9.427399040459149004e-01
6.808631438954715343e-01
7.716894853953668587e-01
8.536913322675644400e-01
7.247051079974066168e-01
9.101242950388412911e-01
9.659258432294550722e-01
9.844348733357243253e-01
9.898602427325338127e-01
9.875469072507456758e-01
9.791251396359156312e-01
9.647019905464297995e-01
9.435961645112731500e-01
9.191749586950238582e-01
9.052389319693069369e-01
9.131605835722906850e-01
9.350609317502427409e-01
9.566958685040292121e-01
9.724003261504499118e-01
9.822346139698322487e-01
9.867609365507238328e-01
9.852048588697046583e-01
9.760554771707437016e-01
9.606542722884031660e-01
9.467643730915016320e-01
9.428293130378442299e-01
9.488031629753784779e-01
9.585654019584030072e-01
9.664076440042618232e-01
9.686507068930392261e-01
8.216543093632466821e-01
8.955890381668227818e-01
9.570594798469143072e-01
9.703505091896066359e-01
9.819947114303749780e-01
9.880647591472913049e-01
9.889247014443078854e-01
9.925065070309232462e-01
9.969892216943920804e-01
9.975139228067221309e-01
9.947593364750294542e-01
9.511072035339724895e-01
7.657149078746395832e-01
5.820970851781291922e-01
8.311064785121730081e-01
8.912077405459721824e-01
9.212265425375932848e-01
9.399894923487798204e-01
9.488180671210677541e-01
9.546551688076739817e-01
9.722420898850447912e-01
9.706646301532149135e-01
9.715044178744943748e-01
9.746284511986176291e-01
9.232995453340563374e-01
6.840676187587756418e-01
5.961255915599426025e-01
7.441736337106322763e-01
8.797293142017397205e-01
9.282525703850915688e-01
9.511381001798966395e-01
9.663264621673970378e-01
9.797959154542975613e-01
9.885375707935655232e-01
9.867301613282111195e-01
9.720663771662336750e-01
9.494000552644780155e-01
9.328218678691885257e-01
7.405900576776315303e-01
8.226928200378311740e-01
8.981019738251118101e-01
9.319417333508590584e-01
9.348514702731659520e-01
9.573690543961004273e-01
8.242518688936355531e-01
6.696376453075142399e-01
7.465846161342276632e-01
7.813395913115184221e-01
8.911278572265006748e-01
8.826354026753807647e-01
9.488281147446141484e-01
9.361188665043369550e-01
3.523610017094495062e-01
5.209904926284183446e-01
6.778291897122165066e-01
7.769457885394932539e-01
8.586904450598950023e-01
9.334879455239635249e-01
8.919637729036318241e-01
8.950231040418616946e-01
9.252189661833614132e-01
9.423337891630632068e-01
9.551854999828391923e-01
9.679932912090570829e-01
9.762205587891208403e-01
9.720296869982651966e-01
7.448023024593801722e-01
8.806140236588552161e-01
9.273638591465468428e-01
9.622344092505644708e-01
9.751081016490295017e-01
9.760037934166891915e-01
9.752271633354810954e-01
9.867484876070378164e-01
9.893379818566087058e-01
9.891799780164628464e-01
9.870703837058322216e-01
9.157819246536545998e-01
7.322044742603597278e-01
7.559234089823768654e-01
8.941416243998647762e-01
8.963655742336436028e-01
8.358136549430614792e-01
9.648966008856464383e-01
9.540827798821944761e-01
9.740732267089402541e-01
9.775059604649540823e-01
9.860857930617792366e-01
9.905605462364865943e-01
9.838750928168558119e-01
9.348097097116218057e-01
8.173487444928771994e-01
7.488464871862917649e-01
8.370086979400562788e-01
9.276812405992108657e-01
9.722816384935260015e-01
9.898187948174301809e-01
9.957488430999498208e-01
9.973458528786218746e-01
9.970245409668500036e-01
9.884550342559380587e-01
9.791774911103117152e-01
9.601423596363102275e-01
9.360530097529045079e-01
9.233609248897728383e-01
9.288131764553653191e-01
9.437789946826099508e-01
9.578566127283144604e-01
9.651585887991109836e-01
9.644970492032143294e-01
8.550218480426069467e-01
6.728846923663526214e-01
5.327191963955563159e-01
3.341256012342184167e-01
3.993965855357721750e-01
5.693511634838388513e-01
8.090981991648463767e-01
8.173885603573525227e-01
5.652007229768063468e-01
6.999992722105174980e-01
8.908639162750844331e-01
8.696206015702248049e-01
1.058335286313606127e-01
2.936955745978656052e-01
4.968245080563626903e-01
3.828215632288398673e-01
3.932762407632752755e-01
1.611214383097930303e-01
2.616893820968860251e-01
2.488694978245750700e-01
1.020464724204475510e-01
3.193695379035756399e-01
5.140828028972052044e-01
5.998146179730067251e-01
3.016714840112146856e-01
5.259863166240409393e-01
4.553083481217022888e-01
6.039100200343666680e-01
4.128877951992603879e-01
2.637837408760748681e-01
3.793844342849495566e-01
3.967293711747424401e-01
2.929711963607090075e-01
4.651527587461208313e-01
5.889824215907749627e-01
6.141663986626454408e-01
7.826929998198512983e-01
8.771054088251111214e-01
9.331011868422800504e-01
9.517968290190836900e-01
9.583796022544316395e-01
9.478843521332485089e-01
9.616850517114533536e-01
9.609205755415846095e-01
9.223842066342400337e-01
8.644518564606091804e-01
8.464862930500391958e-01
8.802856375642279518e-01
9.286396022116745197e-01
9.563953146900009417e-01
9.640126277159698498e-01
9.682871653152509417e-01
9.747286093905929150e-01
9.809067277321715794e-01
9.849586521329278810e-01
9.862467954802679460e-01
9.834756171661110935e-01
9.736585724825107535e-01
9.546017991573768624e-01
7.754178347856542919e-01
8.049900788103780958e-01
8.186048811331799735e-01
8.821839440719899672e-01
9.084585782590335334e-01
9.481467992789012200e-01
9.734760931258370498e-01
9.863523909552724955e-01
9.918645416077153110e-01
9.895298582858431669e-01
9.730265748523146963e-01
8.725580337351852567e-01
8.019229479356516643e-01
7.558658716762773899e-01
7.968784242037787457e-01
8.856693381921666441e-01
9.477498393173551250e-01
9.762200550187325465e-01
9.871192494798814998e-01
9.913065902282203190e-01
9.928825534155627519e-01
9.845178763661299737e-01
9.856224479437349917e-01
9.726107331159636882e-01
9.354847994734427630e-01
9.103294587244591396e-01
9.052201695092618738e-01
9.211101354960220533e-01
9.443802206688346468e-01
9.643000085886722639e-01
9.765495514184997505e-01
9.044492280516471805e-01
6.548910650843671188e-01
7.195617369958223764e-01
7.761054922839508707e-01
8.466848556029414885e-01
9.087259492719641507e-01
9.514758356328579803e-01
9.750131107610052750e-01
9.828217844406175185e-01
9.778563815734462317e-01
9.650910947566727627e-01
9.527487374671136378e-01
9.472662544551403441e-01
9.491781696572182403e-01
9.555546939972724418e-01
9.624837741730414287e-01
9.666937252655892765e-01
9.661949765942181578e-01
9.606582650639594601e-01
9.530239843090817509e-01
9.492541176711680739e-01
9.527630956934598494e-01
9.611093737999899522e-01
9.697857163736403052e-01
9.755792919102554972e-01
9.762554705844883607e-01
9.699202254640834076e-01
9.573397423489647950e-01
9.454240088029912670e-01
9.426517963050163873e-01
9.496423256375605693e-01
9.605624693968712879e-01
9.699789565499378208e-01
9.746663778497162145e-01
9.725250778386331785e-01
9.633572042888326470e-01
9.518217800461733491e-01
9.460602701065534692e-01
9.495934354079547113e-01
9.587396516488836395e-01
9.680966538519275577e-01
9.739632950098354724e-01
9.738492744274179769e-01
9.664354873890577124e-01
9.543550012643395863e-01
9.454908249377634855e-01
9.460789386474361962e-01
9.543894178198635281e-01
9.646894443828821775e-01
9.725155630306526744e-01
9.751174763828320824e-01
9.706265105115950975e-01
9.597301320250075651e-01
9.485358938475666468e-01
9.450510887215202160e-01
9.507701725187763797e-01
9.607771640767059917e-01
9.698396325062017542e-01
9.746516247376053599e-01
9.729573831810921503e-01
9.640896168138761713e-01
9.520429936502383672e-01
9.451188700704655776e-01
9.478449657868631695e-01
9.569950183257444065e-01
9.669017310853221803e-01
9.736049019563631779e-01
9.745614223365742790e-01
8.171686019938421142e-01
8.386350612570224738e-01
8.786846846001444833e-01
9.143482457113312201e-01
6.953480823985117576e-01
5.795047093719596365e-01
3.363910253998583233e-01
7.326971112915943163e-01
6.392754513000932226e-01
3.828419683617833580e-01
7.748926076148722197e-01
9.016902210897215220e-01
9.243876171448551782e-01
8.895927591126669975e-01
7.532769337738579596e-01
7.712109321319515765e-01
6.747945142791453854e-01
5.177330980250334225e-01
7.828609766756463584e-01
8.090526845876213624e-01
8.911102964606331112e-01
8.770265735365839754e-01
9.254313289518923957e-01
9.547795543914248118e-01
9.737812336316652440e-01
9.649613183923525517e-01
9.535166686322352758e-01
8.980376220367140006e-01
8.443264897893471010e-01
8.386578811017658674e-01
8.805866244442506208e-01
9.301710815557676648e-01
9.612918512401774640e-01
9.752930605284114707e-01
9.783786402405142413e-01
8.807428946481644649e-01
9.166904542132627842e-01
9.414555504397359442e-01
9.615478838403449524e-01
9.757300119407008587e-01
9.822634316472739213e-01
9.791195850690386226e-01
9.647652647302987772e-01
9.439334860520954829e-01
7.419851858121642163e-01
8.639967688622779418e-01
9.407618208562364970e-01
9.214687264435060809e-01
9.799390514387967821e-01
9.878151035812274827e-01
9.871841594268034870e-01
9.874423349625622848e-01
9.922238064148152237e-01
9.915726987743009868e-01
9.868960801976984776e-01
9.778429530220578147e-01
7.549773801735799594e-01
4.994030826692013592e-01
3.318032336975562102e-01
2.717845183272644127e-01
2.708519620147806783e-01
5.903380650716223421e-01
7.819557449132592541e-01
8.754282146430533151e-01
9.224224189396792450e-01
9.507285728537840930e-01
9.722640924192024192e-01
9.839773168664649461e-01
9.648058624962695395e-01
9.267981745837124974e-01
9.089830230755722162e-01
9.135379177540273732e-01
9.314601694086078743e-01
9.512824774583665821e-01
9.645297295271680893e-01
9.679349072247066532e-01
9.636552752767189034e-01
9.580782738325532844e-01
9.569999501245141094e-01
9.613966450435280642e-01
9.683603127576502212e-01
9.743926380111984642e-01
9.105552348383900707e-01
9.231946171537459556e-01
9.370511829850162178e-01
8.647098420785457318e-01
9.153254822891078168e-01
9.509934435046546453e-01
9.745689742875007777e-01
9.877944570063191820e-01
9.935269666785685461e-01
9.926645216158745955e-01
9.858305128770366021e-01
9.747610912001929417e-01
9.606235749852214401e-01
9.456249111121783901e-01
9.384585483724829924e-01
9.425354313438023546e-01
9.517849647516197775e-01
9.595652874539062349e-01
9.623062811646359016e-01
9.596819263082768670e-01
9.552746386809264356e-01
9.544658676783674967e-01
9.591415579575699457e-01
9.667181684722562229e-01
9.737094275529887266e-01
9.775500825388543369e-01
9.759174424014084304e-01
9.668233616378412165e-01
9.521841099376849860e-01
7.052321049915634132e-01
7.860137058249879738e-01
8.611588694978026259e-01
9.180730136212530423e-01
9.565455679664153221e-01
9.788550171890966212e-01
9.868403703105781410e-01
9.831845373173428992e-01
9.739428405986225723e-01
9.660299676493971921e-01
9.629942291727957571e-01
9.642373320742100296e-01
9.666750382651139173e-01
9.661040541549442695e-01
9.589199530152889839e-01
9.460416603285839443e-01
9.355635777209648785e-01
9.359303923533379699e-01
9.464943180153547742e-01
9.603903203811154921e-01
9.720942628533826291e-01
9.791130871102681210e-01
9.800769659095508457e-01
9.737903157310434654e-01
9.612312515721223027e-01
9.486861503457467704e-01
9.443621341657806312e-01
9.497171489519433685e-01
9.595624359180534579e-01
9.683862707732719954e-01
9.726435640115139725e-01
9.701186403306490957e-01
9.609946439594403422e-01
9.505074475638548570e-01
7.696912416731712669e-01
8.566801745088629128e-01
9.120804886956079827e-01
9.797738896107853757e-01
9.614399322072784138e-01
9.818918779049826684e-01
9.904600700342569564e-01
9.940849558898332550e-01
9.924822323377990863e-01
9.826462314628982009e-01
9.641170953235086438e-01
9.417502653978555571e-01
9.228094897976508726e-01
9.145177572207550121e-01
9.192173959633587188e-01
9.310227099353666214e-01
9.442099856943155789e-01
9.575587788203913098e-01
9.697082999939403702e-01
9.791152182843638752e-01
9.696107584187385608e-01
7.485661529125667846e-01
9.441695743718636624e-01
9.671273413156036280e-01
9.779482860153603241e-01
9.871828631644042895e-01
9.887632895752760387e-01
9.894946191001874336e-01
9.902630221904273888e-01
9.895554663260993644e-01
9.899949218076348201e-01
9.673218933699737621e-01
8.258441833740564064e-01
6.931588203994883957e-01
7.263010350121189562e-01
8.049827604355651589e-01
9.445692441521169602e-01
9.659961708558704174e-01
9.712795346555792575e-01
9.724502641066401498e-01
9.757190408549872851e-01
9.801774995602456908e-01
9.778755224340541785e-01
9.785356697353948530e-01
9.756156767938906071e-01
9.615753445391256315e-01
9.238138830278228575e-01
3.563258328432728494e-01
7.532997208930893862e-01
8.171472898057937639e-01
8.772259269073818810e-01
9.317068600618630958e-01
9.655560799192171029e-01
9.852213528079906135e-01
9.932461803846379667e-01
9.923621136797948772e-01
9.868822435140283122e-01
9.795539186277758548e-01
9.686925599230280515e-01
9.558603422128039151e-01
9.487551683184041185e-01
9.499609707302396622e-01
9.551748163453017693e-01
9.592326366466681353e-01
9.588193068198931357e-01
9.539201741881953023e-01
9.491312616014325743e-01
9.500412118338518175e-01
9.571226915920706402e-01
9.665137205240250662e-01
9.744843173545699733e-01
9.786760455540737258e-01
8.903899049169786695e-01
8.980856132097130295e-01
9.129862472362140213e-01
8.569571628408361175e-01
9.030225145254643371e-01
9.388499283132161199e-01
9.633356663801386777e-01
9.792107645152784423e-01
9.868189679593134533e-01
9.570710639464700131e-01
9.618761670711808431e-01
9.650799660450448680e-01
8.765135187679782280e-01
8.543590869735239179e-01
8.732936512591223943e-01
9.108590944073667872e-01
9.458145492172151947e-01
9.655744718718241026e-01
9.709754921246590564e-01
8.682965054949737249e-01
9.212302399544172182e-01
9.316400203714649830e-01
9.574972085235525787e-01
9.686040168868186306e-01
9.799115298379701411e-01
9.897598075339992807e-01
9.888474851491209083e-01
9.740336695434947956e-01
9.525237121893903591e-01
9.358649976767140499e-01
9.319723355372734330e-01
9.395969657059630720e-01
9.511225649328761689e-01
8.275903330341956021e-01
8.871639304690304151e-01
9.297803936513563405e-01
9.525555678043500230e-01
9.685644351242865824e-01
9.804761271862233452e-01
9.879580342382423552e-01
9.908772262923479790e-01
9.884148798095411248e-01
9.785252588170106902e-01
9.595280221623532224e-01
9.358084170798421919e-01
7.059063010767492319e-01
7.959519256229861117e-01
7.849523897791462757e-01
8.989096027892224949e-01
9.227842792833260699e-01
9.390645192360590476e-01
9.505832810691815515e-01
9.611115782946244579e-01
9.734707156623095825e-01
9.809732155415636923e-01
9.839935835985826884e-01
9.854123533797932710e-01
9.421680038948199165e-01
6.745644251967676253e-01
6.898177011606715370e-01
9.165864680683973864e-01
9.756206693223251625e-01
9.838165452756921781e-01
9.908552739500859907e-01
9.949539752416826088e-01
9.899636531782600724e-01
9.876287359316424652e-01
9.927383546907291301e-01
9.878796417629743809e-01
9.818307590957021658e-01
9.469316961830315238e-01
8.851364311512174288e-01
8.491896823479297973e-01
8.658581091334083268e-01
9.102236966207948310e-01
9.493261783314916880e-01
9.676159072327082944e-01
9.713388749303978331e-01
9.712909490079997266e-01
9.134802463028458552e-01
8.845975062544856327e-01
9.327629861447020998e-01
9.642589329847351953e-01
9.629784297128041182e-01
9.758248256098539519e-01
9.829467923296465459e-01
9.557820608566066634e-01
9.457720024035869422e-01
9.343082206293494840e-01
9.262323953712454649e-01
9.273069746476707564e-01
7.636521651513454856e-01
8.766970113989399627e-01
8.098045839725596107e-01
9.102976591470259837e-01
9.565781321840690632e-01
9.762791961304305710e-01
9.604661921063049057e-01
9.663717584573761066e-01
9.735461203007934605e-01
9.788714743446541577e-01
9.827884441770674551e-01
9.476394209241775224e-01
9.047586630341498681e-01
8.576178435580842363e-01
8.576538294496843795e-01
8.901523536064844810e-01
9.250667914750116960e-01
9.531043374125467427e-01
9.709581650583696266e-01
9.761449174399338125e-01
9.709763239697547510e-01
9.640201387436528879e-01
9.619294173415705584e-01
9.650614261328218646e-01
9.703218519399066100e-01
9.118136281157843692e-01
9.241696023110239633e-01
9.392234328461116499e-01
9.485038503437418500e-01
9.568918352499100610e-01
9.655530436869081967e-01
9.735341289395743614e-01
9.795763276726843216e-01
9.824245101039916772e-01
9.806329378799127916e-01
9.726893492896870885e-01
9.585389564248439909e-01
9.428741555786972484e-01
9.352090189181072599e-01
9.403200392197585966e-01
9.528214592533584826e-01
9.652932034150767393e-01
9.735296527896540875e-01
9.753972565776074521e-01
9.699199682981873849e-01
9.593257539798683009e-01
9.504830474415594255e-01
9.495588987481600185e-01
9.559455658187426819e-01
9.647751745675370305e-01
9.716957095685800905e-01
9.737101978566552463e-01
9.687213357256881929e-01
9.575291719239182875e-01
7.981838521625254090e-01
7.756347708301597477e-01
8.596098427315235213e-01
9.173810475428614275e-01
9.542967289766156602e-01
9.770243975302947970e-01
9.867890477143093086e-01
9.847831766539815179e-01
9.385030734147017384e-01
6.219942632937572879e-01
6.058949819418901761e-01
7.018512404901666724e-01
8.377077618816114457e-01
9.055420637538199591e-01
9.095357082943851257e-01
8.742430940551273455e-01
8.524180909144963847e-01
8.693213452472621228e-01
8.157494164241348988e-01
8.779393403073838531e-01
8.742985719622196061e-01
6.708290190348924487e-01
8.591210920292846609e-01
9.157680966571420944e-01
9.732856360730740564e-01
9.749960583058597807e-01
9.885129091793495304e-01
9.704956154109677380e-01
9.780080005555689127e-01
9.554081393156669266e-01
8.553596438246716671e-01
1.796783560297348925e-01
3.528994481271217065e-01
8.318028776981863937e-01
8.652054288920673075e-01
9.307885079351713165e-01
9.573146754630506017e-01
9.532018996674390676e-01
9.397688447806046286e-01
9.827287332017536903e-01
9.893139988036497856e-01
9.910242276849077214e-01
9.657047805552492203e-01
8.579492249842908258e-01
4.581004716699390023e-01
7.114966809690853600e-01
7.989064163480684710e-01
8.733259909997511672e-01
9.313704903082067332e-01
9.638717149258198003e-01
9.771114240011972152e-01
9.818955573814984739e-01
9.846148733693789179e-01
7.579357817525229635e-01
7.887292875494550382e-01
8.889586093152166413e-01
8.817211498091219735e-01
9.497075753591743830e-01
9.510855563046192174e-01
9.670130679441023558e-01
9.758636571837135953e-01
9.807288227133625913e-01
9.897889559630993483e-01
9.890537190136430290e-01
9.850095830175309430e-01
7.896153084286314794e-01
6.143332711536564350e-01
7.670005340826174800e-01
8.917344289458799533e-01
9.567346919545497430e-01
9.635833792101722306e-01
9.825001447102004182e-01
9.622661122585582927e-01
9.833667764389465438e-01
9.401515997100275968e-01
9.693191481019787226e-01
9.836521095208923260e-01
9.841037180622181912e-01
9.430261189419469892e-01
8.715549847665785554e-01
8.380840057160447998e-01
8.643920011689006921e-01
9.169526031409236388e-01
9.519032993001589338e-01
9.693464331962016178e-01
9.793812594551928319e-01
9.856738808339391422e-01
9.894305260338631669e-01
9.910479726247847232e-01
9.898158888136765476e-01
9.826970726136067258e-01
9.646921982166537513e-01
9.377718020237685304e-01
5.904649537799989689e-01
9.191664249652932162e-01
9.529580700794433312e-01
9.728854621487111887e-01
9.753210716868966346e-01
9.781956815911884151e-01
9.826485772350758152e-01
9.871090451024699952e-01
9.882861952212802503e-01
9.858935123888330487e-01
9.684955823559242560e-01
9.244284734759583566e-01
8.632623379571335853e-01
8.461616705674240846e-01
8.888737966528048595e-01
9.320034881464221987e-01
9.593270946035636904e-01
9.752854408901043826e-01
9.845832568214719638e-01
9.900329744841750435e-01
9.928175042457656474e-01
9.925074012521446498e-01
9.866139870144209345e-01
9.709989064414905613e-01
8.079713540997256471e-01
3.217337681621827983e-01
4.723163035495222400e-02
9.142889814871548726e-01
8.546401957926201831e-01
7.791066849812863238e-01
9.476918854174468665e-01
9.356569323582273334e-01
9.712190130526566767e-01
9.669268079995528842e-01
9.582187890763788074e-01
9.237766945349780157e-01
8.287557039744530840e-01
7.091338058388201304e-01
3.948280815789752540e-01
3.948327894185100218e-01
7.574294505889032081e-01
7.920707708901579824e-01
8.654462729653323860e-01
9.342918457136564214e-01
9.605317243176894060e-01
9.708510983712551612e-01
6.347775749925228528e-01
8.945917185177659769e-01
9.574630356468336601e-01
9.724254720216838344e-01
7.470499834894266389e-01
8.354858217107931084e-01
8.513127628370267264e-01
8.969677252278391855e-01
8.921993100437138891e-01
9.197935339039186031e-01
9.694016528693443213e-01
9.848914693121405550e-01
9.830856455147827244e-01
9.833864927418786150e-01
9.870733681032127782e-01
9.898855470164907855e-01
9.877855882227523088e-01
9.179934377537576351e-01
8.913299298181558417e-01
8.583053371176824209e-01
8.596116578162918964e-01
8.962755969295072012e-01
9.354791828655018016e-01
9.511770016223924928e-01
9.656730792649903528e-01
9.747394986144446438e-01
9.631263534238342361e-01
9.753303662189881651e-01
9.833971807188467418e-01
9.812941433903707988e-01
9.684511815537352186e-01
7.107453761138593507e-01
8.544000253760010155e-01
5.750369870770609682e-01
8.333662500192768885e-01
8.287117037778621853e-01
9.747509228154985772e-01
9.884878918757949995e-01
9.929237941798515488e-01
9.937907525145459608e-01
9.929532916476131454e-01
9.950614880987960209e-01
9.854580138602544448e-01
8.857839608620369232e-01
6.388942625842242151e-01
6.238656412866068202e-01
8.338292857269872238e-01
7.792295552722445784e-01
5.496631836937252436e-01
6.247306093957191164e-01
7.821036159460759141e-01
8.606055510964709665e-01
8.973715153847491299e-01
9.214650253060320262e-01
9.374232301690366143e-01
9.445053662240927572e-01
9.207438084090292518e-01
7.209166335246307566e-01
1.255392485115988666e-01
6.756271499694620208e-02
6.342994256150035204e-01
8.413292492450135107e-01
7.834428804960922310e-01
6.448018278980937046e-01
8.109324857657014274e-01
7.665948433299183407e-01
9.297136327869844896e-01
9.432440762101848009e-01
8.580448754586107452e-01
7.828668204089767046e-01
7.758638231042156441e-01
3.425307745349113336e-02
1.856881758513695135e-01
3.798758928117252354e-01
7.431531376590480020e-01
1.165717156039214192e-01
1.864309166549135144e-01
5.258295463539575110e-01
7.929789816873128450e-01
8.082841598072779687e-01
8.094032589931257071e-01
8.497341075162267998e-01
8.355616862263964828e-01
7.834930522797109997e-01
3.320429895950139931e-01
3.985943041038914614e-01
4.414505094122297968e-01
8.426195532505958985e-01
9.070171934010629045e-01
9.302598996866983105e-01
9.474590499002494282e-01
9.541648520587041604e-01
9.708884742012445779e-01
9.495192912701104770e-01
9.677400855497200194e-01
9.805269148705008098e-01
9.736458892679863419e-01
9.337913340785976013e-01
8.580439200578872105e-01
8.123367564203880509e-01
5.967108471861943819e-01
7.041519019448959638e-01
7.356960288549243554e-01
7.302764312523650769e-01
7.031336374065749739e-01
6.587614304551204780e-01
6.009069238224492571e-01
8.670654569134517153e-01
8.799891819761656020e-01
9.372164357127783507e-01
9.529905690363054127e-01
9.433201742206044349e-01
8.857395965556211781e-01
5.659186167537312295e-01
5.548272018647087966e-01
7.804062663718346338e-01
8.330500122027072463e-01
8.577572978062590892e-01
8.784949341833344638e-01
8.880605872464180095e-01
7.779950054081372635e-01
3.409711936909899377e-01
4.753464688984540554e-01
5.242548325987022029e-01
3.682037054374772134e-01
5.853486782315552306e-01
4.609558930319000991e-01
6.843399929424981432e-01
7.924015852338625043e-01
8.700490466432931891e-01
9.285023867636480466e-01
9.570124036621856511e-01
9.657788528292210462e-01
9.714203088754130855e-01
9.758373210542489185e-01
9.731540488069815309e-01
9.579518688167065754e-01
9.345477221104008247e-01
9.210255391608628273e-01
9.277825753002111320e-01
9.454389296888541239e-01
9.626256160353819924e-01
9.741187068282682882e-01
9.782704986625773147e-01
9.744512311196672494e-01
9.642783393924756474e-01
9.538235854838794658e-01
9.500614745482370838e-01
9.542728572518078822e-01
9.623625999949247944e-01
9.696182889101507829e-01
9.726363202771468597e-01
9.690538669122709114e-01
9.589548434201927707e-01
9.478329849775446458e-01
9.439094455931598127e-01
9.494621105306148001e-01
9.598227054531447422e-01
9.695849385176815716e-01
9.754100030478176642e-01
9.750845125812688252e-01
9.674040971165633884e-01
9.549889565905441691e-01
9.457260404462323189e-01
9.459723480635626736e-01
9.540847975280751792e-01
9.642971358615569644e-01
9.720582312677303882e-01
9.745411001667366735e-01
9.699027497800903896e-01
9.590581613250852566e-01
9.483306985769794917e-01
9.454763533240305717e-01
9.515454855625756769e-01
9.615413434414801230e-01
9.703858239354664628e-01
9.748851265141708078e-01
9.728174284428245944e-01
9.636101399023699887e-01
9.514835675712457475e-01
9.448266614800536756e-01
9.479045641675808431e-01
9.572425674697693232e-01
9.671516805249708026e-01
9.737289459250085821e-01
9.744662654541209612e-01
9.679024967907460253e-01
9.561036946972554240e-01
9.465095303527514270e-01
9.459337240696834570e-01
8.981054430855781590e-01
9.330048445919876254e-01
9.640062483632776402e-01
9.817445248407942193e-01
9.891996369447828563e-01
9.894040417333969106e-01
9.845183103488290843e-01
9.771762749296369899e-01
9.706135002663798250e-01
9.667450836203974607e-01
9.648135622604104844e-01
9.623553996578358971e-01
9.562489043942892231e-01
9.450881342129417995e-01
9.347965459114971898e-01
9.348583653286267614e-01
9.455360350485517706e-01
9.597624680516755324e-01
9.474711828384421164e-01
9.635389521799437862e-01
9.076484225536144423e-01
9.386484488095656609e-01
9.591780489561695378e-01
9.314475669349674414e-01
9.536801609014953218e-01
3.776739196475578653e-01
8.697428075717462681e-01
8.000974283243883489e-01
7.628720936409706388e-01
7.224329082011543557e-01
7.912271948909158636e-01
8.435530109123987597e-01
8.698442610726843105e-01
8.934032982468883555e-01
8.829683489131510132e-01
8.502559487875177568e-01
5.991403434528305150e-01
3.410726950467494190e-01
4.337879544871753312e-01
5.441911776930047351e-01
7.380880125141009440e-01
7.368073194738222753e-01
6.994217214392711712e-01
8.632728458534989491e-01
8.972320917556939612e-01
9.170236626494061571e-01
9.625510640344269175e-01
9.801825732928900470e-01
9.854585669653519453e-01
9.397074631997527350e-01
7.151293264566924712e-01
6.503642399492735038e-01
7.763294946058268975e-01
7.923427172365509197e-01
9.583883810428688310e-01
9.249268248781573609e-01
9.743675849127882982e-01
9.884706422068928466e-01
9.937190261431335658e-01
9.957546005273594236e-01
9.934855267948843327e-01
9.824349574688223674e-01
9.513465443294577550e-01
8.958932791442580923e-01
3.035080572992142622e-01
6.116027985384491217e-01
9.760089512052528837e-01
9.828418817484845249e-01
9.846264748181722259e-01
9.922084670781831095e-01
9.949840063174285598e-01
9.955085618447467866e-01
9.978894576798056359e-01
9.986143111580698672e-01
9.972625548057855172e-01
9.836507759680872542e-01
8.967122052451619307e-01
1.523346213266790761e-01
5.516006791648042640e-01
8.110914091265269965e-01
8.722563655269758298e-01
9.389474983495537108e-01
9.464584600800227676e-01
9.747146819655070349e-01
9.741738150773990856e-01
9.304048839820188155e-01
9.589802321865070756e-01
9.511700619030293291e-01
8.196385853929332166e-01
6.592905997996960643e-01
8.088108110598085654e-01
9.123083347633182960e-01
9.658902185717493927e-01
9.863752974394192075e-01
9.759130134148494840e-01
9.897861836367806143e-01
9.940299046548205508e-01
9.951887741665922382e-01
9.924892744651879761e-01
9.808068334448680758e-01
9.568157262639235272e-01
9.301881350657106307e-01
9.160962169669023547e-01
9.183398482545485075e-01
9.304790700219480737e-01
9.431186120033986375e-01
9.512364542012564650e-01
9.577358463322557247e-01
9.655282000608914617e-01
9.736293578937779136e-01
9.802184755350480394e-01
9.839810903926454744e-01
9.832389062307003158e-01
9.752335847300788174e-01
9.585686220729223717e-01
9.397864146219361281e-01
9.317503517213739928e-01
9.383670023746468747e-01
9.521751588693406765e-01
9.651768361596787527e-01
9.730967434110295855e-01
9.738647398102051600e-01
9.672959185468774645e-01
9.571624147347784772e-01
9.506741308430826098e-01
9.521369478295161892e-01
9.594032726052448279e-01
9.677108307617465766e-01
9.732810335825231585e-01
9.733839493137326215e-01
9.662948049038825316e-01
9.540348729581645815e-01
9.443740927295269927e-01
9.443212262154965231e-01
9.526851080113930559e-01
9.635456143473097868e-01
9.721604310928032566e-01
9.757431644447248642e-01
9.723693737928312819e-01
9.621477722259302867e-01
9.503112555954627005e-01
9.451464967144351803e-01
9.495032876960038948e-01
9.591064117051369964e-01
9.684847924763324567e-01
9.740348889502913332e-01
9.733510713537630865e-01
9.654064029786247891e-01
9.534465210094387189e-01
7.507965480466065600e-01
8.210135488308363261e-01
8.892993974075605879e-01
9.361897714611450150e-01
9.660980958683977882e-01
9.825329223005098145e-01
9.861819700799563382e-01
9.245176791800414628e-01
3.570552796190049616e-01
7.807007874053973895e-01
6.230249862840977482e-01
4.906386350961495779e-01
8.632682015171153633e-01
9.579891442220322961e-01
9.714378562609874423e-01
9.268286876436837574e-01
9.657045767975428463e-01
9.563438362429446116e-01
9.603682929612430419e-01
9.118331688742166152e-01
8.142489363106779621e-01
8.006620149858600932e-01
8.777754573556875162e-01
9.422678188925770471e-01
9.193379616531538456e-01
9.484644750363090404e-01
9.698658019848810374e-01
9.800525322628097502e-01
9.872314778841756455e-01
9.925680963425153047e-01
9.924898557098744689e-01
9.783222337726037443e-01
9.378629688006691056e-01
8.837114392939613428e-01
4.697071762739395417e-01
7.488488193493270106e-01
8.293323868333003501e-01
8.169103597457978427e-01
6.100075372431877918e-01
7.718680924607616012e-01
8.759528649869285921e-01
9.224572597568092558e-01
8.828457814283184879e-01
8.361256821127072136e-01
8.991986362295742996e-01
8.856538693162733233e-01
7.259445328085308846e-01
2.445220450171699811e-01
6.539658313211448304e-01
6.723658403413065310e-01
9.040262000022952771e-01
9.370021906799385070e-01
9.534857780581733611e-01
9.581755679911038159e-01
9.747407420663348754e-01
9.813403149058428365e-01
9.841718473753956475e-01
9.686670101378007658e-01
9.269942114679498024e-01
8.331128689664313303e-01
7.292021257367418130e-01
7.555408846742310836e-01
9.401855042841417154e-01
9.092031685976307287e-01
9.012445224224352458e-01
9.481061470429170690e-01
9.716969179218000185e-01
9.837102803229882397e-01
9.725975996894725695e-01
9.821865101418081334e-01
9.784952836974488699e-01
9.556403093919252356e-01
9.165602553065133051e-01
8.822839910091599958e-01
8.827616735830926542e-01
9.125454369739145477e-01
9.433162789586204688e-01
9.651970240127342171e-01
9.788185126740543973e-01
9.866788534040235037e-01
9.745356221438400413e-01
9.733173047108688580e-01
9.704903898556630493e-01
9.647618664943463651e-01
9.587993918184195552e-01
9.565939013749268360e-01
9.592559294557225780e-01
9.639315710165711204e-01
9.667491390678175645e-01
9.647409354530616099e-01
9.573780275064648349e-01
9.483987445366010016e-01
9.444125368100118045e-01
9.487176397132659478e-01
9.584325312719386147e-01
9.685922590091421425e-01
9.758199565956722221e-01
9.780249183553957337e-01
9.733581261958198505e-01
9.617673134194336670e-01
9.487211580995159599e-01
9.431284070522499841e-01
9.478356266605727498e-01
9.580076669222086228e-01
9.678001585000521878e-01
9.734910450868833331e-01
9.727038514587023066e-01
9.647170783333248734e-01
9.532900569375947208e-01
9.464189038454001723e-01
9.487383397195336965e-01
9.574221074988117364e-01
9.670315189756539809e-01
9.736333978194361416e-01
9.746422885189292007e-01
9.683977135678273340e-01
9.565413761226525535e-01
9.463081184513482125e-01
9.450237180081654254e-01
9.523662414250267938e-01
9.627621762459235288e-01
9.713252672343072325e-01
9.750735050441207141e-01
9.719590490701915941e-01
9.619762713235107121e-01
9.502421920858973303e-01
9.450497679567778642e-01
9.493765325606439154e-01
9.590193844731730310e-01
9.685016158397579122e-01
9.742222528388937430e-01
8.494079465421390251e-01
8.536050776223487180e-01
7.746655206155357298e-01
8.709344127198327401e-01
9.196812823923720126e-01
9.469523781046678135e-01
9.607759044133055149e-01
9.542749394644088889e-01
9.325352732460315819e-01
8.844842362589516727e-01
9.398985344672096121e-01
8.113195200206561042e-01
6.932483655016017376e-01
7.497325708454345428e-01
9.185543281368010460e-01
9.612553175020340790e-01
9.827149014718765674e-01
9.850774190623389215e-01
9.858709025750677091e-01
9.913559938644735947e-01
9.901592877557753303e-01
9.927210650151475635e-01
9.853888410668963926e-01
9.554435496219787494e-01
8.900316151292980704e-01
8.236425490771062119e-01
8.432205688562021129e-01
8.397899851483054956e-01
8.892923679774563661e-01
9.196493629954797244e-01
9.463220728795022074e-01
9.721905361396958600e-01
9.814400499369285713e-01
9.850464409897724538e-01
9.895304529188716502e-01
9.933168232629021599e-01
9.941286060785543555e-01
9.921375734084205700e-01
9.818478809629135329e-01
9.268634632380891025e-01
8.144611855529340083e-01
7.918181533866983646e-01
8.744900333360217104e-01
9.424702835755961461e-01
9.626888319584355758e-01
9.514537650232884891e-01
9.381758298253281003e-01
9.674322790130639449e-01
9.654267805679473957e-01
9.516021122185163161e-01
9.708665672329311880e-01
9.804295917582135367e-01
9.774272191443059699e-01
9.579249082555543193e-01
9.307161711690695727e-01
9.159467879245917210e-01
9.216118749542109301e-01
9.381956281596633973e-01
9.520410630319987577e-01
9.578389274538102738e-01
9.586622690305749428e-01
9.590252906912772879e-01
9.615718038549554425e-01
9.667964747037952611e-01
9.730528199774981513e-01
9.780689895754708374e-01
9.797835576906150923e-01
9.758679781443855283e-01
9.643447457197494854e-01
9.478010895817680082e-01
9.362846253641100569e-01
9.377518744673899453e-01
9.489605447604013699e-01
9.620750279052259213e-01
9.718947085764140237e-01
9.758200417223346079e-01
9.723914535460408404e-01
9.625468591226482573e-01
9.520216624940240902e-01
9.482270550248451668e-01
9.528580907924064647e-01
9.616741470375590461e-01
9.697849482809319799e-01
9.738309480551881059e-01
9.714077620318322115e-01
9.619686868583704475e-01
7.523703339091356579e-01
8.286239290072301422e-01
9.461454828353047519e-01
7.595836734262861878e-01
9.517177165284791407e-01
9.869859215047392942e-01
9.779899799368015900e-01
9.912163594429175273e-01
9.946043411514883248e-01
9.911257329201013100e-01
9.765260690463574145e-01
9.477448794730954917e-01
9.162115482469799232e-01
9.019443604432955119e-01
9.100402333480783756e-01
9.289430074870614895e-01
9.449481741273600965e-01
9.561249850079884816e-01
9.656139261434952825e-01
9.741034270188847488e-01
9.808678724689104955e-01
9.852092097157972850e-01
9.861658232643788491e-01
9.815352606997814755e-01
8.518082891763567588e-01
8.428700402589920371e-01
8.579776399189664726e-01
8.907951730373290244e-01
9.265979456862830643e-01
9.556298381013035304e-01
9.744002279379527787e-01
5.909298798038744582e-01
6.409846479460068469e-01
6.955440497166381908e-01
7.261346368840010390e-01
7.671130462020953056e-01
8.047388851406633847e-01
8.266776352334203048e-01
7.580016166154803781e-01
5.084531191763586033e-01
4.027657208054452043e-01
9.178040976252609118e-02
5.970927205524881876e-01
7.751162813544668628e-01
8.846780292991760497e-01
8.799229991773122039e-01
9.167318854726019817e-01
9.498636468241035136e-01
9.718171168101988888e-01
9.836257655211387840e-01
9.757299110981376700e-01
9.170042584004323150e-01
8.380722253044170511e-01
8.210080044979887193e-01
8.662774849936669685e-01
9.242270457311462240e-01
9.611064939107184513e-01
9.759880018309404770e-01
9.784281671807143477e-01
9.765090363115580541e-01
9.755805643007462447e-01
9.768756874755221142e-01
9.790898816958631956e-01
9.801096841291089268e-01
9.771879304666292176e-01
9.669286542523854999e-01
9.484248692118547597e-01
9.300133714699916343e-01
9.253253403594408066e-01
8.617619787841447332e-01
9.386496346483407249e-01
