-2.752004791221594955e-11
-4.176548783695510409e-10
-5.734696151465038474e-10
-6.575666676782747178e-15
3.959326880737626911e-15
-1.516244618669797812e-15
-1.493012762923880845e-11
-1.076621234337526760e-10
-3.692374610598147330e-11
-3.796011098531620972e-11
1.090758700358802966e-15
8.728207583921172291e-15
-1.487658692718286684e-10
-4.600626128161620961e-11
-5.681492019813586985e-11
-4.197605026711706772e-15
-4.811967650377256559e-15
-1.132128877535754339e-11
-9.757941547668574890e-13
-1.560508245585682788e-11
-3.479525568351700140e-11
-4.698564572560143481e-15
5.098508589775247561e-15
-1.296186655746520770e-11
-2.578898558580924048e-10
-1.864240145488136227e-10
-1.041303008074717148e-15
-5.429442915926676872e-15
-1.072959527068175323e-14
-1.939874300591215419e-10
-2.143294129244661205e-10
-6.036183488797050126e-12
-1.193949189074795288e-14
-4.485334280188635590e-11
-1.532383954091726607e-11
-1.111641586784635325e-10
-9.392300353340558802e-11
-5.008643843725480991e-15
-1.795279154042930460e-11
-1.533259893527127666e-11
-1.497883925807494036e-10
-1.990559760318713068e-11
-4.477784863206007771e-11
-1.148277020310752214e-11
-6.279051447197709203e-12
-4.717121518575900722e-11
-3.045935725413557438e-10
-1.675770382326454915e-10
-4.282311574712636583e-15
-1.367264119692196004e-11
8.455545699982771172e-15
-5.598136945602188524e-12
-2.657550226119272313e-11
7.209710868576640916e-15
-5.319508767108021483e-15
-3.452949611556845598e-11
-6.433681458907961064e-11
-5.403271901897225880e-11
-4.052935608255288786e-11
5.804791668381789013e-16
5.822618917278857967e-17
-5.820589147142179694e-12
-5.914293670410699792e-11
-3.375766972967908903e-11
-3.971384914285533567e-15
-6.876052985385110489e-15
-1.577235507922599874e-15
-9.796977997785769433e-11
-4.703551786163238604e-10
-1.264826000835928701e-14
-5.180752010494729438e-15
-4.087196106322505699e-12
1.467263193778379783e-15
-1.979273477618857751e-16
-6.335732075349838037e-11
1.149094458789107077e-15
-1.884242657129436278e-16
6.360836521416166322e-15
3.363160611710548132e-15
-1.003266111906481152e-14
4.410341859322780518e-15
1.901766597224724481e-16
1.006286935511927131e-16
-2.583385215715470381e-11
-2.432053015523384038e-11
-6.845296893653330887e-11
6.404471518100958812e-16
-4.378258572166409787e-15
3.261692485544671281e-15
3.045199601499406790e-15
-3.708811152555395822e-11
-7.748464246808920883e-15
5.660859921316837091e-15
-2.603143311357526458e-11
-4.784429834153641183e-11
-3.316133253350672714e-10
-3.703429497401621947e-15
-8.130018743035302226e-15
-3.827759013706076503e-11
-1.927258715990954500e-10
-1.669540146186654210e-10
-2.433484945128245422e-11
-3.177341388210200253e-15
-2.220327267361234767e-11
-2.862575660768039970e-11
-4.698741399430237095e-11
-6.500751967388324869e-12
-3.674897815265322920e-12
-1.882191504933511300e-16
1.300380480309270012e-16
-1.861961859831509216e-10
-1.127574513829491474e-10
-2.482709795169505456e-11
-4.085257609357377979e-11
2.330643316651688305e-15
-1.571838159222074886e-11
-4.227048218323548430e-10
-8.081499856633402056e-11
-6.906778548954374388e-15
2.837961743697392002e-15
-2.588358539581539723e-11
-4.330535030488305195e-12
-5.536924729917773100e-11
-4.040407252545487357e-11
-7.101726185105890600e-15
-2.545530682427370583e-11
-2.043203439029162576e-11
-1.676890930244604848e-12
-7.805076519279969680e-11
-1.234855740252534581e-15
7.440773167169973172e-16
-3.493957975162492109e-11
-3.088699928978511345e-11
-1.112164335300388354e-11
-4.565880783633808686e-15
7.406324020815018824e-15
-3.832512881456374658e-11
-2.573400991687022959e-10
-1.001480384855377291e-10
8.488031890773733560e-16
2.899092975798528195e-15
-1.603415585611674379e-11
-2.454842927963197295e-11
-2.777296267728039926e-10
-3.702131052811009777e-10
-3.892709881358880084e-15
5.642881769514874581e-15
-1.610861553955235377e-11
-2.196325462517488568e-11
-1.491175123316708971e-10
-1.297833158824132690e-11
-5.511147183692656460e-15
-9.164749482597602026e-12
-2.941140335103342241e-11
-1.340754836899448097e-10
-3.896088797937685048e-10
3.287426621965680914e-15
-1.675037474536339272e-15
-2.415213049206846307e-11
-8.003724109681592594e-11
-5.882385519722523494e-11
2.286464787817956707e-15
-2.388856046664745644e-15
-1.763901279077086356e-11
-3.626988306808871120e-11
-8.109100979183123855e-12
-1.845412738349063452e-11
1.085542031201890641e-15
-2.554284769760159531e-11
-1.289409350836966672e-11
-3.001500895823518355e-11
-1.633920950358395824e-10
2.514476082829418555e-15
1.189627818992373415e-14
-1.600533298186513351e-11
-1.069362915068962332e-11
-3.095405259101780645e-10
-1.404728797944459174e-11
-1.571829771343780236e-11
-4.197556034629638718e-15
-1.255520316510028631e-10
-2.452108285074439363e-10
-1.896764158742466365e-10
9.099965180687599874e-15
-4.821562468278727656e-11
-5.139612856757285859e-12
-2.492931357406487120e-10
-3.091937586534586270e-11
-4.879162941861664059e-15
2.187119290529578950e-15
-3.973712733066856373e-14
-1.820523156357547137e-11
-2.078532727347698945e-10
4.476486654147631950e-15
4.945843954941789949e-16
-7.498179961225220006e-15
-5.512767841445726757e-11
-2.815337862870500876e-11
-1.095683579189044647e-11
-4.525601983987919516e-15
5.878190775367982343e-15
-4.517880640050559009e-11
-1.749257267486798914e-11
-2.695637755985806285e-10
-8.089190933819941232e-16
6.162966430736158576e-15
-4.188733129352081477e-11
-3.719733930971690066e-12
-9.548684366627792245e-11
-6.230471672830480832e-11
1.314263704970394824e-14
-4.579909938939967061e-11
-1.608741366996603094e-11
-2.690832063589295060e-11
-7.157673978040374080e-11
7.224484988835775501e-15
-5.205272685607447139e-15
-5.248874699203079815e-11
-8.600919265073238410e-11
-4.519688040934665483e-11
-7.401537177230267520e-13
-1.801259803642198846e-15
-3.717497070259232212e-17
-2.550117947249291158e-11
-1.227217670566758915e-10
-2.627678108366899618e-10
-4.875660305295758127e-15
1.488978337558298292e-15
-2.636983805296774020e-15
-2.671382235931862450e-11
-7.397114342790241616e-11
-8.262833957814398936e-11
-6.377754903138660460e-15
-4.199174378055348173e-15
-4.079418133812781712e-10
-3.710470365771617010e-10
9.948375245554950451e-15
2.007664718186768407e-15
-4.976705433900055344e-15
-4.441836438254246897e-11
-7.595345015195022989e-12
-1.661460752664194484e-11
-1.551345456688062908e-11
-8.794653955253254636e-15
-2.027649639869888390e-11
-4.473936653701935501e-11
-4.642426644043324790e-11
-7.957953799601363857e-11
-7.689134437269520047e-15
1.029035388972287371e-14
-1.061232674530727193e-10
-1.978990889596179154e-10
-4.695542985952314490e-15
-3.214122483871573720e-15
-3.443260623966231806e-12
-2.126816860014662164e-11
-9.020217378951110802e-12
-8.457576202926467086e-12
7.588136192326917384e-15
-1.605331048462736404e-16
9.503980292021035028e-15
4.381189770615129816e-15
-2.936870708205397717e-10
-3.321234929585718540e-11
2.887672925605983334e-15
-5.361081575316955288e-15
-1.143177428136292239e-11
-3.025159595397974977e-10
-9.498026799874815666e-11
1.185391784144169334e-15
1.056514482535847285e-15
-1.777161833244203734e-11
-5.745982048027683240e-12
-2.314628054922392901e-10
2.548649005040110708e-15
8.846713937125772490e-15
-1.746847251515862030e-11
-1.904644890273149585e-11
-2.787602696727053010e-10
-2.055215592533513143e-10
8.379012276361791682e-15
-3.241795470902331810e-15
-1.224895891827580571e-11
-6.117444733071897952e-11
-4.038377775568085911e-10
-5.284316018440017871e-15
-3.805210680990231097e-15
1.384478914956630168e-15
-8.793284106994272737e-15
-2.758036450036601167e-11
-2.136452926855306662e-12
-3.838141494176738656e-15
-1.881946217634963878e-15
-1.435603186557896257e-11
-4.584728507101122721e-10
-1.972915042016743755e-10
3.933794653145856122e-15
-2.273941060948949947e-11
4.455045351327083083e-15
-5.676485414257131586e-11
-1.299730607533996178e-10
-4.429350445696025470e-11
-3.017582289883501810e-15
-1.158540191704208609e-15
-4.349996575148991995e-11
-1.750420252912228641e-11
-1.323657751124898697e-11
-4.020768837884362090e-15
5.461560065811301170e-15
-1.452364565869538210e-11
-1.214527503256143254e-11
-6.707833218509358766e-11
-7.323119995760384968e-11
-6.130885628985109653e-16
6.724745844108600612e-16
-3.412794475803324247e-12
-2.523925746937332638e-10
-1.176872453986643125e-10
3.018276978330000752e-15
5.074030436409506744e-15
3.331010226250057807e-15
-2.598837221046536519e-10
-1.216843880612932174e-10
-3.431213349082733232e-16
-2.852610701551047557e-15
-4.061862128677869405e-11
-1.981261780462054001e-11
-1.632373711778956962e-10
-1.313516497305718683e-10
-6.384798706492039062e-15
1.037434937355262755e-14
-1.261399376925082152e-10
-1.962815216700417437e-10
-2.123767615158477748e-10
1.327209451256177200e-15
-3.740210926720512654e-15
-3.493746872676341602e-11
-1.219440129311830749e-10
-1.023282851391329252e-10
-4.278557336345257455e-15
2.010896853787059474e-15
6.756676500510036256e-15
-5.831861799864966866e-11
-1.222735197272251967e-10
-2.717872226111402280e-10
6.004181936620053783e-15
-2.450228185456074102e-11
-6.886178536906125932e-12
-5.223374144379430683e-11
-2.495186631062980259e-10
6.065455717421091168e-15
6.830101308248277614e-15
-1.145841291695531868e-11
-7.902309804457295735e-11
-1.047430894084369302e-10
-3.620544754590126915e-11
-3.290667724604477665e-15
3.344281150326060442e-15
-4.808710432606334736e-11
-5.377092530878954352e-11
-1.569923825018581136e-11
1.917096741947207028e-15
4.040513393271802219e-17
-3.331351055944867553e-11
-2.349746827258157472e-10
-4.182298272747363016e-10
-6.905509395838663843e-15
3.897399458162092026e-15
-3.396219706603506898e-12
-9.291683687858464973e-11
-7.449990613538187071e-11
-4.049493732297373706e-11
4.946053708874742869e-15
-1.921167468267964390e-11
-1.330869406314986249e-11
-2.097088611352668815e-11
-1.711550004130455715e-10
-3.173737513739369339e-15
5.368052996424702893e-15
-3.912393829181546630e-11
-2.121371853550689071e-11
-2.915952918275014639e-10
-1.950542198221228687e-10
1.710848289620397071e-15
-1.006775909643783655e-15
-1.478112790573230474e-11
-5.488376511838721780e-11
-4.136938486185637427e-11
1.039833263808710284e-14
-1.385694110566166310e-14
-2.544072284226917029e-11
-6.103075651711330901e-11
-3.198367636674438450e-11
-1.450573680287916178e-11
-1.050049719793849016e-14
1.209123424472209049e-14
-2.054025092788232011e-10
-2.246927545943429203e-10
1.245826861890897761e-15
-9.484375505218913362e-15
-6.517529423219524497e-15
-1.438913912959057585e-12
-1.016350363434871383e-10
-1.150748095211194694e-10
3.530395401110776085e-15
-1.223059759761888491e-14
-3.982877565963464007e-11
-2.886278380500153677e-11
-6.207906899486983168e-11
-7.113271935388044509e-11
1.631506158642309108e-15
-2.309069199458488148e-11
-4.584815949399332712e-11
-1.266008809141024558e-10
-8.443234934486795199e-11
7.491040417751771923e-16
-1.150410825398382193e-15
-2.462309853659155245e-11
-1.852127259988297554e-11
-7.441236097720783064e-12
2.205450246116975301e-15
-2.400309445212481596e-11
4.065354201278748769e-15
-8.771944328008206637e-12
-1.216031747628952460e-10
-1.006641868317452706e-10
1.080992074586179682e-14
-9.783466067929637232e-16
-5.169304828461967185e-11
-2.582639976184719795e-11
-6.628299409674167985e-11
-2.785856704593566707e-15
-5.241946999941934768e-15
-6.954756846957381253e-12
-7.386904741822952133e-11
-2.437151018274552321e-10
-2.211936217423931818e-11
-1.623108572331100464e-14
7.586534046099265740e-15
-1.719370333034206693e-11
-1.360946662675344930e-10
-8.152878644554221136e-11
-6.029540823383359347e-15
-2.678803653083493390e-15
-3.466587845122653964e-12
-4.776531714591066447e-11
-8.249741149694975334e-11
-3.782210946357985599e-15
2.420100850753201104e-15
-4.225924336777998463e-15
-3.170623224664378654e-12
-7.289837642140030766e-11
-8.011674242491042494e-11
6.522797471612049753e-15
-2.058792787881661487e-11
3.290754909273019692e-15
-2.405414980149180240e-11
-1.113848642252477923e-10
1.334236158960873627e-16
-3.453007121679000705e-15
-2.065559349768176377e-11
-3.923513728044544307e-12
-3.889399609597412230e-11
-9.097785419188384694e-11
2.725582960874062484e-15
7.015225452965571147e-16
-2.810928634905580280e-11
-6.449363676987551108e-11
-1.287792317676538221e-10
-7.747940891610232908e-12
-1.940905860566900861e-15
-4.835615308660193011e-11
-1.740703117529993442e-12
-1.330863674568737007e-10
-1.443281393894487291e-14
1.975403955793903097e-16
8.464352866057061631e-15
-1.068752308915038018e-10
-4.787050770837969782e-10
-3.633227238998870939e-11
5.983758420335214133e-15
-4.402206657991209099e-15
-2.803134791606487996e-12
-5.714130209544936409e-11
-2.269523884333101734e-11
7.941593023399759348e-15
-2.638637948254442699e-15
-4.308771098265499852e-12
-9.567265034410807416e-13
-3.475760383296215001e-11
-2.475746678640916252e-11
5.689054265556763472e-15
-7.509058288159191595e-16
-1.868320757705792331e-15
-3.236273189437157956e-10
-2.393002409962447749e-10
3.684463240630774095e-15
-7.678711726851787644e-17
-5.300403773766643082e-12
-6.121320734738190180e-11
