-2.752004791221594955e-11
-3.156876933294147046e-11
-1.278717990134887356e-10
1.725736005247592597e-14
-7.338676519701522052e-15
-3.260703029971868026e-11
-1.277847337717727034e-11
-2.723636857417786650e-10
-4.295766302428303049e-10
-3.688079958581702654e-10
1.387532074674277269e-15
-5.718180523323508135e-15
-2.794708218582509068e-11
-4.216262534492439855e-11
-1.424264122699465312e-10
-2.393327127248345416e-10
-7.932996370878359897e-11
-2.315615457593385477e-10
7.105691214283582832e-16
1.806227813678896777e-15
-9.228190085751128514e-11
-1.752728855581096523e-10
-1.306170618214320047e-10
1.428151839674388006e-15
-4.769853762229593918e-11
-5.565683416084461048e-11
-6.452198393158741551e-15
-1.035308102965034003e-10
-3.798033275956755947e-12
-4.667966697467670145e-11
-4.478516142006431244e-11
-2.682988056837975858e-10
-9.347192822893083227e-12
-2.542882740173051164e-11
-1.394552739356966348e-11
-1.860609743349299877e-11
-3.837547880149170562e-11
-2.606505152791707097e-11
-3.362233895104193077e-10
-4.588118927850797270e-11
-1.909531797708545794e-15
-2.415283135242971033e-15
-2.574081323413002529e-11
-5.310771926433605277e-11
-2.599060873118740845e-11
-1.273367058653728865e-10
-1.206456291663209685e-12
-4.268189799120202285e-10
-6.880214073435076460e-11
5.753029621136762364e-17
3.613721157834458946e-15
5.538064936138272450e-15
-4.883744095135043102e-11
-3.145316792548684007e-10
-4.785462559798587482e-10
-1.330832778219564943e-11
-2.225599632052015538e-15
-1.388395287797763338e-16
-9.585639152608566418e-12
-1.677073544769155246e-15
-2.668657349442442060e-10
-2.751326492078117920e-10
-4.063470165971217098e-11
-1.938677552519762766e-14
-9.193579519954566838e-11
-1.240218521170668507e-11
-3.709385280788558943e-15
-1.997391243023583582e-11
-5.502985015619679318e-11
-4.332769486768459109e-11
-1.427301451365365071e-10
-2.307378777604905249e-10
-8.214547495855672681e-11
5.590467690628262161e-15
1.077379380915667021e-15
-2.562524028469130554e-11
-6.444747318841566799e-11
-5.210401077776606520e-12
-2.900735297158326683e-10
-7.389879298086208370e-11
-1.542969776158332060e-11
-8.407332013624864491e-15
-5.951931547235007994e-15
-5.547565851687059079e-12
-4.838945337257340660e-12
-6.732183745266737876e-11
-1.817875779732247686e-11
-2.944462058343556823e-11
-3.735547556228428614e-11
-3.542629722124597471e-13
-6.098843898642472337e-11
-6.722854284480760700e-15
-6.653059722835590628e-15
-1.780069439654250729e-11
-2.777807074085993283e-10
-1.560053520857378051e-11
-4.390266361997354040e-12
4.285413108788726745e-15
-2.320500229308903875e-11
-1.923171186086382717e-12
-2.291077610397513447e-10
-3.257114846303475664e-10
-1.081175234123169995e-10
-6.570649295867628931e-11
-9.378897105380277442e-15
-1.776917869307732674e-11
-4.794110608833296001e-11
-1.410957472214264950e-11
-2.847828493562042969e-11
-1.277395540086318922e-11
-1.087100077563207955e-11
-2.522615704077617637e-11
2.242975110945498020e-15
1.174580204124085188e-14
5.510514831941232464e-15
-4.689035702891189952e-11
-1.388948382758803852e-10
-2.748294113475834374e-10
-4.670854062420336001e-11
-4.824907251064187805e-11
5.774485299664886110e-15
-4.255384065044847722e-15
-4.565309588887262329e-11
-1.610544946621679534e-10
-1.147821412952947982e-10
-4.801415768593379706e-11
-9.913984304379406888e-11
-7.020482550012739640e-11
-5.850567948286842115e-15
-1.307467170495953447e-11
-2.416394159526105424e-11
-1.927448945300186587e-10
-1.785721510844418454e-10
-1.261544618049068958e-10
-1.773352100870996297e-11
-6.040645250272997267e-15
-6.064903123235354277e-15
7.781205771620896218e-15
-3.049362952561086331e-11
-1.965810193481278092e-10
-1.916562435256383016e-10
-6.351365322073410713e-11
-6.865303414767781838e-11
-2.376872455785882441e-11
-2.805290700493633011e-15
-5.476366656266744256e-16
-3.784652839406617118e-11
-1.559289309879235587e-11
-2.845246959961455839e-10
-2.997943326611287568e-10
-1.872043660626787680e-10
-2.228593484634842947e-16
-8.133432953360416084e-15
-2.609176480419430475e-11
-1.772500539506251246e-11
-3.106041896916967002e-11
-1.129750774834691047e-10
-7.470649953384760231e-11
-8.635031476014357383e-11
1.074832284474211167e-14
5.569497231529947590e-15
-4.899808587982061446e-11
-3.816574208698328242e-11
-2.475004049089234009e-11
-1.289173190688065531e-10
-4.064777599612623315e-10
-7.618082726274914723e-11
-9.544835127850450217e-12
-8.081443987590189975e-16
-2.386953728402158975e-11
-4.104031653093918484e-11
-1.319968799621766674e-10
-7.521083473727507032e-11
-2.267315407603644643e-10
-4.644053558156846011e-12
4.533473994536690113e-15
-1.977617972480512717e-15
9.034276678867315994e-15
-3.105120054929490155e-11
-2.724330539508970355e-11
-2.055420859247394607e-10
-1.653103625814852340e-10
-1.251881668387304294e-10
-3.269304815357866370e-15
-1.032569179659052229e-15
-1.704440678155640340e-11
-5.153428784455458652e-13
-1.964238317961115667e-11
-4.078181947674968153e-10
-4.181613899990884676e-11
-4.353160103545385669e-11
-1.967814267229161511e-15
-4.580012676028860493e-11
-7.889074451829101687e-12
-2.992897926706514068e-11
-1.036596585833738092e-10
-2.899173697066032625e-10
-5.232151796508914340e-11
-1.448227544218933875e-11
4.940771660555363316e-15
-1.508521171343661350e-15
3.135721875383275820e-16
-5.351725827115499422e-11
-3.667230592151584561e-10
-2.225715859094690221e-10
-5.354160837072616979e-11
-5.031480099571745757e-11
-2.295151651744865319e-11
-5.965473963100322503e-11
-2.627920328738382663e-10
-2.538813205893319030e-11
-1.323443110118555590e-10
-1.948160994867271176e-11
-6.790056359269474965e-15
-4.069570926289433256e-11
-2.210186746332846173e-11
-4.980387000099845538e-16
-1.776270193109737461e-11
-2.966026262177175489e-10
-9.703008290089094393e-11
-6.716916269120484428e-11
-7.286138075759144836e-11
-5.557726124003878504e-11
-1.638655573078495856e-15
-5.552529783414253333e-11
-7.100529445444711523e-11
-1.278588239119270862e-10
-2.077130452234604313e-10
-7.448760144823828888e-11
5.635917733524103463e-15
-1.823167828287164936e-11
-8.193130680584207935e-11
-2.179654431933037444e-11
-3.978002952896627349e-11
-1.137359060811731091e-11
-7.648499464679289463e-11
-6.953054898926308402e-12
-9.405154833797394227e-11
-1.715069355259033702e-11
9.241249549559750255e-15
-9.951510178686477794e-15
-1.959806648865905079e-11
-4.275346188081227195e-11
-2.137346818303275202e-10
-8.098648750570967996e-12
-1.880154708193303806e-11
-5.049665896109629716e-15
-1.815864086214570048e-11
-1.443756881196007672e-10
-7.061383023902591272e-11
-2.447199959428438685e-10
-1.884513103680357117e-11
4.241386175484701361e-15
-1.034434152351374829e-15
-8.981519303071643805e-11
4.696643979141602391e-15
-1.752134324236962033e-11
-1.648598617727925862e-10
-3.380264034444878732e-11
-1.401247139659378370e-11
-7.783726171082085895e-15
-5.623215265413465863e-11
-1.102937616609105701e-14
2.709074079368139489e-16
1.204921276851712876e-14
-4.509028197990097559e-11
-3.011103629995444730e-10
-2.312843668248472411e-10
-7.366937906761322577e-11
-8.633235436923972776e-12
2.413357111748831224e-15
-2.526747460211196316e-11
-3.492183610101181388e-11
-7.921225605272648314e-11
-1.120791251951441797e-10
-3.286845288372370342e-10
-1.256367371534288870e-10
-4.732781555895881237e-11
-1.532641113419356539e-11
-1.492689758750759484e-14
-3.627160354303949273e-11
-3.874624016245064300e-10
-4.610183826148000107e-11
-8.730977728885260795e-15
-3.676505708699329492e-11
-3.161619721302833743e-10
-2.626617609743310633e-11
3.761715987323745054e-15
-3.783319301867113531e-11
-3.217132596968807643e-11
-6.146162977709461031e-16
1.357591346984916616e-15
-4.421146732903128542e-11
-8.111616067201541719e-11
-2.293558104562247152e-10
-6.009021669436362535e-11
-1.844493442428917152e-11
-6.257822712001433887e-15
7.387032013407465831e-15
-5.631841708432855903e-11
-6.729517929221538591e-11
-1.390250985364236136e-10
-9.395927109447049187e-11
-1.062571128608440622e-10
-3.370570923302660496e-11
4.642706143329663517e-15
-4.565340803674532242e-15
-2.028235046076422870e-11
-5.378700969865833089e-11
-1.696445158235826327e-10
-2.655945106111226810e-10
-1.642175477840197130e-10
-2.803203096270288685e-11
-2.581415509720550958e-11
6.874126965180306085e-15
-4.999125792527719759e-11
-5.608173457078453795e-11
-2.042397729642092927e-10
-3.007313809970830710e-11
-1.777605337085560168e-14
-1.490735815643793878e-11
-1.951235417615905305e-11
-2.309079819945168325e-15
1.115332168886821342e-14
-7.025149680598604867e-11
-1.040289532973813675e-10
-7.618733450710992112e-11
-9.361066453735611570e-11
-6.506428537117418201e-11
-2.356546152865395939e-15
-2.778502737998177087e-15
-1.494614582544836874e-11
-4.833486934246150003e-11
-1.248703307738945946e-10
-2.449478521140466922e-10
-1.181510344499241528e-10
1.037457745628930274e-14
-2.324515958156702142e-16
-7.537186854324723512e-15
-1.815784131026998914e-10
-7.014720561641348703e-11
-9.836589307411359234e-11
-2.008256818189107717e-11
-3.066189942392860816e-11
-3.388829422514580230e-11
-1.652029893805658914e-12
-5.372940608948725288e-15
7.133113764567679544e-15
-3.568628978529708191e-10
-2.728646794740167240e-10
-6.007955080803812766e-12
1.189485545227885054e-14
-7.017920755203084473e-12
-2.729020117114612115e-12
-2.205066285965795777e-11
-1.584517539433270361e-11
-5.210714239008111554e-12
-1.890312805406690374e-10
-3.045835002358068338e-10
-8.715451700219853700e-16
5.293937323638996308e-17
-2.169737241557665936e-11
-1.007939079802148760e-10
-2.381586032497113863e-10
-2.723859760209073319e-10
-2.383301256293771004e-10
-1.282208877088505640e-11
-1.135093278023983687e-10
-2.789038586465698927e-11
-4.681949406734990330e-11
4.630532597670134276e-15
-5.987000613719419830e-11
-8.508910868840332159e-15
-5.337711002447609312e-15
-2.056827896930492519e-11
-4.415754374387410538e-11
-2.290695737489763687e-10
-4.214850686297318567e-10
-4.764588886268386634e-11
-4.622905555276751124e-11
3.573315490383170524e-15
6.507356715017704304e-15
-6.286169283557856134e-11
-7.100251714397511473e-11
-3.159932350601325140e-10
-1.735120206256813864e-10
-4.691225120436438396e-10
-2.891275628270476327e-11
-2.452876327639399568e-11
-2.147719882768918430e-11
-2.218917664906103798e-11
-5.221405644013859884e-12
-1.836218555719336907e-10
-5.016228003447959012e-10
-4.695600093720812236e-11
-1.698534978874701718e-11
8.934454366640194725e-15
-7.131293963394352550e-15
-1.451721222183852443e-10
-2.148355571518065566e-10
-5.217116124368598022e-10
-2.595800057312321785e-11
-2.463357937743072736e-11
-4.321322480065572063e-11
-1.308710766970612348e-11
-3.702275336076277639e-11
-3.579471065479834895e-11
-2.554745725011155021e-10
-3.150592254446362629e-10
-2.208428301766258361e-10
5.978436161435014580e-15
5.373213337162762938e-15
5.582242512143948918e-15
-3.602421953986044257e-15
-2.486139079745201897e-11
-1.076185456526235499e-10
-7.182174411371447282e-11
-1.192027599689666679e-10
-8.832638705914678262e-11
2.017863756440098054e-16
3.989983410837346248e-15
8.654036521846684271e-15
-2.538388046074547979e-11
-1.881367828437389068e-12
-2.453727103606686111e-10
-6.408318849246911712e-11
-2.134838848149920695e-11
-2.000743952605144829e-15
1.082338999298755050e-15
-9.516086879621031880e-12
-4.960983119437013438e-11
-2.141948947790079985e-10
-3.320631421494130195e-10
-2.023903894934337567e-11
-3.562691480640049098e-11
-7.895684548762484427e-15
4.240027020382996049e-15
-1.758660795785216943e-11
-1.023819856963074451e-10
-5.237045240878890896e-11
-1.228666274230380621e-11
-2.384419459923538315e-10
-2.180141222863104679e-11
-1.513966938472591158e-11
-2.452122810481225673e-11
-3.970838475698263625e-11
-1.910713563029942679e-10
-2.069934513809122608e-10
-7.485481478899123997e-12
-2.101470636930163733e-14
-1.037700519499931564e-11
-1.621596530331812247e-15
6.754874686896117111e-15
-2.337087896275388192e-11
-7.246215531028233444e-12
-1.992241969521904315e-11
-4.648245180693774355e-10
-1.283394813584733465e-10
-4.539983251012321391e-11
-7.307023053547684592e-15
-4.391916817965376731e-11
-2.599633600121534035e-11
-1.721368816833859022e-12
-1.180417901351306543e-10
-1.080463271239322420e-10
-8.557962201041407947e-16
-6.136589104689793876e-13
-1.941675035519786306e-11
-2.935281474879965625e-11
-1.735806727951493973e-10
-2.519072483236922917e-11
-4.738924867595900869e-10
-3.255033603255958034e-11
-8.620933705176369992e-11
-7.127574011705968545e-16
2.137853479947019297e-15
-1.085620025441462806e-15
-4.946231756064434573e-11
-1.066484734965111095e-10
-3.802435781765303280e-11
-1.632948733781110574e-15
-2.581347549671483181e-11
-5.913018602278636797e-16
-9.259213552799226563e-15
-2.373639615209610386e-11
-3.070527730224798289e-10
-1.739114853120847709e-10
-4.681077512277265969e-11
-1.447806989872168149e-15
-2.122259171712232739e-14
-2.243199982084257776e-11
-2.950504112968579995e-16
-2.000242257242796809e-11
-6.472863330027467739e-11
-3.793313669739561580e-10
-3.100105943306552308e-10
-2.648615380262469574e-11
-5.702944269192746739e-11
-1.069040360264910188e-14
-2.429503713424317446e-11
