-2.752004791221594955e-11
-1.784300711545369002e-10
-1.255613178949010442e-10
-6.072480234337579669e-15
6.444658587252893998e-15
-4.178537490133439187e-11
-1.095117856659943192e-10
-7.437484380292897743e-11
-2.002559417624552204e-11
2.758001113296991345e-15
8.407967702545996952e-15
-3.861105190818725219e-11
-9.850318231045102723e-11
1.005375462663006794e-14
6.267997466791068998e-15
-4.290402537536236635e-11
-1.313623791465484445e-12
-4.013473618065714438e-10
-1.415037898100232442e-10
-6.478440529896441019e-15
2.938638784104607554e-16
-3.494634157809750932e-10
-5.872473968420009852e-12
-7.668361862340249247e-16
9.658700920466469601e-15
-7.179670607255438830e-12
-1.480876291113348889e-10
-1.862038598170450381e-10
1.078832494507048161e-14
-1.066961800591746874e-11
-1.841248800485387573e-13
-1.566231556996103531e-10
-2.906715703310368584e-10
2.835165146778889984e-15
3.488684470350504809e-15
-6.867627732894109348e-11
-1.246869599461384067e-10
-1.538019873448858912e-12
2.340031948746267531e-16
-1.077644393870103386e-11
-8.982956368465204349e-12
-4.676784530346650065e-10
-2.865680182235086010e-10
-3.545984721843257148e-15
-2.894486040261252733e-15
-2.981029115327079498e-10
-1.487118096752296537e-10
-8.045720344489084028e-15
-8.190637998645872602e-15
-2.247741858794103686e-11
-2.565392979230879410e-10
-3.794807440103610389e-11
-3.407839183787374378e-15
-8.275679633597878304e-15
1.035860451530307002e-14
-9.885002852645554967e-11
-4.388947358318802092e-10
-8.089401126042296531e-15
2.883598825827361235e-15
-1.524098832304892092e-10
-4.920518699894371395e-11
6.660828157780532882e-15
-1.501244434857134830e-15
-7.195711603897400272e-11
-2.668259025440064683e-10
-2.874227957320399195e-10
4.894864852661173295e-17
9.562709529105869178e-15
1.468026483189832588e-15
-1.809212734881108383e-10
-2.686604308902700225e-10
3.217427815437036337e-15
4.325617721804338558e-15
-1.493309780662003488e-11
-2.907376224756995822e-10
-9.820115324732955656e-12
3.300036780280789186e-15
-1.959718053776217770e-16
-3.400823578780376028e-10
-5.631354116979994549e-11
1.071990160361939108e-15
-5.955736002800334679e-16
-5.618192332453677692e-12
-1.750557784905309439e-10
-3.731233933309355118e-10
-8.251262749771398555e-15
1.034560832887607043e-14
-1.761285138401169980e-11
-1.473171021343420502e-10
-2.969612161169277234e-10
-8.923407963901743857e-15
1.920758412070274299e-15
8.393516581680460479e-15
-1.225497681932293923e-10
-1.069573558304870761e-10
-2.123353582438088321e-11
3.190414813025142367e-15
-2.818078287746944457e-11
-7.097772467330671855e-11
3.466111763200543893e-15
-6.429870317492042796e-15
-1.186647583905076509e-11
-4.028728085069963612e-11
-1.926639478431378772e-11
-3.835519499152476795e-11
1.187501808931401561e-16
-2.098932092009834559e-15
5.026079632586838087e-15
-3.408498582119361064e-10
-2.953496646967349858e-15
-3.438495961449972196e-16
-9.393301212573648018e-12
-2.773190044815059950e-11
-5.310269159014227447e-12
-7.195070979115429569e-11
1.044476526246621386e-14
8.820164545273988846e-16
-9.177683615602702165e-15
-7.703524084082045091e-12
1.793068009140508561e-15
3.000914697258287918e-15
-2.599173444192052963e-11
-3.030451759522960905e-10
-9.681399591401463285e-12
9.352784137787225971e-16
3.616214099565889544e-15
-3.526252917548357100e-16
-1.372588685548661815e-10
-7.407382501585455825e-11
-2.878771355378268882e-11
-6.467054239012645978e-15
-4.613485304990872095e-11
1.604963823607271647e-15
2.262900917631772886e-15
-1.561856962313353297e-10
-2.686621923337758604e-11
-1.585608865694513227e-10
-3.273763135900883626e-10
-1.617741271030719890e-11
-1.664576134853784146e-14
3.872046796764738704e-15
-6.986269698510217128e-15
-3.705384299358253950e-10
-1.400873503384458199e-10
-2.098738315886421606e-11
-2.019713983099962944e-15
-1.714322378352707120e-11
-3.722820016611144282e-15
6.278340620877426381e-15
-7.100185874244711301e-15
-2.789567856551596000e-11
-3.117609584090427921e-11
-2.668995122220562282e-11
-4.926079874886568695e-15
-8.516865930667207751e-12
-8.634565795437853868e-11
-3.945430039774506082e-10
-4.258590788529653454e-10
-1.879049593205504447e-15
-5.003429484943026322e-15
-1.059323191238082232e-10
-1.710338134275260510e-15
-7.155009784341095491e-12
-3.740451556793548469e-11
-8.275048059304876001e-12
-7.891371337968554936e-11
-2.900879707049830635e-10
-2.439791503200367550e-15
4.835982610744126641e-15
-2.732719010624177653e-15
-2.058978934827973284e-10
-2.671373729622184965e-10
-1.220369663393712860e-11
-1.081601465501781283e-14
-4.088707207689736266e-11
-4.659495610186478331e-10
9.376203574942466536e-15
-6.229959053528999374e-15
-1.244641681457773267e-11
-4.317605858543830533e-11
-1.971946439910706744e-10
-2.486208178093304846e-10
-1.632238502819918741e-15
-1.577453259264344349e-11
1.318262886594456272e-14
-1.412125337294352173e-11
-4.963127077439670267e-15
-4.911099678104547214e-11
-6.714558345497439633e-11
-2.197119176357818220e-10
-2.064431301769956588e-10
-5.692382008928226012e-15
-3.342704037805225397e-15
-8.529282042977106701e-11
-4.638155402261519983e-11
-6.623657997400614538e-11
-4.230271650971912633e-15
6.072545757621314987e-15
-2.237648114450902000e-10
-2.332534001638376417e-10
-1.854946221451550793e-15
-2.125222620157536874e-15
-5.527418266673303920e-11
-7.495155750498918625e-11
-2.409081951119295020e-10
-2.761599832451439727e-10
-5.327007016474549357e-15
-2.417953292122413552e-11
-4.128678316915401948e-10
-2.913439234746964857e-10
1.660840762618575266e-14
-4.365305947237584896e-15
-1.422990972199992350e-15
-2.216349465868229552e-10
-4.279186602331648271e-11
2.318893382145654608e-15
-1.016436508205006099e-14
-4.139447271479170729e-11
-1.617555442951911682e-10
-9.711701453886388086e-15
2.908064208439497245e-15
-3.619199881170683860e-11
-9.475716409905191415e-11
-3.932610758731492891e-10
-1.935053654108771722e-10
-2.432226448791588481e-15
-1.007061563807626465e-11
-4.137765693141670951e-10
-1.939161304806645368e-10
4.377279456778932720e-15
-6.809703905603011866e-15
-1.903652307477175945e-15
-1.793278499263612564e-10
2.199442835635048394e-15
-1.506582633998914574e-11
-9.507536166667872607e-15
-1.243805522966000810e-11
-2.241039730832067372e-10
-5.924092277257422900e-12
-2.337000590026534338e-11
-6.594802409002600711e-16
-1.313752304393380240e-15
-1.510414924095738642e-10
-3.012270683523253717e-11
7.079264365943751165e-15
2.772149463159001374e-15
-1.555676006859088878e-10
-4.638790430369888821e-10
-3.004242116077692165e-17
-2.419293771206424384e-11
-4.336965207379860566e-11
-1.288564360876180650e-14
-3.241881501320831910e-10
-4.762475252201250357e-11
-2.769309811660186237e-15
1.249379378182832787e-14
2.768456788981794166e-15
-2.099560087821778390e-11
-1.671147423262187490e-11
-1.487360609890398593e-11
-9.937039372689969980e-12
-1.175222933273438259e-14
1.658272871168327751e-15
-4.781022242962116971e-14
-1.929322118880015903e-13
-2.849061003696366418e-11
-1.676771745804863702e-10
-1.493795038419650018e-10
8.829208092086209813e-15
-1.074467995845611411e-14
-2.314138520584714130e-11
-3.851089294978534092e-10
-4.243870747593346110e-10
5.412457919047395212e-15
-2.480215027342043627e-15
-1.125296970784177020e-10
-5.087958575190254060e-10
4.669838170793117306e-15
-3.092300600848017651e-15
-2.379097658170236835e-11
-1.497928194619588259e-10
-3.144779729675320451e-10
2.059392558521397630e-16
1.462451357937090869e-14
-6.855675389598926990e-11
-3.982257071302115290e-10
-4.387951045827092862e-11
1.022736001419638483e-15
-6.754134267332234906e-15
-6.699779407964020712e-11
-3.875153633936752239e-10
-1.312248188730657843e-10
-2.264327537521511884e-11
-3.767597065763862989e-14
-6.837078874056077405e-12
-1.277560684692309835e-10
-2.700708766618471567e-10
5.002580695981804451e-15
-3.946985685319581896e-11
-1.402300606092777671e-10
-1.564849742967316586e-10
-5.453055598402698965e-15
5.497630820963441352e-15
-1.865960289137258723e-11
-1.658769261177595478e-10
-7.885289438826360743e-11
-1.969267509653599545e-15
1.607879581176663826e-15
-9.674382140693761150e-12
-6.440135833969089569e-13
-1.344035933696076354e-10
-2.002784742388579048e-10
-2.366276147654953313e-11
-1.295651599091906091e-15
-1.389861270032861267e-10
-5.596375264432600591e-12
-9.440139426682272788e-12
1.902984476385391205e-15
-1.593559189875331305e-10
-9.529806941979257103e-11
-5.737515158162378773e-15
-2.328056926630853140e-15
-8.410155865731988177e-11
-8.975554624850073012e-12
-1.341530038864615242e-10
-5.586695131530417692e-11
-3.173774902955753938e-15
-2.877628522577240578e-15
1.780761139012651239e-14
-4.526147550508564468e-15
5.011375896562185730e-15
-2.183366891108807053e-11
-8.024663798537841169e-11
-2.137765369273304465e-10
-3.285339141326584956e-10
1.815061221059687633e-15
-2.974250644052479777e-11
-3.369602114420174451e-11
-2.179490561329138418e-10
-1.312724443502192417e-10
-2.341563727008566608e-11
-3.043458399822753455e-15
-6.037247530742175987e-11
-2.165463698415864368e-15
2.878887772206891368e-15
-4.227716839087892694e-11
-2.434692884108513979e-11
-1.784084464706827796e-10
-7.881097718839803489e-11
-4.350373536750958262e-11
-5.139735433006073802e-15
-3.264104842464416698e-15
-4.269184203776469854e-12
-7.273905273730444495e-16
-2.924704164402370317e-11
-6.431601886006120274e-11
-8.736832947948430491e-11
-7.187968476637114070e-11
-1.618593122699224893e-10
-3.198961655898973184e-15
-1.483583823116504305e-15
-2.225857861169127652e-11
-1.796359789426522902e-10
-1.045064853448376804e-10
1.077326629679640106e-14
5.348171277353553156e-15
-5.464580471240562664e-11
-1.315681109111310167e-11
-4.361295558253910620e-16
-3.151011615555480906e-11
-7.866392638081443221e-12
-2.791277223659241398e-10
-1.267740876347783562e-10
-1.823907105676063596e-11
3.327177483363141448e-15
-1.595909315042074151e-11
-3.212220867319320888e-11
-3.853795872588802013e-10
-7.990832331580528572e-11
2.652907609793298314e-15
-3.208427770761810541e-11
-2.605673352408315975e-11
6.898681466971480002e-16
7.330117500836507844e-15
-1.994196574132689179e-11
-9.495141532588728152e-11
-2.313027388373108439e-11
-2.849809845504359459e-10
-1.226101308367242229e-15
3.725055558921899141e-15
-5.238620406838125597e-12
-7.858057661492877964e-11
-7.735421066958852447e-15
-1.024989821536492143e-14
-6.431537653079020265e-11
-1.070068926533571014e-11
-1.188193250295445661e-10
-7.415043888379190179e-11
3.299062456515725193e-15
-4.758713923760532728e-15
-2.304229367637423794e-10
-9.777279821228250294e-11
1.223284126109195859e-14
-3.704359858671806289e-11
-9.109490396363472921e-12
4.063533800328391840e-15
-3.991531694668428757e-11
-5.810567399606496352e-12
4.167340979114672657e-15
-7.143494783557434881e-15
-1.117507704590129332e-10
-3.319364310182006691e-10
2.893983807555087977e-15
-2.660701624186936439e-11
-1.025263882332292761e-10
-6.150084320869394261e-11
3.508225316388544159e-15
3.727788564783760641e-15
5.410497984502099619e-15
-1.666421047104401527e-10
-3.428349761746193494e-10
-6.623711548250297265e-14
-4.569274970326748639e-15
-1.340400071456111825e-11
-2.197177136024769569e-10
-1.090243670692733739e-15
-5.023885063627287928e-15
-1.001280995246454707e-11
-1.758918305401943147e-11
-4.520324265691882851e-11
-8.336573155376520188e-11
5.404520891184824455e-15
5.485947640940967056e-15
-6.797656456343264079e-11
-1.021761281946672285e-12
-6.695929923546909430e-11
3.752933425410426383e-15
7.129560489452239187e-15
-3.200504509031553784e-11
3.398276379819232063e-15
-1.765547959936488845e-14
-2.985802179331599560e-11
-5.526358107469688202e-11
-3.126390420380379217e-11
-6.770174258768038610e-12
5.185759222801974003e-16
5.333881051980269263e-15
7.967138216042736708e-15
6.521325040347081356e-15
-1.429673795964156951e-11
-2.045212087507314247e-11
-8.253977169176179886e-12
-5.075492654691707981e-11
-1.016757472219025588e-10
-1.969637310584053355e-10
-1.120025880842171150e-14
1.452642123586281865e-15
-9.768645675625031150e-11
-6.717821186034701591e-11
-3.771049640136420870e-13
-7.585091913999692827e-15
-2.567128186298572941e-11
-1.776413657758698749e-11
-1.659601377404884489e-10
-1.970528283873978243e-11
-3.236672605662702442e-15
-2.243812498552418315e-12
-3.155020294156867675e-11
-2.311877216105210476e-10
-8.397378810884963812e-12
-3.002783701570754964e-15
-1.076056773645551521e-11
-4.378991956606876007e-10
-3.797846356104828404e-10
-2.562028604899859429e-15
-3.959272644653592697e-15
-1.723238819211564634e-10
-3.684256014182156173e-10
-5.786726956386180083e-11
4.955355815744674525e-15
-6.783461574348621477e-16
-4.421562509314173072e-12
-2.617246270731849251e-10
-2.429329364429879401e-10
4.504854266256108589e-15
-1.608204026488758146e-14
-3.439791728749728314e-11
-4.543004933604858969e-10
2.400046524045801594e-15
-4.862674338672301931e-15
1.154588337452185164e-15
-1.324240818038442613e-10
-6.145670763717940290e-15
-5.819824948296334049e-15
-5.829360805928379065e-11
-5.722191780590508662e-11
-2.950264681217011880e-11
-1.206498130017379648e-11
-5.617648338205487167e-11
-1.291232544265724086e-11
