-2.752004791221594955e-11
-1.112967140807991793e-10
-1.539056167240094678e-10
8.966976023323373514e-15
-5.106110375789224164e-15
-1.463520933974813293e-11
-5.574650529783090972e-11
-1.450917316124796911e-11
-8.170878131381806411e-11
-1.641286746313130871e-11
-3.076591693690263957e-15
-8.592312630365495965e-11
4.445818910525803728e-15
-2.286651251789828923e-11
6.763639057020427164e-15
1.185660569554965223e-14
-6.194917028997400798e-11
-1.238500302070258028e-10
-4.371561874747320028e-12
4.185699326467526894e-15
-6.167529434832988995e-11
-6.738560693247865858e-11
-2.047865989959554286e-11
2.378360910471579561e-15
-2.083234741078878617e-12
-3.540815877547426989e-12
-5.259505682905543717e-11
-2.628621841703959279e-11
-2.742377795221614503e-15
1.011385051760952580e-14
-1.933721525223281367e-11
1.160730121369594476e-14
7.693626562716250215e-15
-1.693200823337126010e-15
-5.441979399804666648e-11
-6.300349222484269779e-12
-2.612673111352255979e-10
-8.523681077262718660e-11
-1.664094978137063162e-14
-1.327324662458233749e-15
-7.406510085464913310e-15
-2.640263633170017889e-10
-5.092012528915753136e-11
-4.401448421800912636e-11
-4.073389813979966194e-11
-9.385241230439275967e-12
-7.462291411358421396e-15
-1.027811449874704510e-10
-4.461640601435205198e-11
-4.813814741937746652e-11
-1.502080215371106593e-10
-5.072663626806631997e-11
9.253284486092379414e-15
-8.681088665151308294e-12
-5.173734641244308430e-12
-3.248272987734559381e-10
-3.877065931173668888e-10
-3.118846871466754960e-11
-7.814625765780777005e-14
-4.517175277344742347e-10
-3.689389916023447151e-11
-2.892086563212497840e-16
8.275346313452892038e-15
-2.335252395552367322e-11
-3.825031332054983825e-10
-6.219814044844124925e-11
-1.564807218907179143e-15
8.131812405283613104e-15
-7.874597577981477323e-11
-1.034551553951922572e-10
-8.236511525572635006e-11
-1.049321088815090550e-11
1.443331837664959444e-14
-3.481577186407577326e-11
-2.124136353051238747e-10
-9.822669269381243063e-11
2.889137704621489416e-15
1.613301486389354580e-15
-9.094082184902456593e-12
4.088275208458046244e-15
-1.320060945600678358e-14
-3.686442255134105163e-15
-3.164916283114434205e-11
-1.305424351547773179e-11
-5.490339851304323556e-11
-3.258557836101378307e-12
5.354852693048583478e-17
-2.217446371039135398e-11
-3.002328963784530419e-10
7.340535615626174870e-15
-6.825434522468902567e-12
-1.325072606814562287e-15
-1.995766969141679627e-11
-3.115682468667880093e-10
-2.871042074731339991e-10
-1.774841505981450240e-15
1.852231446676238962e-15
-3.535112595040552102e-10
-2.278222408820514273e-10
5.452988696086454464e-15
-1.673575442361465279e-15
-7.343575879970038110e-13
-2.403794135059604716e-10
-2.669504229006286587e-10
-2.472245267900282500e-11
-1.362135572943750126e-14
-6.580744060430801407e-11
-3.736242634947770851e-10
-3.216829115085476949e-11
-8.503837926118788694e-15
-2.620830086562913722e-15
-3.454411698127147691e-11
-2.724295184143556578e-10
-1.851787216829336316e-11
-7.052324539117201689e-15
-5.145891626600393069e-15
-4.584960134457368833e-11
-7.192047874280227074e-14
6.660338022426036827e-15
-3.767470733077111634e-15
-2.475528503088758239e-11
-3.712841474554029736e-11
-1.440448866516152925e-10
-3.188003614991086537e-15
1.856441054673576433e-14
-5.527416058013046047e-12
-2.482444986929571802e-10
-3.956851113811593278e-10
-7.196170130804174587e-15
7.422045270896916745e-15
-9.446070560882746104e-11
-3.970572988880831819e-10
7.742858385507265223e-15
1.645750007304138428e-15
-6.428169453248880041e-15
-4.600716354760685386e-11
-1.388663285395119666e-10
-4.279055401106978165e-11
8.060921904127516382e-15
-3.276906667873017616e-11
-4.747800557901376814e-11
-2.965580770835412639e-10
-1.858685427868719449e-11
-2.703511541922484933e-15
5.280157672215937716e-15
-3.995159017042063716e-11
3.438162298704692189e-15
-2.947150272061716105e-15
-4.057724167212101265e-11
-1.089451851880567481e-10
-1.228165365663342851e-10
-7.349231529466277070e-11
-7.405759632678414629e-15
2.641674241260337544e-16
-8.777689274537508211e-12
-1.511434811596753208e-11
-4.863071907590237658e-12
-8.602867131619695042e-12
2.913778604826647069e-15
-8.250736249912571590e-12
2.867073402243994957e-15
-4.595623516835934650e-11
-6.124827216482422155e-12
-9.922379704602669009e-12
-1.135580978523299535e-11
-1.422070332242113431e-10
-1.828966177543078506e-11
9.826909853202990040e-15
-7.595612118128773865e-11
-4.342001717534255047e-10
-2.274526272507044057e-10
3.929772081575366643e-15
-3.005957730634608674e-15
-2.659972807794812353e-10
-5.120964277723353390e-10
-1.987820219648638507e-11
1.931756029241990559e-14
-2.753033069313312893e-11
-7.231806292202487791e-12
-3.342160112722949991e-10
-3.984996793240208074e-11
1.639317359473636963e-15
4.789250447127048247e-16
-1.549084684578312914e-11
-1.516815566700729385e-10
-1.136484307854694888e-11
5.855191447644132508e-16
-3.371163344752222267e-15
-1.880384436223687448e-10
-5.572252097029102364e-11
-1.565192395197522942e-16
-8.051215122601218341e-15
-4.746962964691640291e-11
-2.002348189571035115e-10
-6.082604453437025853e-11
-3.905240010331002415e-15
-1.688233061724999093e-11
-5.510537038534041490e-11
-1.292189219170331953e-10
-2.449664388103949277e-11
-5.540928923226085412e-15
8.961446518850803151e-16
-5.440080927130839985e-15
-3.329903548898766017e-10
-4.255243147318250315e-15
-9.782877673641638858e-15
3.611913454526557361e-15
-1.931074572461509509e-15
-1.078714973876498088e-14
-9.313344584850409836e-15
-6.433428232394564372e-11
-1.137846228384922939e-10
-9.573757057919062733e-11
-2.038747227305485089e-10
3.459742736050770604e-15
1.404016611766865514e-15
-6.126640676377891676e-12
-1.629468368086931252e-10
-2.890223913967612566e-10
-1.039973181608363963e-15
1.971648560078062385e-15
-3.348700581445017037e-10
-1.070528850702188317e-14
3.547227011575551262e-15
-3.629255559267262742e-15
-2.548373267328959974e-11
-5.330247951186024426e-11
-1.431094394745572688e-10
1.349201254014342915e-14
2.929738477696907603e-15
3.419548119829516571e-15
-1.373212173427972122e-10
-4.965658456896510530e-10
5.448490808887318165e-15
-1.337641468318534215e-15
-2.035673160833134531e-11
-3.599522592233709999e-11
-3.975598810717813352e-10
1.889245256536085484e-15
3.333524820060107750e-15
-4.027809096394890458e-10
-1.518782107216009179e-10
-1.035429551329950990e-11
-1.473910481001820979e-11
-1.385783856887598917e-11
-4.316824950787640619e-11
-9.537791267733743368e-11
-1.613588570638545742e-10
-3.081388589817581364e-11
-1.400258748007364397e-10
-1.913310870262488842e-10
-3.350056995227965976e-11
-2.623999413124063213e-11
-5.237821378159034644e-15
-1.558372848526203560e-11
-4.842949670865987469e-11
-9.231642215498287318e-11
-5.340507028776960526e-15
-3.358287037792152001e-15
-2.256419765684678939e-15
-2.215207217709869997e-11
-4.241996570194365167e-11
2.409508941497588702e-15
-9.888293720972994573e-12
-5.932405432862795794e-11
-3.997967201174988590e-11
-2.974117073949453906e-10
-1.158319314950793441e-14
-7.032792489204058894e-14
-2.101280083485750631e-10
-1.665752032286366615e-10
-8.258457061163828512e-12
-3.186883154901824780e-11
-2.434538693008775911e-11
-4.782908239410612303e-11
-1.863830722148188274e-10
-1.627460051733553634e-11
4.907283130018834613e-15
-3.977687088145023287e-14
9.045996878026861303e-16
1.434606489491363487e-15
-4.305914813962507959e-11
-1.742747301341853033e-11
-2.340183562273340907e-11
-2.534417945861408486e-10
-2.328561570547882391e-10
1.302655527092332626e-15
-4.259236992720956961e-11
-2.159392458781429289e-10
-2.975675956479453346e-10
-1.307327004834155994e-11
1.053543956737099555e-14
3.780652119136342482e-15
-8.181313381828753451e-11
-2.038117288396820589e-11
-3.289374612604543003e-15
6.707602987053706901e-15
-1.952471438848487850e-12
-4.717002926075223590e-10
-1.266108936860683382e-10
-9.189390806675030830e-15
-9.491296123891967681e-15
-3.859498019608980588e-11
-1.482777837101954542e-11
-3.241072017174704192e-15
-3.058603928256281862e-15
-1.262944838717432303e-11
-2.282525081443571699e-10
-1.053315225417626913e-10
-4.791036405917636786e-11
-8.165493011951711629e-17
-1.896624928807351918e-11
-2.184521734056508069e-10
-3.544942196806162743e-10
-1.154581774921737656e-14
7.426358062695041318e-15
-1.183385792413840358e-11
-2.948959530281761182e-15
4.991557492344350897e-15
-2.145741083238077430e-15
-2.538492973807120053e-12
-5.162813791961852185e-11
-2.356598149533278786e-11
-1.247988402921360238e-10
-1.081647410109369897e-11
-3.541866889723583012e-15
-1.609992146408619391e-11
-2.463240269384126427e-10
-3.221190904866088473e-11
-1.782682798573381221e-11
-5.329809375978068624e-11
-1.646696040973866773e-11
8.388671603483081616e-15
-3.295597423817155898e-12
-7.868405505752053855e-15
-1.944973316616932995e-11
-2.254019689287816210e-10
-3.933816626079609281e-11
3.472938745629255623e-15
-2.882517108570059325e-15
5.890626381227282870e-15
-1.586097006570250532e-15
-9.696525288886631566e-15
3.436997889086895103e-15
-1.725186057749596973e-11
-2.193619962987587101e-12
-1.646006124141950239e-11
-2.269945553019064822e-10
8.433083334335359000e-15
-9.853967985306105692e-13
4.684755655923221289e-15
-1.176519640346265286e-10
-4.375120390887747464e-11
-1.170170393805655115e-11
-8.132157124226634411e-16
-9.896029134589537648e-11
-1.440566698131726459e-14
6.237079971564002708e-15
-1.794291372643915393e-10
-5.376623894770374735e-12
-2.489999087788181456e-11
-2.477427609662670057e-10
3.267775098689930526e-15
4.805013734921892981e-15
-2.519906857697241060e-10
-4.641317201307687134e-10
3.457750373931662007e-15
9.758983313264479249e-15
1.399094833161564727e-15
-8.510675841994373193e-11
-8.200998366767140029e-11
-2.692239483156834574e-10
7.685225086588211040e-15
-1.043195964728169107e-10
-3.187827607200264472e-11
-3.798798632392746739e-10
-1.712932589250300213e-11
-4.036614648997575400e-15
-4.350328003227023986e-11
-2.952223878512564321e-11
-2.829931868762288951e-10
4.898164095731425473e-15
4.608743879373591700e-15
-3.428264138903565940e-11
-1.428301322384126697e-11
-4.371311563067162338e-15
-2.582502669832102165e-11
-3.137627719655323741e-11
-4.148256629719006110e-11
-4.739971077824880782e-11
-6.673174219959084550e-12
-9.107393072097678280e-15
8.140277438420363902e-15
-3.088907432287539823e-10
-1.406396310696044491e-11
8.920163467011314025e-15
4.995007160005528736e-15
-3.141929728080205370e-11
-3.689135269893227488e-11
-6.200095191561514337e-11
-6.023919524538868389e-12
6.431710372179436977e-15
-2.530671445292829314e-11
-4.998199638713211386e-11
-4.524142961498020372e-12
-1.219582062206774892e-16
-3.425820517174772791e-15
-2.351086986581914788e-10
-2.643617395481238992e-10
5.207949429170821060e-15
1.220385742124401860e-14
2.745626992000419670e-15
-2.073552961049897640e-10
-2.483376276025476704e-11
3.655762700600975905e-16
4.368111675742824156e-15
-1.196804528728587633e-11
-3.494222410137752599e-11
-3.218384355268989590e-10
-8.333134804349384242e-11
-9.000114409172563224e-15
-6.861311279327574202e-14
-2.134112321250068202e-10
8.128565670228126206e-15
-2.661139100877375687e-15
-1.503790813228846348e-11
-6.792072645338232284e-12
-7.951546417853371893e-12
-1.286156444296994517e-11
4.875899540107301149e-15
-8.278727510450459279e-15
-2.741208585174270093e-11
-3.457277538179764122e-11
-2.067810597874049410e-11
-2.440090040156916545e-11
-3.242768077417771245e-11
-1.342958395509251126e-11
-1.805671761673108770e-10
7.163928508782610038e-15
1.014880331432250550e-14
4.387135030235497698e-15
-5.755113150767443452e-11
-6.302129161118809768e-12
8.027769836491273222e-16
-3.501765796203207799e-15
-1.352381990505794486e-11
-3.782550636246285285e-10
-2.426966204104066560e-11
2.351763209927854324e-15
-3.349724197674209637e-15
-1.186196610324721943e-11
-3.629110153820423242e-11
-8.573385807111231824e-15
-5.310705583419954786e-11
-4.898881728265887186e-12
-4.747957609938713479e-11
-1.770226435457687861e-10
1.737601429705532633e-15
8.667025099691926189e-16
-2.374664080575524637e-11
-2.293205173509801243e-10
-4.150956853461872907e-10
-2.092704731018627429e-11
-3.267698605633708947e-12
4.861593643842548879e-15
-6.515614785462599018e-11
-8.669871147713794714e-16
-8.313240834414569772e-15
-3.257476373089619486e-11
-3.598854526552593640e-11
-1.255731816894965095e-10
-2.690669831359167909e-10
9.855174009883953460e-16
-9.619234400986734901e-13
-3.829794913902792213e-10
-1.089859871812630798e-10
8.866116167513170911e-15
-7.532078087444826142e-15
-3.956520674758423774e-11
-3.013804897474285772e-11
-1.409164526189391957e-10
-3.500489132799613285e-15
9.168094455101154285e-16
-1.930786169945466730e-11
-1.215512790561748997e-10
-3.668368627165447480e-10
1.046615506434327858e-15
2.132417815683437974e-15
-1.441480569179886328e-11
-8.911389695843632988e-16
-4.623006024307047451e-11
-4.593290884478101435e-13
-5.410562014223410642e-11
-7.621041189512437420e-11
-2.675436146034127665e-11
-8.145776603412852724e-11
5.048017558959812723e-15
-1.924520624407719456e-11
-2.680232973874252448e-10
-1.499909908479335208e-10
