-2.752004791221594955e-11
-3.983514774738384384e-10
-1.891973343141766923e-10
-7.607647760678760460e-15
7.528692621310391830e-15
-4.250264014486460024e-11
-3.230077716454275160e-11
-2.567421328951473550e-11
-3.704300896343490181e-11
-1.937702059890334683e-11
-3.475670044183870466e-16
-3.622420106452262793e-11
-9.314599681252229844e-12
-8.679950263407538600e-11
-2.106967184625709134e-10
-6.969502638829376631e-15
-6.128664943529627539e-16
-4.120198879217800719e-11
-1.229287020418269008e-14
1.072668284521558827e-14
-1.082677520780168571e-15
-1.365287075968299430e-10
-1.768020513127086263e-10
-2.938035001007188947e-10
-5.511423503922348250e-15
-1.278177957999816519e-14
-5.338600953635096532e-15
-8.375896709305366522e-11
-7.942344565325799212e-11
-1.788736676769046191e-11
-1.002587254543013754e-14
-3.323726743875498762e-11
-2.996994382379418717e-11
-1.262536019748683420e-11
-2.102077333186773736e-10
4.544124058932063209e-15
-1.164724654523926064e-14
-2.661654870897826580e-10
-9.494924449950559722e-11
-5.340971231641205654e-15
9.560828147340929681e-16
-1.130061263943255337e-14
-3.397865332225342343e-12
-2.181931350370490627e-10
-4.494966343139901681e-11
-3.587814348165389741e-11
-8.049953081800020669e-11
-1.111197490503869869e-10
-3.865568493707982799e-10
-1.889899059421597791e-11
-3.277945133864871396e-15
-1.901274876051903555e-15
-1.130045662083473413e-10
-3.814751933696338975e-10
-8.329110020448865612e-11
2.313666843551963925e-16
-7.001368472298839298e-12
-2.932544650844037852e-15
-4.381625969468807185e-11
-2.548439087250185106e-11
1.270509540768332510e-14
3.703763713892623270e-15
-9.145495973636512976e-12
-2.433775685469224464e-10
-1.284779188472909294e-10
-4.523807278022462149e-11
-3.316128793861573980e-11
-1.296874666294502388e-10
-7.637762145934200662e-10
-2.444709718615319840e-15
5.566666862561493643e-15
-4.425218998163858069e-11
-3.198666082356316608e-12
-1.575618260876485527e-10
-2.364376657720887837e-11
-4.198511029587781003e-15
4.357884454392662015e-15
-3.969354292715298613e-11
-1.570224544520757881e-10
-3.163198473141810538e-10
-7.418045330290053075e-17
-1.010639226301641173e-14
-9.719999770159192818e-11
-1.154687657758469155e-10
-3.583338879954738878e-15
2.891372256137891498e-15
-4.056486264923497506e-16
-1.413353043581420925e-11
-3.208857452540142761e-10
-2.883676944357248664e-10
1.119990644445402547e-14
5.006988706630809755e-15
-4.479950282473342440e-14
-1.206696609194682159e-15
-1.892288236104363131e-10
7.132532472168077215e-16
1.197290133967722012e-15
-8.728227114640999302e-14
-1.403369677121390898e-10
6.923497919330299858e-15
5.958892761767638671e-16
-7.501789058223632895e-15
-8.922307107739207670e-11
-2.298332876723919204e-11
-4.812815147391280629e-11
-8.420524876356271710e-16
2.656336906561540946e-15
-2.427725021427451911e-15
-2.906844183657362817e-10
-2.767029298094471164e-10
-1.244654169969859300e-14
2.058370423639380875e-15
4.301131377058999822e-15
-5.642807124545758514e-15
-1.091528622585431750e-11
-4.426418002574022580e-15
-1.049017166630384101e-12
-5.633904109335687539e-11
-1.678287449468855144e-11
-4.418680918457443660e-12
5.157179731698008865e-15
-4.661708396079788139e-15
-4.024577917004230645e-11
-2.542883650179920196e-10
-1.248622066391283020e-10
1.012736011282841397e-14
-5.483139001852108513e-16
-1.539428088610035166e-11
-2.441716459505966658e-12
-1.651462299756187492e-10
-1.253176982545446862e-11
-8.056622328517155995e-15
-1.065556181964244622e-11
-9.613258941241771720e-16
-4.901609671531169600e-11
6.034002626324306707e-15
-4.351164583025707803e-15
-6.476278366441783615e-15
-3.876432592753179866e-16
-5.247187902685289973e-15
2.361830402293326616e-15
-1.358163387135345219e-11
-2.028241655560853734e-11
-4.926556590564261672e-11
-2.340312071847027074e-10
-6.307579300308858728e-15
-2.058239727703376254e-12
-2.570734694501152189e-11
-2.671910222960850793e-11
-2.938559405430139988e-11
-2.420361329171166923e-11
1.465813818820093636e-14
-3.994028131680926392e-15
-6.181783729346706606e-10
-1.777533568334499488e-10
1.038481745306920955e-14
4.344999689032614603e-15
-6.218657249285559205e-12
-2.818796042957617280e-11
-1.437187260783101680e-10
-7.106750867228290274e-15
-4.075475624883651126e-11
4.680860456964486917e-15
-1.227780271562832849e-10
-1.420537543685387144e-10
-2.189510391602342319e-11
-1.123766020808927519e-11
-1.838957322852533614e-11
-1.097952950197685338e-10
-2.466367373518774217e-10
-1.236808209706059385e-15
-2.516044659413605479e-15
-5.374847532093845245e-12
-8.864078720287394128e-12
-1.091099176300243583e-10
-1.394213733713643445e-10
-5.409338312283379943e-15
-4.958912722413203184e-11
-1.938871264138193809e-10
-8.381764184786630876e-11
-3.090828083018414620e-11
-4.650797752559608470e-15
-1.290575605187106465e-12
-1.353119996728202507e-10
-1.683774062288332670e-10
-3.543695659137412518e-15
9.259222998717145779e-15
-8.938075435983562670e-12
-3.391344858361677946e-12
-3.672911343627574478e-11
-6.134304713635545021e-12
-7.339469346658283681e-15
4.117494542296606561e-15
-2.671984915655069955e-11
-3.338103512528939911e-10
-2.068035192039941854e-10
3.310099163611722385e-15
2.163546080517851428e-15
-1.181132056356728186e-10
-6.287603606954873163e-11
8.863292995442561179e-15
2.258480766992522850e-15
3.445651671063431029e-15
-3.601524870724993686e-11
-2.929614424627236788e-10
-1.956015415406119604e-10
4.447487100643632150e-15
-7.218699230371953119e-15
-1.561753315685367932e-10
-8.624342605678838324e-12
-1.874077652949372941e-15
5.221999803573478457e-15
-1.277117454719440309e-11
-4.355931245970187045e-11
-2.937009289814919801e-10
-2.707706497471234288e-11
-1.256288230807825192e-15
-1.585904297917077869e-11
-2.573857320842643405e-10
-3.113568762498688558e-10
-5.375671465814742421e-15
-6.799282113168341428e-15
-8.993680631054684668e-15
-4.412221102993415603e-11
-2.511053785860128804e-10
-1.053106165388854890e-10
3.603188927449919045e-17
-1.527923413402061226e-15
6.388322960201870195e-15
-9.947950810638137428e-11
-1.898912835725370680e-10
-6.736214322178182093e-15
-7.563321050189877056e-16
-2.043095500154688223e-11
-2.125542931580798716e-10
-1.211379125340291390e-10
-2.134238545295916725e-15
-1.172761837529771427e-15
-8.727830711315142520e-11
-4.742053898897875905e-11
-2.125848167840939819e-10
-1.631612034375239485e-11
4.257701572623731901e-15
-6.882946929073355800e-11
-1.168978121178621562e-11
-2.630264946007653822e-11
-1.828487271822014087e-10
1.741133156294264541e-15
-4.153097457878180726e-11
4.733445119418395458e-15
-1.025518428410519541e-14
-1.343964508286017106e-11
-1.350391259451783004e-10
-1.825593335986182891e-10
-2.700278630538270830e-10
-2.294763596107414031e-10
4.041181150143514029e-15
-5.780157143651815567e-15
-5.130315261391223182e-11
-1.552361336720464774e-11
-5.357232855940384537e-11
-4.284705534288412136e-11
1.473734474904907127e-15
-2.102244220413631978e-11
-1.776808778871452192e-10
-1.732267796430724009e-10
2.706944878253098757e-15
1.060571414643560001e-14
-3.370885006896851092e-11
-1.865550408699536110e-10
-1.373246458968393111e-10
-1.075189765692142420e-11
-1.939053576396089373e-11
-2.488148740094132644e-15
-2.449595329971097874e-10
-2.052968783316932981e-10
-1.807080522514416600e-11
-4.828136330181453261e-15
3.551399478257363837e-15
-2.262882616477352549e-10
4.455253173586510537e-15
-7.375388560890524347e-13
-1.145460028466307569e-11
-5.801567057898482915e-11
-9.589089988653738716e-12
-2.095673512112036726e-11
-1.280307408938136397e-11
-3.798197337567123798e-11
4.983585742328334960e-15
-2.453076487038471463e-11
-1.012480935513081658e-10
-1.112913366445284122e-10
-1.137257646212902805e-14
3.807731752075068368e-15
-2.300570510258024666e-11
-3.512547515104315028e-16
7.262662955603279626e-15
-1.399767375976223677e-14
-5.023403577021077114e-12
-3.151165276587642212e-12
-1.237969944325553717e-11
4.082387822641680500e-14
9.333085089282358700e-15
-5.176227505311806117e-11
-4.169382301171260955e-12
-2.893699707241809877e-10
-2.162718014319689856e-10
8.466649723786650360e-15
1.100250245875769983e-14
-1.595232975050933541e-10
-1.825460773180074502e-10
-1.541122061256883026e-11
-3.419667705472757142e-11
-7.371611742405394010e-12
-4.732364941643113291e-11
-3.163332006886761663e-10
-4.186120141206696267e-11
9.578257674215636378e-15
-1.920873193356157277e-11
-1.916953434870897250e-11
-4.414322331361737658e-10
-1.742153296327544256e-10
-5.128714156340787152e-15
-1.253606602833407025e-15
-1.288255498040674724e-13
-3.835029183009831704e-10
-4.294533624127497514e-10
1.047591444162860674e-14
-2.104891923948269165e-15
-1.757582961505435314e-11
-2.743855706069775181e-10
-5.956982809509060082e-11
7.241665747797475866e-16
-4.110399575281810107e-11
-3.035833038282895003e-11
-1.264166696358335463e-11
-1.620474260812143237e-10
3.752089257655255253e-15
-1.608378836945753239e-14
-1.124713578141117811e-11
-3.042134054121652258e-10
-1.944384032758523703e-10
7.021708167515004330e-15
-3.052674090785124875e-15
-1.103244146692274392e-14
-2.537184469042399556e-10
-1.660577487882109563e-10
3.269189263822686544e-15
-3.607535549700788467e-15
-3.653007348236782702e-11
-1.605777355143814051e-11
-1.319955332240871146e-10
1.152490605176315744e-15
-1.229185028365024745e-14
-1.223756652885002478e-10
-3.569406521679214889e-10
-4.501209587107832103e-15
-2.045083513884450347e-16
5.099300226337343872e-15
7.266581010686787483e-16
-1.747755127496021705e-10
-1.194845830516023699e-11
8.581566497476369446e-15
4.287252205597740414e-15
-1.141028819289987665e-10
-2.671479937687031061e-10
5.213384164058210088e-15
7.176772686044360698e-15
-6.500465176479274907e-15
-3.991051017648776415e-11
-2.620416040226705156e-11
-1.232527596521326616e-11
2.106856299942928633e-15
-7.609002635394496951e-11
-2.879573774471603826e-12
-2.595848328164227614e-10
-4.451630989818357369e-11
-6.098133903473287102e-11
-1.109117752508108085e-15
-3.561870495818599190e-11
-3.301003327208636446e-11
-3.194908521758589091e-11
8.572801153282261669e-16
-7.796724291205326043e-15
-1.930985898803241401e-15
-2.919032131377450187e-11
-1.081089186703749155e-10
-5.420774266563331303e-11
9.251662319738377946e-15
-4.922795329176169344e-11
-2.427171383163776160e-10
-2.690617803321257009e-10
1.759243729063315756e-14
-8.289693136098173406e-12
-2.015055183268029509e-11
-8.178419246844175518e-11
-1.808833857591497722e-10
-1.055830871036698649e-11
2.650810319561455773e-15
-9.927898049668602508e-15
-1.187584381717006734e-10
-4.762373254081278917e-10
-3.609539110811415266e-15
2.829604941783713081e-15
1.591010369508459709e-15
-1.607607414243002568e-11
-2.392210326585144048e-11
-7.036040468977878206e-15
7.282668898952762564e-15
-3.253366328214830471e-16
-2.531374747280661191e-10
-1.981923539072021917e-10
-5.182289209099671491e-11
-2.276225628856334377e-13
-2.342061599535627442e-11
-2.108410301680007499e-10
-2.200288686504454688e-11
-3.522958771371169412e-15
2.252958290963759791e-15
-2.439491578954693800e-11
-2.609668370625747991e-11
-2.658224801646045504e-10
-1.770917109531033747e-15
-1.185882707691929227e-15
-1.151674599770607134e-14
-1.587894120895930679e-11
-1.434597994166997122e-10
-1.273593808249614074e-10
7.259845202961548414e-16
-1.065884571723927873e-14
-3.691859022120550588e-16
-2.944353612670727582e-10
5.853254243382287507e-17
3.271428624130961483e-15
-4.858291660836164449e-11
-1.768415993368967362e-10
-4.598439611887681387e-10
1.363308298607295230e-14
2.411110034604767118e-16
-4.086872952207033247e-11
-6.200292855701091610e-11
-9.229358809287829688e-11
-4.948834154171582093e-15
2.890413788177936879e-15
-1.053652171614192740e-14
-1.112894197083935911e-10
-2.102041579211730396e-10
-6.993636746731444254e-11
8.069358623009336414e-15
-2.047993750678799541e-11
-2.179052709438314806e-10
-1.615959029999564791e-10
-3.812589272002746351e-11
8.866865924446903979e-15
-8.075883628546006912e-11
-3.068430472253690850e-11
-1.889973468434882452e-10
-3.151883805967470621e-10
9.992611243537220995e-15
-2.353498345423872016e-11
-6.393361548837307397e-11
-2.481403226843034637e-10
-1.903382181225624507e-11
7.278273964824013722e-15
-2.436600180671017436e-11
-1.937582967846986941e-10
-3.209679717422671907e-10
4.306320913550370232e-15
-1.700159976483770777e-11
8.461553504293141547e-16
-1.088359584548646174e-11
-9.522314393280464290e-12
-3.976577872876893283e-11
4.137791450051932554e-15
-4.784107473705121912e-15
-2.523347436799995137e-11
-1.655559125809586842e-10
5.078990728615213834e-15
2.067065797064909534e-15
-1.573281795832614158e-15
-4.488435556252339155e-11
-2.548646712147394484e-10
-2.395853984871350276e-10
4.574364385006022601e-15
-3.773899677920509906e-15
-2.184242418815198834e-10
-3.942236437617276972e-10
-6.425559739303554423e-15
-7.758263398964144724e-16
-1.211500950332506957e-11
-5.228488618277614398e-11
-3.395748412750898660e-11
-4.235535659453562976e-11
4.382998144579100074e-15
2.746963020651151251e-15
-3.715509389383725159e-11
-2.149348526018726765e-11
-2.057186756762094289e-10
-4.307757399332817128e-11
5.724192541366236850e-15
