2.823162920632679374e+00
4.538859082713996962e+00
4.840384415996545009e+00
-2.181261371916473901e-01
3.035491276330982036e+00
2.122988565306798137e+00
6.165867339273882752e-01
1.446552568655862014e+00
6.883898284633171993e-01
8.079260543104219705e-01
6.216322633804137743e-01
2.833763410173877062e-02
4.414066154013655541e-01
4.479070283890957405e-01
9.585235991727519833e-02
1.659037182085517162e-02
2.562491446862873168e-02
2.213164427048465999e-01
6.347856100216106578e-02
2.668152775695112888e-01
1.590199538283928182e-01
1.538718155958376244e-01
3.841908080136104131e-02
2.739289232562330256e-01
1.677654195997431708e-01
1.627700839981346403e-01
4.702279154038827014e-02
2.690209450163706384e-01
1.371214330252671365e-01
1.698598040501636541e-01
4.269855697035934705e-02
2.722836679101142687e-01
1.694479023029733522e-01
1.612341374020922480e-01
4.682716362416142197e-02
2.685722081663963201e-01
1.356594196473354386e-01
1.711218453478544899e-01
4.325932604194994424e-02
2.724363384747461869e-01
1.662215070278453277e-01
1.613902009911879487e-01
4.674370910742716573e-02
2.689523903086681322e-01
1.370200972953252716e-01
1.702956401285749821e-01
4.309265436354914325e-02
2.721227997670277454e-01
1.662119900545867279e-01
1.609425485183215432e-01
4.656917487668521538e-02
2.690810747753861198e-01
1.378272122045674231e-01
1.696542070202340657e-01
4.290319192639809737e-02
2.720063132240164716e-01
1.663185923350058160e-01
1.610638818470752076e-01
4.669750361895044777e-02
2.688668062491622601e-01
1.375934514668058217e-01
1.695530760948667226e-01
4.288234405881974354e-02
2.719790870174568775e-01
1.669545347499042098e-01
1.612561431438698234e-01
4.710232532579374659e-02
2.681827119434444517e-01
1.356525046461329598e-01
1.713330216042894261e-01
4.365999221505262318e-02
2.718954266477509041e-01
1.658809811380475008e-01
1.606546707876476965e-01
4.641793798025864448e-02
2.692788845167387590e-01
1.395441545051233079e-01
1.684795311415217267e-01
4.268796251861267654e-02
2.719452311629424468e-01
1.669044036504616080e-01
1.632118589447850709e-01
4.711809180538723690e-02
2.682977482779268508e-01
1.366008634820655987e-01
1.706760369193213167e-01
4.356520939895892203e-02
2.717504811045359236e-01
1.660822117786423802e-01
1.627699778497587180e-01
4.667413457379540609e-02
2.687141916909788208e-01
1.388480275164871158e-01
1.685691000777119752e-01
4.276165421444944742e-02
2.717598360741361185e-01
1.675276603005885767e-01
1.633195066813187823e-01
4.756024267443646064e-02
2.675659056030568750e-01
1.347918706661072608e-01
1.720722934697402340e-01
4.425227287251489589e-02
2.715902784089874178e-01
1.653986490792797026e-01
1.621191513002583628e-01
4.610116816286165958e-02
2.694761155161365385e-01
1.421322862533054565e-01
1.662461438283603932e-01
4.209354414997268368e-02
2.715542004937330223e-01
1.682664237449150169e-01
1.636264999021041500e-01
4.806706587307413986e-02
2.668376049299275854e-01
1.332113159175961903e-01
1.734633956037050506e-01
4.499501490778468754e-02
2.714017153699709861e-01
1.646562696097465528e-01
1.616121013626883041e-01
4.397060087088252439e-02
2.698257075297732510e-01
1.443151312660035934e-01
1.654170225456853272e-01
4.222294938187730329e-02
2.717534111120414875e-01
1.670155306304475507e-01
1.632285414275874147e-01
4.569311575443270323e-02
2.675957927831465466e-01
1.368871986426343779e-01
1.696731635080812317e-01
4.342284137326940519e-02
2.711039327589279124e-01
1.676308241401716914e-01
1.624798466044671263e-01
4.559973686441980839e-02
2.677638007149834576e-01
1.368007164976874079e-01
1.705612273226616293e-01
4.398898861103583968e-02
2.711156780832887914e-01
1.664693011833139613e-01
1.622407336386685606e-01
4.505967127677841522e-02
2.684811108340003916e-01
1.399569409794222397e-01
1.678641895790844718e-01
4.302548813217840773e-02
2.711574902095985617e-01
1.678042693154842557e-01
1.626650521110771797e-01
4.578996113680375984e-02
2.703975352540874399e-01
1.367071061663744647e-01
1.702948675227139164e-01
4.393958333382686626e-02
2.710193520049733462e-01
1.671429218711822928e-01
1.622829288538761849e-01
4.539184268735421690e-02
2.710559061228681177e-01
1.389555085135764367e-01
1.685446504310804394e-01
4.339006052738487301e-02
2.709979854220349038e-01
1.677318810055294929e-01
1.626809540733891724e-01
4.591747077883868294e-02
2.702885223116223146e-01
1.368049999342432765e-01
1.702655464378619310e-01
4.413523342533551275e-02
2.708799802324277639e-01
1.667913009562585203e-01
1.622269363816707388e-01
4.539981965316967211e-02
2.707574465721377388e-01
1.394915372716151736e-01
1.680055620140005479e-01
4.326121135532004502e-02
2.706022541591212582e-01
1.681499792739675481e-01
1.622254689881159062e-01
4.593763930479061175e-02
2.700980386834731517e-01
1.367502543965745387e-01
1.703918537707951875e-01
4.429149409949337257e-02
2.707329968623114480e-01
1.670287984232419198e-01
1.620803631040727000e-01
4.548230830394337648e-02
2.708378789552014498e-01
1.372821804354502351e-01
1.676539403110951787e-01
4.323064460649204965e-02
2.705533336835845293e-01
1.687912581148494628e-01
1.626968671307457148e-01
4.648924919879013351e-02
2.693212447046384739e-01
1.324253313695978873e-01
1.720910596108252422e-01
4.516876156100110146e-02
2.704970838959603330e-01
1.658860559991583439e-01
1.612690759780289196e-01
4.470204731158979039e-02
2.718268702912207124e-01
1.417408949528655704e-01
1.653295802288631822e-01
4.282864941700946504e-02
2.707485228052245452e-01
1.679299597677855749e-01
1.625016476338704829e-01
4.618084593101465241e-02
2.700020174076607771e-01
1.350569448177883769e-01
1.698299428611380335e-01
4.435973458646939177e-02
2.703251542703936638e-01
1.674036352886318635e-01
1.618090707731035249e-01
4.565145814521315293e-02
2.703177893937156462e-01
1.374067602094671825e-01
1.675821246542916754e-01
4.349267929771186841e-02
2.702487648531274878e-01
1.687240805856991821e-01
1.623409185257192189e-01
4.646904808811444521e-02
2.693402035792823446e-01
1.335947362445488451e-01
1.730957286704418452e-01
4.499001889532320414e-02
2.702835915858844418e-01
1.667652896810945529e-01
1.616046431387112292e-01
4.542156018742046081e-02
2.709510989700982808e-01
1.396287144642736067e-01
1.684750423853693113e-01
4.336095088167189748e-02
2.704449522540502970e-01
1.683728852711351420e-01
1.623809560359629478e-01
4.647874028058528173e-02
2.695441789169735203e-01
1.348108725036319955e-01
1.720925969012498669e-01
4.474050407200329260e-02
2.700649555519039069e-01
1.670728992333275764e-01
1.614564129789529678e-01
4.554527709691476994e-02
2.706424816376029052e-01
1.392191148266190281e-01
1.686270649077240558e-01
4.348170473131030001e-02
2.699092423943710850e-01
1.687359142113483423e-01
1.619889422628034426e-01
4.648887801332506758e-02
2.693283559005738570e-01
1.347227793386708561e-01
1.717943943524374018e-01
4.460849078750587365e-02
2.697755286184148060e-01
1.681869305820220262e-01
1.615751558985774050e-01
4.610364873073045239e-02
2.698385073763677200e-01
1.369282557788083776e-01
1.701896388745415822e-01
4.233684263186918845e-02
2.697498823848006322e-01
1.686630654860090950e-01
1.618050572697846134e-01
4.646083595403953381e-02
2.694032678139584580e-01
1.356255382450056168e-01
1.715502350967685330e-01
4.297454578167827360e-02
2.697169726898215325e-01
1.678007937798205451e-01
1.613984961588606215e-01
4.596262424707893424e-02
2.699842634945850417e-01
1.382196615708966292e-01
1.693964905276700572e-01
4.223166090446197479e-02
2.697063849113695011e-01
1.688750816518264364e-01
1.618734665538376361e-01
4.667436744048610031e-02
2.687500507785400838e-01
1.349304605991403783e-01
1.712700492953896925e-01
4.280842803409003888e-02
2.694067599133131985e-01
1.689617437118261789e-01
1.615916685920716356e-01
4.660497251880311997e-02
2.690584272195905569e-01
1.354770796278449430e-01
1.715245450318030329e-01
4.316232703046103680e-02
2.727921555814558641e-01
1.680828817996327107e-01
1.614383708605320322e-01
4.621158410403024969e-02
2.696606265959343718e-01
1.381524112407711002e-01
1.692365156898147371e-01
4.233467537236940137e-02
2.725541458129276395e-01
1.692195074972129842e-01
1.616730287434158253e-01
4.682430689426876624e-02
2.689186096002407766e-01
1.354252399499059345e-01
1.716742923389436570e-01
4.335914095740948937e-02
2.726918903272649852e-01
1.679208584111553937e-01
1.612498350700350969e-01
4.620203656244358664e-02
2.697338102075196309e-01
1.389628122290924028e-01
1.688009451796474436e-01
4.233537423888029255e-02
2.723387082729420983e-01
1.692327014249027373e-01
1.613925457787708795e-01
4.677021142967802830e-02
2.687893833632959972e-01
1.359825541955494987e-01
1.710522092534315641e-01
4.322861288171008648e-02
2.723415356661142983e-01
1.684063689732223368e-01
1.610390344306261989e-01
4.635096263783020781e-02
2.694238695212106682e-01
1.383967375516991782e-01
1.691483160413642384e-01
4.261185224381818654e-02
2.721854076399326527e-01
1.663571502049305539e-01
1.611903514426347717e-01
4.669222547470605611e-02
2.686736302824064282e-01
1.368741132910347713e-01
1.699017138243077985e-01
4.281227724846620869e-02
2.720469414404961817e-01
1.669760999185180839e-01
1.611142230300132150e-01
4.696755113280616512e-02
2.684611558445341717e-01
1.355502766999580333e-01
1.714650551938037282e-01
4.364200305051153805e-02
2.720702640482081103e-01
1.654125554435978418e-01
1.607250807690458749e-01
4.620148884888705676e-02
2.695816598458586899e-01
1.402405054473137569e-01
1.679083126608641452e-01
4.235603544269476300e-02
2.720369546314816978e-01
1.669747768896707174e-01
1.613762827682388434e-01
4.717682135452034436e-02
2.682528532453228309e-01
1.356017849959265387e-01
1.713938522910300188e-01
4.371153414793579189e-02
2.720416638435977363e-01
1.657677101609221215e-01
1.607139428630330602e-01
4.639945890950408769e-02
2.692172057933782114e-01
1.396541382534384756e-01
1.683855326518822193e-01
4.267247132368978679e-02
2.718920374311114552e-01
1.668188634067892806e-01
1.631926240576581366e-01
4.708562376188142606e-02
2.684358067771224765e-01
1.366937592631392584e-01
1.706404206440115534e-01
4.356508874976053325e-02
2.715945134062089927e-01
1.660186811850213606e-01
1.623011284874090465e-01
4.630530889134491096e-02
2.692975157466410696e-01
1.404297403042489012e-01
1.676324720977032667e-01
4.252239663855293672e-02
2.717954527782524554e-01
1.672325121542849735e-01
1.629856257168252887e-01
4.723402775632137840e-02
2.679375250371765493e-01
1.360729832980628606e-01
1.707889611056676304e-01
4.367434237904659067e-02
2.714147407412728086e-01
1.664711132355302381e-01
1.622847144805964481e-01
4.662684316226645836e-02
2.688422279453006603e-01
1.391955369659946540e-01
1.687707388288961219e-01
4.308368485613801174e-02
2.716123170533361053e-01
1.667946888051112242e-01
1.627173710976508869e-01
4.700973852436672595e-02
2.683737646590007020e-01
1.381952923222652674e-01
1.692494011551657629e-01
4.324926516640016649e-02
2.714133003908016373e-01
1.670690491390032228e-01
1.630939536448641758e-01
4.566323128374243090e-02
2.677457999834206293e-01
1.365528916881124655e-01
1.704338376185132453e-01
4.375812072106149281e-02
2.713080094935219067e-01
1.667191716494961229e-01
1.625439418527979685e-01
4.521233007464019182e-02
2.684075631796382644e-01
1.389693435676373767e-01
1.685200543219490532e-01
4.309453285234692010e-02
2.712470492129664956e-01
1.675505954626911043e-01
1.628595460756129265e-01
4.573471042854884011e-02
2.676327945151476539e-01
1.365925484520879307e-01
1.701285867333771629e-01
4.365148577534669339e-02
2.710319775265798703e-01
1.676502195723972299e-01
1.625059695392660764e-01
4.567757796231969314e-02
2.673642983805142870e-01
1.366146481715852234e-01
1.699898168469394788e-01
4.371671199137437680e-02
2.710125815120390524e-01
1.673998108590830369e-01
1.625392748537561327e-01
4.561023973715577773e-02
2.707743690895311750e-01
1.376848438748737302e-01
1.698043786568519398e-01
4.383056326535803016e-02
2.711018084628610825e-01
1.669330336977015161e-01
1.622317057479001345e-01
4.535477816190617434e-02
2.710449813790706819e-01
1.391597338418829599e-01
1.683403976630960253e-01
4.325932568626235375e-02
2.709272065802192930e-01
1.681297628765025809e-01
1.628345712500752773e-01
4.611466314300760594e-02
2.699917496554322671e-01
1.358429032647759382e-01
1.711748556925160869e-01
4.449617200565558761e-02
2.707607487883856301e-01
1.663603561395588515e-01
1.615743078681394773e-01
4.481474543554773982e-02
2.715347376420386705e-01
1.421426737979922250e-01
1.664027775004558729e-01
4.280922581123692422e-02
2.707668644174510142e-01
1.680527546322457266e-01
1.626886851032599002e-01
4.614131838560672771e-02
2.699344708247898850e-01
1.363477568223306902e-01
1.707375242403049997e-01
4.443257815193965565e-02
2.706657439608961546e-01
1.667561060894890423e-01
1.618130746789091245e-01
4.521519468476953990e-02
2.711398412325696783e-01
1.384407538032619844e-01
1.672013203359179190e-01
4.317756433963394064e-02
2.707524762902160376e-01
1.683047790081439454e-01
1.625221394731060920e-01
4.627838334563301459e-02
2.696913587479444208e-01
1.335159169761627185e-01
1.710665403760359138e-01
4.472268387258304667e-02
2.704982217909546738e-01
1.666206373384034323e-01
1.617255420601785287e-01
4.523529696391477561e-02
2.711765829999782662e-01
1.390969081923016659e-01
1.667925274931215118e-01
4.318345049117197632e-02
2.704446638931526925e-01
1.683016797463378900e-01
1.624619852056418123e-01
4.631621511657316864e-02
2.693698868353770481e-01
1.338516175534792130e-01
1.701387083423453184e-01
4.435469259258476016e-02
2.702735428513766691e-01
1.676815179127728039e-01
1.615658009770859493e-01
4.561801441834627269e-02
2.705198423386830364e-01
1.372565748758492188e-01
1.680479342352454442e-01
4.372853952591461424e-02
2.701894666602425721e-01
1.682517108577769316e-01
1.618123768542323593e-01
4.598048556279821925e-02
2.700258251217984018e-01
1.359593958261958724e-01
1.710657521394288727e-01
4.414947541886973803e-02
2.702095161068068796e-01
1.679452740674906019e-01
1.619227516748891760e-01
4.603049253419951720e-02
2.698647199143430209e-01
1.360557711555077653e-01
1.705470943925405658e-01
4.391216920549358138e-02
2.701381679647983924e-01
1.688322882930997360e-01
1.623395872067615042e-01
4.663883614906079444e-02
2.688772602669272649e-01
1.334718168262301052e-01
1.727485799052528304e-01
4.489576238209286307e-02
2.700204619009415330e-01
1.675694990204728285e-01
1.616291157782593635e-01
4.580719256396040967e-02
2.701051380572756511e-01
1.378852290023383220e-01
1.692491532345109795e-01
4.361352184848020508e-02
2.699529274427160397e-01
1.692512171077772409e-01
1.621221893592192653e-01
4.676369601418237792e-02
2.687858299360638692e-01
1.332827350982628833e-01
1.730767844811558764e-01
4.518730924751974964e-02
2.699253344879150585e-01
1.672231704667231089e-01
1.613419098223430603e-01
4.564401481802937005e-02
2.703281239138464187e-01
1.392299938365265111e-01
1.682104658339830250e-01
4.160073535005763545e-02
2.696851917753897432e-01
1.694295601736161005e-01
1.621124041923889814e-01
4.690683722172116210e-02
2.686616934739330942e-01
1.333604784951150091e-01
1.733104256230308948e-01
4.370410646619748291e-02
2.696196625796667412e-01
1.667859797153532775e-01
1.608192954570903666e-01
4.530029463426195335e-02
2.708724970356118367e-01
1.414404785533275033e-01
1.673460374993834265e-01
4.163972029926006624e-02
2.698147306931460432e-01
1.687847635440559435e-01
1.619502625385317585e-01
4.668034096625862939e-02
2.691204215870529048e-01
1.353756337020559086e-01
1.711408105490023202e-01
4.281928707982780857e-02
2.693408021570128374e-01
1.687824955020846840e-01
1.612530814656762956e-01
4.630679607975027312e-02
2.694263827449030479e-01
1.369085573472439699e-01
1.703272484789870311e-01
4.267011144656184668e-02
2.726332656524596554e-01
1.686454345780446507e-01
1.614356600801702957e-01
4.641820948267285502e-02
2.692753633625433740e-01
1.367748160595664286e-01
1.702626192285004447e-01
4.271829443477557359e-02
2.725867706494361498e-01
1.687360580230880536e-01
1.613189149219273477e-01
4.639150036253036208e-02
2.694107690148369039e-01
1.373932754957659652e-01
1.699528063566803360e-01
4.267427983963376081e-02
2.725152178663836633e-01
1.688920957635733355e-01
1.615774633696102358e-01
4.668570955837178516e-02
2.690255583459218447e-01
1.362873069425844519e-01
1.707492305898625773e-01
4.303406196031170361e-02
2.724349970968958368e-01
1.685551089710382311e-01
1.609227131340897621e-01
4.629232017354999174e-02
2.694471263660648264e-01
1.380731463756894317e-01
1.695413654132414960e-01
4.269328781524476396e-02
2.724143972165008476e-01
1.689370014140519904e-01
1.614727089133273785e-01
4.675094584959186422e-02
2.687086151008201695e-01
1.365433523207794375e-01
1.700972184425762201e-01
4.282103626652379591e-02
2.722017870173741305e-01
1.667687424470358781e-01
1.614686906628380325e-01
4.701722440376707168e-02
2.683969867613282267e-01
1.354042045096877367e-01
1.715686558086715330e-01
4.356310846970368883e-02
2.721505278685915630e-01
1.655879666759067781e-01
1.607654075815437289e-01
4.623599388551818956e-02
2.692917099739255971e-01
1.393780379782265100e-01
1.678767460485602048e-01
4.216042453168974274e-02
2.721829080405531176e-01
1.676533757348354081e-01
1.617583703734203904e-01
4.755967745690223986e-02
2.676215203840843215e-01
1.334875082536083057e-01
1.732858877831502942e-01
4.441945313833861597e-02
2.720453643765674001e-01
1.645733094734408153e-01
1.603775788771884814e-01
4.579890782441735364e-02
2.700329942941495642e-01
1.424802984681238782e-01
1.665628738979855472e-01
4.205900333843259203e-02
2.720881454230061336e-01
1.669729420293122324e-01
1.613257961018733089e-01
4.720299316842192783e-02
2.680450318394829168e-01
1.356065653522131598e-01
1.712149731810909958e-01
4.367826992123320651e-02
2.718383535143746865e-01
1.659013645389345037e-01
1.626419026708592896e-01
4.644275815154783049e-02
2.691604099754688062e-01
1.396565531527991511e-01
1.681907410960153115e-01
4.262844150111413932e-02
2.718397722401458827e-01
1.673685172337777693e-01
1.633496298846662254e-01
4.740204148366451015e-02
2.677304276323140275e-01
1.353260505473147801e-01
1.713163478612210466e-01
4.382224506816555232e-02
2.716558928274095397e-01
1.661781481424366436e-01
1.626257566113720188e-01
4.664130920303792560e-02
2.688740702984401265e-01
1.393551118540365397e-01
1.685860253326501024e-01
4.292895217655351425e-02
2.716409653491149712e-01
1.671322871584251524e-01
1.633656619540240496e-01
4.747027837642139869e-02
2.677181370617882084e-01
1.356885927461493058e-01
1.711004095511162171e-01
4.387823600533226343e-02
2.715197861384074929e-01
1.663207254403788471e-01
1.626138689983207264e-01
4.676299933655812119e-02
2.687033915227470260e-01
1.394421616740290637e-01
1.684551281500647757e-01
4.297178466469889907e-02
2.715236231010247359e-01
1.675534338798744804e-01
1.628695937671844340e-01
4.567282824804929503e-02
2.676719337656781050e-01
1.359352018327358025e-01
1.711246861691496646e-01
4.408956344013269246e-02
2.713288487815346262e-01
1.661768927024609988e-01
1.621528870469531869e-01
4.475403842581613528e-02
2.688114972447811502e-01
1.408853461875627378e-01
1.671154527507845988e-01
4.259762820724123655e-02
2.713571668425909800e-01
1.680815928369271406e-01
1.631136675720255835e-01
4.612484236349854994e-02
2.669662589579642753e-01
1.346349673556079540e-01
1.721659112544939585e-01
4.460766424122874357e-02
2.712021176983859805e-01
1.658622185052732734e-01
1.621273934727278654e-01
4.480639015746377962e-02
2.689462074770291311e-01
1.416466287463880314e-01
1.667559577951916727e-01
4.270170698748927685e-02
2.713544273980918464e-01
1.678518208926961242e-01
1.632018341761975466e-01
4.613263550827638448e-02
2.699687162786376105e-01
1.353830905936938001e-01
1.712190626244537162e-01
4.433919323238352805e-02
2.709527141407540585e-01
1.665462698756862703e-01
1.620586548822272044e-01
4.508961376589110809e-02
2.711954979857997827e-01
1.402763947056113736e-01
1.672170737238517502e-01
4.281853183396148316e-02
2.709460731136549838e-01
1.687030205045216280e-01
1.629285766141681524e-01
4.640374207838088988e-02
2.694990348052755391e-01
1.342828154219041503e-01
1.728375821014603297e-01
4.518905575810998332e-02
2.708705754661790976e-01
1.651783611024786880e-01
1.614767983857644529e-01
4.440740956100711068e-02
2.721233211547577358e-01
1.446150519901143183e-01
1.650106893157902710e-01
4.241884691942167385e-02
2.710322421055670894e-01
1.681186615088301750e-01
1.629582223355056092e-01
4.630076642457404967e-02
2.698263456523424253e-01
1.358283723380206975e-01
1.712913968570002055e-01
4.469451984135105332e-02
2.706904076644320867e-01
1.662415966904585707e-01
1.617017520519850871e-01
4.498993215069198304e-02
2.715026910183239717e-01
1.396790146986122139e-01
1.665996683441745563e-01
4.306270399583601860e-02
2.707562677879649660e-01
1.679554642932916120e-01
1.623024532826292665e-01
4.599722868330506642e-02
2.701298888017402700e-01
1.348393034064859219e-01
1.699202761173916887e-01
4.425955908711957931e-02
2.704753715108401679e-01
1.671912955073855400e-01
1.618770279509177679e-01
4.550635511605985450e-02
2.708849128085885072e-01
1.376393489977639772e-01
1.679252157943636192e-01
4.362555053103800429e-02
2.705892758569552470e-01
1.679252655931104676e-01
1.623216285537987802e-01
4.609856274186710512e-02
2.700260024696544137e-01
1.350964852090915103e-01
1.696995696702482959e-01
4.430550846140995230e-02
2.703372437581445520e-01
1.674743718956179794e-01
1.618862125110903105e-01
4.570763978095981200e-02
2.705583255186865266e-01
1.373759622620216447e-01
1.681954557880216694e-01
4.384942274766467918e-02
2.703643667359659220e-01
1.677952059927056427e-01
1.619199019498121783e-01
4.586810557603815397e-02
2.702836155227252846e-01
1.369519693717316244e-01
1.703929038692292008e-01
4.391185398721262484e-02
2.702493026742237570e-01
1.679589501096243054e-01
1.617588139571297101e-01
4.594568193094870218e-02
2.700617457797458987e-01
1.364139975106981595e-01
1.707841455552531196e-01
4.413335458730219263e-02
2.702550248065030969e-01
1.680369763959558282e-01
1.619274968752634214e-01
4.607062931034032471e-02
2.701144867814235240e-01
1.364563386204490358e-01
1.708933818863530019e-01
4.430108759146128561e-02
2.702364318809504229e-01
1.676197310742339186e-01
1.618594580059292687e-01
4.598746895254478273e-02
2.701216092034341987e-01
1.372310010330746455e-01
1.700265165387580824e-01
4.402243650823395998e-02
2.700000320146178634e-01
1.682169945474497053e-01
1.618997592537597674e-01
4.625524946490693762e-02
2.697368126358325457e-01
1.362013101531303894e-01
1.710812605372985518e-01
4.448178656502158046e-02
2.698606317511311747e-01
1.678595482263607885e-01
1.614314449850153821e-01
4.591813428932069868e-02
2.701648670989927892e-01
1.378257192501693429e-01
1.697814650060480157e-01
4.226810146162220116e-02
2.699163579623262144e-01
1.684594196436993985e-01
1.618803531246674754e-01
4.643194954651146122e-02
2.693026379932179637e-01
1.356664851462436872e-01
1.710808552888629375e-01
4.272005282861145864e-02
2.697633251946520705e-01
1.683975782024725587e-01
1.616261968379530123e-01
4.628986166957083787e-02
2.695705240725272400e-01
1.366275448208649212e-01
1.705458446996734045e-01
4.265205296463751156e-02
2.697507336640929676e-01
1.684019706396653326e-01
1.616887475648461636e-01
4.639566303974161643e-02
2.691992982250368538e-01
1.364862678779683036e-01
1.701100900441962493e-01
4.241372563758818992e-02
2.694825578692642831e-01
1.692793332902119141e-01
1.614840057239207427e-01
4.664960301462155179e-02
2.687896929884371344e-01
1.350452327254054175e-01
1.715123825569548621e-01
4.310998146217064064e-02
2.726310767903542542e-01
1.682332561962119055e-01
1.610258378683520619e-01
4.607588993460197402e-02
2.695220917292096008e-01
1.382028019976082878e-01
1.688942168579268543e-01
4.211234223604110039e-02
2.724769419742349430e-01
1.697307093122726318e-01
1.618172957860838923e-01
4.709309045121223836e-02
2.681599810614238577e-01
1.336245446758725641e-01
1.729275120302272151e-01
4.377720536228325854e-02
2.723649821440977670e-01
1.675815462616982443e-01
1.607262399403527608e-01
4.577677649920888076e-02
2.700805915287622927e-01
1.404828121035600064e-01
1.678621178650223922e-01
4.207950360947147056e-02
2.724389866419344441e-01
1.691534449619008229e-01
1.615518439120150473e-01
4.683259965462056862e-02
2.685121341583601717e-01
1.357846736722095882e-01
1.706163977019702349e-01
4.292992198551180694e-02
2.721485398936752120e-01
1.693491060652759228e-01
1.612467077427784667e-01
4.676879824600663205e-02
2.686459384995952826e-01
1.359318170667030701e-01
1.708497986194267848e-01
4.314925078027351257e-02
2.721937028653852453e-01
1.661274425633432472e-01
1.611506251883546015e-01
4.660530588015697473e-02
2.692126891784096809e-01
1.375188350898384759e-01
1.702015133058651930e-01
4.312886082396235471e-02
2.721938501717712233e-01
1.658944092015267324e-01
1.610254635967383607e-01
4.647590809918404620e-02
2.693323131343994259e-01
1.386892974402856582e-01
1.691529205436856642e-01
4.280070151296362646e-02
2.720869852663683752e-01
1.662475109496391878e-01
1.610366940490373655e-01
4.665741240068342621e-02
2.688327317964419594e-01
1.376880639237374193e-01
1.695229420678297239e-01
4.285034508147456817e-02
2.720219274982874635e-01
1.668598263777221480e-01
1.612989227478690557e-01
4.708273876415876996e-02
2.684061341796799005e-01
1.361157057643996582e-01
1.709387595877661092e-01
4.349472847797516972e-02
2.719357536033991662e-01
1.661683115996455129e-01
1.607946506428788724e-01
4.663824352673506812e-02
2.689840150162680632e-01
1.384514756499595489e-01
1.691574432422557894e-01
4.293979045234599945e-02
2.718166433664676029e-01
1.666593565571291569e-01
1.630246951005179246e-01
4.692818296110702614e-02
2.685315199683815934e-01
1.373565256648677513e-01
1.700783563846662849e-01
4.332754107553873912e-02
2.717457716884555396e-01
1.664319929887927707e-01
1.627287625533903048e-01
4.677992384021210925e-02
2.686482782619263876e-01
1.381169617248937109e-01
1.693344865094284502e-01
4.312563741591353417e-02
2.716648466033874665e-01
1.667805205204591634e-01
1.629776336169538875e-01
4.702979183632217952e-02
2.681905326425930158e-01
1.372478313806717864e-01
1.694858726885222766e-01
4.311872234542498544e-02
2.714493180268856554e-01
1.674104060468961097e-01
1.631583162738057258e-01
4.739191433431067663e-02
2.679152327951749846e-01
1.360175674913505772e-01
1.711808138049665529e-01
4.397266350262966916e-02
2.715470113270042063e-01
1.660820366769072964e-01
1.625376209928569016e-01
4.667364213798137762e-02
2.688258186972228847e-01
1.397347359281775891e-01
1.681007206554992750e-01
4.287032870414092534e-02
2.714576065544050953e-01
1.672844647993675382e-01
1.627260883520439405e-01
4.549824689008642037e-02
2.677800626328890599e-01
1.367797773515309623e-01
1.701692745559779119e-01
4.361912207432129540e-02
2.712378507724799714e-01
1.669139561860565890e-01
1.625243300319348105e-01
4.530548371897003684e-02
2.682436056714194716e-01
1.383124676818564269e-01
1.690880914229099252e-01
4.334522159845607264e-02
2.713756247662365562e-01
1.673081922808354327e-01
1.627576612192752070e-01
4.558728220414564464e-02
2.678140646975314954e-01
1.372955937228976797e-01
1.697790230135186595e-01
4.361257224326139936e-02
2.710982914294073898e-01
1.672179492268063283e-01
1.625136304206727944e-01
4.548062007137784746e-02
2.679826753685196072e-01
1.380317697221196682e-01
1.694513421458648528e-01
4.361921681490801145e-02
2.711003005289291390e-01
1.670831795469799874e-01
1.624673910000343224e-01
4.544739141996252674e-02
2.708044333785484814e-01
1.384692165756702675e-01
1.687269230092217354e-01
4.332157120334011874e-02
2.711919577841864215e-01
1.680486275581269118e-01
1.630973020684189367e-01
4.619925209225997365e-02
2.698991896116583744e-01
1.353090214718313256e-01
1.716351234193134179e-01
4.459643134390951780e-02
2.709685613214556366e-01
1.662285168445157835e-01
1.619087530151987753e-01
4.488838215490688344e-02
2.717213520796465942e-01
1.419773067804263045e-01
1.666691190993269123e-01
4.288561028646645928e-02
2.709926923190543180e-01
1.678143298112172721e-01
1.626447594565687549e-01
4.600984212319658706e-02
2.701143013288839767e-01
1.366460006713192399e-01
1.705319285536532614e-01
4.429411851054781968e-02
2.708474354216426905e-01
1.668803172619338915e-01
1.622036868963416811e-01
4.543633819306309996e-02
2.710217023874071374e-01
1.400731011545083282e-01
1.679222909925454366e-01
4.338895125298193600e-02
2.706842828554110181e-01
1.679702459975560558e-01
1.624836935913229752e-01
4.603845286598787917e-02
2.700372531433067325e-01
1.345149372964229428e-01
1.701889516883182962e-01
4.431763240684120225e-02
2.705343039704125596e-01
1.667581449008713468e-01
1.616303348336392554e-01
4.524425042337887337e-02
2.711259449545616596e-01
1.384384787180819032e-01
1.673118378871053524e-01
4.331807957258179687e-02
2.705963032976748672e-01
1.681198598993061399e-01
1.625473472701955968e-01
4.621887787021779215e-02
2.698876595867509276e-01
1.343966969333950934e-01
1.703635977575028715e-01
4.453890897275187416e-02
2.704676544355882339e-01
1.668525239804506954e-01
1.616875948848751632e-01
4.538785633988834389e-02
2.709799890636448993e-01
1.385371452373829193e-01
1.672867349315867447e-01
4.343635880924692078e-02
2.703830743360786659e-01
1.682453710224458554e-01
1.622573954471602797e-01
4.620946716590738218e-02
2.697862214454888052e-01
1.347845502595196310e-01
1.698686170183423549e-01
4.440766195607677436e-02
2.702648510797569514e-01
1.675546243722235151e-01
1.618584193124727177e-01
4.579117426435987126e-02
2.704046168080095347e-01
1.371317912860305910e-01
1.699962267829374651e-01
4.372945894448615478e-02
2.702507514460273930e-01
1.686221766577059022e-01
1.624191591747774499e-01
4.654163326250295579e-02
2.690980069751920389e-01
1.338769057425793219e-01
1.723300717111346803e-01
4.462053844136768671e-02
2.700546616299301372e-01
1.678767874564779383e-01
1.617760675111705737e-01
4.595110786758412058e-02
2.700387909645163842e-01
1.368984914151240295e-01
1.696733432905911942e-01
4.359795502578774073e-02
2.698422563410028396e-01
1.695504225780369301e-01
1.623377862089296908e-01
4.696565175391483743e-02
2.685692547867414293e-01
1.321423682756010520e-01
1.744748696048983028e-01
4.577450343156035106e-02
2.698842853618602655e-01
1.659727669743004674e-01
1.607248160376169022e-01
4.485693759867424857e-02
2.711351924240926192e-01
1.427168876601995484e-01
1.661484356220274405e-01
4.274864738239474160e-02
2.700131152619922315e-01
1.692244803756799421e-01
1.621329866506731887e-01
4.677006979992236191e-02
2.689001354666439858e-01
1.336991854446961669e-01
1.730256972645163316e-01
4.352558403189909358e-02
2.697845604282156362e-01
