3.170408281236412940e+00
5.852500952198766093e+00
7.203655341249730171e+00
-3.827011562912806530e-01
5.882299371450519843e+00
4.470530609184111270e+00
1.487954487604632448e+00
4.772764198981948702e+00
1.930814451187503167e+00
2.751640968348413541e+00
3.509267683127071269e+00
2.350184253200426551e-02
2.795507867876224850e+00
2.361054296931826890e+00
5.661195153143436798e-01
2.164533113268446662e+00
1.162033191628931927e+00
1.302909019633466947e+00
1.580900723947873843e+00
1.447413357218720886e-01
1.318302274184911971e+00
1.204274048963329236e+00
1.896901507602798964e-01
8.876239018799364500e-01
7.054020341465246924e-01
6.322497944931002589e-01
5.800532593124975156e-01
1.524400277294640782e-01
6.324065335962690826e-01
5.711844439990702016e-01
4.489415064828575219e-02
2.938353598682987289e-01
4.509654123803897852e-01
3.268378876372756703e-01
7.352045804672520390e-02
1.374114947733188763e-01
3.306650403136263128e-01
2.261954839860120803e-01
-5.868788696427094595e-03
5.567610834903422706e-02
3.152937599097758725e-01
1.916526084443476163e-01
2.188063654719753504e-01
2.240424628082705039e-01
1.891747325352250431e-01
1.559612136751104827e-01
1.445476467920108754e-01
6.386518245640573910e-02
2.632240763533225114e-01
1.469801602795884343e-01
2.534392494224247394e-01
1.860579966387103656e-01
2.268197417982563135e-01
1.507923358837892636e-01
2.117816016252302980e-01
1.091699839856574150e-01
2.487468484629006271e-01
1.410921419177229574e-01
2.502745556837925878e-01
1.648221572489975695e-01
2.350978691931920328e-01
1.482399335856885436e-01
2.284362982056430957e-01
1.273129738355521234e-01
2.433799541932029908e-01
1.380224197270314423e-01
2.456634447096931184e-01
1.540207186668036965e-01
2.381125853001754278e-01
1.464619603989181784e-01
2.346946315827110330e-01
1.353851376875582213e-01
2.418152169979649047e-01
1.392964908546528435e-01
2.427972475372201511e-01
1.490765090822163130e-01
2.390968401019508693e-01
1.454750359408466531e-01
2.373969668169452762e-01
1.390219620251041954e-01
2.411988600344344702e-01
1.403879932314968382e-01
2.409124561571257539e-01
1.466375431298273524e-01
2.395375394815562609e-01
1.448536350755479374e-01
2.386762262921482691e-01
1.409855078768134651e-01
2.407389339141177698e-01
1.409264250415725450e-01
2.399584484620944091e-01
1.453401333233411696e-01
2.394899758660220535e-01
1.443390352449610281e-01
2.394695681311757862e-01
1.419489596404704401e-01
2.409215856487461060e-01
1.418819551060008788e-01
2.419539574588896180e-01
1.448901983108774605e-01
2.392497505408935909e-01
1.437224553382154546e-01
2.397358703990382367e-01
1.424625065344920505e-01
2.408512648296512182e-01
1.421592917249673016e-01
2.415370219554266451e-01
1.446359268132618170e-01
2.392176946101577106e-01
1.435986484023436816e-01
2.399934225236788066e-01
1.429416625588554868e-01
2.406740126145009984e-01
1.425046615671065886e-01
2.413600813655534805e-01
1.444693401095666352e-01
2.389980851776155601e-01
1.435711188577010744e-01
2.398568960954405027e-01
1.428424666815355237e-01
2.407755480329605846e-01
1.425564276717974921e-01
2.415048584670653198e-01
1.448912165662361029e-01
2.391191206199065888e-01
1.438777655511861153e-01
2.396368471002651157e-01
1.428834590804788085e-01
2.405952176235033324e-01
1.425473908748015051e-01
2.411842171423812520e-01
1.418561559260729521e-01
2.391486048332858716e-01
1.440489471730694859e-01
2.396598039569346472e-01
1.432540270395617488e-01
2.403640837514028350e-01
1.425344495295075842e-01
2.411349137821436617e-01
1.419493508927529291e-01
2.391002336903905456e-01
1.441885188490872050e-01
2.396510969987572792e-01
1.432929836351435615e-01
2.401682930625393397e-01
1.425817089091169221e-01
2.410382372174463550e-01
1.420349830376078648e-01
2.390026303470183522e-01
1.442338402192733238e-01
2.393218246118215542e-01
1.432513065609016811e-01
2.399339140419845529e-01
1.419444605506360868e-01
2.412694175643363415e-01
1.425057695862510243e-01
2.389776150795639709e-01
1.446780143577154898e-01
2.389511563834351149e-01
1.427417373635082865e-01
2.401847539349875604e-01
1.425710653549049911e-01
2.411528729282977346e-01
1.426706290174140357e-01
2.412949719391488390e-01
1.443942182673983443e-01
2.390960841798250303e-01
1.431168752959024182e-01
2.400829982139073004e-01
1.428650428310573872e-01
2.406260391893805251e-01
1.418764686240013562e-01
2.417108191637293846e-01
1.446139204058011218e-01
2.393655815568398459e-01
1.439023450737673404e-01
2.397954896258244484e-01
1.428763119616501820e-01
2.405568985001297067e-01
1.421909208036130079e-01
2.414191729826017097e-01
1.444822778876509450e-01
2.393362654897303043e-01
1.440074616311116662e-01
2.397796356557911901e-01
1.430080314076045411e-01
2.406610624374772300e-01
1.424904104251685510e-01
2.413156804186221971e-01
1.446376811054159717e-01
2.390949121217056939e-01
1.437340157536559637e-01
2.397841726270450169e-01
1.432030840696978391e-01
2.403148061305105943e-01
1.424154670199122008e-01
2.411046923334428105e-01
1.417706428963919907e-01
2.391409563497506885e-01
1.440826826780485237e-01
2.395413364563238889e-01
1.432045122307277207e-01
2.402449451732218411e-01
1.423741658737808224e-01
2.411717958096194492e-01
1.420310750267379518e-01
2.389451228706791219e-01
1.440381950390410837e-01
2.395713162304394239e-01
1.432561615362710761e-01
2.400981055845272105e-01
1.422193679921689713e-01
2.412857028255620540e-01
1.422840809929362682e-01
2.391522118919575113e-01
1.445684406813678713e-01
2.392111113307407999e-01
1.432613416134869699e-01
2.399418993147203749e-01
1.421995319611983333e-01
2.412406313972815797e-01
1.422693621553784982e-01
2.389645239408703103e-01
1.446775191362884572e-01
2.390801084915768204e-01
1.431090378710571653e-01
2.400748151682812193e-01
1.425349704141337659e-01
2.411029241530389666e-01
1.424844354764009391e-01
2.415344123498295581e-01
1.445637786047221096e-01
2.391829785831363908e-01
1.432893153125167907e-01
2.399800519621816952e-01
1.428058259013902098e-01
2.404775222042203064e-01
1.419281898343853765e-01
2.415059189449422217e-01
1.442197364407279414e-01
2.396492590783928789e-01
1.442416918453556796e-01
2.398428879067764918e-01
1.430613533246845592e-01
2.401145455984139421e-01
1.415409348647751475e-01
2.413771041899173686e-01
1.441418751097905959e-01
2.397120229171421646e-01
1.443814350587670214e-01
2.398555040879113975e-01
1.433808912124615587e-01
2.401678061473695447e-01
1.418566501663121593e-01
2.411626343943758521e-01
1.440483504765538714e-01
2.393239681419821463e-01
1.440271284840461963e-01
2.397422181325718493e-01
1.431166921210127452e-01
2.403871852208296078e-01
1.424586646883493346e-01
2.410813803267467803e-01
1.419106990543368974e-01
2.390606956190384769e-01
1.438787693193212813e-01
2.397632532141302508e-01
1.433235414183813006e-01
2.404632918113183693e-01
1.426171831285132641e-01
2.411462395165034356e-01
1.422099895587463914e-01
2.388855116968337522e-01
1.439048416389129559e-01
2.396355496916308947e-01
1.432611120843529096e-01
2.404306517301314228e-01
1.428268957424022600e-01
2.411139367053965477e-01
1.422366104294923161e-01
2.388818181199152679e-01
1.441579055011852628e-01
2.392958749476008506e-01
1.431828725429039328e-01
2.398844688828108140e-01
1.422716837539162449e-01
2.411644777368822656e-01
1.421991301730909929e-01
2.392402714899354299e-01
1.448037078115578247e-01
2.393934864394661743e-01
1.436954130306548338e-01
2.396268284583578101e-01
1.422263011861595594e-01
2.406807766391685643e-01
1.418490073038524701e-01
2.417485058481377846e-01
1.444646308746839469e-01
2.395087046768652472e-01
1.438964617422480163e-01
2.397209360935491640e-01
1.424243106750260890e-01
2.406047638926401278e-01
1.419850598788890139e-01
2.416850704769802349e-01
1.446359125201118201e-01
2.391618301183571216e-01
1.435185635815084404e-01
2.398874230810336128e-01
1.428832245795111366e-01
2.407110589663321032e-01
1.423208082341889946e-01
2.412370028638640140e-01
1.441902754596875169e-01
2.393949797532149981e-01
1.439465668467123372e-01
2.399849494226321822e-01
1.432237890889744292e-01
2.405527472699603431e-01
1.425678259387885283e-01
2.411729677801560667e-01
1.444750380326610961e-01
2.391738399954660976e-01
1.438342085974291251e-01
2.398650919720372032e-01
1.433385217400169331e-01
2.403091913049225925e-01
1.424799887745307747e-01
2.410421131894762148e-01
1.416268558293107271e-01
2.391509883081707200e-01
1.438885708368504157e-01
2.398767227285627801e-01
1.434983585364107972e-01
2.401618538770499967e-01
1.425862895885708359e-01
2.408846529007414305e-01
1.416439145539796773e-01
2.391509874313997863e-01
1.441351233196458137e-01
2.397519417113651297e-01
1.436501273738638451e-01
2.401726104867762668e-01
1.426106503174959517e-01
2.406996458885004020e-01
1.417474092225488591e-01
2.389099529804655231e-01
1.439173947158433609e-01
2.397085173875686537e-01
1.437812291149997701e-01
2.400629102252073988e-01
1.427752507452836883e-01
2.407114112536963280e-01
1.418596657817183249e-01
2.390107169438873969e-01
1.443082138638302481e-01
2.393730433445906691e-01
1.433415991030693726e-01
2.402722550206435048e-01
1.429011512950257856e-01
2.407496695987584312e-01
1.421264746111149946e-01
2.415418038904645903e-01
1.443035027799831616e-01
2.394367419845726264e-01
1.437638352776186568e-01
2.400703843997526454e-01
1.429304061133632175e-01
2.405613856058967104e-01
1.422274364602408303e-01
2.413117730895371349e-01
1.441875514931435509e-01
2.392066412380779994e-01
1.436359516506230116e-01
2.397686117258291394e-01
1.427701191867440100e-01
2.406632615264327479e-01
1.423246346850035038e-01
2.414657881238850279e-01
1.447007815421500199e-01
2.391728503836478281e-01
1.437978611494424019e-01
2.398247726608082608e-01
1.430491861721450708e-01
2.406397359435248906e-01
1.425795286382799953e-01
2.411833093134839456e-01
1.445849240395294388e-01
2.390780412165238178e-01
1.437436524060755061e-01
2.398840491654733453e-01
1.432987656461048032e-01
2.404796766070894654e-01
1.425743630005190943e-01
2.410889011145004035e-01
1.418456993430685653e-01
2.389921058340644944e-01
1.438601995885010476e-01
2.396479961264272873e-01
1.431261404424917782e-01
2.404347373370879226e-01
1.426141245042287509e-01
2.410709861812997956e-01
1.420653775798025598e-01
2.387163752706296105e-01
1.435489358362588286e-01
2.398807454064299793e-01
1.434712344071608914e-01
2.403980286192518301e-01
1.431333008511414262e-01
2.406435711117841381e-01
1.418296944198341458e-01
2.387355272934349737e-01
1.437592307679029791e-01
2.396318576153750879e-01
1.435787841864214487e-01
2.402233359551608216e-01
1.429078371737725617e-01
2.407739986927808218e-01
1.421606760802701375e-01
2.384688986421967249e-01
1.437982763505851747e-01
2.394290201395067041e-01
1.432056730083406670e-01
2.403404133689223676e-01
1.431104941635356620e-01
2.408594508096944253e-01
1.424542531419659697e-01
2.412157600289094317e-01
1.442343115007738430e-01
2.391817251205753392e-01
1.433636204680590054e-01
2.401322548293235992e-01
1.429503877530038658e-01
2.407422840336745917e-01
1.424404001365326411e-01
2.412315052715993668e-01
1.442174718135092182e-01
2.393660247252610285e-01
1.437374473799788999e-01
2.400763961736505914e-01
1.431528411407820556e-01
2.405794310520864288e-01
1.423352552558073691e-01
2.412876103943171757e-01
1.444647774116116778e-01
2.392762064897943353e-01
1.437708980014612559e-01
2.400215239032927883e-01
1.433258970243036778e-01
2.404631873434748268e-01
1.424102760580156779e-01
2.410090081643094240e-01
1.441004584074879746e-01
2.391432297792205897e-01
1.438063306982437506e-01
2.397128710562815568e-01
1.432056227527092607e-01
2.401387049968758125e-01
1.419162182898121294e-01
2.413891466332140634e-01
1.420154334405464569e-01
2.392902957249471996e-01
1.442993175251946758e-01
2.396750240477834581e-01
1.434092020719786309e-01
2.400492256552790582e-01
1.419969805342138902e-01
2.412714743366205228e-01
1.420570440950905400e-01
2.391748086643241678e-01
1.444311641812108804e-01
2.393321806546785391e-01
1.430004754738298800e-01
2.402610935305841133e-01
1.425671518537350024e-01
2.409050023703111221e-01
1.420727500589549219e-01
2.388381018794046851e-01
1.441031084414735874e-01
2.395542599022842112e-01
1.433959667925089332e-01
2.401055037558781358e-01
1.426670464118464376e-01
2.408432185866947739e-01
1.421338649967920365e-01
2.387973949561438547e-01
1.441413468343777926e-01
2.394890049869103921e-01
1.436155005138436691e-01
2.398846680919516361e-01
1.425301794540464462e-01
2.408745564298711561e-01
1.420956171003050494e-01
2.417336972869030820e-01
1.447294429611751532e-01
2.392418997051483642e-01
1.435465754407191374e-01
2.400119638330267813e-01
1.429115048167481916e-01
2.407841108524641505e-01
1.424531113922412606e-01
2.413738762239034386e-01
1.444251604099140995e-01
2.392331626104954589e-01
1.436319992336722584e-01
2.399999356568546793e-01
1.430991586984324826e-01
2.406868196180745878e-01
1.424929815650116671e-01
2.412866006848354561e-01
1.444771202987141234e-01
2.392078287938818049e-01
1.437147383542405066e-01
2.399143706745636984e-01
1.432468102328791071e-01
2.404192163804606541e-01
1.424911372387969166e-01
2.411269286045416571e-01
1.443551935765063077e-01
2.391767354391130529e-01
1.439074670653337495e-01
2.396410517193453826e-01
1.432250895398901047e-01
2.404233007832400348e-01
1.424090259662762759e-01
2.411625192974112264e-01
1.419653951900333444e-01
2.388445537816493158e-01
1.439422842045138262e-01
2.393717516015802793e-01
1.428889941384774431e-01
2.404207723820675768e-01
1.424520770433035377e-01
2.413143734227442272e-01
1.423253682950239019e-01
2.390422088951199564e-01
1.442677711874078561e-01
2.395917225003381668e-01
1.433553350088172251e-01
2.402140564871970696e-01
1.426337974645433548e-01
2.408101135955851846e-01
1.416360724331860443e-01
2.391085012755035377e-01
1.443067482961968573e-01
2.396919113016305614e-01
1.437986326601252973e-01
2.400861923039826484e-01
1.428251022197226938e-01
2.406480764992326715e-01
1.418212346373016464e-01
2.386598650594671245e-01
1.436940817320751518e-01
2.397774222734838923e-01
1.438383438841986939e-01
2.401987758688715058e-01
1.431649959811986395e-01
2.405572503262645712e-01
1.421261444150612174e-01
2.413988422173289350e-01
1.440415939988733685e-01
2.393069146713563966e-01
1.434177626401709760e-01
2.401639378518393153e-01
1.430947174022324520e-01
2.407173487873180417e-01
1.424444872989213129e-01
2.413648133609292146e-01
1.445063074323416075e-01
2.391678197157230401e-01
1.436172572500535594e-01
2.398013730406415855e-01
1.429390580472838512e-01
2.404114949148525582e-01
1.421847955889045667e-01
2.413093947063105760e-01
1.443958844030389099e-01
2.393280522004417044e-01
1.439372478086071161e-01
2.397178618396780814e-01
1.428130984639012502e-01
2.406872834848026166e-01
1.425297879006678092e-01
2.413803029249853294e-01
1.448472314015840645e-01
2.389546258116650446e-01
1.436829879761273299e-01
2.396925290204503511e-01
1.430354695588587910e-01
2.406141365398215270e-01
1.426625669041077238e-01
2.412670887484029136e-01
1.421669484148857521e-01
2.390812250126942429e-01
1.440698266494510049e-01
2.394336483342600630e-01
1.428828345514570053e-01
2.405701256452865699e-01
1.427009781500819252e-01
2.411308576556338290e-01
1.423544097288358401e-01
2.387554150968810573e-01
1.438876509022851968e-01
2.393274092351438398e-01
1.430344387126666339e-01
2.402687039712146089e-01
1.426276718429236590e-01
2.410184183933416491e-01
1.421616422349661901e-01
2.388637846046697821e-01
1.442089999315060989e-01
2.394134839354146727e-01
1.433317341240027687e-01
2.402212314268336590e-01
1.427255347207300462e-01
2.411485083684243858e-01
1.426094688810179700e-01
2.386836784298599634e-01
1.442799774591107531e-01
2.392625351524782507e-01
1.432214854891069589e-01
2.401504265208647959e-01
1.429390761101550777e-01
2.406916271055047907e-01
1.421985874485581225e-01
2.413980982261737518e-01
1.442442922694983642e-01
2.393604521989806111e-01
1.436031088391815369e-01
2.400862162525493337e-01
1.430696112257706099e-01
2.408433195428895945e-01
1.425992796806864193e-01
2.410861425698180016e-01
1.440197657329151670e-01
2.391905945192710492e-01
1.434591454559513424e-01
2.401337052972155883e-01
1.432154838523743701e-01
2.406862624838830844e-01
1.427025192348392313e-01
2.411380983048881654e-01
1.444144842694881359e-01
2.390924549018753065e-01
1.435705633192045361e-01
2.399512142540992932e-01
1.432344426526235281e-01
2.405728415888680471e-01
1.426405059791882868e-01
2.411465723137455330e-01
1.445629352828115000e-01
2.391339232499204437e-01
1.438447568534813592e-01
2.398423947035626114e-01
1.433219297654431124e-01
2.404579881193749658e-01
1.426499301640144213e-01
2.411229946578958838e-01
1.419105086030801877e-01
2.389479017375344405e-01
1.439648289954902904e-01
2.396023359845077527e-01
1.431475031998088454e-01
2.405570832482322730e-01
1.427775806162497052e-01
2.411742042727180457e-01
1.423727292003588440e-01
2.387810877428357959e-01
1.439894941492017022e-01
2.394915865060017746e-01
1.431565608880150386e-01
2.403132189232148053e-01
1.426637392046878061e-01
2.411207451888678910e-01
1.423872761432363743e-01
2.386228207861166017e-01
1.441046670901854898e-01
2.392917453689747953e-01
1.430152911007935568e-01
2.401278354138336457e-01
1.425469022415550568e-01
2.411404115274159710e-01
1.424950326485366903e-01
2.387261628119688173e-01
1.443887355925161931e-01
2.392367827078758780e-01
1.433089297275524365e-01
2.402774286999291853e-01
1.429021103980522844e-01
2.410483689574658972e-01
1.426788848609853999e-01
2.413117801074918523e-01
1.443833943219791638e-01
2.392169226810763605e-01
1.433577491473396470e-01
2.401121559497441105e-01
1.430527341397459240e-01
2.406053424692331244e-01
1.424185976308879886e-01
2.411620059073238953e-01
1.441025081901226856e-01
2.393825631101476059e-01
1.437584401512777554e-01
2.398301051191770450e-01
1.431894213237666080e-01
2.403029524561041130e-01
1.419726353534241925e-01
2.412807180381095207e-01
1.443754852432693747e-01
2.393185270977222223e-01
1.439008946519013121e-01
2.397368099833916966e-01
1.431766887253489440e-01
2.401835217546963164e-01
1.421196085259948672e-01
2.411580135250920853e-01
1.443567799926423478e-01
2.392850312042006933e-01
1.441448697038364701e-01
2.396128830422085132e-01
1.433231759485230628e-01
2.400921384823006544e-01
1.422715408139623994e-01
2.409873533886070507e-01
1.415978177621883827e-01
2.390712893982146758e-01
1.440706948637582863e-01
2.396730248494780557e-01
1.434016398768946932e-01
2.401652731245546291e-01
1.425391976046188336e-01
2.409132071243589024e-01
1.419284836185984444e-01
2.388255718314255538e-01
1.438736566884810109e-01
2.396995928663520625e-01
1.435035561915302682e-01
2.401454315801140049e-01
1.428061236845510340e-01
2.407919604246750445e-01
1.418104470070862266e-01
2.387538049572458521e-01
1.439567032830482429e-01
2.393044414791862251e-01
1.429768343712898848e-01
2.404385894038762739e-01
1.430240992142536305e-01
2.409507234657815022e-01
1.424342263210152115e-01
2.384865728114442529e-01
1.440593387112595880e-01
2.392395597256156414e-01
1.431303956941614997e-01
2.400877263245198290e-01
1.428011198095378576e-01
2.406398084803453852e-01
1.419364034826454124e-01
2.417111618479277080e-01
1.444597770687686411e-01
2.395438450487521187e-01
1.440564880633178335e-01
2.398525718613228053e-01
1.429452305552541269e-01
2.403768471217800629e-01
1.420366693813120973e-01
2.410710730283515679e-01
1.436724364591921987e-01
2.397224909202909093e-01
1.440983732842181786e-01
2.401840172609109314e-01
1.435844243660624464e-01
2.403935751386867825e-01
1.423233956392645216e-01
2.409283176132230031e-01
1.440794188615907023e-01
2.392047981884830588e-01
1.435808751382791071e-01
2.398914233929140272e-01
1.430439449240297201e-01
2.406716832381350368e-01
1.426965769991266897e-01
2.411654070049228937e-01
1.447053647128547782e-01
2.389076411915228848e-01
1.436678060913407773e-01
2.399138309284197801e-01
1.433324199933634358e-01
2.405321795666710838e-01
1.428352516773822023e-01
2.409158836819728089e-01
1.418046917943014129e-01
2.390392076385272069e-01
1.439323848228011848e-01
2.396706036311895549e-01
1.432773013635490478e-01
2.401609205368383515e-01
1.422604477490155006e-01
2.413272811766805637e-01
1.422358411960217284e-01
2.390405419605291792e-01
1.444130480777829351e-01
2.393806089547898530e-01
1.432844345764191230e-01
2.401713075195098523e-01
1.425585664937513153e-01
2.411498979544960675e-01
1.423532617098980102e-01
2.388643224494705897e-01
1.443300906428498787e-01
2.393687346449855924e-01
1.432979785390334215e-01
2.402145777614120570e-01
1.427339111471129240e-01
2.410451729632861473e-01
1.424118580524269262e-01
2.413220351967960697e-01
1.442733592411689636e-01
2.392010053735973418e-01
1.431239460173273637e-01
2.402250361964206604e-01
1.429151663068313483e-01
2.409807117063277604e-01
1.426564325750742102e-01
2.413003412060907293e-01
1.443181305416010862e-01
2.391525687481291240e-01
1.434267050056860504e-01
2.401068836787136618e-01
1.430643961609558701e-01
2.405742788012710798e-01
1.423187954147842049e-01
2.411758428339792759e-01
1.441619018057331281e-01
2.392690613272966949e-01
1.436850423010770095e-01
2.400892467720559253e-01
1.432411139446471693e-01
2.406428582732685895e-01
1.425824447791642080e-01
2.411347435118953719e-01
1.443789125238287008e-01
2.391328818691912661e-01
1.436809269672383871e-01
2.399297255835425857e-01
1.432599217963848037e-01
2.404928938256270243e-01
1.426476237991694818e-01
2.410116581580033501e-01
1.416487306994293205e-01
2.391334181930429570e-01
1.438644149897365110e-01
2.398839985667712282e-01
1.433850931868398126e-01
2.402376981359982122e-01
1.423184972646192870e-01
2.412197179767865962e-01
1.418736606367657083e-01
2.392186846331880168e-01
1.443635580206320823e-01
2.395856083985292706e-01
1.433147790975203562e-01
2.402369566750988117e-01
1.425149314006921297e-01
2.410483133603073536e-01
1.420747392360062478e-01
2.390601075126878028e-01
1.443415549339238380e-01
2.392489096002731463e-01
1.429218597124233270e-01
2.404328609685648654e-01
1.427788231795726892e-01
2.409379223005891357e-01
1.423358389039063310e-01
2.386256931037506468e-01
1.439294065772275810e-01
2.395240710777306603e-01
1.434221593948191709e-01
2.403892283234144167e-01
1.430302689208945432e-01
2.409708287314248909e-01
1.424643757126196897e-01
2.414213835897082161e-01
1.442705880261006546e-01
2.392662401111884662e-01
1.433933101131351917e-01
2.399207631305602106e-01
1.427636647944397486e-01
2.407456972430504494e-01
1.420793834788709464e-01
2.415658927320681326e-01
1.445333396027611017e-01
2.392819152061457233e-01
1.436668235217547773e-01
2.398647078407500910e-01
1.428374443988647546e-01
2.405649915098274361e-01
1.422710228319685188e-01
2.412042118660060741e-01
1.443016194905898664e-01
2.392506041613368661e-01
1.436527921762540405e-01
2.400694544341937520e-01
1.431709750389480729e-01
2.407684747526624425e-01
1.427514844075813971e-01
2.411157194147047489e-01
1.445138955148457804e-01
2.389764058776627231e-01
1.434399992564830695e-01
2.398441595510842905e-01
1.428515911524641524e-01
2.409568699788375845e-01
1.430073630805641094e-01
2.411050565826462488e-01
1.422200069917442244e-01
2.386147589940879610e-01
1.433632909598481220e-01
2.395287783385248448e-01
1.427031934003879510e-01
2.406532978284970925e-01
1.428781021855016764e-01
2.411850315686659418e-01
1.422767385848829058e-01
2.387018393611989864e-01
1.437988205847314238e-01
2.395396183526070644e-01
1.429613078307196417e-01
2.405622490865591823e-01
1.428690718800398884e-01
2.412505187236948789e-01
1.426342929622175237e-01
2.387217412858138044e-01
1.440949350009141094e-01
2.393617825539103849e-01
1.430892538310304107e-01
2.402052625293120414e-01
1.427281007221882780e-01
2.410441928180452886e-01
1.422191737971802150e-01
2.389963515612109068e-01
1.444123200095493997e-01
2.394127495108029913e-01
1.435724715457182277e-01
2.399346745962389615e-01
1.424906494343224639e-01
2.409856719742161091e-01
1.422186144414139819e-01
2.416301782300724343e-01
1.445792411632526031e-01
2.392748480485473728e-01
1.435483375976770171e-01
2.400293629393813744e-01
1.427592558216626561e-01
2.407675588667118061e-01
1.424202228249979996e-01
2.410715101817159645e-01
1.436844699784645130e-01
2.395744618336264065e-01
1.436770851713652652e-01
2.402654233554713803e-01
1.435405964356786801e-01
2.403964075022074487e-01
1.424014351851383420e-01
2.411888886213425787e-01
1.441072819386159387e-01
2.392968229583025408e-01
1.435959756421261724e-01
2.402148361658226483e-01
1.435903861483833754e-01
2.404274244093044244e-01
1.424480408498413342e-01
2.410497968741235619e-01
1.442244057971538429e-01
2.389996735710543663e-01
1.433019408326519639e-01
2.403334247711615690e-01
1.436629021053076882e-01
2.406788617898330818e-01
1.431595112746768539e-01
2.406077726440744857e-01
1.415342986682311954e-01
2.387081483346745192e-01
1.430992730745469788e-01
2.402427928848221428e-01
1.436596779633065868e-01
2.406960384456515722e-01
1.433055902729749309e-01
2.407724650852878234e-01
1.419584995862090693e-01
2.386309447632640190e-01
1.434544415247995253e-01
2.398650192520064839e-01
1.433969185295093374e-01
2.402398801734953737e-01
1.428601535041646442e-01
2.406310613065122950e-01
1.416408568002771040e-01
2.388699691758091048e-01
1.437527922841682626e-01
2.399323232242552006e-01
1.438779787942618404e-01
2.401336239174722831e-01
1.429723711434300881e-01
2.403360760148884334e-01
1.411496254793404015e-01
2.391186495629600284e-01
1.441991317709593878e-01
2.397460049733915466e-01
1.439666201590875105e-01
2.399624403332065170e-01
1.428406877003599584e-01
2.405480505091167343e-01
1.417031139577548393e-01
2.417776973157575449e-01
1.443752062986587148e-01
2.396649013450483645e-01
1.440293995096997293e-01
2.399311819826396297e-01
1.429916339352292898e-01
2.403986391932710909e-01
1.419040487176647380e-01
2.413033732296737677e-01
1.440288806393504595e-01
2.395693852549042324e-01
1.439175541306168260e-01
2.399711148126440485e-01
1.432882946345346298e-01
2.404178680103768451e-01
1.421243557279596725e-01
2.414091556242932146e-01
1.443136955201386740e-01
2.394951192065732370e-01
1.441612245969435824e-01
2.399105939798744647e-01
1.432379166366442858e-01
2.404432846191787987e-01
1.423136071421172988e-01
2.411696552639667201e-01
1.443798652731282661e-01
2.390579232335159343e-01
1.438244637744835186e-01
2.395673108390202755e-01
1.429581329732551587e-01
2.404757328781890469e-01
1.423801869819667498e-01
2.413883500230341594e-01
1.421988554632674095e-01
2.390058903187210482e-01
1.439839289050495463e-01
2.396370115054204386e-01
1.431685281139574994e-01
2.403893354032839991e-01
1.426181853077750361e-01
2.410797000481389452e-01
1.420175613904814116e-01
2.389283541400294419e-01
1.438140939518820216e-01
2.396926783936362826e-01
1.433864707875354416e-01
2.403846822818190287e-01
1.427637407178816431e-01
2.409849187758274780e-01
1.420883865763074572e-01
2.388345170465395184e-01
1.439927556555109234e-01
2.396449347202282976e-01
1.434924520496220490e-01
2.402435329343834691e-01
1.429153273571385774e-01
2.408460285181605320e-01
1.420267022164731496e-01
2.387272280890854748e-01
1.440851867999247415e-01
2.392578099225249055e-01
1.433343807035100115e-01
2.401369721503808230e-01
1.427441680691610149e-01
2.409778819086529911e-01
1.423358442297159854e-01
2.416331324080248921e-01
1.447274585242140921e-01
2.391465204992163640e-01
1.433689015580247028e-01
2.399383332365031540e-01
1.425443642638571373e-01
2.408724592971991374e-01
1.424814062327285358e-01
2.413121993117325337e-01
1.444212789249000317e-01
2.390804300584986331e-01
1.433663538792426806e-01
2.400691079422851149e-01
1.429929145030422455e-01
2.407654488184951536e-01
1.426090379908587780e-01
2.413044982780159220e-01
1.445137178565664149e-01
2.388870170939451643e-01
1.433095480437883151e-01
2.400031964308845245e-01
1.429868863403917778e-01
2.408078269289324891e-01
1.427236511735858193e-01
2.412820936950459405e-01
1.447506177985750930e-01
2.386228333557644521e-01
1.432519921043687861e-01
2.399037549648401213e-01
1.429098037446202285e-01
2.407114615340111285e-01
1.430258374111819664e-01
2.410155851940768423e-01
1.419496977773829216e-01
2.389272971431769255e-01
1.437024099304509694e-01
2.397631065999275002e-01
1.432337685335598743e-01
2.404403587336451376e-01
1.426705864724979456e-01
2.411049749498944683e-01
1.421287055123007792e-01
2.389622624384491467e-01
1.440474245811790843e-01
2.396418380034399664e-01
1.433422448955518902e-01
2.402204267023763384e-01
1.427725281000019608e-01
2.405540539289335311e-01
1.412659065586735208e-01
2.391875544356362460e-01
1.441545946496131936e-01
2.398115759758074339e-01
1.439232617639284451e-01
2.398210014277460944e-01
1.423023078758463567e-01
2.408252505519355158e-01
1.418511280712604072e-01
2.390677723739569327e-01
1.445106995593895549e-01
2.392176607885941886e-01
1.431965407209428998e-01
2.401957731613512115e-01
1.428289268720191740e-01
2.409825594478149091e-01
1.424328933604919190e-01
2.413210953889816102e-01
1.439707274815885674e-01
2.395149883887474629e-01
1.436264883071861620e-01
2.399848885916880115e-01
1.427624894329669880e-01
2.406443659672867774e-01
1.422600075554232013e-01
2.411684502810283737e-01
1.441220303422905136e-01
2.391017221887540845e-01
1.429961952556658700e-01
2.404225991275664720e-01
1.434907410551791440e-01
2.408854309962227269e-01
1.429514569151295600e-01
2.410004764771634111e-01
1.442469774661014614e-01
2.389917934098788055e-01
1.433673090246752602e-01
2.399202075163135994e-01
1.431457843887661563e-01
2.406496841278483179e-01
1.426343897744167533e-01
2.411155688123238494e-01
1.444959607379751598e-01
2.391698880982666142e-01
1.437957732433410296e-01
2.398004272784992064e-01
1.433385621001792010e-01
2.403553334577566702e-01
1.424306483447550786e-01
2.411417007471373664e-01
1.417390287934867932e-01
2.393019605640777092e-01
1.442826271891271273e-01
2.397307086610472315e-01
1.434751473069530991e-01
2.403218817553811060e-01
1.426729563507585785e-01
2.410016196091504526e-01
1.419280032816785664e-01
2.390399090532521753e-01
1.440297458307526479e-01
2.398370806059468840e-01
1.437621217512302929e-01
2.401414922507324468e-01
1.427254980210699575e-01
2.407942672521903860e-01
1.417741519205404366e-01
2.389775170937307736e-01
1.440414982078318529e-01
2.397968407375613009e-01
1.437145301869409697e-01
2.402132009472361107e-01
1.429377229555409134e-01
2.407391194128193634e-01
1.419350090188227775e-01
2.388410227110703554e-01
1.442025025871812582e-01
2.396137741663198761e-01
1.437909482391390714e-01
2.401072499441739005e-01
1.428845661821689372e-01
2.407925247634810084e-01
1.421268000893609607e-01
2.414204494153411873e-01
1.440481778576537530e-01
2.394101121575803737e-01
1.437731972764503818e-01
2.398905669466074309e-01
1.428128179003513298e-01
2.406472512593213764e-01
1.422256534608343226e-01
2.414077572984694720e-01
1.443503655490502857e-01
2.393525328949674680e-01
1.437761429464058660e-01
2.398883296872585669e-01
1.430323611747689183e-01
2.404668010489616758e-01
1.421020245074516852e-01
2.412266138207180000e-01
1.440929096800972475e-01
2.394799231058706013e-01
1.440086091450780981e-01
2.399940487745218509e-01
1.434967678313985306e-01
2.401338416274970966e-01
1.421269695988220672e-01
2.408623365496105617e-01
1.435978110058422352e-01
2.397842034296510660e-01
1.444414427648509081e-01
2.399664564006997458e-01
1.438553978509712616e-01
2.399880839118041509e-01
1.420622769729869006e-01
2.410678306761655509e-01
1.414836890854232754e-01
2.395217487408876911e-01
1.445563323531988964e-01
2.395980136570106944e-01
1.435726080647623526e-01
