2.520922258782922754e+00
3.530925987449256453e+00
3.243967492750813530e+00
-1.172518519812078969e-01
1.547096007802293505e+00
1.044640930210984919e+00
2.558249381152173374e-01
2.655535682882992909e-01
3.019926575993751028e-01
2.553628813462502922e-01
1.116890111220300158e-01
5.649214994767823295e-02
9.072277068111460341e-02
-1.493757843977364629e-02
1.670342311944723879e-02
3.456451995394010240e-02
2.429668774771313322e-01
5.673461163425619347e-02
2.496075877808465737e-01
8.350171923170028598e-02
8.852255481940428383e-02
-1.401482599972236030e-02
3.702120054543319577e-02
7.325238777526410505e-02
2.361831097051047268e-01
4.096870281727296031e-02
2.496137024409850469e-01
1.392049189017027511e-01
8.355654208088310331e-02
-8.179590710919093163e-03
1.091745721262301905e-01
1.467136523548946414e-01
1.749086321936984545e-01
-5.656661219623680681e-03
6.494371497861965714e-02
1.086473330438936791e-01
2.155311772209554111e-01
1.929826146215489827e-02
1.871174204015109144e-01
1.665907549224491802e-01
3.829565670972220198e-02
1.497274209492008854e-03
2.419351182014228135e-02
2.513631119115724011e-01
6.787521598991209937e-02
2.155166372778836992e-01
4.236580144273577320e-02
2.600117882939587677e-01
1.065908311346968340e-01
1.028505718998019847e-01
2.238902078754338720e-02
2.600324811680255199e-01
9.397413273196777994e-02
5.298293176675651639e-02
-1.231336182253505926e-02
-3.430031614275160304e-04
-9.441404370685912983e-03
1.131939300801352577e-01
1.542057893079025188e-01
1.678823573467803920e-01
-8.837695453322849323e-03
5.089624073259433473e-02
9.091104675710300065e-02
2.275215433558554212e-01
2.892043761065296245e-02
2.257852502253211158e-01
1.608738809152421290e-01
1.381114948674755927e-01
4.216339913476033208e-02
7.599851650991756857e-02
-1.443647460363035526e-02
1.189973288747078750e-02
2.421680288057703745e-02
2.459149240309493334e-01
6.079081974896900081e-02
2.384710591565460669e-01
6.682819624953294235e-02
1.936831595928396599e-01
2.653188471766723677e-02
2.419213949824920440e-01
1.514186077788895191e-01
1.281672205547544352e-01
1.858448241534448736e-02
2.535449759051614516e-01
1.435622150152296994e-01
8.962734201309317805e-02
-6.022876907481390304e-03
1.244674678665993184e-01
1.553325579842407822e-01
1.545026585756966997e-01
-1.273768142951682905e-02
2.801920073200173111e-02
5.792983634528071912e-02
2.390280717013876233e-01
4.592637986565076269e-02
2.576892536291832680e-01
1.203333255996193452e-01
9.512417710074054511e-02
1.838639247315367736e-02
2.632584002454754213e-01
1.078323186618669882e-01
9.882018511911744296e-02
2.444002844304560274e-02
2.437511520528086728e-01
6.437460700691383098e-02
2.156814640341468137e-01
4.122007166038399451e-02
2.580036670482425687e-01
1.109300286012658981e-01
1.023295478601266850e-01
2.095082536178816124e-02
2.633674637938449026e-01
1.013944828289733424e-01
8.911825607003516503e-02
2.055820809685918529e-02
2.539748796788048879e-01
8.175733463806750256e-02
1.319402651177399854e-01
-3.258339213667432559e-03
1.160322245023512056e-01
1.499132322363628811e-01
1.636900884042849502e-01
-1.051637034972247031e-02
4.508587380295990543e-02
8.548164485941804613e-02
2.294319311856447552e-01
3.310178592474668363e-02
2.342180028072498588e-01
1.543256518329605698e-01
1.359957987456991979e-01
2.728556879459131945e-02
2.600249889242711165e-01
9.235828509336498071e-02
6.062922745124391805e-02
-1.354870726960751177e-02
5.630745876226372210e-03
9.104193223634399201e-03
2.669951147319682971e-01
1.048253642241217531e-01
9.109042512953886839e-02
2.222659527088047260e-02
2.520739845604602625e-01
7.763175011864566211e-02
1.545543684246482308e-01
5.917322961273823595e-03
1.648043014864129796e-01
1.668547421350328464e-01
8.766259451975189076e-02
-1.251779269058388155e-02
-1.851901053543117404e-03
2.130488915212139789e-01
1.733042395384553347e-01
1.129912596991128337e-01
4.554437974673328227e-02
7.786939347405720524e-02
-1.437580412430516409e-02
8.667203652596922742e-03
1.470334258376277542e-02
2.441580900921062613e-01
6.348745402784515546e-02
2.255647485582968625e-01
5.131686538124163866e-02
2.489249165103666339e-01
7.734796886164904683e-02
1.300187695820711475e-01
-4.254774740093777291e-03
1.070846381342167308e-01
1.457958292052101146e-01
1.731156102456072321e-01
-6.228220940113062508e-03
6.695889475578463423e-02
1.089921823449267468e-01
2.159700261709085745e-01
1.968974360137086890e-02
1.830105036801217278e-01
1.677104423559807600e-01
4.301879546806309379e-02
5.264392217284602103e-04
2.117362665557970258e-02
2.531563946212626592e-01
6.852312356977535712e-02
2.067539202501264273e-01
3.747609315775481120e-02
2.574501653140057744e-01
1.257925061130443223e-01
8.496965457159602608e-02
1.509766962397474967e-02
2.649567891104697148e-01
1.244908900269595387e-01
8.874678530273977239e-02
1.784600173246672292e-02
2.641778373844325678e-01
1.125203994352200892e-01
1.004614424451726884e-01
2.303913073960186381e-02
2.542349601649555035e-01
7.821600191746887198e-02
1.444607358398815322e-01
1.682973296404789969e-03
1.386730253407600366e-01
1.611403857551550745e-01
1.291894272722169945e-01
-1.657226610112049262e-02
8.286505490253236877e-04
-9.628877255576276384e-03
1.116520147555186415e-01
1.519457788057922976e-01
1.729547891096682721e-01
-6.602436165748236038e-03
6.102906891929749111e-02
1.036219076848717557e-01
2.196004286659321847e-01
2.194905809166985619e-02
1.995186049216251811e-01
1.677425068836733701e-01
8.198583415711128974e-02
2.665077228822251842e-02
1.714508376712930438e-01
1.101585414837816246e-02
1.816073754052290601e-01
1.684669189322698379e-01
5.238084929776134352e-02
-1.379755642243830904e-03
1.773897712144062444e-02
2.523263418395761959e-01
7.190154126763115272e-02
1.954611190115740360e-01
2.811559924236441133e-02
2.462867886139740170e-01
1.473615072398484216e-01
1.158367869762163410e-01
8.879691700027801671e-03
2.135336134500001593e-01
1.688824474036077772e-01
1.218232654003255366e-01
4.769856593772456299e-02
5.109785016505243027e-02
-1.053393338217940324e-02
-9.209409949846958029e-03
3.621005758987295292e-02
7.934249454611742858e-02
2.376497986940818152e-01
3.998733402850434410e-02
2.487244152202405800e-01
1.406052137615130815e-01
9.281611611402515449e-02
-4.774693568434320440e-03
1.348180907512528948e-01
1.619620328691282196e-01
1.356968401809890978e-01
-1.616899401996493499e-02
5.854002335974620164e-03
4.970638858142608502e-03
2.599542843984777307e-01
1.433845833338198150e-01
8.780366867315128609e-02
-7.061809306165181370e-03
1.118000285667651306e-01
1.499655626285007481e-01
1.686722451563135716e-01
-8.438201658764018370e-03
5.528222042913528977e-02
9.578651097730142561e-02
2.250342921118744788e-01
2.756361752899448223e-02
2.136248919801667645e-01
1.637096478275839040e-01
1.284073017025990360e-01
4.735412065859329056e-02
7.104154878951779439e-02
8.878489509212817571e-03
2.515611884733837678e-01
1.529405684896496254e-01
1.170045797303713858e-01
9.793429710724574008e-03
2.197713087507253138e-01
1.671340395437096449e-01
1.319225992932049618e-01
4.750776348470717170e-02
8.755438475445795343e-02
2.176653928530825066e-02
2.432577192159944834e-01
6.574275600041142031e-02
2.134560906575211914e-01
4.114316340471006750e-02
2.598953586633241941e-01
1.126241059258134697e-01
1.020233119763687690e-01
1.976870628454885717e-02
2.623166760533373609e-01
1.049744353815086628e-01
9.589661993130406403e-02
2.421375216497182598e-02
2.419121769560554913e-01
6.205303051029915917e-02
2.248542563287820595e-01
4.912815514506034542e-02
2.502797328457864734e-01
8.443646360081594193e-02
9.052934428616689344e-02
-1.372423451554003263e-02
4.032347389310484559e-02
7.937139779989926813e-02
2.355927223336706233e-01
3.667456838585186896e-02
2.430409710804705137e-01
1.467191507122803940e-01
1.109254218174169915e-01
6.266622437782157218e-03
2.027682173675216248e-01
1.706582403384211133e-01
8.750016120119148699e-02
2.982866562234457591e-02
1.353921060959155653e-01
-4.911963822223407508e-03
9.856590221941807783e-02
1.398118646951902189e-01
1.832967624098419679e-01
-1.457362658801346399e-03
9.016492759569363913e-02
1.299009200471374914e-01
1.937281064401450426e-01
4.909587752075290912e-03
1.160131219754692716e-01
1.486088913089882446e-01
1.599833604830769862e-01
-1.083990586065903226e-02
4.366260109337462281e-02
8.069956822303947508e-02
2.329074190834505842e-01
3.584052215344847581e-02
2.385655433107423118e-01
1.508107936530927451e-01
1.258464970452517484e-01
1.711423681596568880e-02
2.528475326331124373e-01
1.453373067096626614e-01
1.017278003484945598e-01
9.062842577616057188e-05
1.605246722081997701e-01
1.692145573440112238e-01
9.381606166899164601e-02
-1.336793792387230492e-02
-5.382773620850112191e-03
1.798729977260736246e-01
1.741558310572128010e-01
6.597191578657120303e-02
-6.187896052131226440e-03
1.319548440704383652e-02
2.535448522951074812e-01
7.462918842371110695e-02
1.781820500782893557e-01
1.748323040923548816e-02
2.163074600079435694e-01
1.648153436251330317e-01
1.256271360557878747e-01
4.833669200577273006e-02
5.359139945098862629e-02
-9.298264134131890152e-03
1.079743254162335020e-01
1.475546336440362871e-01
1.759804116488438153e-01
-6.292016113294581284e-03
6.624959739374189360e-02
1.108315782410639466e-01
2.138719074353783167e-01
1.850111492177966901e-02
1.813960673950351654e-01
1.667688148855097641e-01
4.943487381253196949e-02
-8.272470071888232430e-04
1.871389129612887822e-02
2.519427511318405033e-01
7.151189841977362294e-02
1.986609089570236519e-01
3.055574842852406409e-02
2.506408010362825012e-01
1.423081822122902740e-01
9.596423374724830091e-02
-3.637536302344640017e-03
1.433705530727281130e-01
1.647566297504653998e-01
1.230208223354307268e-01
-1.670488576233878850e-02
-5.047863660027274678e-03
2.145681367644659485e-03
1.798626535963604228e-03
2.437916993325285331e-01
1.620134385632626683e-01
1.371852420368237513e-01
2.884500211541631345e-02
2.572898162636787500e-01
8.866283665936962322e-02
7.724461322684343656e-02
-1.431881479598123667e-02
2.330816648327779100e-02
4.985190962358159589e-02
2.418943394941444613e-01
5.135366357485977168e-02
2.567389290850720096e-01
1.042542730474352308e-01
1.048643172971421983e-01
2.213298301401397938e-02
2.604532169048181522e-01
8.992986963505936182e-02
6.787836495009591520e-02
-1.416602606299593135e-02
1.274503994001740213e-02
2.857183349157767921e-02
2.451368741794065220e-01
5.832803449494037423e-02
2.444432511923885776e-01
7.128054461727695301e-02
1.609796988376788196e-01
9.414956976147498269e-03
1.771883501689938134e-01
1.691475482014838660e-01
6.010885146536373846e-02
-4.315514036814144944e-03
1.316797098040516957e-02
2.542800112268096546e-01
7.449783429619875885e-02
1.817752275855096245e-01
2.054720683473050535e-02
2.232726135964283598e-01
1.627827727574365779e-01
1.379628460970370729e-01
4.404540544635377614e-02
1.097503842956694120e-01
3.004872181345210475e-02
2.052307302325494243e-01
3.191780338241231862e-02
2.478529686514408803e-01
1.442240198378063054e-01
1.026055556233748806e-01
3.462437068784919234e-04
1.705882716600941595e-01
1.691817296408790472e-01
7.923890210901569919e-02
-1.037706915763385307e-02
3.272618356082944956e-03
2.549327135466486483e-01
1.505693144685307239e-01
1.102835935569964343e-01
3.724637572088069018e-03
1.911133431182970854e-01
1.723775656940117473e-01
3.655805614477702220e-02
2.677089711479797504e-03
2.558512243672240311e-02
2.520338858742852683e-01
6.679547294595908347e-02
2.192636475675251440e-01
4.464217529099204218e-02
2.561063197139932801e-01
9.923874185646192059e-02
9.698874989879446851e-02
2.511686760002677932e-02
2.353826722816045047e-01
5.522474869034195433e-02
2.450871236211123183e-01
7.209023934469535599e-02
1.581202398474860216e-01
8.250368030016330678e-03
1.710349097452678047e-01
1.686878818097440613e-01
7.210700806864850376e-02
-8.031716813359245782e-03
6.637123718418000418e-03
2.688834291422660949e-01
1.190112738122701269e-01
9.419675904739167882e-02
2.151828421012305995e-02
2.584564166918561501e-01
8.879765861966994189e-02
8.409808910688670869e-02
-1.421326620550118248e-02
3.230505589152282697e-02
6.550413700317377075e-02
2.382291849282329455e-01
4.437360552425204108e-02
2.546397948380414999e-01
1.285984715618613272e-01
6.928131551825254808e-02
3.056461066552062806e-03
2.145712091131542487e-01
1.697180463549953500e-01
1.159655014840795945e-01
4.726889592568724041e-02
6.588735624554629966e-02
-1.349594626910253191e-02
-1.818758987962039615e-03
-1.057385685678824405e-02
6.694908687887929366e-02
1.149088763536357666e-01
2.173575256558044899e-01
2.026131054729662928e-02
1.834375813704927360e-01
1.673190216156401899e-01
4.225754756983478300e-02
8.889146397452401616e-04
2.137735443112060568e-02
2.533205993386007382e-01
6.818441820200185632e-02
2.079358261281926135e-01
3.809980612614959766e-02
2.581437574234438648e-01
1.236046939804765210e-01
9.048697884566705985e-02
1.763829185938455696e-02
2.658405400081124692e-01
1.101296445400995888e-01
9.969604632394185595e-02
2.387779991297256030e-02
2.511568075200411587e-01
7.588099991796502797e-02
1.617348948075426895e-01
9.007444061940070995e-03
1.806426703520387367e-01
1.684259930466567856e-01
5.513033361972732860e-02
-3.868401588214161017e-03
1.582380350312589945e-02
2.529578380215684041e-01
7.251858805075224457e-02
1.899937777821918417e-01
2.420960566108084494e-02
2.381963373789894034e-01
1.545982204669485993e-01
1.345103022690150307e-01
2.709103416537894313e-02
2.606680100904189556e-01
9.878280637876919734e-02
8.199506209866669337e-02
1.664800845821811509e-02
2.659045574203928730e-01
1.084800867783801415e-01
9.935048200916665739e-02
2.433788888351141877e-02
2.474566285990452696e-01
7.050387418723844113e-02
1.898024061561190967e-01
2.402916211615982456e-02
2.369286163055708827e-01
1.552568150339613817e-01
1.354047689102002017e-01
2.874852768273749790e-02
2.569362734263195835e-01
8.878804336098949923e-02
7.830125601647867917e-02
-1.432154062424369906e-02
2.484726978982028725e-02
5.251411635362538549e-02
2.410765990805327497e-01
5.019345866384809784e-02
2.569262183835546165e-01
1.097521005349693241e-01
1.026805699402969785e-01
1.975082531901953264e-02
2.649465811830366557e-01
1.083402825971687411e-01
1.016709583628905289e-01
2.443691615418058100e-02
2.481762316624031572e-01
7.200132956521194949e-02
1.831385496033141047e-01
2.035178682467539413e-02
2.248764688075436946e-01
1.618302506382816031e-01
1.390497451263725814e-01
4.447981787614103261e-02
9.938105462751303798e-02
2.864437385918174386e-02
1.939240778948902455e-01
2.346846858395665314e-02
2.293091759051989753e-01
1.592617800769137448e-01
1.406994220254967343e-01
3.924650852268364576e-02
1.633024414533623681e-01
8.203763244717285699e-03
1.682563972836848554e-01
1.677146996190321537e-01
7.864395726649435481e-02
-9.568512836962790244e-03
2.813101880751940273e-03
2.527641287606000042e-01
1.520997369279217803e-01
1.113183495872264034e-01
5.452971339152702483e-03
1.968490438892388505e-01
1.711956868360550166e-01
6.225052938282654019e-02
4.568801118866597059e-03
2.321598423045294346e-01
1.662869576801924709e-01
1.398986420392470120e-01
4.255787485995289610e-02
7.796226292921455692e-02
-1.452222750681473121e-02
1.418415508953236974e-02
2.982411215541685978e-02
2.457433247947099220e-01
5.889898000199376288e-02
2.444569372913323047e-01
7.529640995131303693e-02
1.444405400776643533e-01
1.179280590339537235e-03
1.405364946026004813e-01
1.604188680971098124e-01
1.294938924340949815e-01
-1.654643920701187251e-02
-5.922782302877310605e-04
-1.046449837440214040e-02
8.419744084560593089e-02
1.325933708223864527e-01
2.023906855017157669e-01
7.700915440756336827e-03
1.336507458571084550e-01
1.565234271683124678e-01
1.372500885931600134e-01
-1.562510750112505384e-02
1.063735794612330823e-02
1.924875251613968746e-02
2.440907005297467680e-01
6.015747651600676649e-02
2.366180514804481216e-01
6.113442378710262637e-02
2.135750636996586738e-01
4.185149203930699224e-02
2.589231129020322930e-01
1.129136320124453086e-01
1.016173984093278748e-01
2.001975951789740360e-02
2.645776697877540440e-01
1.039063864698753642e-01
9.648217670724393291e-02
2.476815603597214838e-02
2.404163891048617940e-01
6.180938710943461450e-02
2.267524632536402351e-01
5.192624232878891022e-02
2.477630691272185159e-01
7.500697212740088660e-02
1.424408030606201248e-01
1.221069719038134563e-03
1.367690351675968086e-01
1.601089426181594999e-01
1.327245424038741295e-01
-1.641105551123255707e-02
3.990074993322723258e-03
-2.241060029732897148e-03
2.097202823978675246e-01
1.744993833026070584e-01
9.631655731470720183e-02
3.767480806335474913e-02
1.154377234321484202e-01
-1.150862139560619030e-02
6.092881279132067451e-02
1.045675505397438421e-01
2.221888086651593319e-01
2.393029219071084179e-02
1.994572905071356483e-01
1.666786830148021814e-01
9.124897363880238310e-02
3.304406879175531692e-02
1.264362730857356010e-01
-8.677381738871618039e-03
8.284355440853757857e-02
1.267748781612952624e-01
2.016326383124767696e-01
9.692080562888063036e-03
1.400031914592556048e-01
1.586657946155359544e-01
1.263369798612485606e-01
-1.659416348989831147e-02
-5.362314400034987744e-04
-1.079966535223479858e-02
5.360028902758188357e-02
1.025480355707208274e-01
2.270776425595139592e-01
2.750769033294856239e-02
2.153814911979010649e-01
1.626978877332883044e-01
1.297680661822448178e-01
4.668959464292042616e-02
7.269249089158982824e-02
1.193870015037337522e-02
2.586689887353261774e-01
1.398046862421461756e-01
7.338457323304921343e-02
-1.155577108718698620e-02
7.632496269585004045e-02
1.214496139714225376e-01
2.081846605570470410e-01
1.394853631610849798e-02
1.578943473518914509e-01
1.641155975040783921e-01
9.516174232193669313e-02
-1.365568630377982443e-02
-7.388880822162436669e-03
1.533206057284983714e-01
1.707442993041045076e-01
1.143615833067660043e-01
-1.635046545374709351e-02
-9.531127847862230426e-03
5.630359127539549813e-02
1.048110513247397374e-01
2.271303170617034461e-01
2.570446181681745879e-02
2.089475953597285107e-01
1.651771978708090061e-01
1.199659365157783736e-01
4.702292658513293477e-02
5.483903550826721429e-02
-1.152579097627900832e-02
-7.960586776263763736e-03
1.888032827091985083e-02
4.394336162690765102e-02
2.441533906316009639e-01
5.495311280431097040e-02
2.534465019517188611e-01
9.213270703364928593e-02
6.900149989886907032e-02
5.802051759848558116e-03
2.342588705192188425e-01
1.628832255463097956e-01
1.401875026195718577e-01
3.965906266691479609e-02
1.580038082082586837e-01
5.385442294778232039e-03
1.562307625174017833e-01
1.650605694996333250e-01
1.021875087098959578e-01
-1.453334016846845843e-02
-9.013530434220463905e-03
1.154133959612528570e-01
1.554792625944804718e-01
1.663143313834854753e-01
-9.784012067744636207e-03
4.719838598440218025e-02
8.550056261858389461e-02
2.304984697090169121e-01
3.329081342518284969e-02
2.317932459549804647e-01
1.560495903071607293e-01
1.366580654365927572e-01
3.007210345588896133e-02
2.511467903284957948e-01
7.559382174631133766e-02
1.568868343035657587e-01
5.931940616213967135e-03
1.657063468254451610e-01
1.684434559798765885e-01
8.159167697685405785e-02
-1.080466839574276659e-02
1.107709051610694141e-03
2.421058509163256656e-01
1.614441563116647271e-01
1.401847869017629478e-01
3.142068951769472207e-02
2.484226866368718922e-01
7.423176634375255878e-02
1.681235580690796649e-01
1.236174068291405644e-02
1.940437868942184729e-01
1.686976125400365401e-01
5.311844328802384219e-02
-7.006790900484679598e-03
1.302018009391089637e-01
1.609199506925905188e-01
1.445901057283517088e-01
-1.519975538146179153e-02
1.514584670220409969e-02
2.870356121465860236e-02
2.441952186292276894e-01
5.809459578744195773e-02
2.459038913725146158e-01
7.786135334151735032e-02
1.292570514991830122e-01
-4.681477112303272445e-03
1.082910454321722726e-01
1.451485380494971777e-01
1.739825930827117728e-01
-6.757432080974576719e-03
6.520909008958844510e-02
1.095510741214057032e-01
2.147557346592679772e-01
1.914177298420773748e-02
1.848658671335703108e-01
1.668260322161211895e-01
4.217235144773286842e-02
1.621870110683213545e-03
2.222978024709680936e-02
2.514334857879947371e-01
6.938149032315926723e-02
2.095032148310827513e-01
3.811917736075897539e-02
2.594608077883861497e-01
1.210608425352654310e-01
9.442684310229265687e-02
1.959877384469099759e-02
2.629997915135713904e-01
1.060905606562107251e-01
9.754979277813562166e-02
2.442108567894205051e-02
2.416954482854194175e-01
6.164273261681630506e-02
2.259286370164591551e-01
4.982508678472234026e-02
2.490212155184346465e-01
8.166295939478203370e-02
1.086641301491826361e-01
-1.080156001208650018e-02
6.949501418918668794e-02
1.145753567786651772e-01
2.147548053884156816e-01
1.658156276507903940e-02
1.747901708545385735e-01
1.673746742008109523e-01
6.012494393028171291e-02
-5.049700526831032640e-03
1.239923769723173461e-02
2.539308473437080216e-01
7.344821989639255255e-02
1.808856929491113874e-01
1.955698688989337963e-02
2.178131934390607483e-01
1.650550067391609588e-01
1.323375723585698271e-01
4.719935809689934647e-02
9.230478425013352584e-02
2.504860845636746811e-02
2.205749981546483995e-01
4.221233760493402210e-02
2.577352116274985727e-01
1.191211620986315917e-01
9.722000710802447543e-02
1.965841028424860498e-02
2.641663848533839509e-01
1.044968254317322903e-01
9.804817592801511050e-02
2.381609925650620546e-02
2.400510659907072464e-01
6.220816168094112086e-02
2.264282700560962258e-01
5.246724371880952253e-02
2.466996482975903626e-01
7.470961634097231241e-02
1.480688871209844271e-01
1.924635022608079532e-03
1.452955484784364260e-01
1.637363840862846309e-01
1.178150211347728793e-01
-1.652842074939692152e-02
-7.213165473405201006e-03
1.805818098445277284e-02
4.361040147961112168e-02
2.465228600806552706e-01
5.573889849902366467e-02
2.524627722646908268e-01
9.130431797800780958e-02
5.373076001784957145e-02
-1.001426563158096944e-02
9.996549561352660596e-02
1.420538295761357706e-01
1.856060010600901200e-01
-3.885432805173843693e-04
8.869860354405730007e-02
1.309159069849231694e-01
1.925858503578072034e-01
4.208092486711487168e-03
1.167464961575516436e-01
1.477250608102550211e-01
1.614434397367049967e-01
-1.105014706153702002e-02
4.355562773346041694e-02
8.302715777927992258e-02
2.308607713111012205e-01
3.421167221768182942e-02
2.379070000735384882e-01
1.518134102228668181e-01
1.312179539005629836e-01
2.102712450038695530e-02
2.607143258922071105e-01
1.273005209563941031e-01
8.363337057845758593e-02
1.508768666247443241e-02
2.641390210341476585e-01
1.257560309245182861e-01
8.627946040951893492e-02
1.576988152740586846e-02
2.636170502011575545e-01
1.197339558002445820e-01
9.672739539683039567e-02
2.138973871379850136e-02
2.599262250463781343e-01
9.082578702590821118e-02
6.987816976281703563e-02
-1.401853484023688964e-02
1.339372594554051610e-02
3.182926530097824475e-02
2.439262905817534410e-01
5.791485421045337867e-02
2.465769301624376741e-01
7.670343295052502175e-02
1.321070656871073945e-01
-4.306068966550724575e-03
1.140187846291653984e-01
1.489409052039213366e-01
1.668035566124827507e-01
-8.348115956453214942e-03
5.416824267888878386e-02
9.541974999734945118e-02
2.250860160130181420e-01
2.665495272164997501e-02
2.178042167089087600e-01
1.639405174288268707e-01
1.303640839693906428e-01
4.743612533714879065e-02
8.549298359724420704e-02
2.143967378515594657e-02
2.499474634108242999e-01
7.145926002400154742e-02
1.835971278564379472e-01
2.102233786579838296e-02
2.225551885088319082e-01
1.632824316414153709e-01
1.375438781251959730e-01
4.423101502497578386e-02
1.084196261112207876e-01
2.923894981923783748e-02
2.022881828964542272e-01
2.760164416171800514e-02
2.406568405262589638e-01
1.517913374001420568e-01
1.249380923144758904e-01
1.613330596595765470e-02
2.495125642430688906e-01
1.495893563906345869e-01
1.157429967743258264e-01
7.402538879627518567e-03
2.107692847691867710e-01
1.698951271371211824e-01
1.155701863986281636e-01
4.639937923739143738e-02
6.890519624315807889e-02
-1.365193531202583098e-02
6.071630665045752578e-04
-8.317034768421873933e-03
1.351160230001221818e-01
1.646409417629301208e-01
1.381344886962326268e-01
-1.610909436921279317e-02
6.631431563403067386e-03
6.986505839652538963e-03
2.672239009867821147e-01
1.268561496091530072e-01
8.060605559377639895e-02
1.416664489365728093e-02
2.616020649832074274e-01
1.327258398315900867e-01
5.558936039792979067e-02
-1.004990368677980209e-02
9.995856924665683096e-02
1.416271197128437243e-01
1.862627726554506313e-01
-3.426764252380020206e-04
8.959843783746888890e-02
1.311393205082388991e-01
1.920175811832797452e-01
3.660092182535899796e-03
1.154489680247043626e-01
1.465774190751659989e-01
1.636546813967106884e-01
-9.352956392262044838e-03
4.752005978674894021e-02
8.803630857393741904e-02
2.286138438351043023e-01
3.132697678028736887e-02
2.304804989522643566e-01
1.563001979264062036e-01
1.396423387407682570e-01
3.518072602458013898e-02
2.186509483120047392e-01
4.247651834724586184e-02
2.587900161629154705e-01
1.149508518895223513e-01
1.004863863868390716e-01
1.954620291414273237e-02
2.650653848504130328e-01
1.075502279664739130e-01
9.838708438344825891e-02
2.476978957861391759e-02
2.424830934069901189e-01
6.389379798626075579e-02
2.187888401108156189e-01
4.448949718858870306e-02
2.589393228965888860e-01
9.983745170517997758e-02
1.012332870897004466e-01
2.566417770468231579e-02
2.393938227956006470e-01
6.047594840859944754e-02
2.309312172143937192e-01
5.593032727018217021e-02
2.368902688862494776e-01
6.077247599629605895e-02
2.169082901438222355e-01
4.467535476494184643e-02
2.578524805471509862e-01
1.039398148328898597e-01
1.041005062346567894e-01
2.375129010199298479e-02
2.530154429756416024e-01
7.590897481122160784e-02
1.550647803743747666e-01
6.989805714545054179e-03
1.661166817389666539e-01
1.680393100052529065e-01
8.193574280269808052e-02
-1.063172462137981431e-02
7.420650093958387934e-04
2.409155266491064817e-01
1.645583478010159972e-01
1.398491846628676094e-01
3.403563925352000308e-02
2.309051018658777599e-01
5.270361938942992597e-02
2.497679621128566230e-01
8.013990249735686300e-02
1.110690411515135312e-01
-1.082372505432092381e-02
7.098182823156762300e-02
1.180474681625906380e-01
2.111069122448100410e-01
1.558547662992437743e-02
1.683759439053072182e-01
1.653762142802395474e-01
7.706176454604221626e-02
-9.050856646141270181e-03
3.501837267087743247e-03
2.539770048484933929e-01
1.511829310808128213e-01
1.094786606955318597e-01
3.921644350999753739e-03
1.894031251848364295e-01
1.709900501086868696e-01
3.921825508726230203e-02
1.598482989397597299e-03
2.498187348417420239e-02
2.513821494552692659e-01
6.783687462414683678e-02
2.163046761624534964e-01
4.322655531930115480e-02
2.594884821556802668e-01
1.040406949938743053e-01
1.049932830681056251e-01
2.389547140719369689e-02
2.545356428553426920e-01
8.207528305512272471e-02
1.261465025445174526e-01
-5.750884149571375628e-03
1.041049290628082713e-01
1.422584531726581170e-01
1.798309944196744836e-01
-3.027282446786101235e-03
7.769257983803473655e-02
1.212204192436092953e-01
2.040005336187395435e-01
1.104434830142428381e-02
1.500335607309003505e-01
1.610426256672255196e-01
1.116719448436012119e-01
-1.624638540194295669e-02
-9.451998889820664718e-03
4.730439554150901726e-02
9.450238338245556258e-02
2.321574839098073939e-01
3.190825926872672968e-02
2.309282200741291646e-01
1.559940098281795140e-01
1.377468267841477079e-01
3.486438965021967928e-02
2.202130925414136353e-01
4.346342858231762307e-02
2.590667193189588602e-01
1.110439005317864353e-01
1.026278708001206741e-01
1.992607906690997688e-02
2.649999353808678570e-01
1.056961990459026612e-01
9.667358691329838716e-02
2.454067229806873932e-02
2.411284885054521820e-01
6.160548932608491540e-02
2.268600869149162702e-01
5.130279925323191770e-02
2.486993772623859456e-01
7.771045261277872984e-02
1.360245222141153454e-01
-1.760640716860161457e-03
1.228496386036996291e-01
1.535975292167634509e-01
1.542055938184486996e-01
-1.321601298528266369e-02
3.108738884138851841e-02
6.076324768996031050e-02
2.378509591443067062e-01
4.515573146511914909e-02
2.562511989373596477e-01
1.244035483683879201e-01
8.706655074128190341e-02
1.573740528428747495e-02
2.659041022894657602e-01
1.223164285129428458e-01
9.413488613368664604e-02
2.074077410538127664e-02
2.610572526611844024e-01
9.527986441414273977e-02
4.646236139428464029e-02
-1.112646135773827892e-02
-4.747628061169035379e-03
-3.690790368094829139e-03
-9.967750336201567501e-03
2.937441569207403791e-02
6.686275333215058181e-02
2.412819586384036818e-01
4.507926846086625361e-02
2.566546227359868815e-01
1.246279201909839818e-01
8.460642917470728719e-02
1.489885662182353215e-02
2.620776279470568570e-01
1.305859381151557030e-01
7.092569953317795495e-02
5.243626488213252307e-03
2.274281417877360711e-01
1.657351988360812045e-01
1.392922363891366810e-01
4.597669491181288759e-02
1.090169291835624554e-01
2.963778331777845720e-02
2.089229635852876965e-01
3.361208946713430817e-02
2.522430768546343738e-01
1.385468697572035668e-01
8.259194701621845602e-02
-8.299395820584557978e-03
1.020513017657905253e-01
1.445925218128770451e-01
1.802108832709815589e-01
-3.220256032330540488e-03
8.007721750704881181e-02
1.218522392416720307e-01
2.036231633756578896e-01
9.578433751006851238e-03
1.444674620763335138e-01
1.611664496891121456e-01
1.169683989013430570e-01
-1.649146401296126829e-02
-6.955897418038606284e-03
1.562900694336582380e-02
3.795948364155002364e-02
2.468780071392974451e-01
5.767963436702362723e-02
2.486782049725131949e-01
8.290658562990464719e-02
9.300526362697691951e-02
-1.355884830280964203e-02
4.363063983330071893e-02
8.342876183752415131e-02
2.339569954317218259e-01
3.603396320169326150e-02
2.382437985865054619e-01
1.511877390103341101e-01
1.265399170994505051e-01
1.778286049840724706e-02
2.547701789638641134e-01
1.429356953715535949e-01
9.209254299205060779e-02
-5.751459606025466353e-03
1.283471883807962011e-01
1.587823811229597537e-01
1.458920526565932740e-01
-1.482862999503844342e-02
1.793503542341488496e-02
3.541514717505166165e-02
2.436355578426730173e-01
5.385856443040583363e-02
2.511314685881124165e-01
8.816968621213380763e-02
5.987043650941097084e-02
-1.333851340961537089e-02
4.170271880067522897e-03
4.075866622342952383e-03
2.566361825510384831e-01
1.482673563818264206e-01
1.048953021017353521e-01
2.042544357857233300e-03
1.741219230703862364e-01
1.710985253593773625e-01
6.898884042716979526e-02
-6.849487707234363544e-03
9.228300794433205029e-03
2.631177976314069134e-01
9.117390445953188483e-02
