2.331550992334881389e+00
2.963462384956932816e+00
2.438574289691645802e+00
-6.878305124043626595e-02
9.472056952458978163e-01
6.614599917720375144e-01
1.355371969841385749e-01
7.277860759007449831e-02
6.310253556957728938e-02
2.078975981992112199e-01
1.163666249763772864e-02
1.891417579793918391e-01
1.350309891302526044e-01
6.452876966901453792e-02
3.668474748239265379e-03
1.209137888650286749e-02
2.471856459743531076e-01
5.630928889348216226e-02
1.793025582987685107e-01
4.420143540211994571e-03
1.695546443455556718e-01
1.351561277660076055e-01
1.042348492093316814e-01
-9.074291080583654287e-03
-7.798205879080598139e-03
1.497741634048055936e-01
1.370811721402081795e-01
1.372103666066507022e-01
-1.587396941176209483e-02
2.814034630860481889e-03
-8.022824853112318216e-03
4.092255442081948330e-02
5.785980185887631966e-02
2.365057238025674025e-01
3.208960090362687756e-02
2.474357905940098856e-01
1.035027074793314489e-01
6.345660097063610117e-02
-1.163965455350966967e-02
2.196403313142585023e-02
2.570105374008892565e-02
2.408447815987736496e-01
4.429353983586116483e-02
2.411660452412148770e-01
5.591018917589831577e-02
1.584630816268864928e-01
-6.313351056427182403e-03
1.149088322590529759e-01
1.180779773219528400e-01
1.802075163118716794e-01
-9.238098760509254673e-03
7.552344292825208250e-02
9.242927475822382277e-02
2.153361491081269841e-01
9.986905443810735472e-03
1.784899049860941833e-01
1.343947649276108214e-01
8.724702115922847168e-02
-5.401521009274760921e-03
-1.715280059978428490e-04
2.326417257456888932e-01
1.299024989266310826e-01
1.258293934360576460e-01
1.882067103877424485e-02
2.555213621570703308e-01
7.537801084155795750e-02
8.985537389652852036e-02
-8.651176865076869518e-03
1.227848047032618628e-01
1.249371486458412811e-01
1.718940257165821051e-01
-1.305510043332071789e-02
5.525019933722827986e-02
7.067094586339915663e-02
2.283902861036789522e-01
2.331425372313662703e-02
2.273247377181095707e-01
1.246163395713177496e-01
1.243446591196233630e-01
1.863055085807013844e-02
2.555218906798512601e-01
7.615446498908393091e-02
8.528808566305459693e-02
-1.036636710254685949e-02
1.047743081498316992e-01
1.159728013111719080e-01
1.910204126608790465e-01
-5.630222767666120606e-03
9.980514080055030712e-02
1.086304746737303678e-01
1.947096714947266771e-01
-1.929107389193569951e-03
1.146220497090069124e-01
1.185437242737413799e-01
1.790141623140274196e-01
-1.033236538489902892e-02
7.314586483890482549e-02
8.884028854579938128e-02
2.189652556861799437e-01
1.284898440040052603e-02
1.858632414718607018e-01
1.353894734824113433e-01
6.936445543274788461e-02
1.479527745421994108e-03
9.584753429103849351e-03
2.492808522969725549e-01
5.611569933437370039e-02
1.675788916090060476e-01
-1.120606574045870203e-03
1.389923725094653062e-01
1.292320206700605656e-01
1.500323450299102246e-01
-1.615470215380409788e-02
1.995297109235754512e-02
1.876916199280911218e-02
2.400372736371651217e-01
4.568145775918206614e-02
2.358904032304759979e-01
4.857082429078805885e-02
2.124748581641924816e-01
2.471158664465339036e-02
2.453441128473788369e-01
1.103861436616569158e-01
9.504459409354611144e-02
-1.003599365594418959e-02
1.056634431110706762e-01
1.164863410035814340e-01
1.902063515011873651e-01
-6.030198411630514899e-03
9.711935305727616152e-02
1.070972686825558962e-01
1.990806261000669652e-01
-4.830776727854723491e-04
1.215179743240048238e-01
1.218758989249116159e-01
1.709680075336715288e-01
-1.286322248079203347e-02
5.564730181006503212e-02
7.163657653853433560e-02
2.299221210328722398e-01
2.308715357153941911e-02
2.256299444548574007e-01
1.256353163786433913e-01
1.230871717287756045e-01
1.985348969499595856e-02
2.523460643627856714e-01
6.769584938763939519e-02
6.509298456327222704e-02
-9.760756170467056042e-03
1.161309090590234988e-01
1.230153128586104205e-01
1.788337014887477483e-01
-1.069817216867782750e-02
6.937566419297316878e-02
8.584073524160493185e-02
2.212101985718203379e-01
1.502397868606759716e-02
1.945160581324607008e-01
1.349716704445914905e-01
4.949567617737745534e-02
8.137684687851436463e-03
1.917837944528851674e-02
2.482726564992563389e-01
5.173264180423468861e-02
2.066566463385886843e-01
2.082605178633258752e-02
2.326866054952986262e-01
1.223613772485600687e-01
1.243603877069687502e-01
1.255683358995226401e-02
2.485894129384765838e-01
1.117434609603364659e-01
9.196063800144661793e-02
-1.154711653774782160e-02
8.816692648284585321e-02
1.053734363750511993e-01
2.057429874857014396e-01
3.094013106582260871e-03
1.434572231459928238e-01
1.286523161935143322e-01
1.451721312727431712e-01
-1.627052684953123746e-02
1.242857222624649781e-02
5.489115323903918583e-03
2.566745430355364954e-01
1.009908844134358163e-01
8.104840029526796941e-02
-5.645360954822820944e-03
1.603441380948970874e-01
1.374605484159224233e-01
1.226588909224994306e-01
-1.421647020258315006e-02
-6.934191067169474115e-03
4.179918337590843302e-02
6.103262470232320713e-02
2.375494150230084145e-01
3.006667172121200993e-02
2.476300366546818621e-01
1.075364224599862917e-01
7.870686281909033966e-02
-1.320712957001618330e-02
5.546500633447715850e-02
7.513265759288800805e-02
2.301927843683357899e-01
2.178297146995367140e-02
2.268443200493065470e-01
1.266378351300001537e-01
1.215198134224316218e-01
2.090689387393197818e-02
2.482888404118140657e-01
6.131386911029830522e-02
1.169397001366815070e-01
-1.486241183947451319e-02
3.244972129092654756e-02
4.273011489718865630e-02
2.384322175715533343e-01
3.739782836071030292e-02
2.514494009913542660e-01
8.422159769563060394e-02
7.189985924971770137e-02
-1.231304175389380702e-02
7.908608136007841405e-02
9.780962335215410974e-02
2.142724205042247088e-01
9.662751190404243393e-03
1.718058881565533991e-01
1.346607898892294430e-01
9.787524079758069817e-02
-7.609920089615121799e-03
-5.911032441170291363e-03
1.840005564735874566e-01
1.416525050276871978e-01
8.397579904958463182e-02
-3.462146756989576205e-03
3.176218724462408216e-03
2.532521119217212568e-01
1.106396705497783711e-01
7.503306958463315524e-02
-1.299063865234923072e-02
4.102544013209850904e-02
5.899345493941918206e-02
2.356570702520395244e-01
3.063115583573876310e-02
2.464556475719594242e-01
1.063438054726495996e-01
7.907043679580111339e-02
-1.315470618252904782e-02
5.298823659802479741e-02
7.400635446639561299e-02
2.298367383188688606e-01
2.327716552506086528e-02
2.281340199875573349e-01
1.238624729176614203e-01
1.249057914772215283e-01
1.802998847169829527e-02
2.564918575116630350e-01
8.035289879325727136e-02
7.148047261429125998e-02
-1.282384852789164587e-02
6.242735764782783581e-02
8.259863231860842259e-02
2.262157145625331434e-01
1.766573591553957656e-02
2.123044745049458837e-01
1.323161543763594072e-01
8.519815852506490428e-02
1.028769972720818340e-02
2.532481068963008952e-01
1.051243091387904227e-01
5.300084030838909249e-02
-8.811025358734108498e-03
5.269908749803312552e-03
-9.285948541745496151e-03
1.229028257658764667e-01
1.274735878057071392e-01
1.720047328187561120e-01
-1.302068399477133986e-02
5.364695972942520180e-02
6.952358212726379716e-02
2.307882190327530947e-01
2.428834606295863716e-02
2.288213975967544611e-01
1.236629727196344036e-01
1.246912549425818612e-01
1.651682715054273928e-02
2.558988042794727580e-01
9.186813029627767524e-02
7.990714748515236054e-02
-9.360547608438024234e-03
1.232669560018486987e-01
1.260987079694725344e-01
1.702231048306943328e-01
-1.324410241682250078e-02
5.178075811731915751e-02
6.764647801930315230e-02
2.314074222155247662e-01
2.376782325678452809e-02
2.316734597697746589e-01
1.216947087636550545e-01
1.238639702670274456e-01
1.242502908882846951e-02
2.472391936711071658e-01
1.130951299101977253e-01
9.659324990143097756e-02
-1.055347080756762618e-02
1.044748006464966961e-01
1.164936592950825966e-01
1.902201364195564848e-01
-5.505350227738318655e-03
9.806820888881084830e-02
1.082760847148032668e-01
1.971583568326989999e-01
-2.411418924929319141e-03
1.168593080389029315e-01
1.203467531461941686e-01
1.753357121976996114e-01
-1.124865313377463108e-02
6.530170012443595184e-02
8.247147025897476336e-02
2.233503819486793718e-01
1.583483656049980426e-02
2.061493407076911977e-01
1.338016504074543422e-01
5.487810932292846305e-02
-1.221010144869798600e-02
6.688039898494536895e-02
8.753138641183971780e-02
2.235661299345598207e-01
1.510642176547668733e-02
2.018750542190761721e-01
1.344827361149822376e-01
3.780979047063520726e-02
1.183158540052372046e-02
2.429674311264520131e-02
2.470131145298408715e-01
4.939424863486445438e-02
2.218566961233488788e-01
3.183707994873283958e-02
2.512450514897634490e-01
8.838068949734272095e-02
7.545091968225950407e-02
-1.089819720956061548e-02
1.022530917012188234e-01
1.140119692697238035e-01
1.948745779091053398e-01
-4.298188901731751430e-03
1.061566668632938637e-01
1.147517516844812485e-01
1.868742437960597136e-01
-6.568036399684232945e-03
9.256191985710265913e-02
1.047809580780509203e-01
2.022551365087529862e-01
5.700147640178741208e-04
1.344317956380499113e-01
1.264895910635618625e-01
1.573230286958376967e-01
-1.539452935359981664e-02
3.159298042861046624e-02
4.076764724523644634e-02
2.394122545067070007e-01
3.646544567017920291e-02
2.529483533804712247e-01
8.466120282019878873e-02
7.059711606347174317e-02
-1.239223748684254237e-02
7.483830729609847188e-02
9.449727105406828531e-02
2.177694931572273784e-01
1.056711350194797575e-02
1.815501762667052765e-01
1.358009885196339583e-01
8.205711111729868668e-02
-3.443539245974108938e-03
2.539686608816270601e-03
2.500540077158243113e-01
1.152991197250525235e-01
9.571061866439975474e-02
-1.091060355729790363e-02
9.997929822013248979e-02
1.138084499156443163e-01
1.944147075834573579e-01
-3.218444354381259139e-03
1.096316525703237565e-01
1.151874584336863155e-01
1.857829458630637087e-01
-8.104088291919463172e-03
8.848948138815666831e-02
1.017541393900541491e-01
2.058532082724844892e-01
4.234158743847860062e-03
1.475438135708617982e-01
1.303315420118213441e-01
1.381377886384411724e-01
-1.584020119860762854e-02
6.184475560139257068e-03
-9.751341362152466177e-03
1.100614379593645581e-01
1.210829409445326604e-01
1.859913487059549064e-01
-8.032857558467923834e-03
8.508133526306554950e-02
9.880902103877695075e-02
2.092625352294763541e-01
6.080445294659413483e-03
1.535992477154802804e-01
1.325440094279576875e-01
1.270868844901303918e-01
-1.480101898884303435e-02
-3.305275620781702832e-03
1.519227453182262280e-02
1.534652468322124028e-02
2.418345047271551751e-01
4.885871994374479249e-02
2.234032383795850341e-01
3.523944085278447186e-02
2.516533400142733079e-01
7.877765293602116692e-02
6.560283545699042984e-02
-1.258589513677205000e-02
4.707179624107625526e-02
6.475840025841729519e-02
2.338798834857110653e-01
2.830524635936207400e-02
2.413652770189795571e-01
1.132470901349153375e-01
1.069279782822670638e-01
-5.383731318168113490e-03
1.512068122286398253e-01
1.346821482461665331e-01
1.362352325896560856e-01
-1.594178414729778559e-02
3.192379978734681805e-03
-9.227022881943309704e-03
5.700731999879075917e-02
7.811200001960795503e-02
2.308481617324844581e-01
2.249588855693673145e-02
2.219742003272646147e-01
1.271292183159798694e-01
1.189600942490174618e-01
2.168150174549445669e-02
2.410606451843608222e-01
4.906315685476961286e-02
2.132325117245548185e-01
2.583617722467196343e-02
2.438460693170431126e-01
1.114582019520659745e-01
9.395668053754327453e-02
-1.080754028026655565e-02
1.006266410311625892e-01
1.122791615176477603e-01
1.963647198083203205e-01
-3.529854667362523554e-03
1.111804445724410284e-01
1.172804180389521861e-01
1.819902461842977937e-01
-8.888267113018717691e-03
8.022627829617040573e-02
9.539932044204083028e-02
2.130601000552581059e-01
7.377683019330560921e-03
1.656263121625757284e-01
1.345586437340968444e-01
1.066144096102925737e-01
-1.062469389995881336e-02
-8.857125314039593356e-03
1.271793967384885482e-01
1.281594980291008434e-01
1.697927135594160808e-01
-1.348702351202168449e-02
4.601417050746002546e-02
6.219896067660267425e-02
2.328726267662127314e-01
2.747028315218831562e-02
2.410777607669423728e-01
1.138196145813386850e-01
1.103020133702999062e-01
-3.578415990857789636e-03
1.627610980948639707e-01
1.370907717403124781e-01
1.146290019511982672e-01
-1.231957600232697764e-02
-9.063206151491153689e-03
8.838158050517802566e-02
1.061746016262065800e-01
2.091884790287694140e-01
4.665218696226276773e-03
1.457785420690923539e-01
1.304855031080308092e-01
1.392442264019405074e-01
-1.602518188542285948e-02
7.441308437861900160e-03
-8.025684297530279870e-03
1.529082734118675513e-01
1.373313894053713458e-01
1.355460074896105149e-01
-1.585674756484266312e-02
1.435716818346279271e-03
-6.133022938642809438e-03
2.044786487577111150e-02
2.584639970242573123e-02
2.434016380077478892e-01
4.529665840899942120e-02
2.388440124766426365e-01
5.347507514108326698e-02
1.812269033468927038e-01
5.055311220626641788e-03
1.732072288023024931e-01
1.352433558477031394e-01
9.828372327324116919e-02
-7.143577589340054969e-03
-5.369156704897463245e-03
1.844911606735350762e-01
1.411849562771690936e-01
7.881420925554775969e-02
-1.181431776548762073e-03
6.150873670938980867e-03
2.596817968281620592e-01
8.421352746490681773e-02
6.932858874144828820e-02
-1.275425670135280076e-02
6.335204065159087683e-02
8.420844144254772956e-02
2.250064540531188928e-01
1.711999585180383129e-02
2.087266686965369711e-01
1.313562190318047773e-01
7.164658604225906946e-02
-6.307552253727866640e-05
2.025540768646398315e-01
1.380888893645774440e-01
3.776752840314852311e-02
1.304570410517075923e-02
2.507963334352279403e-02
2.478970583456655830e-01
5.020146032969820260e-02
2.223513349197171196e-01
3.479916442878429328e-02
2.518485590107273353e-01
8.110480975453196462e-02
6.637194886744422762e-02
-1.269964239123894459e-02
5.311867116069380473e-02
7.139193219085011866e-02
2.306897065842366812e-01
2.468231928975677530e-02
2.310085212124192711e-01
1.222111143599833166e-01
1.250309685424702277e-01
1.430534082382944189e-02
2.539346212509338563e-01
1.024698537007816129e-01
6.043092063970881278e-02
-1.253378559680161201e-02
6.060965521884219276e-02
8.172581610627684123e-02
2.267867521037735812e-01
1.873014770054539160e-02
2.148231355406729215e-01
1.296043982733006139e-01
9.594061249298685423e-02
1.693619848274842757e-02
2.517726898862752138e-01
6.827533933194493421e-02
5.290480967792894618e-02
-1.129262206027315321e-02
2.883540454081012783e-02
3.855809088494000642e-02
2.394578570147862517e-01
3.979368293591988015e-02
2.499198033958499321e-01
7.638509755103085885e-02
7.584749784845595810e-02
-1.260726966984650720e-02
7.289865461773893662e-02
9.156420420782107605e-02
2.202012701437996989e-01
1.313184594257761975e-02
1.865873598896090335e-01
1.353388632235665856e-01
6.790986874670491835e-02
1.989060009625185158e-03
1.034914711779531121e-02
2.492692943925089721e-01
5.577820819702142274e-02
1.709367919306207240e-01
5.530825852249840208e-04
1.477292279585400714e-01
1.318001083163186926e-01
1.375924528101289124e-01
-1.587583615261117451e-02
5.285544581723926501e-03
-9.878557487963554595e-03
9.183592218615811709e-02
1.105799374442721639e-01
2.031367501105200146e-01
1.301414129612747921e-03
1.324412307691457125e-01
1.254396190676602962e-01
1.591913151850629926e-01
-1.546381085355544652e-02
3.197731724932047215e-02
4.324151624173764447e-02
2.377613029312269921e-01
3.631816958166945997e-02
2.516083280518451870e-01
8.688533233208570183e-02
7.578513783237610102e-02
-1.115690523556715774e-02
1.021367279099745368e-01
1.140395526214720706e-01
1.951199583107937618e-01
-2.854336754464148126e-03
1.110002730102928187e-01
1.159494866993009271e-01
1.839786217257865786e-01
-8.756195075501391201e-03
8.449958915950239735e-02
9.883969389023510022e-02
2.089150081602885456e-01
6.418371498592055635e-03
1.582621809045629546e-01
1.327580854248772702e-01
1.215848045041330872e-01
-1.354273749646419181e-02
-6.593450107860582277e-03
4.240582627629216339e-02
6.364352269908166160e-02
2.357769883286064128e-01
2.978418939822263800e-02
2.444300062327678380e-01
1.091461495782877905e-01
9.223314656407483048e-02
-1.161438133150436390e-02
9.136194352536193553e-02
1.083331416004307268e-01
2.024238262017776790e-01
1.398435493396529101e-03
1.331054656277680937e-01
1.258000847972161051e-01
1.580329664321909744e-01
-1.554858670431295484e-02
3.275948425899694733e-02
4.142617224960905287e-02
2.381484059468211290e-01
3.720004364593550161e-02
2.514724947655549436e-01
8.400594922819314136e-02
7.197939625514171436e-02
-1.232180945338574862e-02
7.913857411136795972e-02
9.766274218782966532e-02
2.143854063629664075e-01
9.604351166868450168e-03
1.724581187290470663e-01
1.346113083772213781e-01
9.712408290149408818e-02
-7.262176243828533280e-03
-5.599987005087337516e-03
1.850629731776888831e-01
1.414599704677638181e-01
7.611082916102877849e-02
-6.824421855840590891e-04
7.569780710284825659e-03
2.561893000645407703e-01
7.182072369873275519e-02
1.047453010885614627e-01
1.118220280164838182e-02
2.478682308545901436e-01
1.122291921748863469e-01
8.668069057898480922e-02
-1.258287867734161035e-02
7.569747079884991958e-02
9.421652951389676567e-02
2.175010128982649005e-01
1.001385977978837272e-02
1.782087680046404443e-01
1.356406669860439340e-01
8.395331561017194133e-02
-3.711920061777103895e-03
1.882932558075791013e-03
2.478399378239005690e-01
1.182266936834194537e-01
1.084011908372938815e-01
-4.540050076023756202e-03
1.492189162407624448e-01
1.341493243971341176e-01
1.361555426082664833e-01
-1.579759814211279673e-02
3.009519262156754200e-03
-8.388654637510154638e-03
4.613934909833605075e-02
6.556318719258236172e-02
2.346223846261930868e-01
2.893349122009264418e-02
2.419733822252581323e-01
1.123502267112602149e-01
1.033173072068499787e-01
-7.285008374843049764e-03
1.360933177391171200e-01
1.302307450744954187e-01
1.566469995831527851e-01
-1.553197667315702607e-02
2.917658490983392194e-02
3.733451909934996926e-02
2.396363100717787409e-01
3.802069639677341240e-02
2.519022666334818084e-01
7.736467936619124963e-02
6.512173219994883688e-02
-1.283522463385026319e-02
4.627129261914071645e-02
6.518022477013193927e-02
2.343537759254689656e-01
2.729099971613352382e-02
2.415193073662254553e-01
1.135722817323576994e-01
1.093291208797977782e-01
-2.411798096602970568e-03
1.654715602473608160e-01
1.369967876495259973e-01
1.110738451950618599e-01
-1.121552594788262011e-02
-9.115769729219116643e-03
1.105166147163960944e-01
1.210694290498266212e-01
1.875298306206185650e-01
-6.886100301815395626e-03
8.874816911552076137e-02
1.024964277965274839e-01
2.050896809226745998e-01
2.633594029332084890e-03
1.437273776945580117e-01
1.282009429912219223e-01
1.442287380444343126e-01
-1.624112301964424424e-02
1.333611316943179859e-02
6.680615973110315409e-03
2.589435096476223608e-01
8.941206178630579926e-02
7.691978942357025062e-02
-1.136424446560738502e-02
9.690847084243028875e-02
1.121546779536604782e-01
1.977568844867500786e-01
-1.581662075626137903e-03
1.187038860274212682e-01
1.195699934994474550e-01
1.759753018439488281e-01
-1.184856036443883431e-02
6.355114247456458698e-02
8.230759961240262379e-02
2.228176615357880808e-01
1.692169672585988605e-02
2.062648846243999023e-01
1.323677885555673006e-01
6.431463875257252549e-02
-8.211686564012646641e-03
1.396730868662566238e-01
1.329077386994284571e-01
1.491946810066725748e-01
-1.623107578371398713e-02
1.728773150284063087e-02
1.458314480006405595e-02
2.418862113684837334e-01
4.592282852179626479e-02
2.314134828228143759e-01
4.183712831624627343e-02
2.409066135552503929e-01
5.548862846051047515e-02
1.649462278203336629e-01
-3.348416546935037950e-03
1.307807160937584923e-01
1.253404892774159229e-01
1.630436947916193424e-01
-1.466514517829955143e-02
3.730005276327914843e-02
5.041646965800258839e-02
2.365747034599215426e-01
3.285599100346983659e-02
2.506600753811782378e-01
9.744289324621493997e-02
7.492039295786249997e-02
-7.963901075008985794e-03
1.338581231248841263e-01
1.303840248674121016e-01
1.577317296017831105e-01
-1.564389497405449872e-02
2.940324982698150347e-02
3.634033385730470189e-02
2.404748308050598526e-01
3.949388014848670414e-02
2.497341545157786280e-01
7.768242674865735720e-02
6.956766045240404817e-02
-1.287931281236587115e-02
5.617406720682678600e-02
7.566179449444745964e-02
2.304174803299418317e-01
2.130302136025384943e-02
2.234640005655471606e-01
1.266163729172263830e-01
1.209892828368688417e-01
2.105761585013793402e-02
2.466925678939597411e-01
5.727419280318933603e-02
1.549880139474863749e-01
-8.100497393631488421e-03
1.035497436136800231e-01
1.141015876969450893e-01
1.903395138851184942e-01
-5.189360483460274051e-03
1.003981005691246264e-01
1.097325130352011929e-01
1.951565284328680150e-01
-3.610094595935070712e-03
1.108183420547244058e-01
1.172197421179496657e-01
1.821024524620180329e-01
-8.742891490096721049e-03
8.076212074546382236e-02
9.594461710821591827e-02
2.122964698466875411e-01
7.048428144595560163e-03
1.640538610871040692e-01
1.346292987255011120e-01
1.091613514590752954e-01
-1.132016104719690483e-02
-9.182424622436881345e-03
1.098190920084313044e-01
1.200784333162768780e-01
1.887890080784817570e-01
-7.791232783497175490e-03
8.769293169851420655e-02
1.025979285357564025e-01
2.047621939669014013e-01
3.208004426834391160e-03
1.436579851422933873e-01
1.288654879634010819e-01
1.443799941096900186e-01
-1.612751989624957444e-02
1.149802028546211170e-02
3.702581342703455819e-03
2.503954370078242953e-01
1.139116736630229332e-01
8.821705145529798453e-02
-1.248340262777388604e-02
7.877555261591800972e-02
9.608794853463210883e-02
2.139447707779502106e-01
9.798633182759992205e-03
1.720122074271284163e-01
1.349364852061579745e-01
9.696607509317561879e-02
-7.486517559504476428e-03
-5.478559977580886933e-03
1.887051531845558294e-01
1.419165774452534889e-01
7.415559010744014745e-02
-3.277947468669356601e-04
8.624209005347497486e-03
2.518224557862521196e-01
6.276989485963696547e-02
1.111699981242394442e-01
-1.467139761062716263e-02
2.435334482269667020e-02
2.879329473118000249e-02
2.404363305527052741e-01
4.266700504066288369e-02
2.449632439313512711e-01
6.161177590449153085e-02
9.545822530729695943e-02
-1.279514296844234261e-02
5.261799309200829167e-03
-9.856448570205157689e-03
1.051607448691765923e-01
1.184322039188130393e-01
1.911666705837487823e-01
-5.675067716988941961e-03
9.811738264428571110e-02
1.077745213749199404e-01
1.981000899204262422e-01
-9.707970992088106772e-04
1.185313836957013894e-01
1.206152102076328697e-01
1.738687025306716316e-01
-1.188288395347354351e-02
6.228050495103255174e-02
7.877621402070189571e-02
2.257459497085876898e-01
1.914976263764477105e-02
2.108631918761095236e-01
1.313751440017955352e-01
9.030340355594240753e-02
1.320060626779320789e-02
2.572147834706263181e-01
8.825978353646696251e-02
7.611353342400678512e-02
-1.155113060205236603e-02
9.384728182996202039e-02
1.100480460327590004e-01
2.005991973512552262e-01
6.310246321734793579e-05
1.274655022774629776e-01
1.234085727041843855e-01
1.657080304335396825e-01
-1.447015969433306307e-02
4.315943288393362526e-02
5.906497991146580223e-02
2.339421928610332380e-01
2.924302093287775572e-02
2.443887492685523077e-01
1.096857212566430401e-01
9.403000128672794888e-02
-1.116978418617886257e-02
9.724438314010680484e-02
1.121010592236300341e-01
1.971016143937440734e-01
-1.777048597594028338e-03
1.172102521102027090e-01
1.189401621085944827e-01
1.773772341154442045e-01
-1.131428359293874114e-02
6.663143972089599631e-02
8.552486467981895712e-02
2.205359744730009397e-01
1.512057150800525697e-02
1.983188541007052108e-01
1.339113855653095708e-01
4.353365745557974398e-02
1.100675262246721478e-02
2.160604803457390893e-02
2.462294437003540448e-01
5.140918364561160997e-02
2.142606315769237657e-01
2.708879320988606329e-02
2.485681458979745462e-01
1.048077171904313598e-01
6.879911352067745456e-02
-1.234105067874717750e-02
2.960050682537748723e-02
4.237662177965136057e-02
2.395675810621566426e-01
3.789462437468133632e-02
2.515408378485443075e-01
8.145781553865061309e-02
6.822702494082599767e-02
-1.268688432699919405e-02
5.833830656199287534e-02
8.018232944622775971e-02
2.269044897626362189e-01
2.008574343663267758e-02
2.174056282819166741e-01
1.290599033047141186e-01
1.076505990287010134e-01
2.019046906807454855e-02
2.379625670743558130e-01
4.507219508070303693e-02
2.345185473703520485e-01
4.688462149588213529e-02
2.216366125568721424e-01
3.249202846262039257e-02
2.530038320441129751e-01
8.699748226300535459e-02
7.653098466223183516e-02
-1.075931970819601034e-02
1.014041983764770727e-01
1.145564291682995700e-01
1.941444499459700213e-01
-3.908644667106320018e-03
1.078659977035333062e-01
1.135699124004947436e-01
1.882671424352871381e-01
-6.084926344826231855e-03
9.229283886722305930e-02
1.057358635953702247e-01
2.010608664892330200e-01
6.972676327312089025e-04
1.317851474391789901e-01
1.247397654176716081e-01
1.607005669759734023e-01
-1.494271008646085204e-02
3.440248320018417932e-02
4.642416285742960447e-02
2.375367258711647556e-01
3.474541555577356083e-02
2.517201436784192725e-01
9.164239021729424228e-02
8.005142761879764646e-02
-8.412713413776405982e-03
1.336174649046575347e-01
1.302551336157062312e-01
1.575740998410558591e-01
-1.562082634966422204e-02
2.939004426699468736e-02
3.661211455461684666e-02
2.402794306302256100e-01
3.779750393228516192e-02
2.496543771530608802e-01
7.814829406821502400e-02
6.788725564293648929e-02
-1.285957076179280838e-02
5.229770903713631958e-02
7.148475288475625300e-02
2.323097247356983308e-01
2.362432847990660056e-02
2.304069828653083629e-01
1.225759739075195087e-01
1.243435455765458802e-01
1.418688832241045417e-02
2.519697627146387231e-01
1.054186585510943353e-01
5.951240535716837560e-02
-1.047528599844857813e-02
1.290732137237688218e-02
1.078578965650725877e-02
2.434222056858790506e-01
5.132810131825826794e-02
2.074133370433307311e-01
2.117535984451377959e-02
2.371818122851258037e-01
1.190287009560013487e-01
1.224461989781630566e-01
8.136801566255857238e-03
2.269193201267911408e-01
1.292558087119362042e-01
1.224769860282726164e-01
2.108582104092749515e-02
2.467347702704751899e-01
5.699466101306290694e-02
1.549853864384091173e-01
-7.273645704731285071e-03
1.033851499646645244e-01
1.136926555212263157e-01
1.911778864523646648e-01
-5.072179373684312237e-03
1.022616547891828653e-01
1.104135376879155223e-01
1.939780875262673010e-01
-3.209411103015511607e-03
1.071976331914205882e-01
1.148790760207476780e-01
1.865691105673625838e-01
-7.043371194960080725e-03
9.139794311596147192e-02
1.035336297650437526e-01
2.039508400251490161e-01
2.634026832437437807e-03
1.362255935059005496e-01
1.277750888967009169e-01
1.520405881531241010e-01
-1.599577215165211286e-02
2.331113226787620563e-02
2.593744216506648284e-02
2.416229398426435471e-01
4.180187233943798847e-02
2.432227679425421896e-01
6.061705417264140472e-02
1.148036782906223796e-01
-1.490452476117559710e-02
2.896130878197718250e-02
3.747297184259162917e-02
2.409436103990442168e-01
3.812630562074839635e-02
2.496297520633015132e-01
7.750037532508347038e-02
7.157774594513521826e-02
-1.284844260890853629e-02
6.169860878878696137e-02
8.165709633973666781e-02
2.269487679841720174e-01
1.806069274984713549e-02
2.113957315003230919e-01
1.315696217979883398e-01
9.269942045090652505e-02
1.475500300028116489e-02
2.560769755175981710e-01
7.969345020385759648e-02
7.325566130615338012e-02
-1.275591057492360923e-02
6.395675328565264550e-02
8.591863918747243145e-02
2.236454368269730764e-01
1.687452847518274013e-02
2.046993218333196807e-01
1.327273516049950475e-01
5.629584062922301374e-02
-1.205660517691423128e-02
7.385498707684690078e-02
9.341322809320971865e-02
2.185703296536787854e-01
1.260633576318331145e-02
1.863023873347835480e-01
1.348756330463334319e-01
7.042074318291013935e-02
1.646289393295198925e-03
9.120981793278384181e-03
2.471057399811423805e-01
5.756977772568394602e-02
1.668626020419166078e-01
-1.973361998025845426e-03
1.367324702316302376e-01
1.278145673237373048e-01
1.543620193564088083e-01
-1.596824969601660579e-02
2.404725201631384424e-02
2.976015154263693049e-02
2.396670646664863236e-01
4.151085302758332485e-02
2.471962977208248258e-01
6.545095313733180487e-02
4.387393987225015474e-02
2.374571340820411623e-03
5.689897458203176106e-04
2.338174575842089931e-01
1.289463064637616507e-01
1.259226695409300933e-01
1.679798882993054077e-02
2.559741520617827004e-01
9.145504488786179720e-02
7.953253905731604012e-02
-9.633731140763851508e-03
1.200156163382249258e-01
1.247324231830090613e-01
1.739385194530969625e-01
-1.218325230620463662e-02
5.921611438345943113e-02
7.595573524573251412e-02
2.274772835399508364e-01
1.940963343663271862e-02
2.172857318657713255e-01
1.294795992064310675e-01
1.098983766719042465e-01
2.148038772587177597e-02
2.341217704443780412e-01
4.105199416296962528e-02
2.445311377852061874e-01
5.809055986104314645e-02
1.292950926336228767e-01
-1.384582571023854763e-02
5.297629416634906663e-02
7.156848943277804853e-02
2.301665770488632301e-01
2.317159102083288236e-02
2.302685877612286602e-01
1.227777290764997947e-01
1.238934384223940310e-01
1.760175342386373701e-02
2.551011420202237701e-01
8.875160860902743531e-02
7.563109912695714643e-02
-1.131883804626093032e-02
9.766124298040174123e-02
1.104682214872199086e-01
1.999689469579231937e-01
-5.328091797520569627e-04
1.206480069933355825e-01
1.214391117406424664e-01
1.718842680752789009e-01
-1.258261407440957810e-02
5.781022495329662947e-02
7.404008307411653889e-02
2.284956574234379700e-01
2.176148334190831923e-02
2.210993520469256013e-01
1.278336114390723199e-01
1.172482559723185686e-01
2.191539677747537940e-02
2.376411456416520074e-01
4.460906223325417086e-02
2.334779386886569053e-01
4.436693345731286542e-02
2.336512475088826646e-01
4.596647013061615217e-02
2.264753427496282723e-01
3.746107031701547546e-02
2.497005065716130789e-01
6.952451852726239390e-02
1.072190804584438606e-01
9.353484119019298340e-03
2.442444917778925362e-01
1.168029141595133824e-01
1.052125677067447113e-01
-6.038620247574859670e-03
1.427425213892770661e-01
1.313976962223958322e-01
1.477208925407862972e-01
-1.620677868044268985e-02
1.403731881181445422e-02
9.463946192085268688e-03
2.518955245096883289e-01
6.476130006926063276e-02
9.020846833361494121e-02
-1.197459691779914799e-02
9.663656153647390452e-04
-4.794776754133227813e-03
1.383530084391945345e-02
1.502472899247044372e-02
2.423612928338828298e-01
4.843100152144420162e-02
2.233863615449929729e-01
3.405569075465799539e-02
2.528458735562522652e-01
