2.153171339677370622e+00
2.473675648884237521e+00
1.806437515357844914e+00
-3.083156094563691690e-02
5.589669852831838925e-01
4.432948524676771918e-01
6.807211542021410211e-02
2.337970675311929758e-01
7.374557507010426338e-02
1.106851802758746506e-01
-3.127970880537813119e-03
1.825455561326492226e-01
1.080617638157578830e-01
1.151400289722082637e-01
-3.833194949120874613e-03
-8.435895417452536627e-03
1.358284217339676136e-01
1.041118154014299968e-01
1.738486878020621129e-01
-1.537047361740023071e-02
4.830242527974432099e-02
4.233766950479082858e-02
2.332853442050302206e-01
1.951093913563373833e-02
2.353236903054059526e-01
8.557260453736328931e-02
1.106708955201481659e-01
-2.993083711215721414e-04
2.018749921286304427e-01
1.060870675451013601e-01
8.147222351580137023e-02
8.725863349304235211e-03
5.959767573804613562e-03
2.467112781231789731e-01
5.214622742631221108e-02
4.718698676571826678e-02
6.040530920767022208e-03
-7.306598478408652189e-03
1.696392285155956803e-01
1.089872840989026537e-01
1.371990863435919861e-01
-1.148135179762185300e-02
-2.035670453422553684e-03
2.811635181234301353e-02
2.085251884209298606e-02
2.378541774779015239e-01
2.982093058983892320e-02
2.433967409965781536e-01
4.897732337711283718e-02
5.469215575000811042e-02
1.176635771998238086e-02
7.610774856396686910e-03
2.434722408988620745e-01
4.270226313192806988e-02
1.753852843313100374e-01
-9.815638894166077780e-03
1.116106731091458110e-01
9.075038840249956273e-02
1.967569935190925656e-01
-8.704979996805030720e-03
1.058374540033965305e-01
8.746954508105715675e-02
2.009314310450777130e-01
-7.534745327547553995e-03
1.175113378193932134e-01
9.172072438846327891e-02
1.914460805746525940e-01
-1.084554460028830901e-02
9.162587821576770319e-02
7.946294100930736959e-02
2.111450183147083604e-01
-1.302963407770794425e-03
1.513397061033165958e-01
1.023352298405159344e-01
1.572001185007696478e-01
-1.537843189587601717e-02
2.242734192954812938e-02
7.052069280795929263e-03
2.477406766396723359e-01
5.102722525046746865e-02
4.769947684729642506e-02
1.632141233824488391e-02
1.163704776719352504e-02
2.399397519441313076e-01
3.694067761972528313e-02
2.211151501409022169e-01
1.992215103956115896e-02
2.407994806315093828e-01
8.006083669651738177e-02
1.135919894465766133e-01
-3.985214603160959490e-03
1.730247941231996267e-01
1.084432522451305447e-01
1.278058357395716049e-01
-8.661171832967764703e-03
-6.267343758217298715e-03
6.645451651571065987e-02
6.339863042830704010e-02
2.278547120968101580e-01
1.196771923988089112e-02
2.072596305230638980e-01
1.022434094388382231e-01
6.528793491894918644e-02
1.394233191587798161e-02
1.309685383504491027e-02
2.426605235772549551e-01
3.668627030846340759e-02
2.169212825988475202e-01
1.731231306367086303e-02
2.331600465778040920e-01
8.880566703664870276e-02
1.054480554082280613e-01
4.653626644148087417e-04
2.115208367288342883e-01
1.036470367237931622e-01
6.226552861732626010e-02
1.428490460408866902e-02
1.458609205052628643e-02
2.416745435285067023e-01
3.685838701856668925e-02
2.211231477593157690e-01
1.922358159348173945e-02
2.409393473629873883e-01
8.237170805210146385e-02
1.123049755959571322e-01
-3.303818858932246975e-03
1.799230102821963717e-01
1.081280258585666093e-01
1.187992485047996982e-01
-5.249430088585094363e-03
-8.488160487520017214e-03
1.184733123595581444e-01
9.689951841124183618e-02
1.926090061099723638e-01
-1.099103475442618494e-02
9.136509811693946381e-02
7.895616311107149510e-02
2.118340766706428291e-01
-1.176075396785508046e-03
1.531945586059993702e-01
1.039905615836803632e-01
1.556346869390003163e-01
-1.515781314047047815e-02
2.012182122566285800e-02
2.511036595496785040e-03
2.450530956586388642e-01
8.304425592197051120e-02
1.137461048902078942e-01
-5.261522751558383483e-03
1.637607159358514253e-01
1.076466760536636535e-01
1.406979914022715161e-01
-1.220658657948427671e-02
2.703869110268100444e-03
9.035373049601572171e-03
-8.992126423973519078e-03
1.026952527115171238e-01
9.046600400642662576e-02
2.031523237351308131e-01
-6.093382994174798527e-03
1.218609482416884854e-01
9.441572372647595579e-02
1.879517150170655904e-01
-1.289564653470579199e-02
8.121977161194096628e-02
7.175458071143211991e-02
2.179512943517114831e-01
4.849406257232836276e-03
1.783010151317688252e-01
1.057458151844545557e-01
1.203613362826636557e-01
-5.761172284330134258e-03
-8.203185046266197461e-03
1.033094266422515950e-01
9.070383218421800009e-02
2.030217364566413440e-01
-6.335692797745347618e-03
1.209783725636203872e-01
9.388019869509066362e-02
1.889782260684750304e-01
-1.267528540502639404e-02
8.098749932796601991e-02
7.331727717771298336e-02
2.166116758889523874e-01
3.689435733169056739e-03
1.735107293282548147e-01
1.056267491095851246e-01
1.279794547059092680e-01
-8.142377371060926031e-03
-6.676684382081281982e-03
6.388047660011193785e-02
6.324026889712358601e-02
2.270113491169981346e-01
1.193953129504051955e-02
2.105385364400956805e-01
1.010231391074059293e-01
6.117114855834351883e-02
1.642755098901244742e-02
1.532453563557098497e-02
2.409920484465286061e-01
3.678989203026363647e-02
2.226097052226041484e-01
2.121456991168757522e-02
2.431261371106808178e-01
7.583231234701055812e-02
1.107317245309142745e-01
-8.278732626043894260e-03
1.399839725836720672e-01
1.030721633188501629e-01
1.692548433809335506e-01
-1.563242238898301939e-02
4.054356881839807358e-02
3.247252362775367163e-02
2.354321489805740186e-01
2.472790042728694251e-02
2.424962165678101189e-01
7.301545230279801735e-02
1.052887054015719803e-01
-1.116209932828306564e-02
1.132092330417181769e-01
9.219257159020177728e-02
1.968774856290977093e-01
-9.248876338251808132e-03
1.000091371249356709e-01
8.505882741815976034e-02
2.046666399638778500e-01
-5.018169098644525983e-03
1.295011163305883062e-01
9.693347392949623609e-02
1.811533793247721291e-01
-1.452761613015621928e-02
6.289143467239587115e-02
5.844351810779356560e-02
2.263202662455265635e-01
1.240440698270620958e-02
2.124717748588545452e-01
1.001810538309847592e-01
5.622975642102572003e-02
1.821909886468578779e-02
1.740166675066207730e-02
2.409436705235274978e-01
3.597687823850244382e-02
2.269058789812843091e-01
2.571330966828126383e-02
2.456840374920178927e-01
6.087934856063764721e-02
8.339543065450540082e-02
-1.118547227635714389e-02
3.268790897778535431e-02
2.595684188505801779e-02
2.362089996060862118e-01
2.751927187204050024e-02
2.452296043498276845e-01
5.956662729862487182e-02
8.138658970176679275e-02
-1.069355529857397846e-02
2.869745212490626071e-02
2.029135353890510959e-02
2.366454943200449190e-01
2.960714354461769365e-02
2.435055303103668689e-01
5.104822413212964372e-02
8.868894973214966337e-02
-7.301770049092895509e-03
1.601822478885702727e-01
1.077440100762861452e-01
1.453906859067031765e-01
-1.332319937295345889e-02
6.927870004611794488e-03
-4.077794489637145969e-03
3.500170764315350264e-02
2.852273100503481540e-02
2.358281224149040289e-01
2.754969886931972478e-02
2.445288964302415602e-01
6.239263724912866294e-02
8.529682848426310693e-02
-1.128986860103210060e-02
4.000167871026830135e-02
3.350166085354218393e-02
2.344377364842901157e-01
2.505509773551738845e-02
2.432562863610751025e-01
7.155814242985571172e-02
1.033719269471520263e-01
-1.190154399302530835e-02
1.026485532786071131e-01
8.664530100457999706e-02
2.037395146759149178e-01
-4.937366302959996824e-03
1.261890873473972274e-01
9.667097824560817731e-02
1.827482873931119967e-01
-1.395657180392311132e-02
6.914855825915246224e-02
6.193838071940334367e-02
2.255612988887321091e-01
1.063350938591231878e-02
2.021578276129070706e-01
1.036127227590939170e-01
7.623901696043478005e-02
9.814019892068950174e-03
8.044513005810710951e-03
2.430079469536155501e-01
3.888753041727961712e-02
2.018424949739001939e-01
5.891983182594623392e-03
1.913757351008686936e-01
1.057875582384104063e-01
9.794464785982898158e-02
1.982719817139830601e-03
-3.045770881064120694e-03
2.174639720839917356e-01
1.053462468648852790e-01
5.162979628314690039e-02
1.872195342198408607e-02
1.934514410826226882e-02
2.414980790972518221e-01
3.451393087475908283e-02
2.319157130288114765e-01
2.988624406476537987e-02
2.384948281836009043e-01
4.342176430286226463e-02
1.637183630472728857e-01
-1.290786829470957908e-02
8.231909199459334914e-02
7.347608192114578329e-02
2.178761878452163125e-01
3.078934473311097098e-03
1.745354591715559123e-01
1.064569986642783517e-01
1.275903169753615507e-01
-9.028118520929353380e-03
-6.035417448946845363e-03
6.202934912888542068e-02
6.008781755910267558e-02
2.294385740031745224e-01
1.276474371763664829e-02
2.143994709250943154e-01
9.979044518154966958e-02
4.691685316684435225e-02
2.046318181198131594e-02
2.039627520730544555e-02
2.415540820566385305e-01
3.354507650964881627e-02
2.349372653788849574e-01
3.456503889882237002e-02
2.283077078926817605e-01
2.817364188209222492e-02
2.437687381663753428e-01
5.366068584584596235e-02
1.042248274392202911e-01
-1.040186965980651433e-02
1.251099260211753494e-01
9.800913473176529889e-02
1.856582467583663687e-01
-1.299424171349596729e-02
7.541801949410301131e-02
6.814902869264001517e-02
2.211367829967857690e-01
6.337816307481673392e-03
1.888318148541019981e-01
1.047841031463619815e-01
1.042352897206861029e-01
-1.366812811859505206e-03
-5.889616411645448059e-03
1.867876066389395906e-01
1.097893214870684364e-01
1.099153141991218163e-01
-1.761354479268412848e-03
-7.308652891863844613e-03
1.675273096954226770e-01
1.102035982551330812e-01
1.363051384821785950e-01
-1.112994862357095938e-02
-1.470658033543513358e-03
2.798167573046001291e-02
1.936030945770577522e-02
2.387904095464306042e-01
3.124693831963804014e-02
2.408750113091253087e-01
4.813568193766808168e-02
9.169505999115906691e-02
-1.794740836833593270e-03
-8.736521327087194699e-03
1.243511901327363223e-01
9.849699505814221712e-02
1.865864685642092125e-01
-1.275435071213691825e-02
7.611190216580226986e-02
6.902823694307315405e-02
2.202823318905823557e-01
6.017752682674995870e-03
1.861691155458870539e-01
1.051424524180483572e-01
1.094495930472599576e-01
-2.954230108352801087e-03
-7.393406103034846216e-03
1.648342358973124977e-01
1.094231668304649074e-01
1.415868265389720604e-01
-1.206135757153567294e-02
2.719203731452617123e-03
1.024036316917686235e-02
-9.282681888533190692e-03
1.202697032246428654e-01
9.804148997607063654e-02
1.894531739318605634e-01
-1.238993205169668273e-02
8.243008808378446406e-02
7.239891907872141041e-02
2.181383234777272140e-01
4.293891674573249023e-03
1.725731535620796953e-01
1.060667595242904687e-01
1.270120598914003252e-01
-8.541679095986701165e-03
-6.281265170932172348e-03
6.683730234320858776e-02
6.381284852046981149e-02
2.257438689216413885e-01
1.184229062778724244e-02
2.068224863994642393e-01
1.023458450638551898e-01
6.648495207267518525e-02
1.354999754351837553e-02
1.256738013592422626e-02
2.428509594706563801e-01
3.694051545802080894e-02
2.153741571274291888e-01
1.601539402619093014e-02
2.298633796114604444e-01
9.174848343885416702e-02
9.581923538630124360e-02
-1.795133808345574043e-03
2.008846407739858786e-01
1.061106678760563582e-01
8.470155332579894225e-02
5.975780997301676119e-03
4.437138666234312703e-03
2.498389717595108916e-01
6.782468404483683877e-02
8.473899682900434827e-02
-1.090887445735721530e-02
3.677806836559874976e-02
2.965487426131442616e-02
2.353815351519624177e-01
2.664985933928259998e-02
2.445890128022060184e-01
6.495322458965760437e-02
9.134355666860957679e-02
-1.236172716273678529e-02
5.629691056537375338e-02
5.241682757282818683e-02
2.298417919917133123e-01
1.689132063392570146e-02
2.263289046711006725e-01
9.369013456637474702e-02
8.261076611656596735e-02
-7.641812225914370975e-03
1.591411674418569955e-01
1.062273285488559149e-01
1.492525655983037991e-01
-1.430700830051713501e-02
1.116815631084851559e-02
-9.342022440195036845e-03
1.139184397108971014e-01
9.439879842445798863e-02
1.966327624727069179e-01
-1.037031906017513334e-02
9.811056808466744883e-02
8.412905245044517699e-02
2.053492590114576188e-01
-4.268632457991210563e-03
1.327661295201466030e-01
9.812838660264780466e-02
1.777329038866636013e-01
-1.502166875260743488e-02
5.529292442688604065e-02
5.139270845722662684e-02
2.293948326787589032e-01
1.621885180998969278e-02
2.256192398150108080e-01
9.430185605488326794e-02
7.721305005194611937e-02
-1.000144422591154811e-02
1.306374699999617028e-01
1.012868247488449835e-01
1.784555543954054468e-01
-1.475002818622963424e-02
5.809443826334732830e-02
5.264850224038231802e-02
2.296091011552116590e-01
1.467157286175495290e-02
2.239315856289408879e-01
9.686726976003132150e-02
5.979626505858670615e-02
-9.620117147015458045e-03
3.874470986191536070e-02
3.370400636703471675e-02
2.361983666045338326e-01
2.432207738541897549e-02
2.452960052157240889e-01
7.133938788868504632e-02
1.014565329175464159e-01
-1.216843122767920921e-02
9.544170145258359939e-02
8.348824690061756870e-02
2.094789794749860601e-01
-2.976712645199742872e-03
1.428776333989247582e-01
1.015123064130924457e-01
1.669865309341175830e-01
-1.566906979165609559e-02
3.793186279230152669e-02
3.010901094494780258e-02
2.354598963642953457e-01
2.477722910024599684e-02
2.455241501392158021e-01
6.979181379386092954e-02
9.826309870879769426e-02
-1.267042943527614020e-02
8.210569026444913820e-02
7.503545729606700410e-02
2.178955209218085276e-01
3.220267178549143967e-03
1.735627849543047996e-01
1.048467733019236847e-01
1.280406543064002700e-01
-9.422332640654736136e-03
-5.920699734474128839e-03
5.914081591744298205e-02
5.780683756945826507e-02
2.302873240197682303e-01
1.422458148312312834e-02
2.216212599062841182e-01
9.802372626901065256e-02
4.447826782929122091e-02
8.449635383191583110e-03
-3.188323482239640867e-03
2.124273830281588338e-01
1.053947811226296494e-01
6.144271191721419750e-02
1.652284263300009270e-02
1.587946380147625333e-02
2.409669995400917641e-01
3.681285622535745983e-02
2.229969292114937218e-01
2.185615382494853279e-02
2.434822270729753435e-01
7.431084518603570110e-02
1.086714218075665178e-01
-9.637143577110304782e-03
1.264818324405174166e-01
9.896494391146448688e-02
1.826165519653460412e-01
-1.398820868476685630e-02
6.770648738945310441e-02
6.113133197219478010e-02
2.258273300353806912e-01
9.970913437919431271e-03
2.041478383097165561e-01
1.033465292063334290e-01
7.107264868089427368e-02
1.144148258063979948e-02
1.043880110537057614e-02
2.424983842415043001e-01
3.809495837564427084e-02
2.110894255790693452e-01
1.130374348648631108e-02
2.128425415183980984e-01
1.009606363176910465e-01
5.232386954565296927e-02
1.872301550902831513e-02
1.824860483026869915e-02
2.420251266398827372e-01
3.433178058321289389e-02
2.287981402428319877e-01
2.953080168850147347e-02
2.418057271212203652e-01
4.903341569521971199e-02
7.265702827141502784e-02
5.746798949277604450e-03
-2.255330793869377622e-03
2.226195479493748852e-01
1.032602585891511521e-01
3.816705769461308656e-02
2.368064303759162895e-02
2.434768228112979549e-02
2.405643577548122747e-01
3.203888432237918249e-02
2.397758992784750909e-01
4.168032470522211458e-02
1.711332335739555177e-01
-1.102612066679196402e-02
9.636234373147650745e-02
8.325589210000201856e-02
2.074790393391368060e-01
-3.447876334630960854e-03
1.385494966111327497e-01
9.952926144263350705e-02
1.724748588074777322e-01
-1.545078879590046188e-02
4.471608770612475747e-02
3.935335058488879934e-02
2.332427847867192261e-01
2.143922050589600753e-02
2.401241081761898710e-01
8.057973163010927198e-02
1.136554405356170611e-01
-3.266401953726734680e-03
1.782189922359003753e-01
1.086117567524841065e-01
1.201239895656459888e-01
-6.148968128264027319e-03
-8.430239004812312836e-03
1.077597095093505292e-01
9.130613891142605465e-02
2.004246037859141460e-01
-7.036824827713034081e-03
1.140345068815179497e-01
9.185513522002596021e-02
1.936942198262260884e-01
-1.058331230864466808e-02
9.674507572717300219e-02
8.156708061556566802e-02
2.090884899823328980e-01
-2.391763326400305097e-03
1.398544428816002327e-01
1.010932312037824271e-01
1.686646206151116989e-01
-1.561196337391133372e-02
4.055698581492801769e-02
3.249789854244196363e-02
2.354474080583262297e-01
2.470646492181280407e-02
2.426144077187930848e-01
7.302939106689236570e-02
1.052626397725010265e-01
-1.118404134898197053e-02
1.129963529578369708e-01
9.200081674328125514e-02
1.970990616298138043e-01
-9.171670087816921960e-03
1.005557834350643276e-01
8.522058748750904744e-02
2.039451275914132000e-01
-5.333404171615792680e-03
1.278050539905297989e-01
9.627291968903549380e-02
1.829996227778343254e-01
-1.375591076314981905e-02
6.642462779899163672e-02
6.155745930285691503e-02
2.246906904341928191e-01
1.067163843606752302e-02
2.057689125003086539e-01
1.023531253880643616e-01
7.161667415388732472e-02
1.244056360072039874e-02
1.066944497067406558e-02
2.413253070243341347e-01
3.886043661423430745e-02
2.099993353459887746e-01
1.061472093758253181e-02
2.145569431519253056e-01
1.000741637105516252e-01
5.282958396687760516e-02
1.787339803187721829e-02
1.887818803812746013e-02
2.409677484301262496e-01
3.509078408637327645e-02
2.301715883464451606e-01
2.897344134270334742e-02
2.428536562828571554e-01
4.738032973876629694e-02
8.810217522187620276e-02
-1.249793879675121719e-03
-8.494355686801780686e-03
1.411912546167795879e-01
1.047930783008996919e-01
1.698082529368538929e-01
-1.564124373956919320e-02
4.024015366787375009e-02
3.139621283987972800e-02
2.340189196237802971e-01
2.490244823631952015e-02
2.435815977268708798e-01
7.131802905897295652e-02
1.032131266601122310e-01
-1.199403601852116856e-02
1.013905785885539923e-01
8.571783167922676638e-02
2.048339058270202684e-01
-4.415813923589213125e-03
1.296347030703995928e-01
9.754654624758520021e-02
1.797656688127589053e-01
-1.458610508948160120e-02
6.236776926311966146e-02
5.573512726079433294e-02
2.266862081410759011e-01
1.391725610088359252e-02
2.159361904960072076e-01
9.917659160762391790e-02
4.523375387146490179e-02
2.166869970022457584e-02
2.103929195710333572e-02
2.419394256229218665e-01
3.433941436053843110e-02
2.341873241535243344e-01
3.603837173681114642e-02
2.202848807379356733e-01
1.926186662861478771e-02
2.393999565626824533e-01
8.209572625768291054e-02
1.135707915934140999e-01
-2.941140162204363296e-03
1.863779915953225341e-01
1.084485391760394435e-01
1.068487622674343662e-01
-1.559291124227214862e-03
-6.596433970399787072e-03
1.794734477372303405e-01
1.095977946218011922e-01
1.230053293479206611e-01
-7.317700696351393981e-03
-8.451607597895241866e-03
9.969127347620135304e-02
8.821185991446109376e-02
2.067818796458776587e-01
-4.777306290887513122e-03
1.320087668422040006e-01
9.735113965769701116e-02
1.779861331858152151e-01
-1.456984169383124944e-02
5.902659075258193111e-02
5.422735358539689660e-02
2.287049183742445868e-01
1.427256888216848867e-02
2.210338323704104657e-01
9.666109419391266666e-02
4.363539668604789895e-02
9.312708591359370597e-03
-7.793259626773758409e-04
2.283616551997206257e-01
9.857052492892648399e-02
7.944981752263324815e-02
-8.914833366626941091e-03
1.462378202364954527e-01
1.036270419324587244e-01
1.644817731817438677e-01
-1.571660056376647518e-02
3.215611415817520857e-02
2.232566398117418610e-02
2.363254160424314576e-01
2.775601581064284298e-02
2.454195481191314143e-01
5.676551014842544374e-02
7.559730408504104771e-02
-9.227717967866495147e-03
2.017781242085484386e-02
5.437987916092186513e-03
2.501753765576101296e-01
6.370208677822984666e-02
7.614038911914190744e-02
-8.027012451794400538e-03
1.722047372982542929e-02
9.959133752179241857e-04
2.363710427021137872e-01
9.254941882677310272e-02
1.071088328900591524e-01
9.346421441541307579e-04
2.132922322291329054e-01
1.030134762999445341e-01
5.799530861630929068e-02
1.583097723363467019e-02
1.648875311580851044e-02
2.414738354532882658e-01
3.608541977310112531e-02
2.254937170405912905e-01
2.336597120957387488e-02
2.458005788836909455e-01
6.798163764022777111e-02
9.748752803017132762e-02
-1.274716047641296333e-02
7.893274374565062423e-02
7.277386889523713986e-02
2.196134527774610268e-01
4.701990080520270648e-03
1.808739815151003405e-01
1.051715279552849214e-01
1.170084161038827120e-01
-5.914903733806714178e-03
-8.677649980819133330e-03
1.169756310125843468e-01
9.629462134873437162e-02
1.935624829378347900e-01
-1.137725985778012365e-02
9.241110757558959610e-02
7.949385925943246167e-02
2.107355791285677182e-01
-4.150557674877221413e-04
1.518567499099656715e-01
1.033343326014618813e-01
1.559510474071984232e-01
-1.486198688522721509e-02
2.046071191772566578e-02
1.980614819909486124e-03
2.398783469300596605e-01
8.875321513165174148e-02
1.127054955241843376e-01
-8.171684231682467070e-04
1.989455923426957096e-01
1.064687994410318528e-01
8.804184939837686463e-02
6.537676865411110906e-03
3.311733012589211655e-03
2.474543510718834605e-01
7.707203413891358657e-02
1.039791981355174810e-01
-1.187974574741702989e-02
1.027128182120483901e-01
8.675757287712970722e-02
2.054132611884963988e-01
-4.981668003957589325e-03
1.253186779116912397e-01
9.638107541262849742e-02
1.831927326732376571e-01
-1.377368369909790814e-02
7.066674750100271352e-02
6.337708324602023269e-02
2.246348149112916137e-01
9.922872405228017056e-03
1.985856017052659572e-01
1.043055175947128488e-01
8.289435609630536883e-02
7.184126316748895222e-03
4.770105490100031050e-03
2.509063705718417303e-01
6.290510752801818650e-02
7.356136820099509754e-02
-8.447412603221621588e-03
1.534246343118051033e-02
-3.394696430169616072e-03
2.091899820794761444e-01
1.062009218845842567e-01
6.802494797801943160e-02
1.391590861149827503e-02
1.237978505248101338e-02
2.410870292336325660e-01
3.818536242399495767e-02
2.155835420575143990e-01
1.535383546473825800e-02
2.297346456706308715e-01
9.190250734182374426e-02
9.326334406816680356e-02
-3.186103329147019995e-03
1.917027130971182547e-01
1.085070198769629291e-01
9.773216359672488862e-02
1.724993712570350134e-03
-2.515683290741365340e-03
2.199379288306184677e-01
1.028472127093120053e-01
4.465643991010758568e-02
2.124062910262904808e-02
2.253170760589990468e-02
2.403745170037859258e-01
3.334016884814099829e-02
2.366242799718850653e-01
3.740802111474432479e-02
2.100395352340232169e-01
9.580893087390511542e-03
2.099545342337478526e-01
1.020727582916783754e-01
5.778542146199845686e-02
1.627171122247539001e-02
1.618518847581017564e-02
2.418263498085757579e-01
3.563226358115745285e-02
2.261300535636935616e-01
2.320064820554848875e-02
2.438497998451622517e-01
6.861877048442907578e-02
9.646310033941128681e-02
-1.279671598746904074e-02
7.408350876909258753e-02
6.835931271149381372e-02
2.230942599194925824e-01
6.950623953449894948e-03
1.904187437546648043e-01
1.056037197910291575e-01
9.753958088729197673e-02
1.555603804878444296e-03
-2.816624426516979064e-03
2.176193538327121646e-01
1.037432228680605639e-01
5.043010743760138054e-02
1.907082829559699627e-02
2.031190233364216224e-02
2.407642041285434353e-01
3.446673091834485253e-02
2.327458572839464779e-01
3.208328870701292884e-02
2.355390396118852148e-01
3.425894534996132279e-02
2.238819442292477591e-01
2.404963491812812590e-02
2.439428426309793729e-01
6.965875842547558650e-02
9.940673899641416789e-02
-1.261306221468113699e-02
8.497213114736029693e-02
7.591226337452895712e-02
2.175456344160855426e-01
3.162019611208009839e-03
1.675807804814913315e-01
1.057434982754589248e-01
1.346555147124963991e-01
-1.065267288951132069e-02
-1.701813727768325575e-03
3.062235250889451532e-02
2.273787642838132755e-02
2.365045588912934871e-01
2.978257294349574355e-02
2.430770320026617859e-01
5.319357936539027137e-02
1.064505580604321044e-01
-7.499534988753433704e-03
1.536740515779359828e-01
1.049792459615124518e-01
1.553690607409745628e-01
-1.520551846787925737e-02
1.894364607901770359e-02
8.965618780590045578e-04
2.370293217415565534e-01
9.210060945747600147e-02
1.074867639602599678e-01
7.269252162906236596e-04
2.110248476844854004e-01
1.043229373889757866e-01
5.805795016395497166e-02
1.637584184411593202e-02
1.654878031223790472e-02
2.419361869519027486e-01
3.559959951441576259e-02
2.264052014071900043e-01
2.352115802496829861e-02
2.439476962008464977e-01
6.748368025180712104e-02
9.428207712014707864e-02
-1.277472945688491561e-02
6.641259046954579859e-02
6.187401599935822560e-02
2.268175967878618693e-01
1.060304817048203507e-02
2.063168650828790529e-01
1.027389299052926808e-01
6.623838351051458684e-02
1.321961686765682660e-02
1.259027996817556339e-02
2.424191346286206361e-01
3.722872298544076253e-02
2.171092840461572027e-01
1.613216663397027892e-02
2.288888030773351123e-01
9.226954836622369704e-02
9.396677650260279457e-02
-2.212818213315174629e-03
1.971122308061418194e-01
1.070137910877418108e-01
9.190983100690203189e-02
3.427460767641630178e-03
1.393118644310976364e-03
2.406475324225499091e-01
8.845090436615907215e-02
1.132607070390384413e-01
-1.113939054124536655e-03
1.977716089141371980e-01
1.063426416545592973e-01
9.090387857388435022e-02
3.962097534122006534e-03
1.858686552815577838e-03
2.430773466923821513e-01
8.537163635370090264e-02
1.138254437894885285e-01
-4.085946014347498906e-03
1.784484103942292899e-01
1.074429419438640565e-01
1.224615191867027275e-01
-7.547397999669331649e-03
-8.087023389832543457e-03
9.194091175637185420e-02
8.329136686716723248e-02
2.125449964986462770e-01
-1.312097150384500775e-03
1.513410230698241654e-01
1.036454665427850030e-01
1.574488186834768488e-01
-1.536348301536486459e-02
2.278595003371398225e-02
7.362794174185931934e-03
2.467158613491415020e-01
4.780532782518430446e-02
1.055899392478734933e-01
-7.238759641259363310e-03
-5.523898768874057480e-03
5.048392709365515790e-02
4.961612670516481194e-02
2.327259462908851384e-01
1.851756647433282221e-02
2.335024376124007484e-01
8.830774958438200595e-02
1.045661464636693794e-01
7.857043632196852563e-04
2.088488111609897724e-01
1.048725460848684010e-01
6.466057174177794464e-02
1.437588409566004782e-02
1.366988436017181271e-02
2.427486497575212232e-01
3.653382039785869201e-02
2.179458434708470560e-01
1.831356038012102450e-02
2.357430816129763296e-01
8.624508072816071402e-02
1.104075429364112793e-01
-5.008821310851585898e-05
2.062674595548007472e-01
1.048160380690512788e-01
7.335235174049810347e-02
1.010499031405467929e-02
9.806450921198233556e-03
2.418880255101941157e-01
3.896487202058347005e-02
2.076088693146081188e-01
8.275867502247119881e-03
2.068325297330033397e-01
1.040470353296231582e-01
7.074375791514714296e-02
1.113024928165115904e-02
1.066329774663597914e-02
2.420924107180013052e-01
3.840933366886212230e-02
2.108053636772950490e-01
1.038338513910242421e-02
2.159407932651213335e-01
1.010967358239825559e-01
5.054056104832294755e-02
1.891758566108773382e-02
1.908557831748297628e-02
2.415847014793217618e-01
3.440043361972005415e-02
2.318600540532317344e-01
2.975541082667943274e-02
2.387670880298947973e-01
4.344505279977010220e-02
1.624389495519072135e-01
-1.321833541639425187e-02
7.951536814580845158e-02
7.129937983140363644e-02
2.197279986411632691e-01
4.394359329488877614e-03
1.783371609358262444e-01
1.064995507587994245e-01
1.176778273458590207e-01
-5.709615016773773692e-03
-8.609768890085316498e-03
1.159983252583954572e-01
9.537341554571790447e-02
1.952830051884927309e-01
-1.017128985456488242e-02
9.374189371580982089e-02
8.143442698230862753e-02
2.088012685460369222e-01
-2.270232944368350513e-03
1.441180220269017431e-01
1.011764216507222841e-01
1.659718422736649601e-01
-1.554443238845755644e-02
3.350349000128143018e-02
2.529083482875889646e-02
2.355779896224028946e-01
2.721700652702300355e-02
2.452265734838986744e-01
6.109043788039419942e-02
8.390691322335024072e-02
-1.062537755098597742e-02
3.385470480809566612e-02
2.792971525173707642e-02
2.359506495073453725e-01
2.702369387339436171e-02
2.450652503703311391e-01
6.238976809042413169e-02
8.665488779737853808e-02
-1.135089260290668596e-02
4.074629782123825178e-02
3.712396205709680985e-02
2.344137580840617852e-01
2.347620977514108809e-02
2.424327851285407176e-01
7.516656275215959082e-02
1.097024405262135849e-01
-9.263818313945598737e-03
1.348883184281911563e-01
1.019736497203115738e-01
1.738157261742768467e-01
-1.531964892301381116e-02
4.920552518911792267e-02
4.341940556975635440e-02
2.328469421261569194e-01
1.907908278601457008e-02
2.369656825949754131e-01
8.704198234637026965e-02
1.089032204108105611e-01
4.943059207911296550e-04
2.068785921012111229e-01
1.050086922768148634e-01
7.080298257297769349e-02
1.263080257829063413e-02
1.097659371500682088e-02
2.410126271447783353e-01
3.883244639365063255e-02
2.116027145297320333e-01
1.225495952197679442e-02
2.192733565417249175e-01
9.801224844916395229e-02
3.921614745504236471e-02
2.459412597602284034e-02
2.397806089536072202e-02
2.397101262666555543e-01
3.272906747579379383e-02
2.383610268050512515e-01
4.123664514360150801e-02
1.805598315832022405e-01
-7.740999370169746562e-03
1.254665275881830799e-01
9.675518133366649287e-02
1.847090234949085308e-01
-1.313583342612655372e-02
7.409997407123584956e-02
6.711285152984043656e-02
2.216585521654140245e-01
6.924297091378209951e-03
1.915257374507382815e-01
1.045888090998141062e-01
9.956729314190125579e-02
3.222604815105701258e-04
-3.882360443560575053e-03
2.071513198636193986e-01
1.070730425041620110e-01
7.225397745051771736e-02
1.223112729658711387e-02
1.041410072222035896e-02
2.409575384994628588e-01
3.903378085671885961e-02
2.101558163488889408e-01
1.117751425846681343e-02
2.154404772933646295e-01
9.977145152493224756e-02
4.936921162618689712e-02
2.076423348655536891e-02
2.020777795942294702e-02
2.401778678643824161e-01
3.459504554482120686e-02
2.326636915252830728e-01
3.253244712005434053e-02
2.342417622883000705e-01
3.331253333272402722e-02
2.307909321144809289e-01
2.939343540178647116e-02
2.419178569485288532e-01
5.084193745695363142e-02
4.746244580814919234e-02
5.632771017026059340e-03
-7.845421035391927228e-03
1.605370430513699542e-01
1.079141386713131090e-01
1.491902327672963158e-01
-1.410841549792300059e-02
8.797356944066336490e-03
-8.349125074711964689e-03
7.415327557566363248e-02
7.047260306399347196e-02
2.230698941790602297e-01
6.982212980907753254e-03
1.921714141452833258e-01
1.060723425526524516e-01
9.908296413446632256e-02
7.038491531498533571e-04
-3.629296750905344586e-03
2.100940429499805473e-01
1.062827200193828259e-01
6.662666832888129720e-02
1.455580325037257247e-02
1.377761694098640632e-02
2.411119412290281816e-01
3.779985589150554326e-02
2.174780531627552027e-01
1.688589134047962376e-02
2.341903934554975808e-01
