2.194789983226727248e+00
2.583405984238204223e+00
1.942459099382494170e+00
-3.903062603031468014e-02
6.360883230221276996e-01
4.838462287387471639e-01
8.067075299134861266e-02
2.237879806707970265e-01
8.857949896706109050e-02
1.042322789737452349e-01
4.272518438057199344e-03
2.271971790914848466e-01
1.046097512643603122e-01
9.414835481057103050e-02
1.443532907386919917e-03
2.199454233043816043e-01
1.099102988083087568e-01
5.017184376786570921e-02
-3.782525158875959387e-03
-5.225845808418848803e-04
1.130027101875926733e-02
-6.255624001305413670e-03
1.825908570361339522e-01
1.161673925867641594e-01
1.096133418132676784e-01
-5.348671831916183665e-03
-7.746694028848602476e-03
1.573314902952867855e-01
1.149090953851934771e-01
1.459946020170568848e-01
-1.417987359433882204e-02
8.198463305898724338e-03
-8.671553460975083005e-03
6.676086019272323147e-02
7.095991077149016446e-02
2.252757403616254817e-01
1.180121128360402463e-02
2.045524969122824999e-01
1.094606218104375306e-01
6.360422423646348855e-02
1.275299315716207221e-02
1.425119707220463133e-02
2.427725831737142237e-01
4.149040006274456321e-02
2.110549486041939926e-01
1.417583055330716435e-02
2.244147629855164638e-01
1.026877620907137578e-01
8.690977898240101474e-02
-1.946298161158822784e-03
1.944160532823100973e-01
1.150823351649306880e-01
8.473957246394253628e-02
4.279626841239592659e-03
4.119283857214096206e-03
2.526723826047274080e-01
7.537032708846518048e-02
6.931701153068606236e-02
-8.760550738157086431e-03
1.268222751578751764e-02
-4.821038654174717580e-03
1.957472684443075095e-01
1.159105896998760821e-01
8.598892124434846795e-02
4.702859901324327012e-03
4.334551370221795784e-03
2.505485480940098375e-01
7.801983204172972808e-02
7.434923422203423837e-02
-9.812107729856741484e-03
2.098790693300799093e-02
9.861879318649825754e-03
2.397128093680461758e-01
3.753502546310517191e-02
2.304326730303501991e-01
3.336434621819232837e-02
2.398580239589008789e-01
4.525549770843664832e-02
1.674425287273540730e-01
-1.062526974226184195e-02
1.006744606866415981e-01
8.987838578880980034e-02
2.028840419769735171e-01
-3.619672281217744397e-03
1.278914785178957569e-01
1.031431772320153678e-01
1.777028792203421692e-01
-1.434521432940891704e-02
6.087704278379024725e-02
5.938743768396811257e-02
2.272204878986112953e-01
1.604585805132115184e-02
2.190224162510089889e-01
1.049122685292081386e-01
6.794855353673311116e-02
-1.140248787867935952e-02
1.020291262338869076e-01
9.285724196598857394e-02
2.024860596596891327e-01
-4.120808358156758701e-03
1.240958727864998751e-01
1.018042659091576568e-01
1.812818766805842641e-01
-1.349745586102294587e-02
6.882132359310784431e-02
6.680993903511114884e-02
2.231014724326234600e-01
1.199460019935188679e-02
2.026953138818496925e-01
1.102688340090111629e-01
6.483434558821252192e-02
1.144996942851907347e-02
1.293082980350115582e-02
2.442219875788273487e-01
4.075580467033160931e-02
2.080335477055499371e-01
1.297655711854894464e-02
2.174270497330179908e-01
1.061883799720468313e-01
5.615083573833522246e-02
-8.589482310035319312e-03
2.678662186781442453e-02
1.961644754486372919e-02
2.375924152228341135e-01
3.414499625921963571e-02
2.410602299629357459e-01
4.824746780279901004e-02
1.317529748894046560e-01
-1.441521941367872144e-02
2.836367033028676377e-02
2.007840529590419407e-02
2.368474884826077820e-01
3.332659081878361351e-02
2.426253973212965653e-01
5.180744801035071234e-02
7.703902993634004215e-02
8.069188271992943067e-04
-6.809499903288898648e-03
1.766399085173631645e-01
1.177044497706800502e-01
1.198795197653602373e-01
-8.411874407771966974e-03
-8.524251285074073772e-03
9.588882698298104024e-02
9.151838779849856553e-02
2.084228630584543107e-01
-2.493464891649183664e-03
1.368776148046653152e-01
1.068961993363999330e-01
1.662290612682441882e-01
-1.564430483414972275e-02
3.913118105712480588e-02
3.597733007316581549e-02
2.361869477149793894e-01
2.605824167669638924e-02
2.469789738445828664e-01
7.721778810374750612e-02
8.764511673238591094e-02
-1.278669942837923693e-02
5.316350483742247890e-02
5.480999596082541253e-02
2.320771945526428626e-01
1.866157194830950564e-02
2.321646669002126184e-01
9.879855988885791196e-02
1.081073842627036929e-01
5.570981879020574234e-03
2.318854284286639422e-01
1.014950494471893866e-01
1.077290089006607832e-01
5.331365568235013966e-03
2.348789469318776635e-01
1.012810390673864053e-01
1.098456325252256810e-01
5.866901929062921968e-03
2.323335420797001949e-01
1.011053499169930203e-01
1.088921053192377919e-01
5.444580426394333983e-03
2.348265970954366844e-01
1.012922160144318351e-01
1.098905887502974466e-01
5.880717099191435163e-03
2.321190713371276693e-01
1.011646952188719473e-01
1.085962098813405691e-01
5.440937652051186339e-03
2.347823967623227648e-01
9.964081156659768124e-02
1.097787589211228071e-01
5.932392423062588308e-03
2.322409146562122439e-01
1.011022403630350008e-01
1.089427840642473860e-01
5.476896914120518191e-03
2.344218097065109696e-01
9.964548878308454594e-02
1.094238674923201649e-01
5.964394333711721050e-03
2.321980833393314236e-01
1.010415262313510143e-01
1.090535570090103296e-01
5.497795031773537559e-03
2.342884799997552725e-01
9.975713813147304987e-02
1.092153254669342849e-01
5.961435998220699847e-03
2.321884382997692065e-01
1.012724362696886260e-01
1.089514615687213611e-01
5.548022920095686816e-03
2.344666011679031326e-01
9.978020095679263068e-02
1.094669725669070032e-01
6.016538402700116403e-03
2.322192714491944088e-01
1.013661946262933017e-01
1.090109456006718713e-01
5.573477139678289193e-03
2.340986550498573848e-01
9.972043594479192141e-02
1.091661102185541021e-01
6.042632010634080460e-03
2.319741650899721230e-01
1.011489564794093299e-01
1.089387695496392555e-01
5.542047230293043782e-03
2.339272838287315415e-01
1.000768808339200788e-01
1.107154941114388697e-01
6.099050001758420624e-03
2.322163576762126813e-01
1.010490161595819503e-01
1.095288802564914621e-01
5.618282098156888484e-03
2.337521074749136507e-01
1.000557504304596251e-01
1.106089137345799972e-01
6.132424237516034653e-03
2.322238658821523527e-01
1.010570175345610611e-01
1.096157933974933330e-01
5.629253431868737681e-03
2.336645139410452598e-01
1.002496789508420805e-01
1.104590034284091693e-01
6.146305621327077806e-03
2.321155838926526882e-01
1.011969023838253240e-01
1.094492357497114932e-01
5.671052089885742289e-03
2.336916831578869647e-01
1.002659645303236730e-01
1.105267038990472711e-01
6.199915941161115475e-03
2.321321516286091735e-01
1.011723113985867339e-01
1.095652394989183737e-01
5.718090763189512780e-03
2.335351914162180909e-01
1.001911541183961030e-01
1.104743738460332164e-01
6.196490588359360174e-03
2.319186813541833647e-01
1.013164028617581092e-01
1.092302208854304402e-01
5.703286583026431072e-03
2.334438250225620015e-01
1.003254941247653104e-01
1.103617735477140788e-01
5.224863406837421120e-03
2.318355854609581157e-01
1.013752672054763215e-01
1.092359228491577017e-01
5.760033388641092739e-03
2.334288646629443242e-01
1.003472044419362885e-01
1.104245397872219980e-01
5.261193301571371120e-03
2.316853943718243658e-01
1.013136563637232757e-01
1.090893659275862793e-01
5.762932265078547778e-03
2.333765539732627348e-01
1.004667556745416912e-01
1.103369579915444570e-01
5.305305441919847681e-03
2.318036349392378070e-01
1.013659794167440092e-01
1.093460615944850806e-01
5.797640548020457744e-03
2.333114742979739697e-01
1.006393043042209390e-01
1.102069882318346683e-01
5.333914151298017881e-03
2.317719151906203479e-01
1.013232401968202634e-01
1.094310680418372483e-01
5.828350271046370615e-03
2.330764655906148453e-01
1.005809803138181802e-01
1.100747312552667612e-01
5.331822491861110819e-03
2.345041940672919212e-01
1.014140650532598387e-01
1.090905432250143803e-01
5.848978349926706871e-03
2.330511612164972435e-01
1.005964165423157974e-01
1.100281595984766159e-01
5.338512316694118964e-03
2.343795540450432369e-01
1.015443459119978464e-01
1.088634907349728814e-01
5.874149218071504815e-03
2.330455156523641991e-01
1.005866755860728712e-01
1.101854017858743540e-01
5.368933319959156604e-03
2.343099445417388127e-01
1.016585883833098364e-01
1.087933110435659184e-01
5.885073829967980841e-03
2.329035939089320051e-01
1.007001872279143506e-01
1.099822436770510753e-01
5.435507289689981217e-03
2.344960444528557120e-01
1.015648734031362049e-01
1.092147236097009699e-01
5.907345107703694531e-03
2.326378525966839028e-01
1.008911573156340141e-01
1.095521580896323677e-01
5.446828961763057128e-03
2.344069614034056115e-01
1.016156672552700202e-01
1.091405692673036998e-01
5.960680780379243315e-03
2.327184820874824700e-01
1.007824845654177737e-01
1.099028807818670656e-01
5.476534458010794137e-03
2.341965006579614650e-01
9.984073104254130582e-02
1.089068928962425298e-01
5.978101103958641596e-03
2.326329475372816702e-01
1.008262029720931874e-01
1.097947150538645111e-01
5.504074787798832538e-03
2.341792469227272078e-01
9.990906576399954941e-02
1.089065809939743779e-01
6.010893937113859394e-03
2.326244233011739992e-01
1.008658744636462823e-01
1.098964078177351311e-01
5.510826079123768220e-03
2.338804223753838119e-01
1.000589369554043262e-01
1.085228153964530318e-01
6.005505972014079860e-03
2.325199911105300943e-01
1.010210037290866641e-01
1.096772932763891151e-01
5.555147913395704420e-03
2.340332207241166973e-01
9.997567017814210089e-02
1.088657049192798265e-01
6.072845179654043704e-03
2.323339750728873332e-01
1.009183988528740278e-01
1.096361833324438484e-01
5.554184497956069812e-03
2.338451565849969105e-01
1.001920433251411863e-01
1.105043654467780245e-01
6.086101668457515913e-03
2.324001193710359403e-01
1.010633828723156574e-01
1.096698778443307709e-01
5.624490546780852585e-03
2.338947987950893148e-01
1.000988518702853047e-01
1.107515476555723244e-01
6.101189819183859553e-03
2.320849642176187611e-01
1.011788356827506147e-01
1.092259867225338771e-01
5.613446852687799943e-03
2.336085830984616085e-01
1.000226966509385196e-01
1.104705619809017991e-01
6.147830699416390217e-03
2.322040421278530054e-01
1.011204234919674816e-01
1.095526799246441529e-01
5.668473657193487392e-03
2.336347946947144871e-01
1.002304976020359784e-01
1.104995467759138095e-01
6.169662233979168742e-03
2.320388651299754579e-01
1.011622459376298883e-01
1.094190321436720459e-01
5.688512167461362221e-03
2.336310018703418312e-01
1.002522856746862062e-01
1.105108358259465906e-01
6.203049154029053810e-03
2.320476697137756061e-01
1.012785331773295022e-01
1.094451442686024123e-01
5.695942091251316244e-03
2.334340987391353428e-01
1.003465142064336596e-01
1.102453611049168808e-01
5.225152133975152421e-03
2.321910473039484613e-01
1.013544116872042988e-01
1.096542592298804658e-01
5.754265600195302907e-03
2.333638772893501523e-01
1.003768936753475227e-01
1.102413473533938454e-01
5.256171665150993766e-03
2.318866242376769193e-01
1.012893675546984174e-01
1.093943328199604437e-01
5.756117477173866223e-03
2.332562450783716712e-01
1.004481456681182161e-01
1.101599316174344256e-01
5.278143369118495215e-03
2.318524540983651072e-01
1.013313676018092746e-01
1.093680244337957436e-01
5.779149386934327379e-03
2.332475351950088482e-01
1.005677795557193416e-01
1.100921753055135038e-01
5.308153479371777866e-03
2.317598356689768435e-01
1.014071533553318610e-01
1.093249274555339601e-01
5.813401056409268908e-03
2.331853998986619381e-01
1.005238379201835591e-01
1.101909594901267220e-01
5.358048375580654055e-03
2.317317603515383073e-01
1.013349345295513348e-01
1.093670955849358195e-01
5.791304592027731249e-03
2.328003912461333591e-01
1.008524576623043290e-01
1.094981891257462009e-01
5.352814004253547177e-03
2.347429800877543771e-01
1.013498916391031290e-01
1.094897531142518948e-01
5.826628862234554951e-03
2.326521376354439008e-01
1.008993534958709665e-01
1.093838427904649940e-01
5.394625978009118250e-03
2.347793053890994130e-01
1.013563809175700714e-01
1.096276578596007550e-01
5.873419821208999622e-03
2.326574801340150767e-01
1.008639214480537283e-01
1.094289977666082492e-01
5.411593797593819248e-03
2.346642666349928741e-01
1.015605789080773202e-01
1.094048963783058326e-01
5.893390832474833946e-03
2.325723975752725381e-01
1.009485363216546250e-01
1.093882311920190975e-01
5.442138454602233472e-03
2.344760618432529531e-01
1.014081641019217161e-01
1.093574057211759015e-01
5.933222932856628898e-03
2.326425254341228932e-01
1.009298863278263458e-01
1.096391103054164540e-01
5.473379564266103899e-03
2.343662330663477400e-01
9.977504349486515656e-02
1.091360646728705974e-01
5.949105020222821352e-03
2.325222787806315861e-01
1.010526633803678215e-01
1.093699692139768753e-01
5.487336783110714940e-03
2.343180438743529548e-01
9.981149386783458310e-02
1.091478752088157061e-01
5.952950360450253234e-03
2.322585689854961832e-01
1.011338210307681784e-01
1.091304348058026591e-01
5.504043661940902395e-03
2.342427922188697886e-01
9.981111210949700219e-02
1.091604984558751656e-01
6.019039138282701595e-03
2.323638318737766273e-01
1.009749145186536190e-01
1.094571339457767606e-01
5.549173594618336466e-03
2.341458223489249757e-01
9.989394075709767673e-02
1.090626038316561131e-01
6.023325254338723206e-03
2.322055722022347279e-01
1.011552770501207843e-01
1.091767956270077722e-01
5.571532260260560199e-03
2.341742200209516733e-01
9.992611153681661695e-02
1.091393991518231077e-01
6.051866377266922059e-03
2.319823088076084505e-01
1.011901165643476486e-01
1.089528905741895259e-01
5.586648216108573359e-03
2.340942658373794671e-01
9.997699150135394563e-02
1.110665550344773211e-01
6.110681985613904479e-03
2.321282560707773057e-01
1.012295479502836881e-01
1.092601694483914532e-01
5.638099115445443718e-03
2.339737972702700675e-01
1.000709983536381548e-01
1.109263422241360819e-01
6.122576764643705358e-03
2.320158353959043129e-01
1.013158822432854433e-01
1.091070696554152786e-01
5.622954185853885553e-03
2.337521339599202830e-01
1.002096441056074955e-01
1.106295065504035030e-01
6.148632708890430093e-03
2.320812131083775653e-01
1.013457797550088163e-01
1.093056285938140693e-01
5.697040992835859102e-03
2.338163430452775970e-01
1.001390547774754641e-01
1.108541168002800670e-01
6.175278972092679980e-03
2.318073587122599366e-01
1.013660242199130451e-01
1.090070512306970107e-01
5.712240736530494953e-03
2.337245959428029263e-01
1.001302792127888586e-01
1.108214443479158956e-01
5.175470933544052549e-03
2.316235809536969503e-01
1.015215635504755215e-01
1.086760300033325632e-01
5.709804418290003944e-03
2.336421919202971709e-01
1.002455469757836670e-01
1.106564351005769609e-01
5.215367940587570771e-03
2.315438140479000040e-01
1.013874874731021253e-01
1.087935110064470468e-01
5.743266309895838501e-03
2.334663473245911502e-01
1.002790744820253599e-01
1.105358349546951696e-01
5.229544018231276764e-03
2.315415928923673650e-01
1.015615909626775559e-01
1.087383494310288912e-01
5.779736753213401967e-03
2.334809344317768376e-01
1.003398231468367735e-01
1.106077231196698207e-01
5.270485149460213403e-03
2.314875120943520881e-01
1.015959455944839551e-01
1.087425675274037579e-01
5.806280255779363436e-03
2.333555532858470061e-01
1.003538804122246081e-01
1.105020346612891335e-01
5.305915787635548386e-03
2.314200018331777076e-01
1.015962966805949025e-01
1.087835499212319312e-01
5.837350965315568629e-03
2.333090143443150855e-01
1.004681139480433361e-01
1.103923436061177293e-01
5.325231505952640609e-03
2.344421393943991183e-01
1.016702267071472598e-01
1.087601834442843002e-01
5.880790305566471754e-03
2.332775271375281956e-01
1.004246890694872885e-01
1.105688665283323241e-01
5.374984537916375690e-03
2.343027039189196081e-01
1.016371095926514451e-01
1.087227977155201808e-01
5.892977112036436316e-03
2.332124944435797764e-01
1.005295008571010923e-01
1.104607889646812557e-01
5.391223695418698864e-03
2.341509092292312910e-01
1.016746498571465956e-01
1.085447475706834836e-01
5.854288216166802367e-03
2.328042072335860524e-01
1.007707987428945740e-01
1.097889820025929331e-01
5.399341603066813711e-03
2.342706151511441404e-01
1.016200844992867502e-01
1.088625760646369095e-01
5.951793167770048215e-03
2.329032118781669547e-01
1.006712231369377986e-01
1.101063853469481796e-01
5.426760213665334648e-03
2.341024542586919999e-01
9.998455739325316782e-02
1.085759550608570434e-01
5.978984055514397454e-03
2.329206142950946690e-01
1.007778086523141714e-01
1.101833084634664395e-01
5.461548160070557600e-03
2.341051133218315372e-01
9.996578939137598652e-02
1.087318632829036569e-01
5.979893494906024162e-03
2.325960382968252360e-01
1.008089290949641254e-01
1.097834382094866196e-01
5.514442820068759035e-03
2.342031897378747396e-01
9.997980279668310100e-02
1.089062033187726819e-01
6.022485903474055283e-03
2.324751987879430937e-01
1.009118400940498123e-01
1.096475414538522625e-01
5.524642076945741193e-03
2.340717944868397626e-01
9.993931326692344352e-02
1.088852762671842778e-01
6.040789937086815664e-03
2.324121284786023200e-01
1.009913601573000363e-01
1.096117621956230054e-01
5.559005035965030109e-03
2.340214035317416397e-01
1.000677862858542488e-01
1.088271434557904482e-01
6.064642067736028888e-03
2.322138843179011869e-01
1.009490731742267028e-01
1.094315569088340767e-01
5.579974175221848881e-03
2.339201492122339465e-01
1.000825902299450343e-01
1.106977243831273605e-01
6.072229545603927657e-03
2.321524620969518116e-01
1.011481570724608731e-01
1.092989403235697238e-01
5.621924195404874938e-03
2.340421459897266132e-01
1.000574170984309397e-01
1.109524573158713195e-01
6.110297691858262298e-03
2.320208653271103594e-01
1.012599174750611619e-01
1.090859781912189991e-01
5.626552629968082850e-03
2.338691698693554089e-01
1.001253436720380974e-01
1.107703969770702235e-01
6.150965384903362212e-03
2.319495487889308150e-01
1.011810488262947783e-01
1.092083248318995448e-01
5.662572630613444541e-03
2.336505856215511101e-01
1.001462199258740388e-01
1.105775584109537357e-01
6.177550250569676521e-03
2.320598707510313774e-01
1.012145353360765498e-01
1.094688877819995770e-01
5.684144849844263020e-03
2.334943767428277472e-01
1.003451229888118468e-01
1.103564256319785192e-01
6.198478634329538869e-03
2.319564759892630557e-01
1.012882712264929763e-01
1.092953475707462430e-01
5.715819680886123112e-03
2.336758294265755542e-01
1.003971704620911093e-01
1.105807043927825029e-01
5.247066665750269032e-03
2.319516040844248617e-01
1.013313862834784029e-01
1.093702037518748532e-01
5.760839898468698983e-03
2.334274786376155375e-01
1.003840971606417831e-01
1.104356889068475872e-01
5.260478882586632106e-03
2.317970127733392227e-01
1.014165307034169822e-01
1.092469828778446089e-01
5.759490970512847093e-03
2.332702922693745129e-01
1.004612192653619451e-01
1.101912917830700084e-01
5.259247839161652373e-03
2.317176895732161457e-01
1.015025988295922693e-01
1.091465869061671590e-01
5.792012173767866444e-03
2.332645109446164766e-01
1.004691555793551377e-01
1.102643946037239475e-01
5.331098363363006611e-03
2.316438841436821994e-01
1.013505649663941632e-01
1.092119316739921242e-01
5.829786661260272229e-03
2.331763907459420415e-01
1.005506252888836716e-01
1.101958474983904535e-01
5.352730522785975956e-03
2.345956267631899850e-01
1.013829325629863193e-01
1.092150044931791270e-01
5.837871638688846287e-03
2.330901865081722035e-01
1.007301450318191932e-01
1.100285560293477183e-01
5.388562695362346215e-03
2.346429526484420103e-01
1.013529582972685500e-01
1.093611199663662437e-01
5.862321753835070086e-03
2.328262066665657271e-01
1.007668231887453303e-01
1.096981905742935165e-01
5.391855658693817457e-03
2.345270229855357935e-01
1.014018537401004671e-01
1.092836320080528834e-01
5.862311437422779679e-03
2.326942159108046915e-01
1.008996738207411231e-01
1.095333536400086710e-01
5.441516994145208404e-03
2.346569064321236131e-01
1.014754889628512596e-01
1.094994565843450257e-01
5.928842727194242462e-03
2.325683532399114295e-01
1.007555884109224420e-01
1.095779334866130439e-01
5.452815720199614968e-03
2.344174120040114495e-01
1.015270053584823862e-01
1.092544807155311493e-01
5.925435552639244860e-03
2.325174928559047005e-01
1.010065059922776592e-01
1.093554438639684906e-01
5.463696038301669652e-03
2.343807921974778163e-01
9.978631925734279817e-02
1.092162759424484125e-01
5.958719437543454067e-03
2.324565966229400205e-01
1.009960173393676386e-01
1.093987397494312480e-01
5.449033859636090438e-03
2.340935681570603943e-01
9.998695105517915738e-02
1.087575667916401700e-01
6.017599200686563066e-03
2.326362341795350230e-01
1.008382204020671358e-01
1.099314293186598734e-01
5.515140256611915717e-03
2.338997388862629478e-01
1.000090840733041664e-01
1.085603909932656291e-01
6.029200263037348163e-03
2.325381709058972901e-01
1.009267212180455509e-01
1.097755004823323111e-01
5.549998754500008041e-03
2.339527546460658802e-01
1.000709943860004225e-01
1.087017145605538582e-01
6.045842727204433879e-03
2.323357867587933778e-01
1.011196403392489035e-01
1.094826789351723284e-01
5.569945181109111840e-03
2.339797686054425063e-01
1.001067689832072782e-01
1.107241193050817751e-01
6.060280120624472570e-03
2.323191502779116957e-01
1.012838284004435735e-01
1.093826919113782686e-01
5.622248353963232685e-03
2.339417770219996973e-01
1.000271161613982551e-01
1.108361956401336390e-01
6.082257020813826992e-03
2.319296125613924398e-01
1.012026341946619945e-01
1.089996293506861197e-01
5.622374740355086560e-03
2.340167672883185501e-01
1.001320702735484097e-01
1.109367799897704593e-01
6.145683623889073091e-03
2.320623651008512645e-01
1.012338129607524284e-01
1.092140224699548745e-01
5.644647270493982280e-03
2.337189808941531333e-01
1.002304519037482272e-01
1.105077319670526026e-01
6.164107616953101720e-03
2.320912971647344503e-01
1.012228399188779271e-01
1.093817745589044377e-01
5.691542646730407898e-03
2.336876536062392207e-01
1.002641584431074595e-01
1.105703911375207349e-01
6.207531814128849044e-03
2.319898930739064946e-01
1.012686233657815460e-01
1.093641541555150504e-01
5.720759406461273233e-03
2.335750907714062852e-01
1.002623633266772618e-01
1.105265314261394960e-01
5.231415946927198656e-03
2.320188864519951988e-01
1.013999413359906177e-01
1.093347244223706605e-01
5.743586045193534856e-03
2.333555405459713794e-01
1.003170538013878343e-01
1.102943269375978586e-01
5.234846265639967085e-03
2.319411469079997734e-01
1.014957174570421672e-01
1.093172976583178801e-01
5.795837074594630683e-03
2.336199479191813089e-01
1.003618055915692503e-01
1.106450565632117050e-01
5.252302786266534879e-03
2.315064531623865218e-01
1.015676864179589911e-01
1.087035377412222115e-01
5.774348996439186699e-03
2.334011639340659028e-01
1.003887156291757010e-01
1.105199311291113762e-01
5.278371801922933024e-03
2.314924354815462992e-01
1.016001332175780619e-01
1.088031845233124462e-01
5.793580163819473175e-03
2.331962478687904516e-01
1.004837408110043073e-01
1.102353992469364274e-01
5.318987738256609338e-03
2.314623596633144376e-01
1.014520997983717754e-01
1.090110207621851485e-01
5.827621034905049180e-03
2.330837405779995763e-01
1.005650263499319741e-01
1.101336255658344199e-01
5.339616370566293950e-03
2.344579853842094774e-01
1.015504061661670482e-01
1.089176611039191639e-01
5.880055830091876663e-03
2.331674479850535942e-01
1.005269872721068353e-01
1.103206833667834674e-01
5.386173499354503236e-03
2.344449906159510599e-01
1.016236013601176796e-01
1.089446995739569157e-01
5.907392540560493094e-03
2.329492871554097178e-01
1.005632464306875778e-01
1.101252453453599595e-01
5.400341613971067906e-03
2.343513343578438601e-01
1.016717890057856483e-01
1.088914071609564521e-01
5.933663004995259893e-03
2.329415122581793285e-01
1.006164671151357354e-01
1.101924213126676544e-01
5.409653762173543406e-03
2.341011116463095898e-01
1.017941145169077438e-01
1.085137684555601695e-01
5.940934797166782383e-03
2.329266735873232186e-01
1.006674577397278919e-01
1.102196003272729735e-01
5.439799031146917881e-03
2.339954396975150730e-01
1.000243957393086580e-01
1.084592899230824581e-01
5.983609640532551455e-03
2.328992781233025222e-01
1.006728303877380409e-01
1.102631361528565862e-01
5.458793831675325808e-03
2.339112622881291403e-01
1.001524730917317668e-01
1.082965944299114636e-01
6.004601569372342712e-03
2.327919330389020547e-01
1.007563057378780130e-01
1.101189520043971970e-01
5.510209793900797820e-03
2.338953100651409711e-01
1.000390926626018168e-01
1.084782016288962370e-01
6.032696911296116411e-03
2.327204522387102958e-01
1.008660775875600130e-01
1.100326663413173089e-01
5.508799630380069312e-03
2.337713824318871647e-01
1.002377918529217121e-01
1.082526241891513252e-01
6.021694999763717304e-03
2.326737957294816583e-01
1.010817210608321304e-01
1.099300070503648891e-01
5.595976472250458258e-03
2.339615173415056648e-01
1.000299217714964994e-01
1.087713681435283353e-01
6.074348115292768635e-03
2.322534359881581190e-01
1.010628592535660342e-01
1.094886580233974394e-01
5.580727749475272378e-03
2.338292051870989596e-01
1.001297435610507547e-01
1.105669501965928780e-01
6.128839564723225289e-03
2.324311180319391656e-01
1.009777364388829285e-01
1.098701546858271705e-01
5.591787623808764165e-03
2.335353074919932770e-01
1.003689075343920517e-01
1.100299057513343531e-01
6.138547206680665044e-03
2.325908956648872483e-01
1.011158275090209141e-01
1.100235459033375718e-01
5.646468412632765603e-03
2.334665205371304064e-01
1.003106680178166288e-01
1.101158784089844300e-01
6.163894374537373828e-03
2.322213872601188167e-01
1.010538409738802740e-01
1.097403639574508205e-01
5.662295840994289314e-03
2.334430599571903353e-01
1.003493853078339243e-01
1.101236722652984001e-01
6.186041154328358882e-03
2.320993075972875852e-01
1.011113728342616092e-01
1.095995600285772642e-01
5.698824907524895414e-03
2.334564250634151295e-01
1.003203449654326007e-01
1.102694758415194431e-01
5.228333008389395020e-03
2.321000607413226668e-01
1.012385249947220095e-01
1.096135535131472771e-01
5.728731820437561566e-03
2.333800737370989031e-01
1.003454932629431751e-01
1.102738050238962347e-01
5.252516905316195750e-03
2.319739113394591601e-01
1.013087787915933763e-01
1.094817136375585143e-01
5.748487913423383847e-03
2.331853411217124084e-01
1.004149856910812877e-01
1.100363287132561513e-01
5.264483168110021052e-03
2.318472069451003315e-01
1.012750942410390875e-01
1.093996209493207084e-01
5.770671295483326829e-03
2.331503482911299052e-01
1.004888905593488979e-01
1.100318238220582556e-01
5.295559821175875592e-03
2.318000442856105736e-01
1.013657371366126075e-01
1.093647013784216082e-01
5.804015657171507359e-03
2.331600456154110379e-01
1.006326169368608608e-01
1.100568585662365512e-01
5.327517188405374998e-03
2.317528416230396626e-01
1.013994042092300207e-01
1.093501264522162147e-01
5.855657908773613876e-03
2.331570288456869255e-01
1.005598976188702698e-01
1.102187910237478613e-01
5.379099004871612695e-03
2.346765354753003185e-01
1.013832295067524925e-01
1.093476384367881027e-01
5.827965507095196618e-03
2.330161903071129859e-01
1.006073904331624691e-01
1.100522010412697399e-01
5.349364244652993726e-03
2.345625870294616999e-01
1.017578998530576373e-01
1.089703478093234507e-01
5.900767247634062899e-03
2.330393445493259830e-01
1.005612538790528199e-01
1.102177820243693263e-01
5.372365524828541343e-03
2.342465376403493615e-01
1.017655707767696899e-01
1.086397678142799195e-01
5.928409205003164553e-03
2.330590803482439077e-01
1.005334047389973978e-01
1.103460298945184992e-01
5.414802406591222306e-03
2.341244062818578775e-01
1.017500685038590508e-01
1.085699277912025584e-01
5.931802512869559230e-03
2.328828362323456802e-01
1.006841672928115300e-01
1.100433367926505757e-01
5.424733621604225717e-03
2.340561640813954569e-01
9.996647528292548768e-02
1.085172070883051593e-01
5.969633270144946574e-03
2.328967346092139512e-01
1.007419364401894168e-01
1.101806562083970098e-01
5.470346621843768381e-03
2.339811053435038035e-01
1.000058037030523012e-01
1.085091488139559024e-01
5.991451968785600421e-03
2.328554261656601843e-01
1.007190059013173683e-01
1.101882851628945698e-01
5.487126555428597369e-03
2.339096262414708804e-01
1.001316086279032125e-01
1.083865189441380189e-01
6.026383190737937337e-03
2.326858010813046829e-01
1.007162393277584028e-01
1.100788351303269297e-01
5.523242321394981197e-03
2.338439195793063363e-01
1.001366527329494577e-01
1.084271483608068298e-01
6.032081235647390391e-03
2.326296142718655147e-01
1.009819422937677513e-01
1.099198296099820477e-01
5.556983034041464674e-03
2.338627600514737725e-01
1.000750619145775178e-01
1.085503729905301640e-01
6.075710716373560957e-03
2.325150118441743907e-01
1.009320690120253106e-01
1.098637442915157414e-01
5.582135776542261271e-03
2.338322709498211194e-01
1.002251732809250340e-01
1.104323696531975402e-01
6.109172720159854880e-03
2.324409134586564729e-01
1.009682517311583094e-01
1.098293804672361706e-01
5.607115821575030419e-03
2.336782300172677296e-01
1.002272822796624607e-01
1.103356878523972656e-01
6.130921010389455902e-03
2.322890652996501271e-01
1.010186093122928536e-01
1.096342425250746433e-01
5.610740781120429968e-03
2.335463717187421795e-01
1.003165756043012113e-01
1.101627313997533969e-01
6.140349895197446360e-03
2.321439428143252659e-01
1.010962785720414259e-01
1.094780505180897590e-01
5.634462205699327167e-03
2.334996861447595773e-01
1.003290904964727892e-01
1.101719168699455687e-01
6.166966493556337581e-03
2.319299785302735839e-01
1.010500319866470403e-01
1.093944329927063197e-01
5.667977508578950913e-03
2.334641910536324749e-01
1.004070732621929474e-01
1.101794250947278897e-01
6.212511292381093717e-03
2.321510116444003846e-01
1.012126380932184544e-01
1.096502891176898420e-01
5.715414585983034923e-03
2.334139444611988135e-01
1.004768041517253435e-01
1.101235378931059022e-01
5.232826981923888003e-03
2.319927267187840147e-01
1.012829445575944426e-01
1.095247085944372201e-01
5.738194499834821383e-03
2.333136570722216530e-01
1.005001706953667640e-01
1.100834199918235695e-01
5.261039901936664584e-03
2.319832175976598299e-01
1.013151847987955045e-01
1.095187190096404278e-01
5.776996937249461589e-03
2.332558452378228897e-01
1.004759140735240197e-01
1.101359600793273830e-01
5.253851482731198251e-03
2.316688629981550895e-01
1.013960783378166086e-01
1.091164001491644608e-01
5.795612699899895318e-03
2.332576242916294118e-01
1.004767913460861140e-01
1.102533594704797892e-01
5.308371211830766566e-03
2.315046214171783412e-01
1.013854008330228318e-01
1.089797358959342516e-01
