2.646284342800447664e+00
3.930827305966568375e+00
3.850315867077468646e+00
-1.546439600679078707e-01
2.067533388448318910e+00
1.404839009992291610e+00
3.727309832893261343e-01
6.245299161378625730e-01
4.138760661938645224e-01
4.122013010444766090e-01
1.209759853795097095e-01
3.570139929451036920e-02
1.463342282233681124e-01
2.631842641503870373e-01
4.768769282434229262e-02
2.319571502395680329e-01
1.771270812998723687e-01
1.489982182741911576e-01
5.132686534100752013e-02
8.421510047118407893e-02
-1.166687489995125136e-02
5.427160156488117920e-02
1.150054465007270682e-01
2.236157975699492040e-01
3.080676805728296136e-02
2.014565841050625639e-01
1.879937179538725411e-01
1.100204873774574266e-01
5.923089490665753992e-02
4.435704315127267372e-02
-1.308671538586835340e-02
-3.256292973661343432e-03
-9.354945472242659835e-03
1.035693722084294610e-01
1.684559962435607516e-01
1.735279966961162379e-01
-2.899599965603002170e-03
5.953743911907545538e-02
1.174747556308880225e-01
2.164669422648440034e-01
2.466760342784848209e-02
1.867803910631603559e-01
1.893447191784975170e-01
5.376369150911908257e-02
4.566342273983080291e-03
2.221615814282906498e-01
1.921170791584110860e-01
1.386211131125013873e-01
6.724944988599979023e-02
1.162393443698785667e-01
3.476053671630597447e-02
2.211434758194848749e-01
5.286326026634288744e-02
2.622867980971923529e-01
1.214934368207011145e-01
6.261185059235678529e-02
-1.253799822797788469e-02
5.022549036237899944e-02
1.135529302678987273e-01
2.246301588340575139e-01
3.205774623100622611e-02
2.090388830605595660e-01
1.860585437629395655e-01
1.269967896122529138e-01
6.465763894541227963e-02
1.090528926055328862e-01
4.524543583443600692e-02
7.568188518259696962e-02
2.423467807735833063e-02
2.438926355736354412e-01
7.289429669975248938e-02
2.310768457614181537e-01
6.623090492010409724e-02
2.348190085788809944e-01
7.013717442975860028e-02
2.279414758475591940e-01
6.465250931423627279e-02
2.411042614917850990e-01
7.792498588900524659e-02
1.997643868912401532e-01
4.010172456824250692e-02
2.633558432205442279e-01
1.479483213901716665e-01
8.458206867638481952e-02
-3.579552813539492451e-03
1.270973426763942205e-01
1.781432362595859742e-01
1.406436712223165242e-01
-1.425122539632482296e-02
1.056988482042846116e-02
2.940331934018634505e-02
2.427903166192010576e-01
6.679457054657433890e-02
2.513909049951972285e-01
9.549288873439071290e-02
1.263004592680734284e-01
3.067989007258284384e-03
1.497451567618414137e-01
1.866241800383894034e-01
1.049960412810892196e-01
-1.683888118841697992e-02
-9.855307945117805848e-03
8.546817333245594617e-02
1.533925300102861322e-01
1.964282367257903505e-01
8.257620696227738893e-03
1.129443621161021621e-01
1.650379345221116845e-01
1.569358821816277949e-01
-7.740835260557379222e-03
4.082216635752877743e-02
9.283734558216427679e-02
2.303700893887578871e-01
3.873717699983134088e-02
2.365530760077220185e-01
1.774986723852333692e-01
1.491418689524146024e-01
4.859110575787764508e-02
1.426262123548359406e-01
7.131841577623754258e-03
1.598952778492580828e-01
1.874934809482166342e-01
8.602518158563324246e-02
-1.495396307885222577e-02
-5.324650986678028559e-04
2.212289997265681207e-01
1.954898314331535991e-01
1.345845703267952720e-01
6.809206921039406835e-02
1.192150996512200134e-01
3.981386842942695459e-02
1.150825117181320245e-01
-3.113938277089721950e-03
1.035005206710504500e-01
1.632633018723015916e-01
1.702759300238793627e-01
-3.539626681966842516e-03
6.012021809613425638e-02
1.178849440816001487e-01
2.166736684614056774e-01
2.607920812217517578e-02
1.866779149128056925e-01
1.889391452243113223e-01
5.174257847457629927e-02
9.196551525601443303e-04
1.955275780019468113e-01
1.957300847860163895e-01
5.598394227207287299e-02
7.341457328582726150e-03
2.372770203952020984e-01
1.865504736896438920e-01
1.533399309464963667e-01
5.739920403702651608e-02
1.067688208816153089e-01
2.426442932911609951e-02
2.693101759148662233e-01
1.215071610816706033e-01
8.331586579750219212e-02
-8.414159604988763128e-03
8.451788637672236204e-02
1.490011386200028876e-01
1.943448299052599471e-01
8.335187836353268737e-03
1.144995806254444914e-01
1.665044123946282650e-01
1.546241478049687756e-01
-8.525502385270423977e-03
3.633945313229563351e-02
8.614966753798271315e-02
2.329188045258061002e-01
4.230932914085756141e-02
2.445758342263042451e-01
1.688981275805371829e-01
1.399924974366432706e-01
3.410697502125754899e-02
2.616185362846520368e-01
1.051657295214060844e-01
1.157348724529675688e-01
-1.106447032066130770e-04
1.344785242484100862e-01
1.791364161415379130e-01
1.293757644253280548e-01
-1.554979380054778010e-02
3.464553028927975023e-04
-4.744069466343198930e-04
2.154581506285743742e-01
1.957937578138434220e-01
1.217018086631330986e-01
6.461620279728301497e-02
9.044712090169020058e-02
3.761109040182435831e-02
8.484241834321824827e-02
-1.200304553110644913e-02
4.907740212288270315e-02
1.085651315278822193e-01
2.268896609220839855e-01
3.277222178316933909e-02
2.139013909834354688e-01
1.857741173302960846e-01
1.378608735402714891e-01
6.623407706203124357e-02
1.147042685352770985e-01
3.077777750488131306e-02
2.490591905721716293e-01
7.927355539856495437e-02
2.085502575727521402e-01
4.766790552335017916e-02
2.629132926609168974e-01
1.289354615820668681e-01
6.247474507420726353e-02
-1.191811211010162380e-02
5.895821493597454971e-02
1.217091447769111379e-01
2.206475678005211660e-01
2.752177109308703157e-02
1.893039178474340556e-01
1.888187472691043589e-01
6.559887609502053352e-02
2.064735078774801100e-02
2.584674541425171501e-01
9.097347422884698165e-02
1.731180981189118229e-01
2.571646297607815129e-02
2.342809087078105423e-01
1.814355083071536312e-01
1.517279217346194364e-01
5.343089618568928889e-02
4.562532529903164102e-02
-1.249880675245375154e-02
5.220734550230018284e-02
1.144169590327862168e-01
2.247249224182910621e-01
3.244492213231415373e-02
2.087265424538661540e-01
1.861734123917873907e-01
1.271742307077909917e-01
6.496497267971217127e-02
1.119159640415398616e-01
4.410334071193869332e-02
8.240042458163734929e-02
3.038240200970416388e-02
1.649448372425711129e-01
1.652678495805700448e-02
1.970392877001546639e-01
1.908078708949162983e-01
8.267587278733745659e-02
3.835571731407132201e-02
1.148116707215160043e-01
-4.608658179682326161e-03
9.314941081403863010e-02
1.553626253608000052e-01
1.832790253351263277e-01
2.713069041943123698e-03
8.856780993747395692e-02
1.463008335578385721e-01
1.863590544503298529e-01
6.745571146996169262e-03
1.038076739407996774e-01
1.601810520028696117e-01
1.672241112831339416e-01
-4.199918343926064244e-03
5.920602755468602763e-02
1.168043031314719010e-01
2.157276490343468800e-01
2.677721336758548398e-02
1.895971002211111200e-01
1.888104426477604236e-01
6.550184477031315011e-02
2.033356658450402935e-02
2.598909172862075012e-01
9.307095729638392712e-02
1.649454590942982524e-01
2.127488753158462975e-02
2.213702246819086450e-01
1.872017316129807318e-01
1.440062758521275799e-01
6.550967686621264607e-02
1.007546390352276333e-01
1.692374808479086418e-02
2.623167889852460744e-01
1.643089122731634100e-01
1.203512104277559835e-01
1.528801271555303709e-02
2.337428154369354527e-01
1.846781968401054463e-01
1.525138304276733026e-01
5.809340038022147573e-02
7.402284653727972397e-02
3.196729813496695938e-03
1.905415896692738698e-01
1.961332735726101784e-01
4.218075304986689672e-02
-1.207511588188414468e-02
5.840797839247802159e-02
1.221745305514718577e-01
2.214277002402169625e-01
2.802550434745012392e-02
1.897207098630640520e-01
1.887973974011361022e-01
6.840403538674814932e-02
2.428799378149307242e-02
2.247780213571020369e-01
5.352209247955676263e-02
2.628227418278048511e-01
1.213365645894575323e-01
6.287543755026621384e-02
-1.219565755976145631e-02
5.185607148496569618e-02
1.143543333269829987e-01
2.247817552802806595e-01
3.083718431511466712e-02
2.079220982998423450e-01
1.857601220373822082e-01
1.204061456937785823e-01
6.432600225844610498e-02
9.495627282383101164e-02
3.949660829935132400e-02
7.408179613579884970e-02
-1.360250068522547359e-02
3.365692188689356490e-02
8.370425610484591439e-02
2.359178330092362996e-01
4.671492421077300117e-02
2.480813169762269843e-01
1.642557041472620105e-01
1.279897140733855521e-01
2.155752509354434687e-02
2.599146403783476611e-01
1.624792263336468368e-01
1.210799815786962469e-01
1.649007850327298408e-02
2.375900910863701920e-01
1.827361357429893585e-01
1.526884553006421230e-01
5.309125084398286232e-02
5.197094543588155757e-02
-1.387429954439520739e-02
1.186868333124280542e-02
4.301177347823224167e-02
2.444017237625242533e-01
6.392796412287048147e-02
2.575528301269008891e-01
1.092618534527754759e-01
7.820582766938247166e-02
-1.089150917676136657e-02
6.838646956395613707e-02
1.324679342978901109e-01
2.111207273297258102e-01
2.081599234752382066e-02
1.648779393796838133e-01
1.859287510273367194e-01
7.020453753528271834e-02
-1.140931157100964419e-02
6.460172322102882697e-03
2.705688940412148136e-01
1.487808442747980964e-01
9.299192893694474549e-02
-1.699569990138666102e-03
1.375525089541475565e-01
1.822477177444586371e-01
1.254051653906024244e-01
-1.654254081432630225e-02
-5.086138531762630921e-03
-1.051241620208016002e-02
1.333882555990080487e-02
4.852302106323051756e-02
2.462531983448112971e-01
6.258030845393902641e-02
2.596017541938071549e-01
1.134115647308369113e-01
6.609758846559382617e-02
-1.200804619429845718e-02
5.245547426583145600e-02
1.153933166385478493e-01
2.238090412429381282e-01
3.040129672327584326e-02
2.052214800193439270e-01
1.863430673112686509e-01
1.165498904211905995e-01
6.230687854253924574e-02
6.660112981347006411e-02
1.567087123477863345e-02
2.698230324790010792e-01
1.438807329841361726e-01
8.597763144567625859e-02
-5.248382031387709493e-03
1.184047880060362518e-01
1.734325455654227022e-01
1.542036180284936941e-01
-9.737101468855601655e-03
2.950493333127612167e-02
7.364523229703687224e-02
2.372932527821905169e-01
4.801039337860518036e-02
2.557128884730652252e-01
1.575932905829846575e-01
1.078045817258857786e-01
8.913846232438019795e-03
2.044787410759614232e-01
1.933583973948345691e-01
1.026184189056784657e-01
5.493918639052727815e-02
6.814378625738040651e-02
-1.432571793986263907e-02
1.654408185067580278e-02
5.286093536130770376e-02
2.434371016194803727e-01
5.957905917944584379e-02
2.610834804588521019e-01
1.236511445505029116e-01
5.695625813277938043e-02
-1.290971259855913308e-02
4.457448282422808716e-02
1.055535897284832214e-01
2.291083524242864267e-01
3.633351088286777136e-02
2.237786173517889166e-01
1.817011097658198793e-01
1.485405880572781279e-01
6.105613096910629534e-02
7.429160727270306408e-02
3.186098834198756568e-03
1.905790335552507986e-01
1.956093564832425691e-01
4.084200434494581616e-02
-1.300975983684088053e-02
3.714235913342942008e-02
9.122014317762962288e-02
2.346538062949428127e-01
4.405159758103126266e-02
2.417816587856881361e-01
1.708789853342294884e-01
1.420056807370334850e-01
3.490320767202048646e-02
2.585929920967121043e-01
9.539593534994401935e-02
1.453055767076037175e-01
1.265167055790931798e-02
1.887740163587895426e-01
1.924821473421370888e-01
4.726679957677411281e-02
-6.193299658488422843e-03
1.325856859980519831e-01
1.812530654032118715e-01
1.360953383210606327e-01
-1.495043131735538516e-02
2.692205480487652736e-03
7.886237337150429905e-03
2.707292991586253139e-01
1.506582023642515644e-01
9.748510813210675696e-02
-8.664777964985164935e-05
1.527548747788317618e-01
1.887350493685103214e-01
1.018445011336041456e-01
-1.663712054774564228e-02
-8.847656229433353142e-03
1.155247671014345973e-01
1.750640857627582536e-01
1.612523411960193054e-01
-9.141027756023146350e-03
3.327524015539724822e-02
8.217471688694763521e-02
2.336700815576834567e-01
4.492205966251367616e-02
2.477863478335325387e-01
1.654304919012697384e-01
1.322570854505926152e-01
2.431636787259116445e-02
2.636333117248623736e-01
1.517642295011881748e-01
9.406475161891529602e-02
1.282472917177820450e-04
1.508730934477211238e-01
1.874426767466096933e-01
1.032777267379292041e-01
-1.648068324310636087e-02
-9.128220834937760680e-03
1.092642583031501746e-01
1.728423910264231811e-01
1.666516360012222919e-01
-6.044345294121792472e-03
4.557374732175632076e-02
9.897443328183734568e-02
2.275663930968780946e-01
3.503990271442301158e-02
2.236252349095128045e-01
1.826627545078212400e-01
1.484004921215116013e-01
6.091914627788769243e-02
6.833642440897760850e-02
-3.131212695707919305e-04
1.730437733331576800e-01
1.929822088101918187e-01
6.548880113864227748e-02
-1.055815221400172380e-02
1.299720559133125605e-02
2.567440092450736233e-01
8.669493005326053825e-02
1.955544396073889968e-01
3.828313279380762824e-02
2.622605109393084111e-01
1.518669162514683368e-01
9.269333409801952528e-02
3.377647275986930472e-04
1.521647953371472739e-01
1.882212991498187493e-01
1.003975708262385275e-01
-1.628461826778249133e-02
-8.224771143428743353e-03
1.318933318595796600e-01
1.841858175041216905e-01
1.394836169127442183e-01
-1.452013442350275421e-02
5.821080544401586489e-03
1.666375008953446465e-02
2.442887113262289522e-01
6.961122408961735453e-02
2.417324658856886133e-01
7.943729140118367671e-02
1.942533218909014425e-01
3.788771340178313796e-02
2.586690036287067063e-01
1.551248468036968142e-01
1.043393426805004909e-01
5.273888943639845096e-03
1.885285099860645186e-01
1.951455323974740641e-01
3.238109283822687701e-02
-9.063946319780560781e-04
2.962083419620566843e-02
2.540974184300321403e-01
7.632444883111041967e-02
2.340560817853102882e-01
7.009646666214570943e-02
2.191744816687526409e-01
5.714384211844985434e-02
2.558330384789794243e-01
1.022317322855347543e-01
1.090173864662842829e-01
-2.626726562905711861e-03
1.194662107446218396e-01
1.720640995173960686e-01
1.524998146206258676e-01
-1.038116389586550906e-02
2.539124915054632309e-02
6.666770908499479453e-02
2.384235767314125121e-01
5.149782876393421693e-02
2.591859728294646503e-01
1.467587771043445399e-01
8.677232532123760333e-02
-2.437421817750111495e-03
1.331046360394574357e-01
1.817824386688353111e-01
1.304134589375015030e-01
-1.584401006485232355e-02
-1.027868670825052982e-04
-4.740245147001820140e-03
1.758641861368487325e-01
1.977709598764313681e-01
6.479308305729347683e-02
-9.886118120300008832e-03
1.476338336148270980e-02
2.570492028277725494e-01
8.569422404089607759e-02
1.990155203044087218e-01
4.028326481826158267e-02
2.611767850564991056e-01
1.454146096138031474e-01
8.024495256802534338e-02
-5.609002250383088480e-03
1.136518717761297870e-01
1.706110289586890150e-01
1.601431366814957125e-01
-8.720203382988588048e-03
3.837258691685097728e-02
8.752675466360679279e-02
2.319452235376266713e-01
4.259630210177504928e-02
2.421687488895689078e-01
1.708272900737782540e-01
1.430783613603383020e-01
3.543967183410123845e-02
2.561063723590358276e-01
9.192340083584200905e-02
1.649554545027774044e-01
2.148699759585128224e-02
2.234919480504622136e-01
1.862930615220075026e-01
1.460259324287765947e-01
6.437000840477651031e-02
9.369194638423750110e-02
1.292448050290852940e-02
2.419627833464579603e-01
1.819760559916511200e-01
1.520199585008311094e-01
4.893722792428456536e-02
1.435447642392906897e-01
7.058876329040448053e-03
1.618711669854006330e-01
1.893955982944457717e-01
8.277256900963034236e-02
-1.440141675214185249e-02
7.192371305948625729e-04
2.349006295277615286e-01
1.903476258093711182e-01
1.519829884091939143e-01
6.298400873793086330e-02
6.444908879876865004e-02
-1.215944520832316347e-03
1.607534076901511455e-01
1.921695848029441323e-01
8.587691594365250147e-02
-1.436489247306255157e-02
7.660208215058856305e-04
2.387919708051480239e-01
1.883413147430790247e-01
1.521558770680760952e-01
6.172916050354623763e-02
6.471637384851361419e-02
4.356458951798673415e-03
2.116991339230548941e-01
1.939400621322622809e-01
1.173010122861755655e-01
6.259140246345724912e-02
6.974351163030816092e-02
1.968062666627484053e-02
2.674465640460670368e-01
1.147260195742295097e-01
9.985666357525195547e-02
-4.766005499104396942e-03
1.100637763382772139e-01
1.665139102983146102e-01
1.637594705562936404e-01
-5.577269007071098197e-03
4.678408194974342099e-02
1.025231655962936528e-01
2.254838807635504982e-01
3.415508469535392250e-02
2.211436201161614545e-01
1.825667054855395488e-01
1.436402014446728770e-01
6.474418696218990632e-02
9.369483528380129211e-02
1.338995093300119482e-02
2.466081660337354209e-01
1.783996730721112978e-01
1.501750015733397392e-01
4.273042993087627223e-02
2.142117267290241933e-01
4.776131129645166951e-02
2.621573530394569196e-01
1.363093318780968510e-01
6.616998771889769093e-02
-1.061324104102485087e-02
7.406492439072454026e-02
1.385121227718631998e-01
2.067689864492281426e-01
1.698274038897323174e-02
1.451010254870679639e-01
1.812462416078117755e-01
1.045184096253121142e-01
-1.670995554964687171e-02
-1.009325173025549249e-02
6.652491509294176930e-02
1.335007452097024538e-01
2.146074591981689816e-01
2.261829498139928535e-02
1.680147812296984289e-01
1.867236723926629649e-01
6.229737600937629988e-02
-9.746885980677291381e-03
1.101524827360037678e-02
2.623831808105188124e-01
9.532729336457847202e-02
1.684365259156320183e-01
2.392997962752018218e-02
2.311061082988142834e-01
1.830648251169343377e-01
1.516163563014347737e-01
5.779467772488247612e-02
7.608967691724140281e-02
3.232294818727568519e-03
1.968138445470300202e-01
1.959654770937244439e-01
7.401535020174547508e-02
3.140681498321266918e-02
1.313602508708421879e-01
1.030454623796962527e-03
1.287410465350975197e-01
1.758587694482380837e-01
1.372648521171321023e-01
-1.407048243085844488e-02
8.494531637844502520e-03
2.621800740521163658e-02
2.438376212502772200e-01
6.698841293356694315e-02
2.503200399179287272e-01
9.054406707808959620e-02
1.424582119375971123e-01
1.089829744821351962e-02
1.805211975453372975e-01
1.922557023946016852e-01
4.241159200018110309e-02
-3.599742228609332378e-03
2.370625236693405663e-02
2.561611601977948349e-01
8.100565667058079455e-02
2.214749563934918508e-01
6.036457053390725802e-02
2.488291421282304017e-01
8.849665444765504596e-02
1.610435875983040332e-01
1.819183551498069693e-02
2.149450989009021873e-01
1.882686593056263624e-01
1.291136715185587092e-01
6.693580729512635386e-02
1.154037467016396090e-01
4.400279050729976466e-02
1.043360664203388799e-01
4.098647349232348303e-02
4.357670554805532365e-02
-1.315321636732375357e-02
1.215031747907016580e-03
1.086164462939988133e-02
2.701809393798342840e-01
1.174474225664098037e-01
1.002595634055102325e-01
-4.411409530413970374e-03
1.127901538204049980e-01
1.681027258019167081e-01
1.601332359402958261e-01
-7.067355798949612189e-03
4.042322166207742290e-02
9.303452284412429274e-02
2.299830114750117949e-01
3.908711051971814482e-02
2.360141153901667566e-01
1.754878899447899487e-01
1.487337187762469148e-01
4.880395494050550342e-02
1.436483198133682027e-01
7.956793350699348233e-03
1.619767845528704842e-01
1.884930823861200866e-01
8.074606624376078068e-02
-1.333763129967430704e-02
1.719969526264165504e-03
2.452396206108984622e-01
1.848491245673699879e-01
1.534510641668585806e-01
5.037997205876765250e-02
1.285677330098578819e-01
1.196951539689170008e-03
1.323273266669931780e-01
1.774160172074999708e-01
1.318328335916837679e-01
-1.511260221866281457e-02
2.908118038806994845e-03
8.614231684391886884e-03
2.726463335349874617e-01
1.424076513917930387e-01
8.735857488117375336e-02
-5.397681213324098497e-03
1.146019463166526586e-01
1.726573013556986780e-01
1.558979330435353028e-01
-9.330155831399393473e-03
3.200552792608526292e-02
7.770047044177844087e-02
2.362409506101719181e-01
4.589381592379867397e-02
2.498484185272477620e-01
1.622573117739792847e-01
1.206621197075483237e-01
1.682738173060592882e-02
2.423605675434571394e-01
1.795933585821875289e-01
1.517086534183783031e-01
4.690493555086631960e-02
1.647269492230627741e-01
1.749775329518896833e-02
1.997949648975110848e-01
1.914667596379245607e-01
9.616669833538185608e-02
5.074032165724508964e-02
8.333013356394212978e-02
-1.328117031278981328e-02
3.816423508271149512e-02
9.141736273897488330e-02
2.336913509414644818e-01
4.305050601697360535e-02
2.414834920309266164e-01
1.712915729046561308e-01
1.437934520909464053e-01
3.641900629800733785e-02
2.521066464487580761e-01
8.621762938822971623e-02
1.857369403487918180e-01
3.311598398247690700e-02
2.522470610733061336e-01
1.656535603726538852e-01
1.292605906320250242e-01
2.155328773806437087e-02
2.601411055954607754e-01
1.647559140361089247e-01
1.213649186636164001e-01
1.642251331581966178e-02
2.383339578918223789e-01
1.822803954075423172e-01
1.528330015195482894e-01
5.246377544657864628e-02
6.318219421059045882e-02
-1.395990353184033313e-02
2.422838171074852623e-02
7.014087596534339386e-02
2.407169973046441869e-01
5.279894540335842990e-02
2.589174065140223968e-01
1.461085059167617772e-01
8.441180405811825327e-02
-4.318505273433135769e-03
1.265481219963761061e-01
1.791589000475352078e-01
1.393570944534702205e-01
-1.414286631807475624e-02
9.227832910921938622e-03
2.670895260632902279e-02
2.444115298617192678e-01
6.615629110179369055e-02
2.488330870060129485e-01
9.329075709294316898e-02
1.374227221242720898e-01
8.173338622955496693e-03
1.708025963885612675e-01
1.904780151793934451e-01
6.477669639395534917e-02
-9.511199830849239797e-03
1.239384675716919543e-02
2.556552170456417028e-01
8.714199568820414632e-02
1.944726540877720344e-01
3.839367426405537048e-02
2.609997321861731168e-01
1.509864878325625215e-01
9.612749528435207691e-02
5.667014239033226755e-04
1.582203069048403188e-01
1.905797675838969141e-01
8.764794882799864517e-02
-1.488483276188230786e-02
-1.197880316310882126e-03
2.194125512029771186e-01
1.952046960178257518e-01
1.291129378036249276e-01
6.804095045563364474e-02
1.112973001811083246e-01
4.532327677244676195e-02
8.641862645807253662e-02
3.253519457729978082e-02
1.139505749878460678e-01
-5.044434272405416350e-03
9.878031926784533456e-02
1.590644038837036034e-01
1.779113375497173855e-01
9.352788725333870123e-04
7.704983825421642119e-02
1.376242142593794293e-01
1.990680844068026256e-01
1.258853749936821899e-02
1.368431107909561240e-01
1.782116110475048809e-01
1.219461605409456473e-01
-1.621533161263665965e-02
-3.590092456181061265e-03
-1.108621122094302462e-02
5.526924834268944625e-02
1.202362881639102987e-01
2.245754547063112117e-01
3.043661633080911588e-02
1.979400040352349288e-01
1.884501695016692624e-01
9.981368475983584676e-02
5.328458804535936288e-02
7.297032280658943826e-02
-1.416154069710202218e-02
2.437703931887604328e-02
6.606250567892349435e-02
2.405468390893403530e-01
5.448535178371417126e-02
2.590995563251781708e-01
1.432370869039341077e-01
7.624515848676707841e-02
-7.160143405571205849e-03
1.057701279596704735e-01
1.644779281634770052e-01
1.702449477648160514e-01
-2.983175050579028615e-03
5.775950440945418901e-02
1.168984521082870737e-01
2.167289620515397974e-01
2.596117330117634486e-02
1.920252902457671162e-01
1.875947292912212294e-01
6.825530644910694777e-02
2.527220703870747959e-02
2.164336282072142348e-01
4.809939974938903795e-02
2.627203055817742827e-01
1.365594969299589734e-01
6.744153520473121499e-02
-1.052239794966486341e-02
7.506528180972425746e-02
1.425857094255089108e-01
2.026581087372635315e-01
1.456245002354793899e-02
1.376894554638287138e-01
1.775809637377261385e-01
1.189995270269246508e-01
-1.663830179448839292e-02
-5.433710011045689119e-03
-6.349530027583412048e-03
-1.074966550224182478e-02
6.957549653275951762e-02
1.382710361287233514e-01
2.111927856603681430e-01
1.862207322957491751e-02
1.575161627388233232e-01
1.831699699789698932e-01
8.551807544420696183e-02
-1.511718727315649463e-02
-3.099707469296884930e-03
1.964487731105779011e-01
1.983919125437260678e-01
5.635822884198300048e-02
7.957696726350715899e-03
2.479588471943750538e-01
1.820855369234150867e-01
1.508395643599409752e-01
4.659462586162198272e-02
1.837914041525836595e-01
2.765746364034241123e-02
2.362880760264276514e-01
1.792566570300190842e-01
1.523328446674697134e-01
5.272754263818479198e-02
7.663327645488304807e-02
-1.257884453009931909e-02
4.351843776236627437e-02
1.016635935884737663e-01
2.305643920204892838e-01
3.708014900572499661e-02
2.287203278875172274e-01
1.792703413664840650e-01
1.492174379377296800e-01
5.834640065658620867e-02
7.072541755747632775e-02
1.609481381715761059e-03
1.845205830394271718e-01
1.948299012930367613e-01
4.151976475516528514e-02
-2.262821485320304273e-03
2.647081533361864136e-02
2.542651649670595315e-01
7.948777067975396071e-02
2.259128749873008934e-01
6.325326807301136223e-02
2.420647700251448708e-01
7.752772407853895931e-02
2.008049026612006294e-01
4.196196938586133074e-02
2.611534330549991068e-01
1.463055494188479910e-01
8.264058818985114963e-02
-4.810182174854364147e-03
1.207086194670681373e-01
1.740499569940975877e-01
1.511897908834732296e-01
-1.082487147153531407e-02
2.236328038074791857e-02
6.111264403031473752e-02
2.395946841469486221e-01
5.420406060381764701e-02
2.607859982282108580e-01
1.394944983956036000e-01
7.072453612445812887e-02
-9.413798170238628013e-03
8.706360857768344341e-02
1.530674844798073087e-01
1.901969373120983020e-01
6.713190726128560881e-03
1.038410554105940187e-01
1.588556714226906919e-01
1.686480244553397456e-01
-4.185265916936953962e-03
5.903754906204140146e-02
1.197016927494484323e-01
2.147698302753604238e-01
2.506671307342793475e-02
1.858850707906103683e-01
1.881154528405261928e-01
4.182875554090055570e-02
-1.282750986877052857e-02
4.151341525825540807e-02
1.019385947160525441e-01
2.314787431318627575e-01
3.881524650450807190e-02
2.301477991744149132e-01
1.786460281961731456e-01
1.512300676432885016e-01
5.419705119557151340e-02
1.089690999295885449e-01
4.124837847762354015e-02
7.073075075484036578e-02
1.911640846208798733e-02
2.690383272488138244e-01
1.184938011041418993e-01
9.114890093550570560e-02
-7.282602840460538837e-03
9.714855210587139411e-02
1.587169079864159116e-01
1.812859349845268309e-01
2.154297443107851956e-03
8.214322988058420094e-02
1.422083431117040497e-01
1.938161736846656658e-01
9.225638965233470823e-03
1.221599766108318608e-01
1.709330394370556228e-01
1.443823281909091538e-01
-1.198366714509376332e-02
2.063338069909350508e-02
5.600153952332526108e-02
2.413794278478822997e-01
5.565992100390933228e-02
2.624422826143831822e-01
1.346026235306600483e-01
6.029762972228044915e-02
-1.151704896525599167e-02
6.164274977034946840e-02
1.263517929459569422e-01
2.170246405990447214e-01
2.379158970280784158e-02
1.814455943006378358e-01
1.891373344220850516e-01
3.806532073476507488e-02
-3.535092220055005997e-03
2.403634760008178592e-02
2.544089736493904685e-01
7.896363128094203987e-02
2.247253241648622946e-01
6.076611274036602256e-02
2.473441457412754174e-01
8.484582167527290886e-02
1.774979875537497920e-01
2.778706442566909740e-02
2.407773017142962324e-01
1.769037170853509089e-01
1.499066205586287726e-01
4.451404825616685212e-02
1.927768122934692685e-01
3.305324618934551983e-02
2.454887830082366773e-01
1.719618023039803933e-01
1.412531985774756194e-01
3.349592169305609657e-02
2.631870290324063721e-01
1.060771266935955498e-01
1.108527690385178455e-01
-1.126967153799270831e-03
1.227950461832877926e-01
1.758385316075919136e-01
1.442379831805933876e-01
-1.294063572254466887e-02
1.611890857348080228e-02
4.425239774691674260e-02
2.434609076777314862e-01
6.170982015266567727e-02
2.588605144545248482e-01
1.182111595178913788e-01
6.218734040448350986e-02
-1.254722746073503280e-02
4.925156379228932263e-02
1.095495188328757669e-01
2.276394965278544236e-01
3.272122156327726683e-02
2.141364121697640899e-01
1.855505133408184015e-01
1.380445398975353732e-01
6.608611856599193313e-02
1.149052142435956214e-01
3.072295063086325287e-02
2.486243819399777122e-01
7.827753939777060133e-02
2.090017556027514989e-01
4.938344540177447284e-02
2.625106605822095096e-01
1.233084726048314234e-01
6.357963893791027110e-02
-1.221677718294968476e-02
5.521049926436496363e-02
1.165369523593972889e-01
2.218190939420593144e-01
3.020835037163073500e-02
2.000660839406904479e-01
1.879547428655183317e-01
1.049502091357554789e-01
5.604597194939495153e-02
6.027493589012104802e-02
-1.427991868439306040e-02
8.527435375818097005e-03
3.328518843836268670e-02
2.448867911462877245e-01
6.713422259861809294e-02
2.519143708445408247e-01
9.605001802626098040e-02
1.225777554555089466e-01
1.488506940907357570e-03
1.428839041130084975e-01
1.839475304862829286e-01
1.169004957129676781e-01
-1.682313629296676091e-02
-8.333467582292409387e-03
1.247930685146465997e-02
4.578653268612546678e-02
2.477197683361659075e-01
6.325537892017361885e-02
2.564002832545910771e-01
1.107198729713190777e-01
7.602662860018319368e-02
-1.088928546367043913e-02
6.524032349651645579e-02
1.292205393912780331e-01
2.141597542671607735e-01
2.121309752933672743e-02
1.696372246547179496e-01
1.878479553372975897e-01
5.746277384695752666e-02
-8.844419733229075611e-03
1.380351347868271836e-02
2.565200719776739025e-01
8.455867224467422671e-02
2.017681990867914998e-01
4.345546384316739674e-02
2.622164978379315503e-01
1.408764434891022765e-01
7.293401612888747443e-02
-8.551999250666039373e-03
9.204648364648422565e-02
1.550252594131805439e-01
1.874304235738559199e-01
3.691626880428835675e-03
9.249658386537151777e-02
1.522551277066136188e-01
1.802204335356943354e-01
2.577272676165477151e-03
8.785231222422584807e-02
1.467719468597737387e-01
1.882850186693508232e-01
5.608057635888338138e-03
1.037337163577115307e-01
1.609058253973128239e-01
1.662923550532190986e-01
-4.183617518657114370e-03
5.751661958262349605e-02
1.157144001145166551e-01
2.183494488577253922e-01
2.618315405729719145e-02
1.919647143828246416e-01
1.892554523300522540e-01
7.819606439202914094e-02
3.540980223402305505e-02
1.224977781016863831e-01
-2.504083484034660273e-03
1.093868669507662567e-01
1.650711065863156302e-01
1.637083363185354579e-01
-5.355295409306423324e-03
4.813553892030835585e-02
1.045168328254860168e-01
2.245074108181394079e-01
3.313281646310387019e-02
2.176894973408775580e-01
1.836130248544106114e-01
1.393447550789179146e-01
6.633455200966215104e-02
1.099131888252260492e-01
2.613496839490769483e-02
2.667488665680763926e-01
1.157619846707133582e-01
9.095020090290305281e-02
-7.551539229346487456e-03
9.478103367958846948e-02
1.567832142183162858e-01
1.836777946933287886e-01
3.554116282974992356e-03
8.853549814785716121e-02
1.477962323823754365e-01
1.864736603076419530e-01
5.104819028257239454e-03
1.032881560156286987e-01
1.591488078126536143e-01
1.694922208638343086e-01
-2.308037283996939443e-03
6.425112178280950603e-02
1.241636565552030752e-01
2.115427687639141185e-01
2.133246976901825506e-02
