3.236349201272114229e+00
6.126039681466149744e+00
7.737037649619370683e+00
-4.219567838609142862e-01
6.617659419676489740e+00
5.121280719331424258e+00
1.745141677500026578e+00
5.831678149134960520e+00
2.353665692084718764e+00
3.451242595921352407e+00
4.623473253282524453e+00
2.395184214174729195e-02
3.829717072206568318e+00
3.264135595498564690e+00
7.964280721867884605e-01
3.334195132888852608e+00
1.676804874544246982e+00
1.943217395072130538e+00
2.670647295548434386e+00
2.168426114165072360e-01
2.207557026094555397e+00
2.030544564755328629e+00
3.196335940412410315e-01
1.843207673940910452e+00
1.176295442377715661e+00
1.091700262134535082e+00
1.446230511840674637e+00
2.621819328779108060e-01
1.277184225610064505e+00
1.215477524211208804e+00
9.269857522754831880e-02
9.724950670347635162e-01
8.200381548128231612e-01
6.162061430081164914e-01
6.907289737181224742e-01
2.505961564392349405e-01
7.532005909364474228e-01
6.766982388115596603e-01
-5.855721284067265733e-03
4.854720870612934669e-01
5.765547575071835462e-01
3.518890966693497546e-01
2.348625235574240688e-01
2.247644888609104941e-01
4.654701775811698750e-01
3.196021590684184899e-01
-3.197616496403447167e-02
2.303817858305617361e-01
4.065183183615694862e-01
2.057869989003832945e-01
1.268593019735892238e-02
1.578702780191303806e-02
2.889906702973385477e-01
2.646996406397934543e-01
1.444164203665830593e-01
1.937637888427685695e-01
1.527466257165102648e-01
1.480083914791515409e-01
1.191749233495401766e-01
6.130642519052066641e-02
2.417427435038226324e-01
1.233781960127225269e-01
2.648021597458972698e-01
2.173539755854737021e-01
2.174317711471464298e-01
1.974807187029743727e-01
2.055953699293582015e-01
1.423088529413861214e-01
2.023496728420318413e-01
1.046281854562695623e-01
2.630574295322541389e-01
1.700819828862117356e-01
2.469448643116777253e-01
1.948270971673440322e-01
2.247416633838225097e-01
1.701505200284568198e-01
2.184110512060338793e-01
1.337381403022188942e-01
2.392087619759496742e-01
1.420166360229842550e-01
2.541825429658650104e-01
1.754771309233702503e-01
2.386134665629022766e-01
1.788016261601511614e-01
2.296950166638798696e-01
1.566038670205561478e-01
2.319846026491957924e-01
1.431634066671249872e-01
2.461529820710594563e-01
1.578951768118069532e-01
2.442097865936613543e-01
1.732005035990011044e-01
2.369467351763229201e-01
1.663862878727756789e-01
2.341010958247017326e-01
1.532677506520938038e-01
2.398040905356544905e-01
1.525648684139923328e-01
2.429532225899127262e-01
1.651534080044745334e-01
2.409420552375818869e-01
1.675645995537901334e-01
2.372138941220867658e-01
1.603747927626231751e-01
2.378382515690238008e-01
1.543345581546679002e-01
2.424928033958420048e-01
1.598217139839380185e-01
2.417900272913491855e-01
1.648289248395318485e-01
2.398525910333572098e-01
1.633841733696791143e-01
2.386440701412300136e-01
1.582178566608792303e-01
2.407013506709128059e-01
1.591861625021655791e-01
2.405486193506995996e-01
1.619184007399453451e-01
2.407124312004289834e-01
1.628325950126170985e-01
2.398818020404931972e-01
1.604288106760471677e-01
2.402033617471834304e-01
1.604453698320165711e-01
2.391918130368673734e-01
1.602433659835344748e-01
2.406856236553123196e-01
1.616983249426503788e-01
2.407070705097065777e-01
1.614329074860825775e-01
2.404772989480115364e-01
1.619406657273976258e-01
2.385327806491794322e-01
1.603219532260431179e-01
2.399903086455514312e-01
1.605251783939749821e-01
2.407139045366274432e-01
1.608817178751553723e-01
2.409310695957434800e-01
1.597484555052233468e-01
2.383998987981058859e-01
1.610186776701100220e-01
2.393651413667043371e-01
1.599301888382615444e-01
2.407400963229733293e-01
1.604140609059178657e-01
2.411506335779871890e-01
1.599758874836557654e-01
2.387506091563774413e-01
1.618068612643631110e-01
2.393476116065625381e-01
1.607323174902419161e-01
2.402423128509265648e-01
1.602016350343053175e-01
2.410094183705659143e-01
1.597497053715551951e-01
2.386065112849587444e-01
1.616056522069811430e-01
2.393314441258704850e-01
1.608595273989293362e-01
2.400142941136472474e-01
1.601881899481779892e-01
2.405337981421492022e-01
1.593898312170846376e-01
2.386425956244649926e-01
1.614663305456652265e-01
2.395559295420288670e-01
1.612458854001004860e-01
2.401510915114558886e-01
1.608244270168394108e-01
2.406683857919410252e-01
1.599501426734704912e-01
2.412804675816032085e-01
1.617095461977592630e-01
2.392197251631785482e-01
1.610607786820805465e-01
2.400155500105448092e-01
1.606023207507921713e-01
2.407393185349221421e-01
1.600977174658229640e-01
2.412142774626868658e-01
1.620378007848176649e-01
2.390402533560105347e-01
1.610256058655547551e-01
2.398077274702897776e-01
1.603474210870811378e-01
2.407240006266315735e-01
1.600860288572427403e-01
2.413534805243776060e-01
1.623928017917136424e-01
2.389890070685138646e-01
1.614771411025882619e-01
2.395802179556179301e-01
1.602171727985160221e-01
2.406293001823756328e-01
1.600388868442356172e-01
2.411665471529872984e-01
1.624325394212731699e-01
2.389636504273990325e-01
1.614231186432266985e-01
2.396752265954389949e-01
1.606797308904355792e-01
2.403877776704504421e-01
1.600292249569975067e-01
2.409343088096884689e-01
1.594180727173329370e-01
2.387649901637215188e-01
1.611531673075271565e-01
2.397943352444004417e-01
1.609256034304544780e-01
2.404965947126013748e-01
1.606165764866571699e-01
2.408740322581178206e-01
1.596595457565618270e-01
2.386606539696334295e-01
1.613994575158823885e-01
2.395093412716230996e-01
1.607925692148486074e-01
2.403085051245951453e-01
1.603489072917355929e-01
2.409316162313431819e-01
1.597473316015910472e-01
2.386260532862245765e-01
1.617919202954046509e-01
2.389929929978610590e-01
1.605106708679215066e-01
2.399748322946020918e-01
1.597423385025082132e-01
2.411597530038334103e-01
1.598329163849935841e-01
2.386221087611895553e-01
1.621716908248013456e-01
2.389804454453151317e-01
1.607307169486070220e-01
2.399972141065084275e-01
1.600797659833655961e-01
2.407110509906913165e-01
1.598143365832753737e-01
2.411612990317190397e-01
1.616994457936020702e-01
2.391524576222486265e-01
1.607635540619729575e-01
2.401887673786722299e-01
1.605543058062134654e-01
2.407828238408661892e-01
1.604041742926617942e-01
2.411041832417527564e-01
1.618895094936264878e-01
2.390358210474857747e-01
1.609611103968017765e-01
2.397291046953654581e-01
1.604501032686412587e-01
2.404944730204024439e-01
1.597267499382644951e-01
2.412216366738750839e-01
1.619689798917943735e-01
2.391465406384415127e-01
1.613680784971064097e-01
2.397439819415274342e-01
1.606665156862401023e-01
2.401266439523939422e-01
1.596930642069342154e-01
2.409584383483787118e-01
1.614592498994124603e-01
2.392727609213076700e-01
1.614651351815033220e-01
2.399928622034817605e-01
1.613407083847105405e-01
2.400919484953423777e-01
1.601992073614444401e-01
2.407639177570100320e-01
1.589629275029902922e-01
2.388982068661530678e-01
1.611969702111032410e-01
2.396980448514108020e-01
1.608314378471117356e-01
2.403645796216098973e-01
1.604280437902766976e-01
2.407565213829059581e-01
1.593919751214568359e-01
2.387051285537333256e-01
1.611812725208171537e-01
2.395570905288383901e-01
1.607849513185831414e-01
2.403641354057590995e-01
1.603521628404551147e-01
2.408567057793697952e-01
1.598162704901877063e-01
2.383198833490295376e-01
1.613181058035427218e-01
2.392379714742412788e-01
1.603755262654516511e-01
2.404541828498661382e-01
1.604939932818144621e-01
2.410208301821112897e-01
1.601852946348479856e-01
2.385484141835455263e-01
1.619032178044569892e-01
2.391162155196916161e-01
1.607415256016566651e-01
2.398486010861447248e-01
1.598830811388765039e-01
2.409744113617992012e-01
1.597799884176450691e-01
2.415641476502620455e-01
1.623302260849726342e-01
2.392051607769602461e-01
1.613898720704701195e-01
2.397351555824118741e-01
1.603876757982293788e-01
2.405620578635284113e-01
1.594938939233693509e-01
2.415121286366261888e-01
1.620417436064430783e-01
2.392708655734679113e-01
1.613578058389116554e-01
2.396247206074852421e-01
1.605123321666804270e-01
2.402699766590145891e-01
1.594731127506600898e-01
2.410546874383421856e-01
1.616226062626473503e-01
2.389796950932037145e-01
1.610402121379736207e-01
2.398233146736793719e-01
1.604164947849920642e-01
2.406062987129403141e-01
1.600556305622922171e-01
2.412739520065169674e-01
1.622897959275753088e-01
2.390156933956395224e-01
1.616791675139392925e-01
2.394153543013457230e-01
1.603686871807039616e-01
2.403834926765936464e-01
1.597674045837474410e-01
2.413381487973808026e-01
1.596960819905438589e-01
2.388300902050393137e-01
1.617179053420807477e-01
2.392327271417511170e-01
1.601331750962174949e-01
2.402841245877929133e-01
1.597397743904318823e-01
2.412443156061560290e-01
1.596618988695437669e-01
2.389590209255309794e-01
1.620025121947847868e-01
2.394302109305602722e-01
1.609727623628364468e-01
2.398973870538398667e-01
1.598093535925832198e-01
2.408721282117562423e-01
1.591410421088517158e-01
2.389895271427442680e-01
1.616882750231047050e-01
2.397207688415350368e-01
1.615510913154344919e-01
2.400125820811487565e-01
1.605629917731222212e-01
2.406461679392210007e-01
1.590917148252647406e-01
2.389135254052256463e-01
1.617637731056275896e-01
2.393278672961388076e-01
1.613755128469691880e-01
2.397856708761940958e-01
1.601573624808801666e-01
2.407049269530050217e-01
1.595409050504314474e-01
2.414863354884568547e-01
1.619587508108478735e-01
2.393967462625715137e-01
1.614470206096665916e-01
2.398542249243539870e-01
1.603571377162496814e-01
2.406723150789575327e-01
1.597374724441574523e-01
2.413281705656329656e-01
1.620175486965795553e-01
2.392320889237867232e-01
1.613817342283027090e-01
2.399812820997213880e-01
1.608167854149770981e-01
2.406038910587018353e-01
1.601525515906345454e-01
2.411728601812715422e-01
1.619970314227674180e-01
2.389899991276178415e-01
1.611639375799963358e-01
2.398251644234754565e-01
1.605654306183064151e-01
2.405662557667572754e-01
1.600268502893448797e-01
2.412257153642863583e-01
1.622828624972643685e-01
2.390171919470517881e-01
1.614785279519070360e-01
2.396930818718220335e-01
1.607751678327996037e-01
2.401548287861380859e-01
1.598366856787815093e-01
2.411298824824484599e-01
1.591021197629606532e-01
2.391607603989013564e-01
1.619362776477599186e-01
2.396532716168366384e-01
1.611879594481420153e-01
2.397973164238400567e-01
1.597322855231025351e-01
2.408361438920408604e-01
1.588457358283010545e-01
2.391372326392812719e-01
1.615971585248369702e-01
2.398041218544724462e-01
1.614376055028459156e-01
2.400889367017798037e-01
1.604620295370196570e-01
2.406600210571785969e-01
1.592244299935229035e-01
2.386593831544236988e-01
1.612127914981016652e-01
2.395350674779974931e-01
1.610286010843316740e-01
2.402160540722347859e-01
1.604928371644958052e-01
2.407408864222889966e-01
1.597216939537038083e-01
2.383355867823784557e-01
1.613380212451035745e-01
2.393241396324077563e-01
1.605719620064997577e-01
2.401396560107948996e-01
1.604712306575314107e-01
2.408493836530629650e-01
1.600472412131768163e-01
2.413365534770990362e-01
1.620252106056313812e-01
2.391334722977179750e-01
1.609685138833384932e-01
2.400062625305314223e-01
1.604473383658434060e-01
2.407885021320219088e-01
1.599892786101190512e-01
2.413619262488473916e-01
1.620505738132362594e-01
2.391984950863995651e-01
1.612742795013100416e-01
2.399035949470540163e-01
1.606429940739609041e-01
2.405012799273070767e-01
1.598245928517550429e-01
2.413040820470762071e-01
1.619709735678874774e-01
2.391603730079848167e-01
1.614719942887080095e-01
2.396914932123543895e-01
1.606420691774756715e-01
2.403544296329743202e-01
1.598244142779677024e-01
2.411950506693100460e-01
1.620079804369283782e-01
2.391603465889025060e-01
1.616502930993127807e-01
2.397035578956444035e-01
1.608856876768886279e-01
2.403007813645818558e-01
1.599926744095400699e-01
2.410709163512695929e-01
1.593535242647419470e-01
2.389834482774184088e-01
1.615079527478630594e-01
2.396139843064539199e-01
1.609628302512864373e-01
2.399879024651260795e-01
1.599307635912352032e-01
2.408763363169225680e-01
1.589820780661257427e-01
2.391034696148160443e-01
1.617292968438188427e-01
2.396659161402446558e-01
1.613285212044333616e-01
2.398729306098476011e-01
1.601324239911388614e-01
2.406319846765304915e-01
1.589237584002403669e-01
2.389176394366591405e-01
1.614510884798190937e-01
2.396678417981447928e-01
1.611006994632807054e-01
2.402173246623292013e-01
1.604419742417386163e-01
2.408326466852320769e-01
1.597244851207711147e-01
2.387151598270484398e-01
1.618801573080755063e-01
2.393774265086809905e-01
1.611984799976625693e-01
2.400163115673337177e-01
1.604157694147623214e-01
2.404755867501578992e-01
1.595328037082782979e-01
2.410752724515108358e-01
1.612910088357014660e-01
2.391318458281369574e-01
1.606937627562378401e-01
2.401352776985531956e-01
1.603823464645422192e-01
2.408992592237799713e-01
1.601443499482313459e-01
2.413218586763152540e-01
1.621006669829878344e-01
2.390983839075600803e-01
1.611451139739533966e-01
2.398800866150116451e-01
1.604607871778952477e-01
2.406148380047002933e-01
1.599604139178879281e-01
2.409634536332142252e-01
1.617767286361877777e-01
2.389613786951072238e-01
1.609349695219958742e-01
2.400135472113333335e-01
1.604507715344228591e-01
2.408772521503282082e-01
1.606254642610434047e-01
2.411094957287103768e-01
1.625375811331764841e-01
2.386989092757272335e-01
1.610874111876255399e-01
2.397046349575827073e-01
1.603321232910128180e-01
2.406857865460360624e-01
1.603100909493277715e-01
2.411671439404247108e-01
1.597709227065074455e-01
2.387435568030193411e-01
1.615499770095405185e-01
2.393877159598896687e-01
1.602290775278767676e-01
2.404906196709409305e-01
1.600401536772562971e-01
2.412376647865420998e-01
1.598006069149341124e-01
2.387681744157464647e-01
1.618122140921536833e-01
2.393458221287002030e-01
1.606043656800709984e-01
2.401436863087293705e-01
1.599693936116122761e-01
2.409906538295099043e-01
1.595894424772388298e-01
2.387324680274539035e-01
1.617885382676551576e-01
2.391676142985441622e-01
1.607862466744223173e-01
2.399459481360513569e-01
1.598547285333626888e-01
2.409901117967275797e-01
1.593130031793557333e-01
2.390739113636450586e-01
1.623191409960227649e-01
2.394178910186947340e-01
1.615562071876607275e-01
2.394834184632578244e-01
1.598740713258095247e-01
2.404728367863129268e-01
1.587597118253423478e-01
2.416999899797781792e-01
1.618488940735517689e-01
2.395085225630322057e-01
1.616644451710503860e-01
2.398343040888748501e-01
1.606750829200201403e-01
2.401748667205207965e-01
1.593299416253353695e-01
2.412359032453393892e-01
1.612625891998658856e-01
2.396708855983887276e-01
1.614645562594463346e-01
2.399663108942191592e-01
1.610148745767275569e-01
2.402590737490830075e-01
1.597204713359816342e-01
2.408177882220581267e-01
1.613918124677276855e-01
2.390953661151267451e-01
1.609139999431853374e-01
2.398572674763522761e-01
1.607730142077723190e-01
2.404212681975249066e-01
1.599202225165893276e-01
2.411453654539294222e-01
1.620464987198076134e-01
2.390129880891374570e-01
1.612841026442702885e-01
2.396274570202032717e-01
1.606616401613776834e-01
2.403194922741085926e-01
1.599219473495196442e-01
2.409919904635638432e-01
1.590764169570167141e-01
2.390290784261838719e-01
1.613279661654333785e-01
2.398605079577958987e-01
1.610448715616741855e-01
2.404180475147929541e-01
1.605436754719395676e-01
2.405575938154549953e-01
1.592854127413293741e-01
2.386306580169231806e-01
1.608891007901362691e-01
2.398488100746628271e-01
1.608679682474690731e-01
2.405148689428031616e-01
1.607127682292348592e-01
2.406745837255352405e-01
1.596310882697738742e-01
2.384467784112496158e-01
1.611611704060411654e-01
2.394867308289235219e-01
1.606751649648488489e-01
2.404051497101287460e-01
1.605157868920449871e-01
2.408961840402416565e-01
1.599787985064508866e-01
2.384512487651093138e-01
1.617126545838090401e-01
2.391332829597961895e-01
1.603762305457830384e-01
2.402634251730669801e-01
1.603102515710182474e-01
2.408689900609464751e-01
1.600173307176009085e-01
2.410644767286573009e-01
1.617457155449571193e-01
2.389333767268443931e-01
1.604232564331764810e-01
2.401779575664440003e-01
1.603813876597040000e-01
2.407203807406009810e-01
1.601911140483302520e-01
2.411858482051229546e-01
1.618255416618720743e-01
2.388326702998769813e-01
1.607512671716815056e-01
2.398347262625630250e-01
1.599905963689489674e-01
2.408806997869628042e-01
1.601051868065471173e-01
2.412926203667776215e-01
1.624899996726011375e-01
2.387882795843057626e-01
1.609527098369025189e-01
2.395704021689476493e-01
1.601619515528207582e-01
2.405872399379488935e-01
1.597041920444179364e-01
2.414032671921811368e-01
1.623685996522683528e-01
2.390959658422241174e-01
1.617748016907833986e-01
2.393047967950656107e-01
1.604420114443433631e-01
2.402016407998009417e-01
1.593879078050229603e-01
2.413553297316022306e-01
1.593652311973491886e-01
2.392312710263320708e-01
1.619788996945365767e-01
2.394949827881356907e-01
1.611041455716553383e-01
2.399681939125936081e-01
1.597032062380643602e-01
2.409984384156380055e-01
1.589831712780985506e-01
2.392001312072518093e-01
1.617550192298681244e-01
2.397674742442530982e-01
1.614476531108004764e-01
2.400398029523550525e-01
1.602375251666871558e-01
2.405262935060290264e-01
1.586902940615733670e-01
2.390721394395728949e-01
1.615429805974413768e-01
2.395498183703788642e-01
1.613563429090262291e-01
2.398436909467177025e-01
1.600784438385979280e-01
2.406809509392776325e-01
1.591269750410493899e-01
2.389591448888367109e-01
1.618784428719337032e-01
2.394536523349852231e-01
1.614820697659035686e-01
2.398290155276324720e-01
1.600779607239042890e-01
2.408466117704016474e-01
1.595512628019809531e-01
2.416925127724965927e-01
1.621942625676552341e-01
2.393048679755517827e-01
1.614359646467408704e-01
2.397164739288871471e-01
1.603179266202118813e-01
2.405630056586925969e-01
1.594993163097489230e-01
2.412471370878308541e-01
1.617595714983831034e-01
2.392786054230098269e-01
1.612368654802753265e-01
2.398807117059693628e-01
1.605230688173899800e-01
2.404975085402904222e-01
1.597531999875975162e-01
2.412707378196945751e-01
1.616313430954434693e-01
2.394313958561906652e-01
1.616874763873162035e-01
2.398829166583041628e-01
1.610272186890580048e-01
2.404072492659274363e-01
1.600461310014583693e-01
2.410374211192748972e-01
1.618643275552909266e-01
2.390750462345657690e-01
1.611671762014356690e-01
2.398708201603815260e-01
1.607963710427818826e-01
2.404224389423428865e-01
1.602378156331038250e-01
2.409640230564056573e-01
1.592970098579567229e-01
2.388585679310066823e-01
1.612755350982186253e-01
2.397368660830790643e-01
1.605367695449842202e-01
2.402868400662196979e-01
1.601922616528705934e-01
2.406794848816636856e-01
1.590968228581013111e-01
2.387054639501834941e-01
1.609418433555626637e-01
2.395444893053372826e-01
1.605925448943848477e-01
2.404788917266703352e-01
1.604180454123052546e-01
2.410527186592888726e-01
1.598609816946786610e-01
2.386382467461825307e-01
1.616956412921933262e-01
2.392826252972978240e-01
1.604119810277834512e-01
2.403856811417538208e-01
1.602307050079498363e-01
2.410883237284620062e-01
1.601698401560741614e-01
2.386083907232592893e-01
1.619926519180979185e-01
2.391216793211815572e-01
1.606302643423759002e-01
2.400232570346687577e-01
1.600748617233933024e-01
2.409753603371537767e-01
1.598819217776756285e-01
2.415824267388165247e-01
1.623176990667656860e-01
2.390569830467128287e-01
1.610876216939083061e-01
2.398105326816136196e-01
1.601561943782392472e-01
2.407247748180986746e-01
1.596141940503142675e-01
2.412843310568007493e-01
1.619401013827613811e-01
2.391319153768100281e-01
1.610204364159634749e-01
2.400035287066126510e-01
1.606177547978619724e-01
2.404164507356346125e-01
1.596080496326495735e-01
2.411484673962168701e-01
1.618286603346458796e-01
2.392123348861366350e-01
1.613265285196023857e-01
2.399346849330136755e-01
1.609154209254066714e-01
2.404867529759642797e-01
1.601640857627221193e-01
2.408189066095134112e-01
1.618397420497975359e-01
2.389708259931329348e-01
1.608812308062453900e-01
2.397355717388284790e-01
1.606088014502036199e-01
2.404439969100365393e-01
1.600330748943903925e-01
2.411528002266812298e-01
1.594351961324593780e-01
2.389755688624695118e-01
1.615761608764071378e-01
2.396718789128240712e-01
1.608812068123105232e-01
2.400599514847907012e-01
1.599388339491455424e-01
2.408334091869958615e-01
1.589182922297471545e-01
2.390464168868618455e-01
1.613756661951326887e-01
2.398337016387204201e-01
1.612740594854567555e-01
2.403545439759764979e-01
1.605903789304399532e-01
2.406491085207174974e-01
1.594700859813700522e-01
2.383492871772660560e-01
1.610002407095392774e-01
2.394618313911249241e-01
1.604708160543748541e-01
2.404284625553179955e-01
1.603722382154493808e-01
2.410122150943962427e-01
1.600032076410261850e-01
2.386791418868303705e-01
1.618682686255863423e-01
2.391891688250514236e-01
1.607486697644670559e-01
2.401693982321761456e-01
1.602800776453429110e-01
2.409357197163087272e-01
1.597378143526645422e-01
2.413040048810135285e-01
1.618505538815499523e-01
2.392967304937502759e-01
1.609021606806156635e-01
2.401402892966505165e-01
1.606092900841620541e-01
2.407553210053104964e-01
1.599350485361263619e-01
2.412033160152565470e-01
1.617010996069384865e-01
2.392255879847623445e-01
1.610320373780210201e-01
2.400820143098804649e-01
1.606579549781631810e-01
2.405072898450882346e-01
1.599593198228178303e-01
2.410457861931642742e-01
1.615873141406878322e-01
2.392446024458110276e-01
1.611359962672207768e-01
2.398681836403422363e-01
1.607729542289654534e-01
2.402280952386033619e-01
1.598530043839747061e-01
2.410580278840927515e-01
1.615320678945387778e-01
2.392553477777830118e-01
1.612945238051406438e-01
2.396676829849283819e-01
1.608397893216564067e-01
2.400925628509567589e-01
1.596325204045976054e-01
2.407801821662426955e-01
1.586725962780258237e-01
2.391733793025199173e-01
1.613214315979290547e-01
2.397031588023535997e-01
1.611158138223347802e-01
2.400773397145334609e-01
1.599626906544570626e-01
2.409161471019363732e-01
1.590986520187329389e-01
2.390187596083393484e-01
1.615477241315411150e-01
2.397799450392398002e-01
1.612412688835902497e-01
2.400008112782802405e-01
1.601181616283932907e-01
2.406418712029975149e-01
1.590163490230087351e-01
2.388760634553641626e-01
1.613859392641245061e-01
2.396054098329661319e-01
1.611703432674359560e-01
2.401856432589668522e-01
1.605003423091898584e-01
2.407311431997756213e-01
1.594877590633648756e-01
2.383848801523584526e-01
1.613259560300193407e-01
2.393875930359056214e-01
1.607045122952986960e-01
2.401813147965415340e-01
1.605236054428077208e-01
2.408088234868973887e-01
1.598540275707508451e-01
2.412162354764971761e-01
1.617562755663439211e-01
2.390376068020737543e-01
1.606632044097486001e-01
2.398277363138103802e-01
1.599194842527999760e-01
2.408400892307716590e-01
1.595516376171570438e-01
2.416798061999940184e-01
1.624011156201491946e-01
2.392488882218931079e-01
1.616931205396520688e-01
2.396134109668103807e-01
1.603460692252982878e-01
2.402887411608849444e-01
1.591438284893104960e-01
2.412048635058567092e-01
1.616107835150637217e-01
2.393211635816137606e-01
1.613269115051405578e-01
2.400306180241570941e-01
1.610103723444488710e-01
2.405381173414556373e-01
1.601750758948175812e-01
2.411242311437158392e-01
1.620135062890028510e-01
2.389713759428497564e-01
1.611783646341738985e-01
2.397849058835310743e-01
1.605717279526618080e-01
2.405387308243022160e-01
1.602060310020569645e-01
2.411265122427964369e-01
1.594659600262075538e-01
2.389340527119477586e-01
1.614275869019315135e-01
2.396403420242249616e-01
1.607155272605169660e-01
2.404051076306512047e-01
1.601132992707429148e-01
2.409984180059342451e-01
1.595298112875276342e-01
2.385847046031208674e-01
1.613225198469270538e-01
2.393730574032880976e-01
1.603180472285794245e-01
2.403663214421475902e-01
1.600575748121508268e-01
2.411718332168157897e-01
1.597333914163231727e-01
2.388921036601543701e-01
1.619799841921290562e-01
2.392221248136391643e-01
1.606174729434080017e-01
2.401841631289550472e-01
1.599947534551428296e-01
2.410551332691491522e-01
1.598437362073149848e-01
2.387963245218695796e-01
1.620086798878031809e-01
2.390054910056753634e-01
1.607823070041121960e-01
2.399276473386322273e-01
1.597589913832213326e-01
2.410916568580464547e-01
1.597799262400507181e-01
2.414215635076251698e-01
1.620698081898588883e-01
2.391128254739320336e-01
1.608358214037247380e-01
2.399581955755911988e-01
1.602035559061110170e-01
2.408266487054240845e-01
1.598289959436460239e-01
2.414743708150194346e-01
1.620849360127845085e-01
2.390135456120021651e-01
1.612189307403170124e-01
2.396425421340231954e-01
1.600262725022698618e-01
2.406290271979643069e-01
1.596249936529109403e-01
2.415426340412163975e-01
1.621618382619675058e-01
2.393241340392969208e-01
1.618317283141478546e-01
2.395933703749782429e-01
1.605136491309423485e-01
2.403235240883460910e-01
1.594944967443361339e-01
2.413080578749241534e-01
1.619417937877601077e-01
2.392906067093453770e-01
1.616889064652471952e-01
2.398139386392454386e-01
1.610676825733325102e-01
2.401946348950721732e-01
1.598897985314411130e-01
2.409234080899840258e-01
1.587943774000651898e-01
2.392655714466405126e-01
1.615888253085419890e-01
2.397546533126504453e-01
1.611409095350495868e-01
2.402075971126588494e-01
1.600305334677777080e-01
2.410208838268947384e-01
1.592768774183297986e-01
2.390762519471325565e-01
1.616550478487617515e-01
2.395985417851801413e-01
1.610943778318201514e-01
2.401574692596619154e-01
1.601851349514145095e-01
2.408886047088041327e-01
1.593537858863369183e-01
2.388689292504413419e-01
1.615133658330182853e-01
2.396539240388631531e-01
1.611393201493270533e-01
2.399578965023917987e-01
1.602771238096916129e-01
2.406711785395286574e-01
1.593230330955811014e-01
2.388120839479645485e-01
1.616494442998429037e-01
2.395506801357804305e-01
1.612116440136812379e-01
2.401095256654678933e-01
1.605842281715588460e-01
2.407485560782911815e-01
1.597579849762092163e-01
2.413826864713401188e-01
1.617797111993703463e-01
2.392468738353576985e-01
1.609518038905344839e-01
2.400208018516679642e-01
1.603859788679243004e-01
2.408517611435154193e-01
1.599290349746746720e-01
2.414455735007392523e-01
1.621827880584885972e-01
2.390760244697874848e-01
1.609433784639032750e-01
2.399158691073882133e-01
1.603053196376473810e-01
2.407382054147164663e-01
1.600150127543109313e-01
2.413550626721061021e-01
1.622149595224857410e-01
2.389110943929152464e-01
1.610257287040646745e-01
2.397913447907617512e-01
1.604111256321168466e-01
2.406225985204457352e-01
1.599566706366619129e-01
2.413181603793778940e-01
1.621900349431569799e-01
2.391178526329197362e-01
1.614371155199013363e-01
2.397512124807910094e-01
1.607384305061265173e-01
2.401867664832119109e-01
1.598565134085333517e-01
2.409947997576129264e-01
1.616976535825805084e-01
2.390361320516026788e-01
1.614466597534940928e-01
2.395267241515122436e-01
1.607652297196258961e-01
2.402643881461968278e-01
1.598795213859324216e-01
2.411212452609035328e-01
1.593788876775616148e-01
2.390055064876708268e-01
1.616349673789067298e-01
2.396893722585350939e-01
1.611476533109492404e-01
2.402101602071680109e-01
1.603337015608622407e-01
2.406496377062589953e-01
1.592191076222714274e-01
2.388151235372787951e-01
1.613696668559532754e-01
2.396485865633702361e-01
1.610934941075150839e-01
2.402777078466108440e-01
1.605032682578930725e-01
2.405493950690371363e-01
1.594709944539583757e-01
2.384914906870219120e-01
1.611268350334416066e-01
2.394663791526249752e-01
1.604778332630357462e-01
2.405091439792370611e-01
1.607473912958411189e-01
2.410402035572343504e-01
1.604718812794506677e-01
2.384458989450838895e-01
1.619325165347582363e-01
2.387724770580402223e-01
1.604088777355159035e-01
2.400525137972493173e-01
1.598781451288197597e-01
2.411263790514510674e-01
1.601757600757198197e-01
2.414435798670737932e-01
1.623633783879770975e-01
2.390365492365058853e-01
1.611762797031180139e-01
2.397720793626007818e-01
1.601914941530415970e-01
2.404024597772327909e-01
1.594906956124742814e-01
2.413467002400317141e-01
1.617684324537464191e-01
2.394184111370938062e-01
1.616518110462440427e-01
2.399132560413992088e-01
1.609754667689779484e-01
2.402506338197485936e-01
1.596409529669738647e-01
2.410362177240316650e-01
1.615329931352075532e-01
2.392654797114086573e-01
1.612986491086939034e-01
2.399813463758885823e-01
1.610889328773471296e-01
2.401192542883356928e-01
1.600218977618521332e-01
2.408240180115492901e-01
1.616135662573258136e-01
2.387772173729042491e-01
1.608404169915407245e-01
2.398674538667230904e-01
1.606894016665031399e-01
2.405653961211864367e-01
1.602692392579577740e-01
2.410979608936882901e-01
1.598035316627902103e-01
2.386402340688278667e-01
1.610253550867505046e-01
2.393596888449354698e-01
1.602368903211380535e-01
2.404964315207026582e-01
1.600954294542988043e-01
2.410024909219585232e-01
1.598206442288357676e-01
2.386037475889358495e-01
1.614419728082415184e-01
2.393742524140756722e-01
1.604714060560726296e-01
2.404307173515552454e-01
1.603309209081127951e-01
2.411011169087617922e-01
1.601469379428027973e-01
2.385707344955401155e-01
1.618113028613059057e-01
2.390808985384611784e-01
1.606166313195089290e-01
2.401338736006738417e-01
1.599868269384421560e-01
2.410330955405967090e-01
1.598987269742579986e-01
2.388045442128082507e-01
1.623437412056791540e-01
2.391852688356200241e-01
1.611624200875454438e-01
2.399975642824052624e-01
1.601919323599688416e-01
2.405380385227471329e-01
1.594980926510232710e-01
2.413691911731559725e-01
1.617002743098860384e-01
2.393794374484283227e-01
1.612814476426476240e-01
2.400425001881885123e-01
1.607605124080374870e-01
2.405546751301428920e-01
1.599174370666793799e-01
2.412050045346456062e-01
1.618736201858950174e-01
2.390988606108387371e-01
1.608847309683071325e-01
2.400270841767388474e-01
1.606870453586169423e-01
2.406997069846399107e-01
1.603757462971805436e-01
2.410289231299021506e-01
1.620483385656700526e-01
2.386837863026746998e-01
1.606512002861513466e-01
2.395183413090409275e-01
1.597343073201732966e-01
2.406529341466123184e-01
1.600331636142075242e-01
2.413150470727218888e-01
1.625210630424328007e-01
2.386181203318264443e-01
1.611896504908337524e-01
2.394344136067190210e-01
1.601758835728667452e-01
2.406438993683020777e-01
1.600657889984327120e-01
2.413859114692415153e-01
1.600888721974157158e-01
2.388333548775981030e-01
1.618255632480945505e-01
2.393507120741273919e-01
1.605445993482048639e-01
2.402960486115914840e-01
1.598287799562725930e-01
2.412768381528066497e-01
1.597766479865579958e-01
2.388973368810450582e-01
1.619469165762185137e-01
2.391114401147149959e-01
1.607638525087601022e-01
2.399170563422294844e-01
1.595662199836239137e-01
2.411495543908981354e-01
1.594760454968655039e-01
2.388086805924178324e-01
1.621428187087700923e-01
2.392474971158467523e-01
1.610850641705879049e-01
2.399951910043681969e-01
1.600759139441789713e-01
2.408428326658372254e-01
1.596794550821589165e-01
2.385932403471873187e-01
1.618386110362242114e-01
2.390135362730141932e-01
1.608230953730421797e-01
2.398778067307229533e-01
1.599619793011164970e-01
2.409736967669257879e-01
1.598335584808582288e-01
2.415883199528002512e-01
1.623646006649348550e-01
2.389429684223250971e-01
1.611318540629633200e-01
2.394423813536360746e-01
1.597886058982529722e-01
2.406634769362628046e-01
1.593004910090619064e-01
2.417398501877678352e-01
1.624648135656343584e-01
2.392841232642647364e-01
1.618559089994966171e-01
2.395847562671202247e-01
1.604538210246183594e-01
2.403812656829129035e-01
1.594506284333011836e-01
2.414092338375739555e-01
1.620518393753449526e-01
2.391452965637042571e-01
1.615770980740188212e-01
2.395359782408453819e-01
1.605281022198668528e-01
2.403442368820629116e-01
1.596601927627077644e-01
2.412731667399242441e-01
1.621752045334848014e-01
2.391633695394487225e-01
1.617568994421951789e-01
2.397124665062448923e-01
1.610337779312660811e-01
2.402415596401440978e-01
1.599789392486692940e-01
2.409226887923502092e-01
1.591980354574893120e-01
2.390244277500538639e-01
1.614911606987875781e-01
