2.581234897220237023e+00
3.719160423472907429e+00
3.524083956970716081e+00
-1.343533342202145042e-01
1.779687812050284368e+00
1.203293903669746756e+00
3.067595462977071863e-01
4.183430443503684537e-01
3.486826242170180112e-01
3.205821032300200657e-01
2.651597401405866167e-02
3.921133289523991150e-02
1.034963751723244341e-01
2.426889663383955953e-01
4.007883146125720830e-02
2.409351291306660592e-01
1.616476473087229970e-01
1.337142337709327222e-01
2.677735969797034876e-02
2.652383440523183866e-01
1.205835135136325981e-01
7.293533912801962449e-02
1.258505906192128147e-02
2.636650578434716619e-01
1.491533184481099727e-01
8.601328230050095391e-02
-5.373571284438841134e-03
1.204251860916101674e-01
1.638833731608070887e-01
1.542332629223882035e-01
-1.206239346990216517e-02
2.998743965196463968e-02
6.576085356045116570e-02
2.375604639064709533e-01
4.780285776417141086e-02
2.565835070361863757e-01
1.375117472897071924e-01
5.893033262305524822e-02
-1.262803429075790886e-02
5.558865767952772541e-02
1.078827541019641706e-01
2.236010784902976445e-01
2.876777303583972351e-02
2.078392125015925407e-01
1.753023390231002732e-01
1.210171962014204433e-01
5.451054853040956244e-02
5.763829072740984938e-02
-2.308716474220273446e-03
1.722578045940141855e-01
1.834637564252878383e-01
6.772214613528323990e-02
-8.756525064028701857e-03
1.108316436672259972e-02
2.568306511105826750e-01
8.171823520158479071e-02
1.761551985193935410e-01
2.179321519429550102e-02
2.232969188868410559e-01
1.741112229554403479e-01
1.424174351630871083e-01
5.280933661694177383e-02
1.085930878863062277e-01
2.042174809952051334e-02
2.676616424235142566e-01
1.299954368940248739e-01
5.976568924009451056e-02
-4.001216043048221385e-04
1.817098557213134014e-01
1.836732339956911875e-01
5.084598103944223957e-02
-3.174597133649546647e-03
1.999309011362729316e-02
2.558537209559615389e-01
7.698555589739952687e-02
2.060232308956712055e-01
4.119196185961762624e-02
2.613673206986948938e-01
1.285025341955491895e-01
7.134903581134270645e-02
1.010172138858970309e-02
2.548293396589491611e-01
1.618924204227469021e-01
1.239720203264459419e-01
1.638720584913064271e-02
2.442848955271491318e-01
1.655634246590672043e-01
1.386894757140200163e-01
2.897481698643311621e-02
2.643151372366952523e-01
1.068274410716605893e-01
5.530843238150177921e-02
-1.385580944132261925e-02
1.611732861542135992e-02
4.350219055604642726e-02
2.451236121837305493e-01
5.768988381227211498e-02
2.573284016140908737e-01
1.024074337873048246e-01
4.665200786021080764e-02
-1.325736493931188066e-02
5.920890869232788012e-03
1.736856613364945803e-02
2.461949270232900722e-01
6.689842983103792828e-02
2.326482309438659135e-01
6.357168575706775848e-02
2.292857803986234067e-01
6.059357815324623031e-02
2.384191436577332568e-01
6.962432046837457866e-02
2.063159958573231034e-01
3.940340733340122470e-02
2.616243182800822020e-01
1.319134424928642135e-01
5.104583722049087224e-02
-1.056293204056823684e-02
8.395447185463458806e-02
1.399594303130614059e-01
1.984825199635879833e-01
8.218532423746344184e-03
1.252147869112437140e-01
1.604582642411806204e-01
1.439987760964861752e-01
-1.331815780526498204e-02
2.018952131172038061e-02
4.836597855853726202e-02
2.419360693604427626e-01
5.410823579077751744e-02
2.600458788958133760e-01
1.125387584838591498e-01
8.697616591563980815e-02
2.509932702903754781e-02
2.389207122925965099e-01
6.397499665996136953e-02
2.371354782273538131e-01
6.777177316799516682e-02
2.121925165140427505e-01
4.311102156538734742e-02
2.600933421729247352e-01
1.222793488116928340e-01
8.363302039956056755e-02
2.176118253489918442e-02
2.582380637036529314e-01
8.909927612427467891e-02
1.352080452034366831e-01
1.566802842131848365e-03
1.444760655450184617e-01
1.729113453455618232e-01
1.187490012798618766e-01
-1.679766488373876307e-02
-6.952210070982954224e-03
7.454526605762561153e-03
2.463373591121268899e-02
2.479820353647367859e-01
6.536959409856461789e-02
2.368361169647611453e-01
7.029811009084371842e-02
2.029947081575242396e-01
3.786900020544428647e-02
2.592384941308957802e-01
1.385572689494609377e-01
6.249170077076851570e-02
-1.235624214315349939e-02
5.947527731755056224e-02
1.159953993921842424e-01
2.197047165316642348e-01
2.435439549293510683e-02
1.931147653293895095e-01
1.766304525694665506e-01
7.078901830662374939e-02
1.947185383755422466e-02
2.545445032326192902e-01
8.542326645352135706e-02
1.576532247612988658e-01
1.235609208978505347e-02
1.911641348940151253e-01
1.798891147015677927e-01
4.942249325978802232e-02
-8.212936654354813931e-03
1.177610023923129773e-01
1.650959888356114957e-01
1.565881082827702553e-01
-1.091690242778419438e-02
3.264255496688565905e-02
7.119794647272101318e-02
2.369447362620572539e-01
4.375400281675506653e-02
2.547452002029433338e-01
1.463394542287196620e-01
8.559437554961558947e-02
-4.767701543947075807e-03
1.267535662917778638e-01
1.668531660911170555e-01
1.456613382477761620e-01
-1.426272396512373586e-02
1.773704033334608243e-02
4.045553987219469017e-02
2.418539972386399839e-01
5.790420858588989084e-02
2.561194728401096077e-01
1.013878556899095451e-01
4.730895186869930880e-02
-1.299124987215851540e-02
6.714189241005969269e-03
1.750196611784529677e-02
2.447935888335492916e-01
6.785509807659295678e-02
2.311912389942799295e-01
6.223051049788142636e-02
2.314526650414092113e-01
6.046518552504972360e-02
2.369573647538278371e-01
6.741444376121455417e-02
2.172685875752214946e-01
4.961755959468012317e-02
2.584304497298844927e-01
1.047064223741107913e-01
4.477741492406643598e-02
-1.314418122712595303e-02
1.776400136876276487e-02
4.553608385428609129e-02
2.437325349023464205e-01
5.809784239442364329e-02
2.565702929849275060e-01
1.043932198087769991e-01
6.028735092100803022e-02
6.498434980250155334e-05
1.912245927890607877e-01
1.829817814974060708e-01
3.274355990508175107e-02
1.460285669238476887e-03
2.891423856760333075e-02
2.524790055385592868e-01
7.083940170523075897e-02
2.279115739894766457e-01
5.804839473233577851e-02
2.421650761345603975e-01
7.309645855040496076e-02
1.952743442743987978e-01
3.318157591779656579e-02
2.525569768824388328e-01
1.514517604477474966e-01
1.038634121959879086e-01
3.111338271665173814e-03
1.823583261478795292e-01
1.828349010359986704e-01
4.977167012643218119e-02
-4.015324126826702589e-03
1.982620531153392665e-02
2.541319629353115950e-01
7.586086500522863652e-02
2.062945005646920904e-01
3.966050132107340476e-02
2.595527565149826632e-01
1.312918063094674626e-01
6.476152663974321655e-02
4.656219175450917319e-03
2.199209475868955654e-01
1.799389634086420720e-01
1.335809156237872386e-01
5.686626943527324507e-02
1.104311743167232934e-01
3.771765337813719199e-02
6.666908605174040603e-02
-1.438468546825522401e-02
1.238484995484672932e-02
3.362936643057987812e-02
2.456502527636614253e-01
6.093735960912864680e-02
2.512553349526691071e-01
8.834190387594728633e-02
1.139953271966038101e-01
-5.535500804585822936e-03
9.978852626614787003e-02
1.498410306716423390e-01
1.798266052372319013e-01
-1.700213106162138440e-03
8.094454559478821143e-02
1.312857316182365897e-01
1.989401159230468619e-01
1.116835531955329489e-02
1.370190970428443178e-01
1.670293186353261905e-01
1.252205255605684520e-01
-1.652577571762418526e-02
-8.548642815499358106e-04
-1.043769622968738695e-02
8.344571372719303270e-02
1.421096957579637277e-01
1.991222525356270423e-01
8.726884092344656951e-03
1.246316241464903996e-01
1.607034917611247227e-01
1.451073007229214673e-01
-1.395133771989622885e-02
2.008914030627832747e-02
4.921472328587345180e-02
2.413502212201364683e-01
5.424887104764632151e-02
2.594753340720787338e-01
1.139671323287266280e-01
8.948072555977350240e-02
2.462015657253605050e-02
2.353331639071507275e-01
6.115676849892100198e-02
2.442868688539620026e-01
7.797305431731460512e-02
1.673230974995239817e-01
1.597834824278261678e-02
2.073414208384315727e-01
1.776691339068121045e-01
1.090763686158577328e-01
5.163293119502768147e-02
6.631965394469548081e-02
-1.437223458818401994e-02
5.682794865259337830e-03
1.451912378569109562e-02
2.461798162296677805e-01
6.705814623697707588e-02
2.278900121919122945e-01
6.045981321766737138e-02
2.378961387977108488e-01
6.937619176434754731e-02
2.082605528908988146e-01
4.110265459799521126e-02
2.619382578098099490e-01
1.278142849146615134e-01
7.057557253091051308e-02
1.130533049742543303e-02
2.542307000715361420e-01
1.593134924877895597e-01
1.191780564475284770e-01
1.215708332241377532e-02
2.288508808071445244e-01
1.742939158760613838e-01
1.452524586430012921e-01
5.268955556191373679e-02
1.026577338429601333e-01
1.626641290556785774e-02
2.579278017602996131e-01
1.525876867567269035e-01
1.025754750256384212e-01
1.773244228473552135e-03
1.739767666894150855e-01
1.819857808327225435e-01
6.744767653068228785e-02
-9.069044171805151766e-03
1.033139657329271849e-02
2.618733630615394103e-01
9.136530625639101288e-02
1.330501086159910362e-01
7.421552047246394610e-04
1.379072642349847000e-01
1.715436858182378121e-01
1.245968236065806006e-01
-1.660467171321647339e-02
-3.099260237923060976e-03
-1.011369450723821617e-02
2.525035147575501251e-02
6.402920626362745837e-02
2.419518384139424383e-01
5.195112350890628006e-02
2.580726382866607160e-01
1.283764542170719170e-01
7.587322253703367159e-02
1.455325596106153870e-02
2.666292800344970959e-01
1.378668904439396825e-01
6.077560143590993169e-02
-1.266966927726372039e-02
5.048785003578693670e-02
1.040815514483469095e-01
2.271237488537113380e-01
3.067065769735692962e-02
2.181682325164825964e-01
1.720110148173169817e-01
1.383439568139752385e-01
5.571355420891707655e-02
1.143549097051740626e-01
3.295718636060466361e-02
2.043322872582892802e-01
3.476496287825728976e-02
2.530633816192400243e-01
1.503002761680892196e-01
1.034388487213384056e-01
3.559951061062400363e-03
1.775761390169975917e-01
1.822157098269306941e-01
5.548959573950339175e-02
-5.200332683134070363e-03
1.701105339024768306e-02
2.556982534916387162e-01
7.696913044659603464e-02
1.974734817830388900e-01
3.578897855040365228e-02
2.558918790059618309e-01
1.451849448504219375e-01
8.138862807060624760e-02
-7.167534919834652601e-03
1.118183398542062085e-01
1.578511075123206764e-01
1.660692525986577350e-01
-6.773507876967430757e-03
5.087805620238497473e-02
9.979683784441920058e-02
2.245840331383195942e-01
2.999374777056286814e-02
2.178485375460026963e-01
1.722672852972459978e-01
1.377452888797814079e-01
5.603169916496093805e-02
1.142282291161284269e-01
3.400021459821989112e-02
1.867166730284151865e-01
2.361257202414219353e-02
2.270303147197916815e-01
1.714616547735909602e-01
1.449770257408116991e-01
5.126649927815916941e-02
1.013029334353441058e-01
1.538544686811483403e-02
2.552025205116642548e-01
1.563389950696602304e-01
1.136826976564883906e-01
8.267315966169804659e-03
2.114101189082053800e-01
1.816125409259707890e-01
1.142430031414445463e-01
5.384650334676808342e-02
5.250033951489509187e-02
-1.289925429242287126e-02
-5.104817671275267352e-03
-7.951825195632972534e-03
2.535087079122688974e-03
7.790084219764521756e-03
2.679155954987569310e-01
1.368712281604097525e-01
5.524181606776896319e-02
-1.329319831420964354e-02
3.903671631483596888e-02
8.592102443120520905e-02
2.362051899169546332e-01
3.912162767877684633e-02
2.421722270896876639e-01
1.584647790046374016e-01
1.263840437627249402e-01
1.929692003242024223e-02
2.560312897603450599e-01
1.536809621469744369e-01
1.082055745420667653e-01
4.745905827118340747e-03
1.903189635404387015e-01
1.830732124955192497e-01
4.248299242647968210e-02
-1.302734747988238892e-02
3.583535046032818028e-02
8.169914345613746298e-02
2.379929828436093686e-01
4.158890525038155123e-02
2.469232331810865821e-01
1.532562419952404886e-01
1.102231643437382447e-01
7.959156421665392056e-03
2.072617238695850517e-01
1.807585013150762587e-01
1.076870327230600999e-01
4.941521033521151240e-02
7.405444049740153578e-02
-1.465824575177440171e-02
1.322094620058334412e-02
3.633653654622842621e-02
2.449156503730365586e-01
6.030320408144482225e-02
2.529555173344116281e-01
9.088082372326621028e-02
9.130781731508737231e-02
-1.122398992850905282e-02
6.052398071282272946e-02
1.151505673639786481e-01
2.188743617091078453e-01
2.348666622452186270e-02
1.920929195449202209e-01
1.764659680404689068e-01
6.274582188359896506e-02
1.038844792647006243e-02
2.550285428811855937e-01
1.588374340406782936e-01
1.171949692387859177e-01
1.087725810870738066e-02
2.225018454279754088e-01
1.768016987943642482e-01
1.389535776581704019e-01
5.692674582858683885e-02
1.145376512965417676e-01
3.308285657804550806e-02
2.036152108392559890e-01
3.425185691067914040e-02
2.520230355548649381e-01
1.516445533615280450e-01
1.076966725572540973e-01
6.014959977723791096e-03
1.921501952472946251e-01
1.829681700310906711e-01
5.166706575981473704e-02
-4.035117033482329280e-03
1.580904249665622263e-01
1.791444972440542349e-01
9.855594299486217236e-02
-1.550985057886291284e-02
-6.774579763809933895e-03
1.534770748641268723e-01
1.811561771657295705e-01
1.061960457688296278e-01
-1.607312345193825584e-02
-9.305119326255859719e-03
1.082100685754343872e-01
1.583133356580874729e-01
1.737390798237591627e-01
-4.344167142014862884e-03
6.146927173977485837e-02
1.121411792089734571e-01
2.165599263856178847e-01
2.246883701545837608e-02
1.908733303810467574e-01
1.764060404387647329e-01
5.345664717489175682e-02
-5.906363409669075550e-04
1.834320187433047256e-01
1.839167358052747892e-01
4.649871815652270590e-02
-1.958534485829857303e-03
2.214100722027797022e-02
2.553625942071163779e-01
7.590853265540838113e-02
2.113123618339612375e-01
4.547828845438983691e-02
2.609859046970466889e-01
1.159429267266768177e-01
8.455677351444110257e-02
2.199177155511710530e-02
2.553361300214576635e-01
8.360135408804503232e-02
1.658621630794464841e-01
1.672095234750361689e-02
2.074319080737584420e-01
1.784231001041026443e-01
1.141704105293097904e-01
5.250249613022484052e-02
5.610629604285291561e-02
-1.361141194935297158e-02
-3.755956733055948807e-03
-1.082975300602043861e-02
6.494277448227253613e-02
1.231969715907221818e-01
2.175223495942838758e-01
2.079162865564819496e-02
1.806370457572193666e-01
1.757844161237893665e-01
4.539983771314554106e-02
-3.393446886386422209e-03
1.989459915618629546e-02
2.536333463554082401e-01
7.535783534897705360e-02
2.087490233193423361e-01
4.156045271722753204e-02
2.628560384945322070e-01
1.263406341344711081e-01
7.879405595019657593e-02
1.810901361667446169e-02
2.672725454155185920e-01
1.173345346793041033e-01
5.608887518947779094e-02
-5.721736871364567142e-03
1.426657512227707814e-01
1.752407349391263414e-01
1.242186868793342530e-01
-1.673980181332564501e-02
-4.951515492457059589e-03
-5.289875512401807055e-03
-1.047488636530537198e-02
4.001919354554852454e-02
8.928461012495976512e-02
2.351892191009080368e-01
4.046640452013287870e-02
2.411506102360649606e-01
1.595121259529397317e-01
1.304688642413646127e-01
2.243383374064582270e-02
2.636357310109353480e-01
1.393893773145972736e-01
6.505936917005163134e-02
-1.186088495010620414e-02
6.211332032600960784e-02
1.182093584947661452e-01
2.179175204089726092e-01
2.246210860815863603e-02
1.872766496118000445e-01
1.763234974127682042e-01
3.706536582736357638e-02
-9.454373440859340644e-03
-9.139221563687259520e-03
1.131171995508872818e-01
1.630108198774973260e-01
1.660190351456338198e-01
-8.461649667958717758e-03
4.663459377579455556e-02
9.140119242797987986e-02
2.274368230581202965e-01
3.485156296272201581e-02
2.294376373325896223e-01
1.678171028765377826e-01
1.444306019250454765e-01
4.309126106039457005e-02
1.454724800854916011e-01
2.954050628660365684e-03
1.426443448776062994e-01
1.729312129257380426e-01
1.165087239019504256e-01
-1.679098506394574239e-02
-7.911103357603236144e-03
1.689255686677841942e-02
4.817519863312862832e-02
2.467072095082281091e-01
5.895381750752129446e-02
2.557255997908060574e-01
1.048442276723257488e-01
6.033049594228513668e-02
8.369639331265138048e-04
1.946021562062710264e-01
1.834241705376261078e-01
5.107298510267210823e-02
-6.140322040439327375e-03
1.401649095691995806e-01
1.750163907993147194e-01
1.245003189039907421e-01
-1.676364023050094104e-02
-4.801185218083695548e-03
-4.718834072426673909e-03
-1.061780704324263337e-02
5.490409316554584196e-02
1.104629298281945560e-01
2.258526376805783942e-01
2.950363287510502502e-02
2.099915134087751434e-01
1.745038191988557141e-01
1.256102750748265273e-01
5.528023320424518133e-02
8.507296542548659080e-02
2.654385773598024953e-02
2.142052457462569337e-01
4.219019208124684395e-02
2.595526191941798233e-01
1.343128154694537280e-01
4.828007812411823363e-02
-1.325793568514676418e-02
3.266866414747836289e-02
7.577897068418174009e-02
2.382613347297175832e-01
4.586828705296322473e-02
2.530933231906821734e-01
1.447074824922509884e-01
8.397114754282100635e-02
-6.100514509424833504e-03
1.213563788947174121e-01
1.628977690189141736e-01
1.540251757597901339e-01
-1.130843467111885756e-02
3.011872594315084806e-02
6.764693208736165253e-02
2.380811418963100778e-01
4.588168793449936417e-02
2.568337310776283022e-01
1.394043198673572681e-01
6.807042269431987092e-02
-1.057740010067988005e-02
7.797379581750685240e-02
1.340101604747240549e-01
2.040131440999790324e-01
1.194853582842746349e-02
1.426231185604838192e-01
1.679248006505196789e-01
1.172941001439261888e-01
-1.671159593870200077e-02
-6.516914748947661221e-03
2.380266303966040511e-03
1.045473432232183267e-02
2.662239291619415416e-01
1.009979132597033508e-01
8.988701339164656412e-02
-1.129165220706207506e-02
6.022971410766278511e-02
1.153796117999704302e-01
2.187594508705889007e-01
2.370139820757318286e-02
1.920541259936910106e-01
1.765776126097232668e-01
6.453585856136898058e-02
1.295270166324484669e-02
2.632385852869479903e-01
1.451376308825160222e-01
7.558421029269593583e-02
-9.501774637972021723e-03
8.976312889465462574e-02
1.428610579837739092e-01
1.929919687497055059e-01
4.532021697952927884e-03
1.083277913968509754e-01
1.535942529940758083e-01
1.647657222581425940e-01
-7.028184414146234488e-03
5.401866559967775927e-02
1.024931605131458590e-01
2.237079445404346889e-01
2.773877361003845507e-02
2.096347688324636249e-01
1.752566229894121363e-01
1.263992480875628377e-01
5.605196423055952559e-02
9.156385252867135782e-02
3.059117424189911408e-02
1.421316064138807844e-01
8.771673642027997403e-04
1.308337667382998837e-01
1.682107942296577896e-01
1.350879825499965992e-01
-1.555413055169934528e-02
6.712835664955756586e-03
1.308099075103126910e-02
2.485281942918801112e-01
7.051031303619975654e-02
2.162749016762315346e-01
4.984412165580530407e-02
2.578433529949650804e-01
1.041377544055032411e-01
4.569480075716954304e-02
-1.297214880259489264e-02
5.926879395979362496e-03
1.548699358945610297e-02
2.470221910291952039e-01
6.875070560025095534e-02
2.286319065716237442e-01
6.041750058648171634e-02
2.374509423640641659e-01
6.778530923674137842e-02
2.135530658438013207e-01
4.445260601508718712e-02
2.626057789336204151e-01
1.185228108275234726e-01
8.514051470753566941e-02
2.329527573931017281e-02
2.501756867154395492e-01
7.695135158096096106e-02
1.908110427746492199e-01
2.915803945193399735e-02
2.485478690339178454e-01
1.595608160425724398e-01
1.241417557797442062e-01
1.751930019736805053e-02
2.487986384135762452e-01
1.615568903327808115e-01
1.293839402519457726e-01
1.986432638168052559e-02
2.588582979818502827e-01
1.524451642701336873e-01
9.807871105166438008e-02
6.939646010352502545e-04
1.610150395664297351e-01
1.789971262612294611e-01
8.931055199889895158e-02
-1.356853935380441210e-02
-2.850521970646003635e-03
2.048208468035004337e-01
1.864020110064458779e-01
9.378823164174948657e-02
4.269384682402812409e-02
1.059830169964730007e-01
-1.134886165082312111e-02
5.803162614843533629e-02
1.095728110166120511e-01
2.225897592985808804e-01
2.692927323150906896e-02
2.005580339548918012e-01
1.767537000338067488e-01
1.021010574158919271e-01
4.671021411214498764e-02
8.715183239095658507e-02
-1.426047718682585744e-02
2.945246517928857763e-02
6.796579524147254581e-02
2.390343884044288658e-01
4.826582202874162009e-02
2.568355278745497183e-01
1.366193658794407906e-01
5.634962483626867330e-02
-1.289770043596433213e-02
5.006800960157976876e-02
1.018671360179825847e-01
2.279903202686013042e-01
3.275447786629492181e-02
2.218225825911607774e-01
1.710104517570443794e-01
1.424346516631067039e-01
5.161285498102540642e-02
1.088990670164272367e-01
2.139617181719901187e-02
2.653335095344441785e-01
1.293808333620486417e-01
6.043944936758815362e-02
-2.539710288750296713e-04
1.854321100747110540e-01
1.833262230928016101e-01
4.476773824149108544e-02
-7.981229677057651972e-04
2.376309419222225744e-02
2.532759155562671061e-01
7.463658464191952335e-02
2.147716939405489023e-01
4.726651430623247246e-02
2.605862977236859113e-01
1.078516487225521514e-01
6.833173857074481550e-02
9.032209815361952679e-03
2.444343891244274425e-01
1.685891573751670258e-01
1.405635711078166150e-01
3.175121458239878874e-02
2.580131745318955394e-01
9.115182256926536442e-02
1.159195466611665920e-01
-4.718920129579176094e-03
1.028298198393556573e-01
1.528184469541193358e-01
1.746983875156680743e-01
-3.534896292815800298e-03
6.993138205401194796e-02
1.202325258300692423e-01
2.104564441817368681e-01
1.842456742158838853e-02
1.662344488494199024e-01
1.759601230505463965e-01
7.116353416234688645e-02
-1.019643096168076565e-02
5.701551027911164714e-03
2.684032887967864323e-01
1.421832166678433373e-01
7.207936007740385620e-02
-1.069728626400941532e-02
7.461378426875579783e-02
1.310232033163518106e-01
2.067688424000615477e-01
1.409614940166445396e-02
1.514818061566786112e-01
1.709948023782465465e-01
1.031449535451712252e-01
-1.616410560523638684e-02
-9.794728925386938026e-03
8.929822967669982792e-02
1.468028556396829276e-01
1.943186112266367949e-01
5.189938805703848967e-03
1.100079708088926439e-01
1.520102034123363421e-01
1.648583218504362513e-01
-6.438486190743591270e-03
5.457568113874293469e-02
1.043836800093440181e-01
2.222089946990593312e-01
2.737417296707145981e-02
2.090949476896657167e-01
1.744399767162789217e-01
1.193822455599061472e-01
5.518589221648840387e-02
5.322035665595116483e-02
-6.386286199650385333e-03
1.328634011420344596e-01
1.707859713849229077e-01
1.383883333536429228e-01
-1.571855047550232976e-02
6.059873104041642831e-03
1.394472880197611397e-02
2.440210970275152325e-01
6.764221496541933387e-02
2.299884293753706455e-01
6.048919694206119496e-02
2.362896984950451085e-01
6.532669809499674907e-02
2.212069629166978080e-01
5.157613639928695232e-02
2.562466200091113588e-01
9.979188657146964569e-02
6.215057460494233244e-02
-1.399048465800929904e-02
2.195033451115848896e-02
5.452957987446621635e-02
2.441291655450267828e-01
5.455808879684680840e-02
2.584383005964278057e-01
1.185329625109460550e-01
8.966961384664343115e-02
2.511644597766862080e-02
2.383761636205218581e-01
6.165750005021179703e-02
2.416694733675034679e-01
7.342240752123124770e-02
1.914846953637641125e-01
3.078580911821153163e-02
2.480133224464667607e-01
1.569867327847234151e-01
1.211478396922730100e-01
1.399291110463949869e-02
2.396252544669109086e-01
1.711197042947432412e-01
1.439665825734210702e-01
4.011178719702783446e-02
2.033739512992715215e-01
3.490780939660612092e-02
2.536049323478762885e-01
1.498182825478931723e-01
1.008625267788176294e-01
1.099531172701821973e-03
1.690108411299030000e-01
1.813353950031908468e-01
7.226202742183295002e-02
-1.004834620405422804e-02
7.570071611934027153e-03
2.712978208260491964e-01
1.229754388727352793e-01
4.918055350686932614e-02
-1.240650570523224236e-02
5.439805051684049042e-02
1.098049327683834897e-01
2.245246006152340490e-01
2.794462810969630673e-02
2.076788457253538334e-01
1.746925514854462125e-01
1.188370025227595828e-01
5.453449006948456190e-02
4.219079162480652428e-02
-1.146162863973020779e-02
-9.498628567994387914e-03
2.442304090735457692e-02
6.381501818919411984e-02
2.441008978055500822e-01
5.075334491326613517e-02
2.575491527052435892e-01
1.279078544320675359e-01
7.806968210432360666e-02
1.697085481965002543e-02
2.679344569819166466e-01
1.246239835547255370e-01
6.321274060690201813e-02
2.145468052085981563e-03
2.049656063035752707e-01
1.839214946518876737e-01
1.004529017828814097e-01
4.691507923083174797e-02
9.038962156844891627e-02
-1.389551269551679222e-02
3.380547626203431189e-02
7.531217758028614651e-02
2.386740766958012627e-01
4.491246810002882950e-02
2.511567295335691563e-01
1.479155835020386500e-01
9.342195425686973531e-02
-1.614580457798585290e-03
1.507389471270729475e-01
1.753782665439356792e-01
1.097852916928874767e-01
-1.661326418740941349e-02
-1.000772899578439637e-02
6.985029061942496509e-02
1.292518271768556548e-01
2.135261422701569267e-01
1.760662721873335751e-02
1.661176597598185978e-01
1.741529324081423913e-01
7.497117771548868215e-02
-1.166463237375707680e-02
3.659506786231499914e-03
2.566485830517429845e-01
1.611592441274470600e-01
1.226560386244706091e-01
1.378268428013293585e-02
2.372403231517014877e-01
1.724527218670306450e-01
1.449264888669440365e-01
4.345844907120609280e-02
1.566503857317639858e-01
8.776980038552383706e-03
1.700069676338825109e-01
1.777961978903422613e-01
7.117559720679328406e-02
-9.136734056991327110e-03
7.974919342817372164e-03
2.698890438836173411e-01
1.237945863643549471e-01
4.780234884546043922e-02
-1.280533776783059074e-02
4.803342105753240915e-02
9.903056084512326662e-02
2.310110490699945063e-01
3.429645243014565331e-02
2.245298579313219356e-01
1.697851756635014864e-01
1.438970190344151800e-01
4.849824288303369868e-02
1.059043454866573919e-01
3.452129507886898124e-02
1.093347736010510662e-01
-9.330993632169624907e-03
6.942221093981965074e-02
1.246037809984219258e-01
2.105221085882590382e-01
1.736685149312811038e-02
1.659832456610921547e-01
1.745694797261194420e-01
7.569662781571871724e-02
-1.168355826422088836e-02
3.672150015958355190e-03
2.556435779959563281e-01
1.621823581351401478e-01
1.243469648680754630e-01
1.537986219636174046e-02
2.424907292741743658e-01
1.666805889591146117e-01
1.406794875906299813e-01
3.469348753039409178e-02
2.470808806210878783e-01
7.603190627569768323e-02
1.913684746191762209e-01
2.998016908463367255e-02
2.490118333676959173e-01
1.564650552694003827e-01
1.224337852325020903e-01
1.534501887874322769e-02
2.391104508792311623e-01
1.693105525195897076e-01
1.434330292250403649e-01
3.698015347792997509e-02
2.293147484731888064e-01
5.425409547859302850e-02
2.551075197408433359e-01
9.390099087456847682e-02
8.996783752075944440e-02
-1.163126332116328800e-02
5.892560394852909555e-02
1.124965435437121630e-01
2.209673960964997907e-01
2.459119911528257624e-02
1.983351048965470431e-01
1.777511283354253346e-01
8.607858617788960442e-02
3.610714007326187858e-02
1.213459572835539485e-01
-6.735698660413466134e-03
8.778683141050196148e-02
1.393272975741599029e-01
1.942639274857708709e-01
7.142412787790266941e-03
1.142668972859549048e-01
1.569671913779176198e-01
1.571637418824432531e-01
-9.970069382934322946e-03
4.031688228908178462e-02
8.325746270504695568e-02
2.333980705382625032e-01
3.784300504716180819e-02
2.407663619944792333e-01
1.600811023176301195e-01
1.305401418223904320e-01
2.288173269224205719e-02
2.635243775853759463e-01
1.386873768220671932e-01
6.189881594260075726e-02
-1.262817316320251522e-02
5.494767439521255903e-02
1.103628484096475654e-01
2.233231136283920781e-01
2.752285121238848969e-02
2.052872609001034077e-01
1.752955800271533415e-01
1.134939443307952101e-01
5.147685607107842232e-02
5.755722720717842966e-02
-1.379966572992365366e-02
-1.595455460721895494e-03
-7.720067905684972059e-03
1.390690704503494135e-01
1.749030103140258308e-01
1.308713159631751388e-01
-1.661131252711616629e-02
-2.085439407431138870e-03
-1.058236923786703108e-02
7.934736962060946752e-02
1.380441189887710030e-01
2.041377272886926719e-01
1.137335423656141500e-02
1.379291481473740311e-01
1.661851421807856444e-01
1.242006440035490905e-01
-1.635961130857517196e-02
-1.395670340214358752e-03
-9.975620874172507965e-03
9.755997968685969912e-02
1.518989894499198356e-01
1.856639895907248594e-01
1.652155291267634780e-04
8.833643284049577660e-02
1.374233634288225536e-01
1.912598315179663833e-01
6.444066428958516307e-03
1.156272177608940466e-01
1.567852560616821711e-01
1.573387620993406677e-01
-1.048674187603719325e-02
4.036156668694376726e-02
8.292917519873266308e-02
2.322247708649141651e-01
3.962462858147176165e-02
2.429384902372030419e-01
1.581017851456872347e-01
1.279489274004855792e-01
1.964452332623906408e-02
2.591481717030101328e-01
1.521946928589237857e-01
9.727424393532958791e-02
2.293343770630323648e-04
1.582636008264503291e-01
1.782562935937337389e-01
9.449916264756359763e-02
-1.449228317439187931e-02
-5.686754681163870562e-03
1.724944180264202376e-01
1.859680117549760148e-01
7.012897642021773126e-02
-9.243132889638572269e-03
1.080116436181511111e-02
2.583473519520332884e-01
8.463492714830798958e-02
1.625350514325318019e-01
1.343327438122501188e-02
1.978408892607760872e-01
1.801861239524613911e-01
8.599345420754350711e-02
3.572758423498974961e-02
1.226490634477818975e-01
-6.615792393520310635e-03
9.052332112909211581e-02
1.410090030772302716e-01
1.903024799426853153e-01
5.461918125834068494e-03
1.084429410262413573e-01
1.528612377656194676e-01
1.660260976287994128e-01
-7.023759337110397835e-03
5.617443878796365281e-02
1.040687802055124817e-01
2.207841001299946648e-01
2.796907001611171131e-02
2.065348899877420541e-01
1.757944965746136567e-01
1.179104199283905891e-01
5.372839879939988322e-02
4.340689188362477358e-02
-1.098243790598303973e-02
-9.692582752600641463e-03
2.239987701649309715e-02
6.193616809198232431e-02
2.434900840921044862e-01
5.248010249025462232e-02
2.596740055301331451e-01
1.229411305805110377e-01
8.618813195968781649e-02
2.268345442403425782e-02
2.559155486565059534e-01
8.766446161572948037e-02
1.450307342707743419e-01
6.443106386744505004e-03
1.648824029352455589e-01
1.774804975214198111e-01
8.147855015071599205e-02
-1.172748740532119152e-02
1.952137671682561623e-03
2.435802062342566354e-01
1.724890152824077594e-01
1.447408450493108123e-01
3.751124135270877263e-02
2.273314383834963981e-01
5.247029232947408861e-02
2.575465424238463363e-01
9.946264981729374677e-02
6.395447341328754087e-02
-1.403653735866749498e-02
2.350761839133764380e-02
5.902100907217161518e-02
2.427330423966416184e-01
5.138989000606020846e-02
2.605771373738830499e-01
1.252503370008739569e-01
8.367395520157412669e-02
2.151093392051071224e-02
2.599334526325356443e-01
9.324918939403546714e-02
1.163775497676132892e-01
-5.119598379424141789e-03
1.076594609103645184e-01
