3.185067680146417057e+00
5.919688224921813458e+00
7.334332245104725700e+00
-3.925035845521816502e-01
6.065864024957792644e+00
4.634151058078013641e+00
1.552207746372650909e+00
5.031964768804604304e+00
2.033693338359596758e+00
2.920861728093248288e+00
3.776067712024113288e+00
2.366637248345708142e-02
3.038330758170412427e+00
2.572542830287424032e+00
6.196553972422411682e-01
2.435056089270966062e+00
1.279624291899642108e+00
1.448143490230896058e+00
1.825849731458996539e+00
1.608295326835989525e-01
1.515077265553484986e+00
1.384986193071227722e+00
2.178637083257382034e-01
1.091973813927704873e+00
8.052626995191753956e-01
7.291570850979416374e-01
7.609640939874418031e-01
1.748123091198592882e-01
7.632150577456761065e-01
6.996425297881672112e-01
5.443504674579432989e-02
4.256067846518974407e-01
5.181062359401727990e-01
3.821491281830136089e-01
1.902444240420551047e-01
1.581817362503010194e-01
4.083106631768230743e-01
3.051714145418586988e-01
-5.769888902990237198e-03
1.269259070122029376e-01
3.579517869874034863e-01
2.180808258474574435e-01
1.443300425703887280e-01
2.195537536471954543e-01
6.098359570011955416e-02
6.488669876913163992e-02
1.065380225972552969e-01
9.880861413607565369e-02
7.576112915457280939e-02
4.056639159106764647e-02
2.529577013004694619e-01
1.289916026186138653e-01
2.612193120012046288e-01
2.059897310479580357e-01
2.229973843134748779e-01
1.718084761992944576e-01
2.026442857031338085e-01
1.132039366696006716e-01
2.270918249937290134e-01
1.168652475520950973e-01
2.614867186259507426e-01
1.749617039252935324e-01
2.397910358912650475e-01
1.693825838851544530e-01
2.242957294387656897e-01
1.360993499704984122e-01
2.284737936010753923e-01
1.262137780118496311e-01
2.517066116470712545e-01
1.571163136735276578e-01
2.443436920698972004e-01
1.618754815124041901e-01
2.337286190023565857e-01
1.428709608041996426e-01
2.324913496280366365e-01
1.358684879101813014e-01
2.449584126826501451e-01
1.494069156068537907e-01
2.445370361134676651e-01
1.558493639349211868e-01
2.382394976899930295e-01
1.468270108214377589e-01
2.351880457941580294e-01
1.419890121297998353e-01
2.414851604770724136e-01
1.467926612498405836e-01
2.432732066851437946e-01
1.516800604873153879e-01
2.403544810502373785e-01
1.478644011215350662e-01
2.368624166339534098e-01
1.455315164913202342e-01
2.399735542335076355e-01
1.464124443858628444e-01
2.420209812137065764e-01
1.492105888544193737e-01
2.411257076017683798e-01
1.477984643449759550e-01
2.378785002443664365e-01
1.474472083277867662e-01
2.391813568216013819e-01
1.465106830866506615e-01
2.412182928711286700e-01
1.478794201842662803e-01
2.415711606809699541e-01
1.479596802917690079e-01
2.383952303989618771e-01
1.484751067467664498e-01
2.391479994231121564e-01
1.469795535556118748e-01
2.406619659740760753e-01
1.473150709095235045e-01
2.414381151357053723e-01
1.474550739747480244e-01
2.414677413246613391e-01
1.489373829002717808e-01
2.391798681019940420e-01
1.475525976652421467e-01
2.403317677818217479e-01
1.472199525210738658e-01
2.412253458515070670e-01
1.473174811913044169e-01
2.412953207211396833e-01
1.488320725358318886e-01
2.390756296285383997e-01
1.476580454941748832e-01
2.401923878657482581e-01
1.473072155084700352e-01
2.407632980372823306e-01
1.468532697756854133e-01
2.413281912357185810e-01
1.488120607155821729e-01
2.392719425205584172e-01
1.478977922045501270e-01
2.400085139409121049e-01
1.472751091520506650e-01
2.409565314951915838e-01
1.471141152190010570e-01
2.414355387651415941e-01
1.491791353673160292e-01
2.390380367269577810e-01
1.477906723267281563e-01
2.400914645921976287e-01
1.474664394213849317e-01
2.409745532704513638e-01
1.474477967575330006e-01
2.413224487276406371e-01
1.466278106457351016e-01
2.390224160268692444e-01
1.481263901138142602e-01
2.398682788420720136e-01
1.475094736553039798e-01
2.407121364220350113e-01
1.471504501166132350e-01
2.411542662692852113e-01
1.464281229115018679e-01
2.390376200171697718e-01
1.482741731644243166e-01
2.399550008113672805e-01
1.476823950429819177e-01
2.408254014894004591e-01
1.474987540333517200e-01
2.411382484878744625e-01
1.466527804859110717e-01
2.387778909783912495e-01
1.482568830783870251e-01
2.396650706723015001e-01
1.475629508177788152e-01
2.406500636528102754e-01
1.473346501203521286e-01
2.412635448029729068e-01
1.468940303656613433e-01
2.389433329255181149e-01
1.486202264673716911e-01
2.395941346389177662e-01
1.477974580421008155e-01
2.404563016679741871e-01
1.473458279310278229e-01
2.410309909655633520e-01
1.467497614219406832e-01
2.388520720532007202e-01
1.485444637239313193e-01
2.396186025637724315e-01
1.479260450799848858e-01
2.405012147893453300e-01
1.476009087863818514e-01
2.409132891770160712e-01
1.467022857095641730e-01
2.415982487440918591e-01
1.486631851643295255e-01
2.396550460604555677e-01
1.482097248610877993e-01
2.401736405433798904e-01
1.476157035877722068e-01
2.407699711955434141e-01
1.466470611705446569e-01
2.415791738999352178e-01
1.488041432632458139e-01
2.393670759474538223e-01
1.480943814540933712e-01
2.399839631541112461e-01
1.471038006923844066e-01
2.410068768500114866e-01
1.469417795182353936e-01
2.416278233472031467e-01
1.492986954812301759e-01
2.391867840552925895e-01
1.482901555000415705e-01
2.395784459328438865e-01
1.469466127522192078e-01
2.406776554131185575e-01
1.465141361156461208e-01
2.416888310563947151e-01
1.493361022925344117e-01
2.391839140453393964e-01
1.484955427871119393e-01
2.397206041405679500e-01
1.472913783998727744e-01
2.407334646337377371e-01
1.468354509398243080e-01
2.415762426917605898e-01
1.466630537138422785e-01
2.392861009065879729e-01
1.486490499579656843e-01
2.398214789166134842e-01
1.475977995550268596e-01
2.405884581495684738e-01
1.469850099181133074e-01
2.413241539921115453e-01
1.465116745851034186e-01
2.391720960970938059e-01
1.485432894617471633e-01
2.397906767254620042e-01
1.478200486321004092e-01
2.403696441977815623e-01
1.467830001691398101e-01
2.413654446330717462e-01
1.465730935321509498e-01
2.389712161383997779e-01
1.486671404979663935e-01
2.393411287387785524e-01
1.473799709571537442e-01
2.404010715021911992e-01
1.469004174980738653e-01
2.415045484071707826e-01
1.469361471741150726e-01
2.390279791564015044e-01
1.490862046291759335e-01
2.391718475462742410e-01
1.474728735581818939e-01
2.401198781420932904e-01
1.465718815423029397e-01
2.412408315675085291e-01
1.467441896394410250e-01
2.391677018046892977e-01
1.490981956855137736e-01
2.395557146739471510e-01
1.481263336900885963e-01
2.400720353276446506e-01
1.471485680193055923e-01
2.409555475414900672e-01
1.465838206068038330e-01
2.415577234186228606e-01
1.487208012400234314e-01
2.394167651621449677e-01
1.480547214184693983e-01
2.400545543623263667e-01
1.471684078801853146e-01
2.408502055926726726e-01
1.467376384189021388e-01
2.416154537383709000e-01
1.488120925042437925e-01
2.394821854670338701e-01
1.482329026269221806e-01
2.400990482942541027e-01
1.474800832695738195e-01
2.408362928593736352e-01
1.467704895462879910e-01
2.414633017278891569e-01
1.490759847015873940e-01
2.390880309022481720e-01
1.479945716851827631e-01
2.399537502200215222e-01
1.472253601727097627e-01
2.408877939959551684e-01
1.470598259949915665e-01
2.414932311217779237e-01
1.491623072406428885e-01
2.391827117391249480e-01
1.482604926913715093e-01
2.399433349041015240e-01
1.474191031854089340e-01
2.408418336048007147e-01
1.470954970045063315e-01
2.415585135049297116e-01
1.467457433977245318e-01
2.391669535613367148e-01
1.485083145547053951e-01
2.397448696616275576e-01
1.474787248733914202e-01
2.407530545614990636e-01
1.471647003551180277e-01
2.414488691785005026e-01
1.468054842985291042e-01
2.388197295325157343e-01
1.484043958981391687e-01
2.394041337362750044e-01
1.469407720941289242e-01
2.408840469233682335e-01
1.472432427512750108e-01
2.414378429113915869e-01
1.471162365714277498e-01
2.387732201652310593e-01
1.483617672280298505e-01
2.396206484378752832e-01
1.474941147723558832e-01
2.406097834312128647e-01
1.474325314851495650e-01
2.408688845520714494e-01
1.465519166825887398e-01
2.388103914404707817e-01
1.481196633409183894e-01
2.398727915026924729e-01
1.480010067983242861e-01
2.404170019284479487e-01
1.475822742476889382e-01
2.408783093265122188e-01
1.465290098278343167e-01
2.388032905630712577e-01
1.485430356009374842e-01
2.394681498100531547e-01
1.478617752584100442e-01
2.403352558647138260e-01
1.473373629197243240e-01
2.411462847669169629e-01
1.470581368698354041e-01
2.415630444645466279e-01
1.488444442070237517e-01
2.393424560754106867e-01
1.479393620135622256e-01
2.399813824907620075e-01
1.471047029800476857e-01
2.409099001216645497e-01
1.465917891697544329e-01
2.415716419541022730e-01
1.489086888440377676e-01
2.395638616947547428e-01
1.483379005972728648e-01
2.399393549037918127e-01
1.474765751126630720e-01
2.404943448273882400e-01
1.464704897152150909e-01
2.415568421823281464e-01
1.487901145479174070e-01
2.395499972683759471e-01
1.485981722378972580e-01
2.399494543960006832e-01
1.475661172014245404e-01
2.406349986160447596e-01
1.467295387103295656e-01
2.413788190743453022e-01
1.490174980962716278e-01
2.392759209185793545e-01
1.483058120531812185e-01
2.400025619708042457e-01
1.476669655569795014e-01
2.407159053256633097e-01
1.471063747947162770e-01
2.413479283212343618e-01
1.465002945189372019e-01
2.391504744074360311e-01
1.482661115263200491e-01
2.397591200149682689e-01
1.475484253603692453e-01
2.405657567162706179e-01
1.469344414708569635e-01
2.413919852389834197e-01
1.465827394198889744e-01
2.392660467420392456e-01
1.486164264085814424e-01
2.398391354599603842e-01
1.478892079197276221e-01
2.405903680682496826e-01
1.472211732468316492e-01
2.409948700379478392e-01
1.463714516302974666e-01
2.389812738223804356e-01
1.482547128422835314e-01
2.398701606957220900e-01
1.478633320732632428e-01
2.405370477686718245e-01
1.474446341014776229e-01
2.408883166548397847e-01
1.464204775907532730e-01
2.388972886410264396e-01
1.483084925817818034e-01
2.395974385130951456e-01
1.477738521523016824e-01
2.402895934963009961e-01
1.468964897179425577e-01
2.413332990549893475e-01
1.468767226965583261e-01
2.390078153716757581e-01
1.491287686506715948e-01
2.392756941109775992e-01
1.477275882211103175e-01
2.402070707650053316e-01
1.470178122947950194e-01
2.409157799291783975e-01
1.467198539930314183e-01
2.415447925504721760e-01
1.486879941329234678e-01
2.394047186119276915e-01
1.479993264170542111e-01
2.402752103186465704e-01
1.473005558233609624e-01
2.409807639206034413e-01
1.470890413422539234e-01
2.414501169658584134e-01
1.487383491142637570e-01
2.395423716046229667e-01
1.482014661823074508e-01
2.402354414822497342e-01
1.477335937322471204e-01
2.407428981093186759e-01
1.468938126912309461e-01
2.413524961382289002e-01
1.487069800595287594e-01
2.394507922956393420e-01
1.482564183532675273e-01
2.400583283418810110e-01
1.476866692933224701e-01
2.407018408208053684e-01
1.469473148618693492e-01
2.414918322982635979e-01
1.490753300818770666e-01
2.393770472677901884e-01
1.484448037533606379e-01
2.400189775746459642e-01
1.477470848721997576e-01
2.404361483198485250e-01
1.468140500573059670e-01
2.410604870796902444e-01
1.459544176883478261e-01
2.393671103120477150e-01
1.483230782486079091e-01
2.402090879417697056e-01
1.483043861585687240e-01
2.404628427202631924e-01
1.471979226053299061e-01
2.410965434227053672e-01
1.461764953152055457e-01
2.391183512761133056e-01
1.484240848939796242e-01
2.398667686332889293e-01
1.478370298016956352e-01
2.405301227937858000e-01
1.472638008820439659e-01
2.410209418032034090e-01
1.465140824385918750e-01
2.388850971156480929e-01
1.482380859800006279e-01
2.398184352111862871e-01
1.478200323577319175e-01
2.406320991605480075e-01
1.475077334955197661e-01
2.411925135310806767e-01
1.468672317706200270e-01
2.388202403545890418e-01
1.484627670395139987e-01
2.397122793097754001e-01
1.478154397262531061e-01
2.405675932682391771e-01
1.475058131115003501e-01
2.408284243442331274e-01
1.465910170162259829e-01
2.388279545090186695e-01
1.483719322300604548e-01
2.397423977420332641e-01
1.481675744836458974e-01
2.402319398036114051e-01
1.475120231123125125e-01
2.407745285469839736e-01
1.465358797826138981e-01
2.416909570229167081e-01
1.488363920471447444e-01
2.396284928230867362e-01
1.483007847894838860e-01
2.402924396571010923e-01
1.475519491372864200e-01
2.406748066397026431e-01
1.466499765034514069e-01
2.412636313204060690e-01
1.484507739937459270e-01
2.394799256792495279e-01
1.479617495512559611e-01
2.403653662390110579e-01
1.478918316500810459e-01
2.405938149257038361e-01
1.468946413133906670e-01
2.410383175804214351e-01
1.483339145623556177e-01
2.393439422878300415e-01
1.477799050671385617e-01
2.405464057305224113e-01
1.481515279375443250e-01
2.406707869686756096e-01
1.473963183933478249e-01
2.409832757444748119e-01
1.485057539182490782e-01
2.393645000557772518e-01
1.480270295381924395e-01
2.403915951216877289e-01
1.482276072507453246e-01
2.405146459283846738e-01
1.472521795595670702e-01
2.410926842719779972e-01
1.459039405928806987e-01
2.393087962255185941e-01
1.484871386824458961e-01
2.396595098483224329e-01
1.475734788534099062e-01
2.403971889225848257e-01
1.466332761486068836e-01
2.414923769362014583e-01
1.465325056348465993e-01
2.394224039423875627e-01
1.490104944886588290e-01
2.396464023932891596e-01
1.477665864226773151e-01
2.404568412513028441e-01
1.468955879176151724e-01
2.413947414593550778e-01
1.467440999522461875e-01
2.391655685760117056e-01
1.487977666079720596e-01
2.395000307395901418e-01
1.478070986322775338e-01
2.402683108792814104e-01
1.468801680407296195e-01
2.413816221434788856e-01
1.467137889214935320e-01
2.389497471473813195e-01
1.489040561475822588e-01
2.392357788358869530e-01
1.475533520373213392e-01
2.401152081910203073e-01
1.467951126379899163e-01
2.411049078620692288e-01
1.464043940406440647e-01
2.392820085802555008e-01
1.491589817760538839e-01
2.396424996018335640e-01
1.484129970352757177e-01
2.400063458804049255e-01
1.471453268447399931e-01
2.406190991707203297e-01
1.459693889212486106e-01
2.420783553322653769e-01
1.489703180397266014e-01
2.397622227274704421e-01
1.488079590991582823e-01
2.398357584727476566e-01
1.472549585241045844e-01
2.404329623933862126e-01
1.460657627634593669e-01
2.417965901843436849e-01
1.488089622740420281e-01
2.396158862863184691e-01
1.485734939045588454e-01
2.398616561023405869e-01
1.473952645486751867e-01
2.404628513390089095e-01
1.463955115523602191e-01
2.415793027447384334e-01
1.488260729080284894e-01
2.396455430340161397e-01
1.486298817580172793e-01
2.399793036509086930e-01
1.476946694338561461e-01
2.403859519572894010e-01
1.465728850994141297e-01
2.412719037151294932e-01
1.487125676850676870e-01
2.392664244292475040e-01
1.483044803535982226e-01
2.399621163219419206e-01
1.475283515753298968e-01
2.408474476511598961e-01
1.471808366855481831e-01
2.414137113164225301e-01
1.466073857759168930e-01
2.390086747261545019e-01
1.483711540391035033e-01
2.395606840556732120e-01
1.473250254628836742e-01
2.405044770162601542e-01
1.467830791377743027e-01
2.413132889217775023e-01
1.465661187275606736e-01
2.390010712135405280e-01
1.484529647624147908e-01
2.395279526695358874e-01
1.471689343275981166e-01
2.408645737346126747e-01
1.473943736434118468e-01
2.411807152512968067e-01
1.469584652774267308e-01
2.386961747486970875e-01
1.481380769981246737e-01
2.397608818740190328e-01
1.476216088043308949e-01
2.405565510462478740e-01
1.474914001459066148e-01
2.411256834409696015e-01
1.466874447816748639e-01
2.387194591297924773e-01
1.483473558261190206e-01
2.393931187520156323e-01
1.471803055763595824e-01
2.407305242335012752e-01
1.474779497422907260e-01
2.413385697959644083e-01
1.473019565694647648e-01
2.386944076822932748e-01
1.486298689864151701e-01
2.394420143115031374e-01
1.476877520902097340e-01
2.404064245228848540e-01
1.474456465117024995e-01
2.411649937205964100e-01
1.470197328500761347e-01
2.415759010336424040e-01
1.489810150336004502e-01
2.393109450789095149e-01
1.478861271349339312e-01
2.402397923647892619e-01
1.473208083850530981e-01
2.410626888244714605e-01
1.470166335609054964e-01
2.415700291968888580e-01
1.490507972385934632e-01
2.391696829875967767e-01
1.480050275641245916e-01
2.397776522124394905e-01
1.469371975502402339e-01
2.408441095698347079e-01
1.465686437307206491e-01
2.418545396968095340e-01
1.494582246823985550e-01
2.393842007709311992e-01
1.485602238081293880e-01
2.397754660851587616e-01
1.472915827451286852e-01
2.406618098557409824e-01
1.466946877424876172e-01
2.416828495047853020e-01
1.493981835548721659e-01
2.393218332943696791e-01
1.486499313650280762e-01
2.397059688472678030e-01
1.474442957123714981e-01
2.404997754789517384e-01
1.466959210133849667e-01
2.413933936251923540e-01
1.463119307801223623e-01
2.394768764709727105e-01
1.488742438007143731e-01
2.398849122402136325e-01
1.478571984694674879e-01
2.404754948859697261e-01
1.469833632003701429e-01
2.411665380904090272e-01
1.462568494905421845e-01
2.392525762863302596e-01
1.484588824680990737e-01
2.398055016424797681e-01
1.479560106931787633e-01
2.404100032048913649e-01
1.470569964027325649e-01
2.411765043962344479e-01
1.464906770747247400e-01
2.391239580549733290e-01
1.485691994901855162e-01
2.398631572309197491e-01
1.480807250869529967e-01
2.405467617769950217e-01
1.473995026943780706e-01
2.411190758764772402e-01
1.467146678264834025e-01
2.390579325434643576e-01
1.486890131336517373e-01
2.394782604242813306e-01
1.478252338566693747e-01
2.403440624063819808e-01
1.472090946409023993e-01
2.409192465886882406e-01
1.465888136693487276e-01
2.388439765746936394e-01
1.486238181003002867e-01
2.396147945360578291e-01
1.480178833513405845e-01
2.402749765195383302e-01
1.472492376732921215e-01
2.409240195393393402e-01
1.468216780654502118e-01
2.413691783474769537e-01
1.486062083271948719e-01
2.392871313893616958e-01
1.477302190381590274e-01
2.403174169984794162e-01
1.473872761753339811e-01
2.410818877596936360e-01
1.471124915673673872e-01
2.415994309129589346e-01
1.490547426912728901e-01
2.394250547955723840e-01
1.482483389642431093e-01
2.399816166107817117e-01
1.474528759759777263e-01
2.408072083881372949e-01
1.466772395451442501e-01
2.415724536658223065e-01
1.491774714506994559e-01
2.391726184735403771e-01
1.482358375029954878e-01
2.399618176794153790e-01
1.473781018602224324e-01
2.407252507746425185e-01
1.470271265717006115e-01
2.413777916980689719e-01
1.490097476643057195e-01
2.392611123150786279e-01
1.482738592344357564e-01
2.400898386328347844e-01
1.477874869185623052e-01
2.407370919275366727e-01
1.472436359642943504e-01
2.412728530260734028e-01
1.464723550203073932e-01
2.389384924237711594e-01
1.482052181095991905e-01
2.398062405609294734e-01
1.474611784116305890e-01
2.408682982758585944e-01
1.472671333964066243e-01
2.413830736050288084e-01
1.468970255348310550e-01
2.388053912408002744e-01
1.482385263629643068e-01
2.397471469612649231e-01
1.475333710228940165e-01
2.407480015347282509e-01
1.473788552846963529e-01
2.413424097736875940e-01
1.470060435767016060e-01
2.387364328347628684e-01
1.483821282437476352e-01
2.393860264852595565e-01
1.471160670935045822e-01
2.404324528101736691e-01
1.470190376975859803e-01
2.413689528831866049e-01
1.468660566858109862e-01
2.389949577267048153e-01
1.486630700300135555e-01
2.396622329470675383e-01
1.479744162664613227e-01
2.402883080394926374e-01
1.470716548596599227e-01
2.412331199419649463e-01
1.468206867300331786e-01
2.390014919002342864e-01
1.488361158911451487e-01
2.394669755763026431e-01
1.480326603886168435e-01
2.400034030296122611e-01
1.468208260531503051e-01
2.412179922976249169e-01
1.467609090456966914e-01
2.418102188399979258e-01
1.492995258480233067e-01
2.391616633734172659e-01
1.479975345480201154e-01
2.399212601919054055e-01
1.468593893446279997e-01
2.410977715527983789e-01
1.467825732623418977e-01
2.418231798380839903e-01
1.493586352756443025e-01
2.392942393436319759e-01
1.482644066921575687e-01
2.400494409936856088e-01
1.472536935197121533e-01
2.410182539619956932e-01
1.471596568310862274e-01
2.413139382426848500e-01
1.489441313701125591e-01
2.390288651064422787e-01
1.478167836475444419e-01
2.401573602050945666e-01
1.473662773800085424e-01
2.409272255077286595e-01
1.473605982298165917e-01
2.412401490541397908e-01
1.489495997042362685e-01
2.391746225999445974e-01
1.480778579004357054e-01
2.401043963256083713e-01
1.476766364022084610e-01
2.405144904756797708e-01
1.471064638762323018e-01
2.411150778340015732e-01
1.460589850813694968e-01
2.393214931128963552e-01
1.484502238825069487e-01
2.400732748472447498e-01
1.479608001656089189e-01
2.406816315387844962e-01
1.473734726074341084e-01
2.408435278454297279e-01
1.461009403523994554e-01
2.389954278574478730e-01
1.479716413352775983e-01
2.399942606022311131e-01
1.479958044462072742e-01
2.405370610393798847e-01
1.473128843208741379e-01
2.410695184412108283e-01
1.464843659562702349e-01
2.389247230561520330e-01
1.482716237916370250e-01
2.397082203741011386e-01
1.478619897675126915e-01
2.401454174087244153e-01
1.469991550819448878e-01
2.409065914458267121e-01
1.461609724284447243e-01
2.392128972797741282e-01
1.487840515366150584e-01
2.397971944844128900e-01
1.482422970613500035e-01
2.402506607034787245e-01
1.472190152021671528e-01
2.408959191479806139e-01
1.465966293884322647e-01
2.388586625471661451e-01
1.485353039377180773e-01
2.398080865281975171e-01
1.482291361000843133e-01
2.401562041565629135e-01
1.474858667676706148e-01
2.407340384706419256e-01
1.463989992970365916e-01
2.415314298994182818e-01
1.486996034469575678e-01
2.394991691805121170e-01
1.480346882851236445e-01
2.402795639351772428e-01
1.475582077218849375e-01
2.409498942475645222e-01
1.470488804811009298e-01
2.414274191092870836e-01
1.488171937912052545e-01
2.392426535016376477e-01
1.479405111383072513e-01
2.402337829334477703e-01
1.474720873882068573e-01
2.409089180392569030e-01
1.472024107132662574e-01
2.412215281052170757e-01
1.487186366920862923e-01
2.393263619407985932e-01
1.480554275057842095e-01
2.400903757478777267e-01
1.477172773489094371e-01
2.403963685794279215e-01
1.467705038285542773e-01
2.410230360135293126e-01
1.484654299544777012e-01
2.392755002617754367e-01
1.478938022883665160e-01
2.403706314876950800e-01
1.481008601986086581e-01
2.407967935137319826e-01
1.474835834210140584e-01
2.410772701755351244e-01
1.462519475024041393e-01
2.388912641726374242e-01
1.479080937507770144e-01
2.399391607289812489e-01
1.476886929302818618e-01
2.405761333307397665e-01
1.470512425379126020e-01
2.413259286035737694e-01
1.464978674733110053e-01
2.391879654322549564e-01
1.485724754975127349e-01
2.397485465244035274e-01
1.477648107162597424e-01
2.404999176263957206e-01
1.471540925300211522e-01
2.412473288486969847e-01
1.465970874895169973e-01
2.392142838574803920e-01
1.487486847331895290e-01
2.397304696739696594e-01
1.479778120681122522e-01
2.400904309798648772e-01
1.470008854594238579e-01
2.409652309783261170e-01
1.462440157346963088e-01
2.392160003703013016e-01
1.487041852643928297e-01
2.397730359358376528e-01
1.483004305436607662e-01
2.401837095048733606e-01
1.472159411254439221e-01
2.408930067688964394e-01
1.463627086620435669e-01
2.391465148899647175e-01
1.488202048517684450e-01
2.397143625935854727e-01
1.484337118749951556e-01
2.400389242940606238e-01
1.471537476625943697e-01
2.409086869753205851e-01
1.465965491238739871e-01
2.418224846526962901e-01
1.489940595184180427e-01
2.395041277301319382e-01
1.483579691791123978e-01
2.400800997813992144e-01
1.473477161480835629e-01
2.408901607181157811e-01
1.468118911402116200e-01
2.416764690591313991e-01
1.490267213239158117e-01
2.393735359613548275e-01
1.483525293486768204e-01
2.399857578626065913e-01
1.473646762646861341e-01
2.408493172020551021e-01
1.467761608051907640e-01
2.417065050598370957e-01
1.493457782111705101e-01
2.392681840678840821e-01
1.483328414379235793e-01
2.396428844899189392e-01
1.471164782671299243e-01
2.407151928252738160e-01
1.466851510656749791e-01
2.417479093989277628e-01
1.494131889412484426e-01
2.394069045570069165e-01
1.487340593494023977e-01
2.398067303688828089e-01
1.476310928504843134e-01
2.405629967355997212e-01
1.467393879185812655e-01
2.413221996872453867e-01
1.464330816476346331e-01
2.392688036083455705e-01
1.484700469054879290e-01
2.398155466073638165e-01
1.478782023889742558e-01
2.403230510510752094e-01
1.467569051306832628e-01
2.411238127337613224e-01
1.461576490924810234e-01
2.392099374616388219e-01
1.486141528385215016e-01
2.395952669112562938e-01
1.476879871952537782e-01
2.400949287020838208e-01
1.466805389709567864e-01
2.412003787561206591e-01
1.462566686198102373e-01
2.391505925780538222e-01
1.488798660371422056e-01
2.393478178562346570e-01
1.475777655425465629e-01
2.402456386533535215e-01
1.467431533088489892e-01
2.412621538115468089e-01
1.467852181481475171e-01
2.388989493287827504e-01
1.486931666302749033e-01
2.392509659708129677e-01
1.475031882611547718e-01
2.402732042189227868e-01
1.470214194350962233e-01
2.412571276700872236e-01
1.468623882472681608e-01
2.416473618866050721e-01
1.490143057915717939e-01
2.390876116165507326e-01
1.475767803657626609e-01
2.401616357683028502e-01
1.468232235180805811e-01
2.414002323272601558e-01
1.472625542525896891e-01
2.414920046422990296e-01
1.491310047779200731e-01
2.390104264652642141e-01
1.474534119387847786e-01
2.400826997456604883e-01
1.470517050287493133e-01
2.410184646457882718e-01
1.470207883517431480e-01
2.413849618091662985e-01
1.489836795441280282e-01
2.391923718590186487e-01
1.477951434552280119e-01
2.401204529157469070e-01
1.474689440502155446e-01
2.408825126720972876e-01
1.469564952713403594e-01
2.415042754312505258e-01
1.491539223819570714e-01
2.391314480043035262e-01
1.479030648777187595e-01
2.400925058597387918e-01
1.475465884742910294e-01
2.408251314056524539e-01
1.471242449896960625e-01
2.414478533958401285e-01
1.491653319564424929e-01
2.392774918866800160e-01
1.483809184128754566e-01
2.400181322234403170e-01
1.477156100391721072e-01
2.406159891879909862e-01
1.471035800927589232e-01
2.412758646749783575e-01
1.462711632776635406e-01
2.393056437356778088e-01
1.485093354666988941e-01
2.399530041499240429e-01
1.478139041049658930e-01
2.406050336227005260e-01
1.472911238772461051e-01
2.411312362967504286e-01
1.463104842171816244e-01
2.391669820771158972e-01
1.484439718057408986e-01
2.397424799961622999e-01
1.479337112390303743e-01
2.404398214640705578e-01
1.471807543004182151e-01
2.411254342262905415e-01
1.465185860933004292e-01
2.389814927405641831e-01
1.484827077134917017e-01
2.397128920830567111e-01
1.478925109579717068e-01
2.404022385772727755e-01
1.472738406861845151e-01
2.409916540288690456e-01
1.464952678144243181e-01
2.389886425888027022e-01
1.486140916649804078e-01
2.395549328687351376e-01
1.480993787928649441e-01
2.401456868190123273e-01
1.471007577256860099e-01
2.409155653762043992e-01
1.463072685366670622e-01
2.419431310221891729e-01
1.489792494426444847e-01
2.396242949506700581e-01
1.483321793394435650e-01
2.400513662801620207e-01
1.472204178499024185e-01
2.408408405608035707e-01
1.464934978481192696e-01
2.416240838097885035e-01
1.489197802141329074e-01
2.393917651963123339e-01
1.481214302002866190e-01
2.399755440629452730e-01
1.470757842672652527e-01
2.407727576368624001e-01
1.466028981558517852e-01
2.414940289373848636e-01
1.489025880702625759e-01
2.394098218977011028e-01
1.482320088540053926e-01
2.401090796464391275e-01
1.475021418547439733e-01
2.408450032453055278e-01
1.469159192274265280e-01
2.415034894858141268e-01
1.490350997503708808e-01
2.393981251995104809e-01
1.483242465274332011e-01
2.398970074266784658e-01
1.475609853547631412e-01
2.406843266159205963e-01
1.467677741944230230e-01
2.415237536685417297e-01
1.491801486284078937e-01
2.390949879486334584e-01
1.483517591956019788e-01
2.397619263442981041e-01
1.473251599925738953e-01
2.407659984139718379e-01
1.469691367012180006e-01
2.415569509706477491e-01
1.467756787763363213e-01
2.391831937125150631e-01
1.485624894762092585e-01
2.396940335282126688e-01
1.475861685296276371e-01
2.403409493921485895e-01
1.468288485961302681e-01
2.412984054415918400e-01
1.463649161700849022e-01
2.392836770624246490e-01
1.486340916817763536e-01
2.399118780046076704e-01
1.480588097040242690e-01
2.402092765857374856e-01
1.470558631539786720e-01
2.410049187087451583e-01
1.460903986945892297e-01
2.394210940409357002e-01
1.488873224143935359e-01
2.398209709606762274e-01
1.483059730731930426e-01
2.402359278073851190e-01
1.470485048670083783e-01
2.410616328658712337e-01
1.464798553014457494e-01
2.390489895755027461e-01
1.488705442156801340e-01
2.396238199331493512e-01
1.479327677368264260e-01
2.402004438759467453e-01
1.472961572221631321e-01
2.408767795897329422e-01
1.463884281605501159e-01
2.417058954172748853e-01
1.487464638770185643e-01
2.396282122291014949e-01
1.480811940321495046e-01
2.401636800947392070e-01
1.474099413425472294e-01
2.406847356834115881e-01
1.465137325522227196e-01
2.415443500416361577e-01
1.485798147698241811e-01
2.395479216660932886e-01
1.482289328560790487e-01
2.401016764226521216e-01
1.474881833758869831e-01
2.408236076573126716e-01
1.466585793236914459e-01
2.415897002674121385e-01
1.489931511704918332e-01
2.393371788685422774e-01
1.481160071956740820e-01
2.400975976780370669e-01
1.474413274888925762e-01
2.408118880756945357e-01
1.468492067550830615e-01
2.414360913928493280e-01
1.490731239405531372e-01
2.391597849844861456e-01
1.481663395024042651e-01
2.399105622125141390e-01
1.473273361770428835e-01
2.407811292730098751e-01
1.469965804923106800e-01
2.415107868821097514e-01
1.492036466147845242e-01
2.393200273614296547e-01
1.485161058340907503e-01
2.397747383865287407e-01
1.476750457350526624e-01
2.402809102032109345e-01
1.465824036228218497e-01
2.412333531639022088e-01
1.460943014690600505e-01
2.393539561373968505e-01
1.485511117715320184e-01
2.399621396073103041e-01
1.479783356016853291e-01
2.402480824285633809e-01
1.470196754362279867e-01
2.409689077359839227e-01
1.459457743842616506e-01
2.393079044134442113e-01
1.485901051389439953e-01
2.398963104689205150e-01
1.481729988083106964e-01
2.403735552488151517e-01
1.471512085522382884e-01
2.411452580015447933e-01
1.464581355364019399e-01
2.391541320732739617e-01
1.486650466597393971e-01
2.398349435740909641e-01
1.480417824915891412e-01
2.404118491479177444e-01
1.473387438179044606e-01
2.411240163144486859e-01
1.466075251897528964e-01
2.389213556648960290e-01
1.485343863059174763e-01
2.394814508324958902e-01
1.477602520388092422e-01
2.401108009315397751e-01
1.467439396633694049e-01
2.411277616820417802e-01
1.466929763363690742e-01
2.417486843145537634e-01
1.489589133626543216e-01
2.394385074880467645e-01
1.479317402353292621e-01
2.402285764835932480e-01
1.472481190062786549e-01
2.410698105339431629e-01
1.469184885170644050e-01
2.416172198129644122e-01
1.489772242290571258e-01
2.393226370379667456e-01
1.480680194001220140e-01
2.401224299496709791e-01
1.471635000094210777e-01
2.410941374523917768e-01
1.470760485845369336e-01
2.416065753665448401e-01
1.492180420425420206e-01
2.392911236797688190e-01
1.481578259150118648e-01
2.400949710558102912e-01
1.473674410272370616e-01
2.406482697781861246e-01
1.468705403473507254e-01
2.413464040626692175e-01
1.487497766790554232e-01
2.392295165083778985e-01
1.480890053287038099e-01
2.398918683228217774e-01
1.471682692856638719e-01
2.407782205408747211e-01
1.470372672235368272e-01
2.412745244649005527e-01
1.491105004657183875e-01
2.389804619204962122e-01
1.480666583452717733e-01
2.398914268522002180e-01
1.474572347833960073e-01
2.407819302915417126e-01
