2.774695991257938754e+00
4.368605601612484790e+00
4.557630820732144095e+00
-1.996401436943582297e-01
2.743711920438360874e+00
1.901860408339518749e+00
5.399494169301217728e-01
1.181117564298504563e+00
5.975168551252810767e-01
6.750254862909175202e-01
4.448491193325729842e-01
2.989909933936049646e-02
3.275086555037066693e-01
3.708493529774958275e-01
7.685254883589931474e-02
1.244238932476833814e-01
1.784726428927893849e-01
1.148743474951647858e-01
-1.408269272250795706e-02
1.659357585417935241e-03
1.780533410234183891e-02
2.437465651790514387e-01
7.867926120198343032e-02
2.528805649924599219e-01
1.081848071131942396e-01
1.688670697023734735e-01
3.523169978202565084e-02
2.573872626230933047e-01
1.877484301980183456e-01
1.632728583126318300e-01
5.539998075344128997e-02
2.011350146838286057e-01
4.951427723658666236e-02
2.645787583185110203e-01
1.669665792122785042e-01
1.422729976625995985e-01
3.202985551671617970e-02
2.697422551864874785e-01
1.699830276818721231e-01
1.506607356102873385e-01
3.633724445746949749e-02
2.702854168216504704e-01
1.518890065372815734e-01
1.406245605563296863e-01
2.665534628007063672e-02
2.547746251047507959e-01
1.940298640191103485e-01
1.684822797396900440e-01
6.451135696695589616e-02
1.013832648215868271e-01
1.750195030591063499e-03
1.310112200436316932e-01
2.020699407159501082e-01
1.279844105769188944e-01
-1.505539457173637671e-02
-5.558474084404024448e-03
-1.145318025040386808e-02
2.670551754977427972e-02
9.591008836500868051e-02
2.390280361811124576e-01
5.421252408126117639e-02
2.463854185446317513e-01
1.902064930905726925e-01
1.644386080529871563e-01
6.206451286200251327e-02
1.142837753343919488e-01
6.339854099674439511e-03
1.523292422878275709e-01
2.108081455339939070e-01
9.328913275371522595e-02
-1.695814290303239436e-02
-1.516176932643777467e-03
2.128535770159782903e-01
2.242028871992095829e-01
9.840460022512131921e-02
7.098489226208634650e-02
4.033664700103955364e-02
-1.271761156521361742e-02
3.614288280731282194e-02
1.078171623494231790e-01
2.339947838674955871e-01
4.563790669205283757e-02
2.282267673220833570e-01
2.032620611220769258e-01
1.600943838004197928e-01
8.366217431413476568e-02
7.862688514574066312e-02
2.147215071099996958e-02
2.765782395569812424e-01
1.497422947227776691e-01
1.473554789114411567e-01
3.058919574573867872e-02
2.600336392044755307e-01
1.866520197050307583e-01
1.624212337604533929e-01
5.341905395333897133e-02
2.188270083949424571e-01
6.109703753335295195e-02
2.633337433504450154e-01
1.350922633803608719e-01
1.354784280727940882e-01
2.129139780193958775e-02
2.337226978246811915e-01
2.088014495952543736e-01
1.597933892223681873e-01
8.701791279080661745e-02
8.171411118545313101e-02
2.859314984477070998e-02
2.524395150410804756e-01
9.458402260664847128e-02
2.223768864530104583e-01
7.208976463088193065e-02
2.459548187070383363e-01
9.344546113249717345e-02
2.055991870491205853e-01
5.726823746662151882e-02
2.654266530027101223e-01
1.364794374484771255e-01
1.373370001444628730e-01
2.198575912675267835e-02
2.379138952995228928e-01
2.064190976275137035e-01
1.638928555463070313e-01
8.613753767985816989e-02
7.924311005958048493e-02
2.267753502245351688e-02
2.750621840981417043e-01
1.461757731076671896e-01
1.495455420655064094e-01
2.913890384180467183e-02
2.598466185613237389e-01
1.906910170272076432e-01
1.640745924391646682e-01
5.841854879929080091e-02
1.840139316346929010e-01
3.822255536228209849e-02
2.560007986878041764e-01
1.879745730576719565e-01
1.643989302633155902e-01
5.843860886664649368e-02
1.829199875039521361e-01
3.834540095782941471e-02
2.543026879853057531e-01
1.893851660173358487e-01
1.641419276618953371e-01
5.806134343068447556e-02
1.751597849975760623e-01
3.351988566030446315e-02
2.438825633342450727e-01
1.999987298004115843e-01
1.670900364225684775e-01
7.414846627948101787e-02
1.097249589899485650e-01
3.931814710585744554e-02
1.892742515706203055e-01
3.847285920401315173e-02
2.532230161035805005e-01
1.899477255900445805e-01
1.632530203392753843e-01
5.835351007071952478e-02
1.761064492249606872e-01
3.315208194247717954e-02
2.478649909931571194e-01
1.964504664579893312e-01
1.665467852034163143e-01
7.212892644933778519e-02
1.079335696791724197e-01
5.275039468938273746e-02
1.173280156743552877e-01
5.082450095166136939e-02
1.040196619096713931e-01
3.082325935384117033e-02
2.599275425958799679e-01
1.083830225866313501e-01
1.943954152157649218e-01
5.144956167293342209e-02
2.682171992960654672e-01
1.450628747831958498e-01
1.356455520597734665e-01
2.213079108850679599e-02
2.412570047975088894e-01
2.052827401109761640e-01
1.662062014614466010e-01
8.074456883720368405e-02
7.105831564023747104e-02
1.260898319241138613e-02
2.522856234705478373e-01
2.020127090540206893e-01
1.687605688809198090e-01
7.710713706485491925e-02
1.050752843104920953e-01
3.537261867339021315e-02
2.354046130403424641e-01
7.500174485599200858e-02
2.537834375737668124e-01
1.073197423774044923e-01
1.707184360635603249e-01
3.582021703355024039e-02
2.573918089328946501e-01
1.873501313514418787e-01
1.622605490197310540e-01
5.455049515069666788e-02
2.100004098198425817e-01
5.458866254202238144e-02
2.685458247825860401e-01
1.516384987133836959e-01
1.326877991288350211e-01
2.329333903153193996e-02
2.458511132294866064e-01
2.022798245177308829e-01
1.684516165806888011e-01
7.661964670984253156e-02
9.135718511765333893e-02
2.360819118543636824e-02
2.738248036972948940e-01
1.591415374613666112e-01
1.474304094407672405e-01
3.164509404015383720e-02
2.660612968683769841e-01
1.777888773989821369e-01
1.567782848350246505e-01
4.523072481577415649e-02
2.608837051338004365e-01
1.143884366812677467e-01
1.757740278204046602e-01
3.958989387720457387e-02
2.653222744496042118e-01
1.741823587471777735e-01
1.521003215425855704e-01
3.934823871541583140e-02
2.684129337974582863e-01
1.348051860216900877e-01
1.482368147843670936e-01
2.722937822037392944e-02
2.498799069010843033e-01
1.978048984278722167e-01
1.691057535829644798e-01
7.055630634507897847e-02
1.008458906037987129e-01
5.199012363414376448e-02
1.070090939154278165e-01
5.562595941635714580e-02
1.165040772566148103e-01
5.449893832904476737e-02
1.080453338217251952e-01
3.383266070876955051e-02
2.454882220808756732e-01
8.804516402322630497e-02
2.333767722368437214e-01
8.332310784976615370e-02
2.247953473892867760e-01
7.207907684210801413e-02
2.489929103611798755e-01
9.773478418487208108e-02
1.926418704817172700e-01
4.980093720778203809e-02
2.677108114599556776e-01
1.544626434798577752e-01
1.365800014099733395e-01
2.512042568810786414e-02
2.543953645587411216e-01
1.952619548311783360e-01
1.672023881549607460e-01
6.825733522944603393e-02
6.955857329927649102e-02
-7.862417133832210955e-03
7.968155493440173820e-02
1.649673405272449045e-01
1.953973316482349731e-01
1.296963001324281939e-02
1.081838915805112267e-01
1.822476879273051409e-01
1.557401607298591339e-01
-4.407983129091806555e-03
3.574006452772057058e-02
1.008392012529371606e-01
2.302803326056758748e-01
4.539052465993148600e-02
2.336383512616234115e-01
2.026712515819179272e-01
1.615476590323714767e-01
8.207249895468497758e-02
7.482439281363682804e-02
1.732424591066642969e-02
2.704869916229221682e-01
1.791444261913841540e-01
1.604396041779466153e-01
4.733888655079653007e-02
2.567985607961346117e-01
1.069940750205275459e-01
1.894100096471693362e-01
4.734835085800499777e-02
2.691568657258616715e-01
1.557417120484164974e-01
1.385892500975499653e-01
2.727506601140048531e-02
2.558463218778281867e-01
1.929781871094362888e-01
1.664905225679790823e-01
6.193208425719853860e-02
1.455346988964577315e-01
1.781542390705807138e-02
2.055730288377466408e-01
2.169436340398913921e-01
9.917028374122137391e-02
7.058236792582592289e-02
5.050316424130260606e-02
2.868027160650090876e-03
1.963560591671202338e-01
2.205112547188217698e-01
5.053067785760956276e-02
9.569959592692960093e-03
2.516068167680642897e-01
2.039484721445333493e-01
1.701553496496569506e-01
7.617485612426794228e-02
1.093615721377272920e-01
3.922527101984066289e-02
1.903801301049557193e-01
3.925870129117386975e-02
2.541716092272371386e-01
1.885473325050922855e-01
1.621818592330305786e-01
5.631684922338336952e-02
1.956589757389635142e-01
4.502222338948207864e-02
2.645293326290323321e-01
1.727300734544544025e-01
1.486509280181845249e-01
3.950088425542025439e-02
2.699692607419417745e-01
1.391580901453222385e-01
1.450678982460614774e-01
2.599251795690952355e-02
2.498791830660576363e-01
1.982415832232125030e-01
1.674032750013133009e-01
7.342483249215994712e-02
1.111970942876046864e-01
5.158386030908065911e-02
1.136102361613188644e-01
4.195044472940491487e-02
1.653180041410506340e-01
2.566116134086376954e-02
2.282806813267102275e-01
2.106983289187243091e-01
1.516634770736107196e-01
8.943459890300393955e-02
5.714124650109313197e-02
1.958982490855551255e-03
1.836294039482569418e-01
2.192852033656000899e-01
4.443463805811610767e-02
-7.701293679008680559e-03
3.135373400694947688e-02
2.573301730608593130e-01
8.991263101825427984e-02
2.439370682061642870e-01
9.667451921184165575e-02
1.881221357837567221e-01
4.387776636076962111e-02
2.654807045847769054e-01
1.672521828840144442e-01
1.434832736273005949e-01
3.278250005364202052e-02
2.698121847124781425e-01
1.683292444737494176e-01
1.490804672698007038e-01
3.499599285872044552e-02
2.700599554579212747e-01
1.590078902482661150e-01
1.422452881229256672e-01
2.935281719475546849e-02
2.622861093838073643e-01
1.847964592837963715e-01
1.621108866095682388e-01
5.138529415415218904e-02
2.285250281629301050e-01
7.291296080254505707e-02
2.539366191686530660e-01
1.104744276001002473e-01
1.669117857322017784e-01
3.357339037277934368e-02
2.574776565560661923e-01
1.885783564640064192e-01
1.653134085566954348e-01
5.895044147041321458e-02
1.790934869228145154e-01
3.593060469496823367e-02
2.509283368870862674e-01
1.937272177535298567e-01
1.671988753598926958e-01
6.500731020515312930e-02
9.123913521237703161e-02
-1.873752239556375401e-03
1.109556930955197251e-01
1.913043365348380265e-01
1.560138263333869513e-01
-6.518082586990991967e-03
2.603464968239395730e-02
8.055873797695491112e-02
2.364967524213397176e-01
5.590065403213201334e-02
2.515161812772128691e-01
1.850933678607184496e-01
1.588565642758534846e-01
5.264047722563153231e-02
2.176823907548993131e-01
6.054760521058694112e-02
2.665266144016485428e-01
1.380621997857126027e-01
1.334938138178863865e-01
2.113821707498905744e-02
2.331568826283572093e-01
2.092892386296878737e-01
1.592592402391872219e-01
8.738591994248427752e-02
8.322382733473115968e-02
2.899635173728347393e-02
2.501105657869426291e-01
9.246902669321316326e-02
2.269651970583383971e-01
7.690608764046788504e-02
2.371927991908875100e-01
8.393892945841027742e-02
2.265070241664411399e-01
7.267476161702407511e-02
2.446548790624999414e-01
9.595542284677764655e-02
2.009713089575102529e-01
5.435672164582143473e-02
2.676506737064688890e-01
1.411297621498342203e-01
1.359365086894558650e-01
2.144266991405512426e-02
2.379056066877498488e-01
2.071344500688244994e-01
1.641805695290514122e-01
8.378600237436027720e-02
7.676532663115367972e-02
1.832362299220747018e-02
2.732354960326953686e-01
1.727738445090181707e-01
1.543295167470663531e-01
4.163030526616322974e-02
2.689831409837283305e-01
1.356603584807941631e-01
1.467463683545842668e-01
2.626619404265135779e-02
2.491863717467152350e-01
1.985348322449802527e-01
1.673593116482910148e-01
7.401116004523355940e-02
1.125653050805476285e-01
4.883588620994326612e-02
1.154549682480963957e-01
4.784204246212767075e-02
8.753100854834516831e-02
4.363249581150555056e-02
5.033120383611116438e-02
-1.238621679898670690e-02
3.729289157412430528e-02
1.112843976691404863e-01
2.317819141573159436e-01
4.474067799317294619e-02
2.257581481095609632e-01
2.036282536228390394e-01
1.568277841471060752e-01
8.719981413107355528e-02
7.933037871098330696e-02
2.770833357279142359e-02
2.534903051964094156e-01
9.488871102268356394e-02
2.215452095186090931e-01
7.056836686012403492e-02
2.482740483992040281e-01
9.775712556133481224e-02
1.981366744832254168e-01
5.299004457042927330e-02
2.677496281498665809e-01
1.455077859075483981e-01
1.352990115030995311e-01
2.229963156725821294e-02
2.443149094166539581e-01
2.055983448288957738e-01
1.660121097576999771e-01
8.092341550257864391e-02
7.101069595544381996e-02
1.277941302029118181e-02
2.518804551235974132e-01
2.022827332639813291e-01
1.708021076785193604e-01
7.718563554811716521e-02
1.055706844800884947e-01
3.629099424886074454e-02
2.289724968538666694e-01
6.935925100968515222e-02
2.603493949591670908e-01
1.210165717654002049e-01
1.476919402127385428e-01
2.396348529941861802e-02
2.382805051933011842e-01
2.060472199240591384e-01
1.647423972600775555e-01
8.274300149094651613e-02
7.507172955677580972e-02
1.646875913427034432e-02
2.686132984407570978e-01
1.832104683710966686e-01
1.616691918739601996e-01
5.165770251494245652e-02
2.380949878568064948e-01
8.125789828342203092e-02
2.410128208460282639e-01
9.007049255229308826e-02
2.100711902144982157e-01
5.910765122452764364e-02
2.625423616574432684e-01
1.287666609689928909e-01
1.432588284371889009e-01
2.404134614322006591e-02
2.395074791243214096e-01
2.053167897175075252e-01
1.654171298238636401e-01
8.244414403464928043e-02
7.502466433684275293e-02
1.809766747439233922e-02
2.693616732852793794e-01
1.795522349257004380e-01
1.589518105879286491e-01
4.553981634825731567e-02
2.607888385764643990e-01
1.098071142221284935e-01
1.802411839500435431e-01
4.316002407524766049e-02
2.661381248564501090e-01
1.686954861769650871e-01
1.455855972325051095e-01
3.406286210769748218e-02
2.717481554403932686e-01
1.611933784955022486e-01
1.453816851625676365e-01
3.192010189610831883e-02
2.655327303113826920e-01
1.774079167137267987e-01
1.545592559948651412e-01
4.263402452904148376e-02
2.664697980217420881e-01
1.218962351875889083e-01
1.626544651343828085e-01
3.325729839759097861e-02
2.560910819102981684e-01
1.899443283142808747e-01
1.642241330239545549e-01
5.805343892474528616e-02
1.819731342111128025e-01
3.624229002287923662e-02
2.543629614245689896e-01
1.929136607660507652e-01
1.647624179510118192e-01
6.245112758239243500e-02
1.363571328957240980e-01
1.430377255884350378e-02
1.902160935861489655e-01
2.159100223728444845e-01
4.124633925708254267e-02
-7.454898127620459072e-03
9.894747865797359765e-02
1.850629397696549883e-01
1.730829138122793320e-01
8.406977149927352157e-04
5.247916639181306186e-02
1.256083833718820708e-01
2.170598997840358924e-01
3.154067802609992338e-02
1.878242902255696234e-01
2.120486638583126415e-01
6.034031999175763772e-02
2.650297345440752461e-02
2.179604172029365461e-01
5.791284119159473276e-02
2.674871249441159726e-01
1.485093403020713021e-01
1.310077559918667034e-01
2.262740425881139272e-02
2.430249840038240239e-01
2.042712380991359711e-01
1.673210051714890678e-01
7.969859384136594727e-02
7.300006173907733209e-02
1.274733417171173763e-02
2.514739308509248983e-01
2.024980443958300236e-01
1.696743756218026811e-01
7.438345425728180860e-02
1.129328475369540674e-01
4.883447540422911765e-02
1.124498437238362208e-01
3.983928303906532353e-02
1.858918363641287597e-01
3.902841688963518824e-02
2.523421355062693827e-01
1.911067277946936205e-01
1.649189373181799700e-01
6.065525450217273962e-02
1.498817917850310821e-01
1.942050060956809765e-02
2.088603142290914039e-01
2.157676031239450232e-01
1.173953328916498839e-01
8.199626484513310165e-02
1.177165064137112582e-01
6.049032195134339263e-02
1.137787900434042987e-01
3.936797820923609859e-02
2.031173279631737216e-01
4.888614845620137261e-02
2.633106248337601651e-01
1.711115416930602817e-01
1.465067810456611719e-01
3.583347268872098118e-02
2.725043612415352090e-01
1.522230568743510593e-01
1.425903696135562559e-01
2.812636073759614691e-02
2.560851538159656937e-01
1.924803032568691841e-01
1.661933513349299618e-01
6.119450145452849654e-02
1.523762308142366240e-01
2.083053923966268067e-02
2.164493909114827419e-01
2.149979837206461297e-01
1.285278605722430800e-01
8.704355386795721572e-02
1.241278589224489998e-01
5.074700276691397616e-02
6.748808583429506680e-02
2.445806742261406180e-02
2.568345545185062861e-01
9.839603186953491121e-02
2.171148207090994597e-01
6.919535066548408719e-02
2.508353407893846865e-01
1.022013113435684684e-01
1.875958160425937327e-01
4.481091520372519621e-02
2.688741940689219900e-01
1.647621360866551310e-01
1.408851176107115410e-01
3.089495946899775344e-02
2.660665750645284655e-01
1.777439153780321912e-01
1.556264989280401745e-01
4.320515831452603067e-02
2.651782260183848661e-01
1.175892284515506897e-01
1.668518641604756214e-01
3.582648283688506102e-02
2.601273750166422372e-01
1.840536026788648916e-01
1.600828290561346345e-01
5.035652094840475934e-02
2.361643249153170809e-01
7.679371830515520359e-02
2.453260088822868945e-01
9.827957574490174542e-02
1.933255302009483090e-01
4.915934052495310458e-02
2.686390253893037317e-01
1.545956171572044902e-01
1.374450727494719304e-01
2.509098857470297428e-02
2.530904335671650962e-01
1.957772420942128500e-01
1.673814914346992699e-01
6.579714468736232169e-02
9.871240864746658183e-02
4.262538926777385048e-05
1.266239411302611806e-01
1.982854884455703126e-01
1.356001013542282585e-01
-1.260381251323425267e-02
9.983047402924683737e-04
1.430171832988915565e-02
2.618084176862024437e-01
1.031644750364588553e-01
2.109073602571235884e-01
6.219791864569455819e-02
2.602149731133442390e-01
1.161086212218609276e-01
1.621781770998226846e-01
3.232802252434935353e-02
2.546671644394990497e-01
1.918727192329248432e-01
1.663874284799083114e-01
6.132664755410299762e-02
1.419257072295951605e-01
1.696346669323463979e-02
1.964890943195651829e-01
2.170489959754808296e-01
7.463529490610595896e-02
4.566858868732016907e-02
9.885519028402769970e-02
-3.149727951378492215e-03
1.025366676051396447e-01
1.836788474932903314e-01
1.684814612406813072e-01
-7.664560018494880056e-05
4.892564523354096112e-02
1.217657153539818543e-01
2.195808790221821516e-01
3.441015941134628608e-02
1.989895244133652596e-01
2.122528242692878209e-01
9.303291507518096637e-02
6.481464500126914163e-02
5.056584806959618650e-02
-1.335221763458197507e-02
2.596190443958048752e-02
8.785567275885353133e-02
2.398369635147318268e-01
5.655706538815315904e-02
2.491916918065178177e-01
1.871213790887600315e-01
1.603911055089386473e-01
5.583329028244851666e-02
1.922301484968334528e-01
4.256712920537775169e-02
2.623707150891415596e-01
1.779124254268201755e-01
1.541991933158074202e-01
4.551184517105414523e-02
2.581113664321416090e-01
1.076696080913598919e-01
1.882354438422792486e-01
4.616047186732832180e-02
2.692189726277444684e-01
1.571190882598909322e-01
1.376724555994497112e-01
2.782809250023973030e-02
2.588149510166338763e-01
1.894530044974252203e-01
1.648458765990902242e-01
5.723086553652578790e-02
1.902306977120484244e-01
4.085502899032650292e-02
2.583494574611888139e-01
1.827621169017109859e-01
1.572456959949079525e-01
4.850414461173967878e-02
2.462153585965697056e-01
8.922618221682176998e-02
2.259324273333904731e-01
7.339950693453242692e-02
2.419258758831548672e-01
9.268398308774911110e-02
2.088256291289536659e-01
6.037554456067144304e-02
2.637038984037746725e-01
1.268572728205217270e-01
1.453081347481902652e-01
2.380030827402170035e-02
2.420224335715375208e-01
2.059780931095692713e-01
1.649192994701107473e-01
8.236150827024371623e-02
7.365923540446879525e-02
1.539080084382941221e-02
2.641138945278390660e-01
1.899134418796062374e-01
1.678775092124544510e-01
5.969324146939289366e-02
1.827229462793632520e-01
3.817587467399244372e-02
2.546379092010971901e-01
1.892808161164636349e-01
1.644145734309901408e-01
5.805782631522403425e-02
1.746760824563369507e-01
3.308304750175387193e-02
2.433265695935919459e-01
2.004294918596275510e-01
1.672727605629887870e-01
7.505060501962967923e-02
1.037656889540983923e-01
3.254016129016230885e-02
2.520801139857173356e-01
9.372626753961679769e-02
2.232013786612209727e-01
7.410044160048739892e-02
2.428731437820757511e-01
9.176629302481609241e-02
2.097979613436991853e-01
5.968569930496121778e-02
2.646715951355557150e-01
1.280286167553854049e-01
1.445063469924562916e-01
2.486628719529114517e-02
2.399660895312814568e-01
2.048473845485383471e-01
1.657307452439067963e-01
8.143269248607537536e-02
7.396395651248652281e-02
1.464328705238877350e-02
2.613217119069672911e-01
1.930807201557714903e-01
1.675045356269665719e-01
6.088756726597232410e-02
1.659630225454161723e-01
2.781372865243467857e-02
2.362063126592146567e-01
2.051504681162267807e-01
1.610635734300329969e-01
8.561188765996935457e-02
7.931937176484067653e-02
2.262780874633053829e-02
2.754303963441104841e-01
1.448641400779663302e-01
1.503676697477400459e-01
2.906588404165579009e-02
2.568938034409242732e-01
1.904218663829586600e-01
1.642333787519332233e-01
5.813021029060724820e-02
1.847057411134821470e-01
3.830248732029419012e-02
2.568985781618187136e-01
1.871935324644181109e-01
1.618346857402457872e-01
5.718218499141682065e-02
1.921190833245730034e-01
4.369128009083825259e-02
2.619083158571670067e-01
1.776395508186395522e-01
1.543567539316701431e-01
4.290210128329699502e-02
2.615095320117148958e-01
1.165158996359473287e-01
1.728261137446383544e-01
3.846415624127776101e-02
2.638893842941799628e-01
1.774412522691907190e-01
1.547988568298031553e-01
4.276237531377274914e-02
2.650411300499254663e-01
1.188169363188216338e-01
1.683121968898531329e-01
3.618061363455946089e-02
2.612586378214408200e-01
1.825673669875021998e-01
1.595086819903702990e-01
4.882343400151534230e-02
2.435151076292333683e-01
8.617817370371616548e-02
2.326637693644718063e-01
8.267649134989994708e-02
2.270194334098539768e-01
7.473141737442443033e-02
2.445871387010724041e-01
9.250762628815847877e-02
2.069350479866723380e-01
5.848339923134494855e-02
2.646678200598549524e-01
1.339675690104403794e-01
1.390670738496891656e-01
2.253990359122458667e-02
2.380806159785053278e-01
2.062277206979618027e-01
1.641809418950393451e-01
8.589752880404218083e-02
7.850833931756932837e-02
2.186951621668356549e-02
2.749932311694597287e-01
1.531140831958485993e-01
1.478611732159334502e-01
2.989004208880055580e-02
2.629587188610768012e-01
1.838279930480410107e-01
1.606784724193221492e-01
5.261359507386061812e-02
2.284313476107502627e-01
7.138108462930370379e-02
2.558379274332507336e-01
1.113031311746802976e-01
1.648322685641345209e-01
3.163168991813566228e-02
2.531620646884220616e-01
1.929473409644832937e-01
1.657059248849662714e-01
6.227907711587381961e-02
1.380032075264520097e-01
1.463521668501690728e-02
1.931506393347120487e-01
2.153345681462211225e-01
5.204889347168425301e-02
1.483630011882908911e-02
2.714997808747124930e-01
1.776461706696651488e-01
1.583890218990786081e-01
4.405056895458741434e-02
2.651215594370568418e-01
1.182198411435239765e-01
1.655349092140131484e-01
3.526942204288877752e-02
2.591116285945289643e-01
1.856908773202724794e-01
1.613284964132458976e-01
5.240262438214297880e-02
2.249280117295662240e-01
6.635728374039731592e-02
2.591548841192810593e-01
1.227554718298465297e-01
1.475433202605102023e-01
2.540624235371917797e-02
2.409960356694843264e-01
2.040448295237118070e-01
1.664877921507782743e-01
8.052834397105995690e-02
7.267827499623727427e-02
1.430247626337121519e-02
2.555584869215346000e-01
1.991254645615279095e-01
1.700720692957100044e-01
6.965290012580387102e-02
4.761612430124218670e-02
-1.201012603552980770e-02
4.917191434925439336e-02
1.282306076996678756e-01
2.239805355056304070e-01
3.706994772531038707e-02
1.983323384055264149e-01
2.104324046662787717e-01
9.853609589569836680e-02
6.758353118245816193e-02
4.092569386314827418e-02
-1.280124708000101794e-02
3.168019064689239772e-02
1.022316293530755732e-01
2.351823852671735549e-01
4.954563873300685262e-02
2.380778933691504173e-01
1.974058784489683971e-01
1.659758297361265122e-01
7.651932374392317326e-02
8.566394204402846824e-02
2.048026332210613892e-02
2.714671339739392897e-01
1.736748050854464154e-01
1.550235860925499032e-01
4.032897220660495996e-02
2.709373309786027306e-01
1.377094872135116166e-01
1.451698115296837788e-01
2.667078830252368749e-02
2.477746001735457171e-01
1.996522068333967115e-01
1.686860613161471067e-01
7.298348070378979369e-02
1.137857520402712208e-01
4.745233917655919398e-02
1.125217982551384999e-01
5.387052759706390664e-02
1.125930547544853055e-01
4.076763852285051476e-02
1.870548310996140995e-01
3.805904966023501007e-02
2.543856633172694170e-01
1.896540104736444687e-01
1.639243775393647018e-01
6.134922971199222030e-02
1.502128508895307080e-01
2.069328042875508145e-02
2.127755794213068152e-01
2.137650355496725774e-01
1.241907788198386153e-01
8.369458254550787846e-02
1.228670753013466066e-01
5.822492147035726595e-02
8.400488032771535885e-02
1.769424512865978155e-02
2.644909843802640825e-01
1.879509730250977229e-01
1.656846460491185058e-01
5.511009196942431854e-02
2.072683031322520297e-01
5.511946187642380313e-02
2.665656159523867585e-01
1.527873106058262875e-01
1.338818451157890166e-01
2.354036675179327354e-02
2.497213207042261462e-01
1.992292291453054420e-01
1.698225773266499594e-01
7.461440142369717143e-02
1.123138851822110679e-01
4.644776164660936735e-02
4.996200909928159850e-02
-1.211136422335033942e-02
4.510354547376598661e-02
1.216509520429730623e-01
2.280790528240239090e-01
4.028593266966957326e-02
2.068713888099343867e-01
2.098458435984639769e-01
1.242827129921984242e-01
8.369916624357100210e-02
1.246186221354768364e-01
5.545309287653760882e-02
7.843819828200188082e-02
1.473330612423606918e-02
2.524858926983226670e-01
2.013725624653103230e-01
1.698495562463735453e-01
7.300459991117352887e-02
1.093325292286412981e-01
5.202430111947194125e-02
1.179269356582294259e-01
5.032904303870069929e-02
1.128920781562548492e-01
5.349239011390913984e-02
1.118350412398356891e-01
3.960516832744476884e-02
2.003086796236979439e-01
4.630271591705132500e-02
2.645836241784812470e-01
1.748038184565578190e-01
1.483289208636127676e-01
3.897908066731409216e-02
2.705314637699904323e-01
1.405493572601414221e-01
1.440234982746496639e-01
2.557439514778365314e-02
2.500616484235089754e-01
1.982720642926138477e-01
1.676621570311049303e-01
7.358947569372120689e-02
1.123329602302361729e-01
5.020411957452929064e-02
1.101026934999838891e-01
3.738738830608849539e-02
2.202779832072548072e-01
6.011305459701309084e-02
2.645428877728154271e-01
1.416110150367086984e-01
1.317008482970565553e-01
2.061731384882132048e-02
2.347358179557486602e-01
2.084638173623365731e-01
1.607467876494534931e-01
8.657431026642822824e-02
8.144862195671428995e-02
2.748727496985056001e-02
2.600331437626403064e-01
1.054685123620843767e-01
2.014678428825947276e-01
5.554478778350918633e-02
2.670515294764652658e-01
1.329725193042317066e-01
1.388875694034383546e-01
2.347591311116589002e-02
2.377728475019743326e-01
2.067399112790530569e-01
1.640756892248807497e-01
8.387075629222967565e-02
7.804878581849099273e-02
1.919405923392034433e-02
2.726213012540711911e-01
1.677049258787593200e-01
1.507120695621332329e-01
3.626022909359213203e-02
2.708952150202475484e-01
1.594907476670019975e-01
1.432289461807027542e-01
2.916852057477983470e-02
2.652647626933127833e-01
1.838223237649835029e-01
1.590784761185742857e-01
4.942912334068883667e-02
2.448102939554312185e-01
8.810386830231028976e-02
2.279305706304097789e-01
7.560750613692385214e-02
2.403953172651954739e-01
8.820831180346991318e-02
2.187425509504378196e-01
6.862404585827938663e-02
2.539714126280143702e-01
1.074599920804647918e-01
1.755221448890351421e-01
3.772816980597520214e-02
2.640921375210506516e-01
1.808786926967357322e-01
1.553563308597371018e-01
4.592730555901548828e-02
2.573026530279569069e-01
1.058837930593447829e-01
1.914743599511965488e-01
4.792832744829968183e-02
2.698725147243393185e-01
1.550078320283972133e-01
1.359276199944107755e-01
2.564247526924636270e-02
2.527152749623478023e-01
1.964994590078207315e-01
1.686269433630126491e-01
6.752069707322337633e-02
6.414841041112082087e-02
-9.717563222278638446e-03
6.928717236877203478e-02
1.558838895798212443e-01
2.042980699927677557e-01
2.011608323223505398e-02
1.348341397592542623e-01
1.972193651134360182e-01
1.162199780121851156e-01
-1.626373757383877197e-02
-9.193820789943994015e-03
1.781348638524173295e-03
3.207581297294672534e-02
2.474995622530382355e-01
7.875187547746220762e-02
2.569132069044375855e-01
1.162384795152619915e-01
1.499318084496485681e-01
2.584740236035477576e-02
2.384024263281851463e-01
2.057777523616195758e-01
1.647621324344075433e-01
8.261677889129613594e-02
7.526037381749435540e-02
1.646224492789597621e-02
2.692763108761594415e-01
1.851964547313380283e-01
1.616648270520512354e-01
5.107775834156268180e-02
2.407732646673378107e-01
8.386731131289484886e-02
2.359387654064801776e-01
8.398231728743808799e-02
2.232511848275424426e-01
7.157668980331235997e-02
2.500354235397911906e-01
1.031686082502417112e-01
1.853390283209221945e-01
4.419374713631062102e-02
2.674521160938073128e-01
1.655317760262574600e-01
1.445461124943344111e-01
3.179165796980162884e-02
2.682159011789768677e-01
1.700502012478710689e-01
1.483615865018621804e-01
3.599930188533901482e-02
2.718073059106273504e-01
1.558267892103092078e-01
1.426446405171054033e-01
2.771355925589048808e-02
2.588160887574086910e-01
1.887369780369265171e-01
1.632614959734457194e-01
5.581854484226364543e-02
2.044948771141419375e-01
5.107360481993065970e-02
2.678288810954054799e-01
1.585413211411564882e-01
1.367768260297931859e-01
2.795606194576950865e-02
2.598231586152609518e-01
1.883588385285084599e-01
1.640814906520920435e-01
5.568958072208370080e-02
2.037982117718223907e-01
4.984197998960624570e-02
2.652813162377521405e-01
1.624894884452376120e-01
1.386768879310688318e-01
2.890013588971443448e-02
2.635453746175370204e-01
1.834060196930434039e-01
1.610918454184458448e-01
4.967453978027688843e-02
2.382387121073085701e-01
8.294815900360603955e-02
2.385343952888767660e-01
8.882958173297426929e-02
2.139074842408807409e-01
6.324582616490195819e-02
2.611246577477893682e-01
1.186125568068269048e-01
1.553569583298415047e-01
2.886660919053894020e-02
2.465563984365583550e-01
1.996321383254208159e-01
1.680691427023886797e-01
7.300052301121873199e-02
1.134907279578124123e-01
4.824167591346949224e-02
1.161082308986773615e-01
4.769948713831946574e-02
4.855527031975714891e-02
-1.207931799924862395e-02
4.322712478000179104e-02
1.201733834456293337e-01
2.283579476990639234e-01
3.982518750040611732e-02
2.124342509997632078e-01
2.099515529448309492e-01
1.309316769949716575e-01
8.671569978006363200e-02
1.214449909708648495e-01
4.542355749385554309e-02
1.474933616011991355e-01
1.758420695391997579e-02
