2.595005749240470561e+00
3.765486497545575961e+00
3.593666431841738618e+00
-1.387386507731558360e-01
1.840251824001349679e+00
1.245171184939471321e+00
3.204746987942858061e-01
4.607809833349982842e-01
3.618837681677254947e-01
3.391987053421806619e-01
4.420845400389393498e-02
3.845029581385329964e-02
1.113793274319547499e-01
2.458867428608345063e-01
4.147316589428871186e-02
2.398069695307158966e-01
1.649532551412972170e-01
1.375808101321601695e-01
3.135323325420472096e-02
2.606499176154276620e-01
9.964042943872325475e-02
9.296084098369247761e-02
-1.057738227875128570e-02
7.157426333769309479e-02
1.280117861832843762e-01
2.094392637103629773e-01
1.790945127261971831e-02
1.622223046897862397e-01
1.770003854513463315e-01
7.937460814626169647e-02
-1.222755672597377122e-02
9.248423578580862014e-04
2.387800065339470978e-01
1.787189297351520767e-01
1.483021557951622327e-01
4.712397949818888238e-02
1.119427438903534550e-01
-7.725994107096855606e-03
8.475891079722183696e-02
1.390193868846240355e-01
1.972681860383050656e-01
9.228674547227224551e-03
1.219186709902793653e-01
1.632063585085213042e-01
1.457061186415790077e-01
-1.310510760411218167e-02
2.226594281753568882e-02
5.242933432529172516e-02
2.423343276946434144e-01
5.469247871554543811e-02
2.590527012479714175e-01
1.223986914337752002e-01
7.891537429736585063e-02
1.924189457275112675e-02
2.668775020283412069e-01
1.089761333261800441e-01
6.874162535961694798e-02
-1.341884021563342910e-02
3.621768543224503090e-02
8.489034425995592437e-02
2.353726629346169219e-01
4.164839609774181883e-02
2.461979849289978317e-01
1.578116716987572610e-01
1.246264918356738416e-01
1.811891134076434873e-02
2.480482393011704534e-01
1.651373386057214676e-01
1.322989404859633567e-01
2.353727305413729626e-02
2.638869530340831049e-01
1.415521226324212289e-01
7.010971479293372222e-02
-1.096790499691394777e-02
7.611249154654781135e-02
1.354105853447198360e-01
2.041360297812129243e-01
1.329708922445906917e-02
1.434122653402001291e-01
1.711539981535839805e-01
1.144831669315784228e-01
-1.669075961461777627e-02
-8.633791009552280876e-03
1.807616368441381655e-02
5.488097537402287368e-02
2.452109101320767426e-01
5.667516511500256260e-02
2.596167333017229129e-01
1.145280069544089008e-01
7.922123034411659992e-02
1.996632588808868597e-02
2.644055140114529578e-01
1.077080729785489244e-01
7.390687059650827284e-02
-1.311253131962610355e-02
4.457539871558154065e-02
9.525148775483327501e-02
2.321235504909160696e-01
3.708618818121883765e-02
2.307251268269547850e-01
1.697274149480462735e-01
1.450010651942270079e-01
4.319905254395629834e-02
1.655127965834144732e-01
1.343516370035096816e-02
1.916954383445028665e-01
1.813920139219940275e-01
4.904953135642412670e-02
-5.944687956359271871e-03
1.356312418053408630e-01
1.750633268283325883e-01
1.321319585532474139e-01
-1.621488070222672565e-02
1.591381789504568711e-03
-4.066857972954100210e-03
1.848372552751124664e-01
1.890589788112332914e-01
4.330266246833602145e-02
-1.740370175186587223e-03
2.492087624365773094e-02
2.548284824273956417e-01
7.454746418635539718e-02
2.199276611430454609e-01
5.297489353267378909e-02
2.552884068829918141e-01
9.821768825913881895e-02
8.382389138584678268e-02
-1.215180163308674649e-02
5.537233833035816455e-02
1.094695700133680311e-01
2.242830940340634072e-01
2.913986890178424730e-02
2.048639638059344126e-01
1.787851666807402096e-01
1.162053971173179351e-01
5.541068225276325754e-02
4.226832228304858857e-02
-1.145435578472699632e-02
-8.635054871551774841e-03
1.364020304708546232e-02
4.523290045231165291e-02
2.456048931114272471e-01
6.062910903191798262e-02
2.557684973858513899e-01
1.013711955024083899e-01
5.995571653200588991e-02
-1.388798163369741288e-02
2.370709586790174447e-02
5.981054518835179912e-02
2.417966653338790017e-01
5.346814659255957891e-02
2.596603068008146442e-01
1.259917837935789486e-01
7.449873316196020667e-02
1.449043680329363711e-02
2.680402497414232088e-01
1.416712015448090556e-01
6.566994059217118318e-02
-1.156348145888627318e-02
6.576183806217493488e-02
1.234084987400025091e-01
2.151918862016715117e-01
2.020838460474199544e-02
1.772411422966806427e-01
1.802201156423469675e-01
5.186011539241209417e-02
-5.790464544384305370e-03
1.665197965424063467e-02
2.546797412862197296e-01
7.850606792155656599e-02
2.013792701896594539e-01
3.745735084766494555e-02
2.583924379964970264e-01
1.412890116558441767e-01
6.521321771080018648e-02
-1.126416426380169415e-02
7.016495369778430469e-02
1.278994713957812557e-01
2.115952561613993477e-01
1.725514791060130809e-02
1.652827818457362485e-01
1.782524930306114419e-01
7.668902669247275317e-02
-1.218270232134422912e-02
2.440888853178749870e-03
2.498217660023322462e-01
1.709162142953676577e-01
1.426951381290964549e-01
3.188675428346070956e-02
2.573964889654349886e-01
9.547600399191347176e-02
1.131078827445890500e-01
-4.622278249951232085e-03
1.069624093230567285e-01
1.567204170848912614e-01
1.708575168136595990e-01
-5.670107737600944484e-03
5.855138268449459199e-02
1.123136181003102085e-01
2.172314735407435693e-01
2.475776292148078317e-02
1.939556567865754200e-01
1.794305636946021687e-01
7.596504768407696950e-02
2.651150927232192797e-02
1.706266090110215017e-01
1.658164533711519589e-02
1.964189311007364935e-01
1.822671337862447338e-01
8.146660636023428381e-02
3.288334581819108565e-02
1.289941200262444410e-01
-3.606153393834175304e-03
1.080147196301965429e-01
1.569348356155811919e-01
1.694146976829541129e-01
-4.865000746126862952e-03
6.017879753477069216e-02
1.124756792099833036e-01
2.174907367144986448e-01
2.356011819070853719e-02
1.935901724037256966e-01
1.807026343494632092e-01
6.774778461076294556e-02
1.926047433384713015e-02
2.612693264039116503e-01
9.587905768101818993e-02
1.179981578428851430e-01
-3.478248588732714679e-03
1.170770391083424955e-01
1.631661346871994267e-01
1.576358433263922165e-01
-9.532607673378854646e-03
3.765420179004135698e-02
8.178086439871318225e-02
2.338626244835492474e-01
4.027046795258931722e-02
2.462278641843145266e-01
1.603812902387131145e-01
1.253742840410425052e-01
1.944447348261499689e-02
2.540773962747830406e-01
1.587628826866316345e-01
1.176589907012558778e-01
1.156227842440793636e-02
2.263648018743473489e-01
1.779212110521318224e-01
1.419322626745822824e-01
5.733421900114517300e-02
1.084475739196186922e-01
2.178025297258378082e-02
2.675305875616997286e-01
1.270697695611346656e-01
4.649342144894462459e-02
-1.322045224962071878e-02
2.929609452093748234e-02
7.456320600202850923e-02
2.393744022596002718e-01
4.725795572498816405e-02
2.551391379047514563e-01
1.446200759564943705e-01
8.213257217552934197e-02
-6.633735626732219920e-03
1.149045941938267312e-01
1.646551891334619433e-01
1.586735011345144497e-01
-9.689102791817800348e-03
3.732490575680450645e-02
8.050440319239365872e-02
2.343664289174422488e-01
4.046498713304515216e-02
2.444140471621098765e-01
1.591722423975834300e-01
1.230502652887915938e-01
1.724049921194215421e-02
2.479241796351892568e-01
1.653606596699018494e-01
1.356277865468969446e-01
2.548891353679720584e-02
2.643719278294360264e-01
1.309695136647968106e-01
4.567728780763628815e-02
-1.332249061517771886e-02
2.900458425339678264e-02
7.204403442600762486e-02
2.407152007534062443e-01
4.734765897193363160e-02
2.575186771795960894e-01
1.434862572153683957e-01
7.273318488184112030e-02
-9.035762506426287324e-03
9.210407254104084618e-02
1.479238322791571192e-01
1.891529370298179469e-01
3.234179996317593751e-03
1.007635201579344941e-01
1.494348449572057702e-01
1.759871669597153909e-01
-1.063689198420326651e-03
7.818203896956692212e-02
1.314714975238925332e-01
2.006426343200406470e-01
1.142519185809423576e-02
1.407036259676239243e-01
1.713042879687721176e-01
1.196946767006137058e-01
-1.664015734958458267e-02
-4.984603761951018550e-03
-6.638562249478122818e-03
-8.620561763587665863e-03
6.117119886255183679e-03
2.065021635497124586e-02
2.456578429610325742e-01
6.920721565248688645e-02
2.342722350354259353e-01
6.769910248615196302e-02
2.178369210008803403e-01
4.991533667075254144e-02
2.598596020876421386e-01
1.055590437057906950e-01
5.223542527889540876e-02
-1.379156156187178600e-02
1.478725914172182056e-02
4.339242624696632716e-02
2.448344743951836322e-01
5.947487130714751435e-02
2.568717555118951168e-01
1.019537149270861864e-01
5.674161921495436689e-02
-1.393059009108720513e-02
1.837612850061336872e-02
5.157775978975863429e-02
2.437279904062223113e-01
5.631064443715322332e-02
2.597024178916532700e-01
1.140740485609439275e-01
7.781627109463379321e-02
1.886036120604149546e-02
2.666761414845757461e-01
1.162248066239481015e-01
5.409872581057217217e-02
-1.373353618523907686e-02
2.273928879150832055e-02
5.868436418322968418e-02
2.437544535425220094e-01
5.443107372876244271e-02
2.586407574330455428e-01
1.259234776689250324e-01
7.557674624841559385e-02
1.632282748598592320e-02
2.687452084646136385e-01
1.305452737079983161e-01
5.058412621796392478e-02
-1.339951746843728343e-02
2.809532655432066955e-02
7.198049679242675414e-02
2.396877706360326932e-01
4.814667374172769410e-02
2.564599180977435444e-01
1.416442629006292586e-01
7.248312890534841513e-02
-9.838849518116711199e-03
8.814162709270842444e-02
1.461869406631237100e-01
1.915915810883373760e-01
5.628692381930609778e-03
1.082392003769399730e-01
1.541672918031707362e-01
1.664271257820424121e-01
-6.825795741911930281e-03
5.456492446045860256e-02
1.076482183105008511e-01
2.206947092617880801e-01
2.764591337395791784e-02
2.047922206379457766e-01
1.781995157157728604e-01
1.132758838266708784e-01
5.339043473843645832e-02
5.302051486255419943e-02
-1.359543609785105259e-02
-3.244507953556531252e-03
-1.018880373209240381e-02
9.092436634237069382e-02
1.492471377036423685e-01
1.924438974992966345e-01
4.298772056539636871e-03
1.050148482837386377e-01
1.521150820865431463e-01
1.707941259294733227e-01
-3.588003997226986083e-03
6.707890361601256957e-02
1.201704738506120251e-01
2.116270794299690561e-01
1.882058754643612872e-02
1.742480609382376644e-01
1.798875845853196154e-01
5.865825305329995520e-02
-7.659011069275568212e-03
1.318804209743631300e-02
2.552883607048712644e-01
8.038447550790756013e-02
1.915861849951393525e-01
3.081021544890930053e-02
2.493672480172917372e-01
1.579364097915607612e-01
1.163989556089143895e-01
1.205081644170903805e-02
2.263086745016050783e-01
1.784883702767225966e-01
1.442746767783731898e-01
5.565797506046980814e-02
1.048885449427093552e-01
1.940150858308454726e-02
2.637405462361068209e-01
1.432450627219310213e-01
7.178522773589453287e-02
-1.029989179482169309e-02
8.243124798879636339e-02
1.384571109807088418e-01
1.988896884235707430e-01
1.092612792218187329e-02
1.291565953055167359e-01
1.665776629173769119e-01
1.348899845052192459e-01
-1.528027909112173940e-02
8.914328416031786287e-03
2.014787127389520982e-02
2.452864795348273508e-01
6.658707497574044287e-02
2.400089799697115445e-01
7.472145465854165836e-02
1.895648916054052113e-01
2.988982337955181298e-02
2.477015738305034520e-01
1.608234731767553272e-01
1.295953342086071658e-01
2.147733611944360396e-02
2.577701947305385266e-01
1.530974302851648705e-01
9.952986043018094420e-02
1.353951175602850776e-03
1.668073524101326421e-01
1.820297030846504127e-01
7.910606780197108889e-02
-1.248695018343073601e-02
4.177013366275589973e-03
2.589121689517542846e-01
1.616265493642403683e-01
1.197269053882969864e-01
1.239829470186410917e-02
2.281080401691103210e-01
1.770972092624546190e-01
1.436957752313832160e-01
5.574034632694277458e-02
1.001317090977624502e-01
1.493499736836483710e-02
2.535822521533637186e-01
1.614869778201952488e-01
1.247766144661783677e-01
1.608195552378328952e-02
2.464121195148847310e-01
1.690615917385145939e-01
1.395111157592529849e-01
3.179015154472381033e-02
2.603408626132510117e-01
9.863405603237020147e-02
9.666774735491093229e-02
-9.822302347005207324e-03
7.768731295731913511e-02
1.339558342346195974e-01
2.039020612724001535e-01
1.388701945784498806e-02
1.449851780053111328e-01
1.723464288585998261e-01
1.109022974458611921e-01
-1.659856356944913736e-02
-9.054209226676632888e-03
3.473904388999221604e-02
8.699237966210503215e-02
2.375808362680465191e-01
4.308673597302292019e-02
2.469991223112997236e-01
1.564972177350280880e-01
1.201019544967580066e-01
1.378679292495480109e-02
2.355266249988487437e-01
1.744570070387004013e-01
1.465358360603537247e-01
4.459811266598422141e-02
1.524166142078504371e-01
7.692668960321037697e-03
1.648878625212037985e-01
1.793252475840955151e-01
8.054822413378172341e-02
-1.283824458595859801e-02
2.159037268471061723e-03
2.460205381097811950e-01
1.738859966809184754e-01
1.458504143496952843e-01
3.760789648669000951e-02
2.325088990039246295e-01
5.800179279406835614e-02
2.478424742814113180e-01
8.586512633229301250e-02
1.402459348612862811e-01
5.328806963519389442e-03
1.579962868604123660e-01
1.787935979364481121e-01
9.276876141624419703e-02
-1.442547419108644417e-02
-5.018542579087919078e-03
1.749431160526362661e-01
1.886874664415862657e-01
6.542298276627345199e-02
-8.138566736110647987e-03
1.330052234153734220e-02
2.566203392351159573e-01
8.075717935694529115e-02
1.874294103522388122e-01
3.059605067841456374e-02
2.474010193178740880e-01
1.609019429369437648e-01
1.261412289457248259e-01
1.852073867809495011e-02
2.536492378647251522e-01
1.599500970153004964e-01
1.238785318607618924e-01
1.625407725330699563e-02
2.410723593913804697e-01
1.708098164736089608e-01
1.437224752568235508e-01
3.668455094985736270e-02
2.374743848777503552e-01
6.344701776467091825e-02
2.380710751767677325e-01
6.998894270974412302e-02
2.119671096944285571e-01
4.621066577311956636e-02
2.614375258554132442e-01
1.190763694402493800e-01
7.377986426384115781e-02
1.453905977438249564e-02
2.682538726499117399e-01
1.405821043924041502e-01
6.334045733048893068e-02
-1.201958504977672718e-02
6.018886311612037937e-02
1.172624799915889943e-01
2.200187784677788139e-01
2.406187764794154305e-02
1.927622018235852774e-01
1.808292979396009803e-01
6.450761075495489716e-02
1.551800764606926786e-02
2.686354731019227060e-01
1.280438604532231628e-01
4.856354178755557111e-02
-1.343265558821132855e-02
2.463105784836081696e-02
6.271751839278034979e-02
2.415614766527679202e-01
5.282851881971765279e-02
2.590570975848692226e-01
1.293312255366791952e-01
6.637208620413069526e-02
6.635743678378470956e-03
2.356832202121717235e-01
1.765833447429019654e-01
1.470007712553248469e-01
5.107679915640208484e-02
1.043851673828334742e-01
3.616036146702530929e-02
8.163667882600772474e-02
-1.387566198182794107e-02
3.359010701540705163e-02
7.663142375766748837e-02
2.365704030263637569e-01
4.544865126514151948e-02
2.511831757120914776e-01
1.507081864403913840e-01
9.986987510177726401e-02
2.056933761347462877e-03
1.737426411511689972e-01
1.829588908407456804e-01
6.565356746959249978e-02
-9.308292234334852866e-03
1.156044540235019909e-02
2.555451374458882485e-01
8.239171681057723406e-02
1.836421802027412287e-01
2.646680561710702817e-02
2.421407130144219155e-01
1.683223630904669421e-01
1.402052026600095758e-01
3.385447586552810945e-02
2.535524169589136734e-01
8.595094311052482727e-02
1.545951129419290415e-01
1.124353542250034269e-02
1.886980966795927805e-01
1.816989865513209401e-01
3.114572619663585895e-02
2.823319515155920442e-04
2.635990617731506433e-02
2.526305908224388830e-01
7.275625228576446113e-02
2.262000190205036843e-01
5.768152599607496989e-02
2.457432232012675133e-01
7.881183115713213949e-02
1.769351502420653532e-01
2.332693375530055235e-02
2.290812964154975151e-01
1.740244307737514595e-01
1.467448043835774540e-01
5.008647676008083638e-02
1.117812785680264431e-01
3.617325425008502404e-02
1.408806924591180509e-01
2.925660421346103039e-03
1.376928033476750302e-01
1.724625402802722474e-01
1.257391331196941742e-01
-1.657309177476906301e-02
-2.083855646075927041e-03
-1.107709027728698975e-02
5.010204158278670772e-02
1.085220196998002290e-01
2.279539043085197503e-01
3.147644736783888203e-02
2.160093478294645153e-01
1.752630471816207791e-01
1.366775301886267169e-01
5.724330698343123303e-02
1.148001485710564012e-01
3.571777307463955276e-02
1.705257739470792122e-01
1.619024245437572507e-02
1.992076193107182869e-01
1.814040101627532042e-01
8.853358237173972189e-02
3.806912989860816721e-02
1.148029812442331876e-01
-7.547156701442273366e-03
7.911099780167440976e-02
1.353828946231802610e-01
2.008658540013354976e-01
1.112046821518742484e-02
1.374668370416892438e-01
1.683963529549249993e-01
1.241920785579903458e-01
-1.632113341243131982e-02
-1.712250934596128149e-03
-1.011186456327064706e-02
9.384320893899415761e-02
1.514197405826046006e-01
1.893629822419861108e-01
2.528591265184217639e-03
9.445754140144442534e-02
1.465000739786629091e-01
1.804477254720008306e-01
1.040377658819903461e-03
8.854612881268328350e-02
1.401937954063553482e-01
1.899602108218720331e-01
4.812357812078578607e-03
1.109470001394824434e-01
1.561929332200105991e-01
1.635595225831085742e-01
-6.838579904968160317e-03
5.187592369152478622e-02
1.021107602283142235e-01
2.242542133090642820e-01
2.950080420472217524e-02
2.159707843645951031e-01
1.774159898621237852e-01
1.331209520236348032e-01
5.862473219517325834e-02
1.137736374311387744e-01
3.758234369001774156e-02
1.015566893465345427e-01
-1.096216700008983795e-02
6.391090645804002601e-02
1.191008310199239695e-01
2.160200420346728989e-01
2.305679551963532581e-02
1.849183862134191891e-01
1.797254737677305703e-01
3.211265309644360799e-02
1.336218739938291322e-03
2.639927618501114459e-02
2.516556418087215752e-01
7.358023543873372374e-02
2.257659839938660207e-01
5.913600013729645305e-02
2.430595985292977046e-01
7.564916101771254620e-02
1.867514226983131020e-01
2.738325435032992403e-02
2.412372187248827404e-01
1.664335522859326233e-01
1.372725553584717706e-01
2.981113555333480061e-02
2.641109600238749078e-01
1.094763450442323149e-01
5.907255855703318070e-02
-1.380017436697758386e-02
2.601641938769354984e-02
6.441918981391983601e-02
2.410345083681603717e-01
5.159068089425192238e-02
2.587778614637712971e-01
1.323133296913774626e-01
5.219836037097475012e-02
-9.990086323850878858e-03
9.562249760133004206e-02
1.511647909443358251e-01
1.862612383846675157e-01
2.834876318155641652e-03
9.327677934486250377e-02
1.441395492403257650e-01
1.839507634589163942e-01
1.840813610594658339e-03
9.628133470327662757e-02
1.464332190086788943e-01
1.813185412809438790e-01
1.667823502566184767e-03
9.029736487101652775e-02
1.420813235730971624e-01
1.874904032197177162e-01
3.714285258947847869e-03
1.046534920505508004e-01
1.526004341895803029e-01
1.712103228083639572e-01
-3.316972811062023595e-03
6.722063890513524376e-02
1.207123167553250109e-01
2.110286037495767708e-01
1.872124595239678391e-02
1.727672779203278941e-01
1.777718550891619342e-01
6.087341622082739073e-02
-8.451627489119522413e-03
1.180669505905935363e-02
2.551113478539019930e-01
8.133822701959118884e-02
1.876689694476107728e-01
2.867638229660219099e-02
2.477155405855016035e-01
1.634240139905408506e-01
1.303080120254527796e-01
2.296320957421506964e-02
2.622270620806010921e-01
1.448346708326914145e-01
7.779867709162582856e-02
-8.609768444606381507e-03
9.968112717871289996e-02
1.534316181030304094e-01
1.809913660741472308e-01
2.904748361521169303e-04
8.180638533361059284e-02
1.347128823652706531e-01
1.967230412114419069e-01
9.053892057146704919e-03
1.295979828454215665e-01
1.667389397532242357e-01
1.368791528061744922e-01
-1.466373579932779905e-02
1.101521746301803613e-02
2.779044479170439397e-02
2.439726426348210186e-01
6.269482520001998238e-02
2.490973791208354327e-01
8.414289905716072770e-02
1.372038998528610776e-01
4.444369268014886423e-03
1.514094276079010759e-01
1.775889445847258497e-01
1.029104323947949429e-01
-1.601213562314219088e-02
-9.449737188866812534e-03
1.036254370748060372e-01
1.593285013550288787e-01
1.789690909087414961e-01
-1.581906820821779146e-03
7.248974639903134343e-02
1.254787008019093153e-01
2.061723927757693753e-01
1.514069466879101877e-02
1.579687323868490811e-01
1.768174287953844792e-01
9.015571286023582598e-02
-1.481104368565386818e-02
-5.631017737090887772e-03
1.707063981753982607e-01
1.868848711487501313e-01
7.634340798709104980e-02
-1.045617465065310121e-02
7.839897133781246683e-03
2.700582950352265477e-01
1.291208009035633708e-01
5.257942867818218152e-02
-1.353643014679383437e-02
2.941475062098387536e-02
7.174690315769846616e-02
2.408698987794483937e-01
4.698170516761258908e-02
2.547664401966586722e-01
1.431725899529271706e-01
7.322327165266516447e-02
-9.063234770086874351e-03
9.344731790272595151e-02
1.483076136194771966e-01
1.882512656456886979e-01
2.430389222325601319e-03
9.559630645295880136e-02
1.471918196480960228e-01
1.796064434182226000e-01
3.844932893838803227e-04
8.611577559119115710e-02
1.381267243686385426e-01
1.930627318827772276e-01
6.356923819428391027e-03
1.158162894773106938e-01
1.606523681255586644e-01
1.535215627394962146e-01
-1.065595386829060014e-02
3.410484034137191423e-02
7.538959822256337262e-02
2.363401672366426121e-01
4.304203006302831369e-02
2.495044896153831016e-01
1.530866359837564639e-01
1.045725233489569472e-01
5.194029275881658844e-03
1.898023883302388248e-01
1.847712691936069240e-01
3.400266501575188727e-02
-4.342105085692763398e-03
8.044195098926374549e-03
2.696012789266549747e-01
1.326221834135220545e-01
5.442253479270027505e-02
-1.337998796729637091e-02
3.558732047703425105e-02
8.251199745076565062e-02
2.378129155598445732e-01
4.212317520746003408e-02
2.467874801853910394e-01
1.562267709541806382e-01
1.154020057289271844e-01
1.168275670519517209e-02
2.255704415342271174e-01
1.787193399127064708e-01
1.435157804144147065e-01
5.618414338225720395e-02
1.078669873677966240e-01
2.210337341965309260e-02
2.668920687460826779e-01
1.281365479942461472e-01
4.565737307083410357e-02
-1.334003541926973881e-02
2.147503120982974939e-02
5.575530248052520260e-02
2.423985795901741624e-01
5.546146370953349697e-02
2.590094383245107879e-01
1.210672589749600542e-01
8.033351269359984004e-02
2.017482646281153896e-02
2.641564217468316822e-01
1.004934975630785154e-01
9.387919252863034802e-02
-9.488096321606074787e-03
7.439228398694966438e-02
1.320883783202346229e-01
2.058517961817633024e-01
1.431219488762306216e-02
1.500215812560554418e-01
1.728400568853809827e-01
1.040609941777096564e-01
-1.639451128006141900e-02
-9.976392276119652042e-03
7.969603633101972340e-02
1.409210789423652188e-01
2.037792655441434952e-01
1.139379515951315092e-02
1.357461863106450839e-01
1.674521476502939532e-01
1.269360424547076316e-01
-1.606448076033696257e-02
7.199211436026422498e-04
-3.645398778963458188e-03
1.873194299329976331e-01
1.881699772291613448e-01
4.203376719169202996e-02
-3.697158978094288589e-04
2.616538365140258504e-02
2.533715962549688006e-01
7.510713112899164434e-02
2.206869096739620395e-01
5.385660917065766135e-02
2.535867431775202796e-01
9.134608001488780937e-02
1.099967320675280524e-01
-5.714280349728101914e-03
9.590757620785811399e-02
1.505687882695281310e-01
1.821423768663348874e-01
6.872441109374500309e-04
8.638071688692700034e-02
1.378550685093840322e-01
1.928793803474852797e-01
6.175562829862930869e-03
1.155760776027034142e-01
1.602301716760877459e-01
1.541063736692577513e-01
-1.054443944538785080e-02
3.501823469524634191e-02
7.677002663477208722e-02
2.360815488578168198e-01
4.232302998568476804e-02
2.484204275031930420e-01
1.545185315274738014e-01
1.097998943639123814e-01
8.161015550620022430e-03
2.070570755884923730e-01
1.831505091780756267e-01
1.081033065047134062e-01
5.143115933988118282e-02
6.852274025300686411e-02
-1.458528383701396952e-02
9.816105658548655161e-03
2.928698274653189840e-02
2.454091497655003229e-01
6.388358963801654689e-02
2.474929553918582270e-01
8.234382433085479791e-02
1.462321773860402185e-01
8.451937989495074063e-03
1.697134836669576541e-01
1.818134774662527597e-01
6.811072188417589823e-02
-9.379075482485581608e-03
9.170564713250409228e-03
2.685724487866074095e-01
1.054244238237040387e-01
8.491096990910104725e-02
-1.129844915790546508e-02
6.165508540143022076e-02
1.184057887793572295e-01
2.180339492930764289e-01
2.294917175210356430e-02
1.880617752893552486e-01
1.786687668777047489e-01
4.088202834635532024e-02
-1.323398614158121343e-02
2.386945806915265200e-02
6.321194349707401350e-02
2.427340282932497484e-01
5.167987307803922903e-02
2.602219724754617491e-01
1.292404237743076945e-01
6.173437121819057294e-02
2.974516320661945747e-03
2.053322644778413086e-01
1.860273314414943036e-01
9.984020998269382829e-02
4.750591542466847672e-02
8.951647081369962233e-02
-1.383173460992546608e-02
3.337804049343991164e-02
7.991890945184529360e-02
2.363346494211504001e-01
4.390072491017825429e-02
2.498709029011386973e-01
1.531830307484501330e-01
1.096270636056084491e-01
7.054302814083149992e-03
2.022748386667316267e-01
1.851508804791609231e-01
9.722208039811450209e-02
4.643398000656447089e-02
9.379780009663554741e-02
-1.309360538450687547e-02
4.189529817794811206e-02
9.002517143402251343e-02
2.337178304409162355e-01
3.902353150852030939e-02
2.368666868916822765e-01
1.658123785137675388e-01
1.402215403133901528e-01
3.347322767025420753e-02
2.531358021342213771e-01
8.314761753955141055e-02
1.650540472919424517e-01
1.693193166135287947e-02
2.055199816613061670e-01
1.816838941891009140e-01
1.115842574618338967e-01
5.378832342287771101e-02
5.711342629926372677e-02
-1.358815159121882533e-02
-9.549271966389680753e-05
-4.222307665233782786e-03
1.775020001379091217e-01
1.884769451272139684e-01
5.947899914722459824e-02
-6.521442313696116516e-03
1.665017186873980065e-02
2.564161188598165220e-01
7.911540461851987449e-02
1.966535208908170018e-01
3.659995856299758793e-02
2.570386506812250560e-01
1.466910624174279920e-01
8.341363026620622623e-02
-5.926795695327349844e-03
1.194497147440328616e-01
1.646442074345362550e-01
1.564852293267818273e-01
-1.047695930594663358e-02
3.115041061130482958e-02
7.167911781923912151e-02
2.367802062687508480e-01
4.546059342656531138e-02
2.546828544734178745e-01
1.467337850098739682e-01
9.002477881922452130e-02
-2.499990385745371520e-03
1.383533592631772391e-01
1.752842643872907780e-01
1.254863156612762987e-01
-1.663916412434040051e-02
-3.506191911221221390e-03
-9.538095784853746137e-03
1.513229849194714857e-02
4.437856277892070905e-02
2.452851541261396040e-01
6.093844936306511834e-02
2.553079229220217572e-01
1.006744288746216631e-01
6.342188559549842564e-02
-1.390329916297556798e-02
2.757529044852425129e-02
6.768352559348145281e-02
2.400774184589596350e-01
5.032116377485301717e-02
2.577472478516367738e-01
1.366718866061879256e-01
5.539852150032442690e-02
-1.284650887439391792e-02
4.982950315345020809e-02
1.025724929239813094e-01
2.276113313231248880e-01
3.323501000188098381e-02
2.202475200135810551e-01
1.740485761707189216e-01
1.423478895445371428e-01
5.491983951386354701e-02
1.083819237140635910e-01
2.039640001153040713e-02
2.654961704821779400e-01
1.324156193571485729e-01
4.833293581604686251e-02
-1.341344729728310634e-02
2.848288719079913184e-02
7.060151824197537229e-02
2.413969164242499854e-01
4.779524631173630300e-02
2.553794963024007547e-01
1.416878300387310607e-01
6.777053980339281525e-02
-1.051936907726415751e-02
7.914032556183510370e-02
1.364809623037256392e-01
2.031215379770033580e-01
1.135826739473909212e-02
1.364096602691585725e-01
1.704233176133541083e-01
1.224138014197900387e-01
-1.652151875033155276e-02
-3.098355841915417276e-03
-1.066425812574997405e-02
3.685176809470287751e-02
8.618333032521686976e-02
2.363462190328912138e-01
4.318551450788163382e-02
2.454567563243338080e-01
1.581201038676540438e-01
1.221031270099719040e-01
1.595753634212083993e-02
2.449945753439788376e-01
1.678165309203132338e-01
1.419548448174250688e-01
3.336097998325596864e-02
2.562618189714925832e-01
9.196670473918217015e-02
1.282988395833166151e-01
5.500951905640597689e-04
1.360163296405117461e-01
1.713025561624655912e-01
1.307220894204674799e-01
-1.598404730367890270e-02
6.022141233498422806e-04
-3.515515571399467111e-03
1.870428001359878689e-01
1.883632121626012401e-01
4.135156950031391304e-02
-4.280550863799284858e-04
2.569570018407512854e-02
2.528806250718796389e-01
7.524384570142889084e-02
2.208696963739471553e-01
5.458061010104055255e-02
2.527959302866251701e-01
9.037290857949226153e-02
1.172032931992309512e-01
-4.276311668523353517e-03
1.095625396441032434e-01
1.602707939602114884e-01
1.642129103970536019e-01
-7.220445226305238252e-03
4.904874906212566832e-02
9.821420040199571599e-02
2.265022765327116827e-01
3.159888253876816377e-02
2.229674729002715794e-01
1.749029536914961658e-01
1.419044881140569259e-01
5.515431269064451081e-02
1.062341279613618211e-01
1.954719256549562398e-02
2.663039508686624313e-01
1.384000681959453583e-01
6.320818886771779888e-02
-1.206365918736526481e-02
5.777970815035657348e-02
1.154768269841989492e-01
2.210703015655341164e-01
2.576730879694644899e-02
1.968985058265685373e-01
1.786725869024312352e-01
8.700726954802950885e-02
3.758600408606962984e-02
1.183731863721823319e-01
-6.477770308117166212e-03
8.617506377288598751e-02
1.412493205470053970e-01
1.938469845244632783e-01
6.623175622971589488e-03
1.170445008240633966e-01
1.601813336643863050e-01
1.548622515029620672e-01
-9.914595064927162610e-03
3.636392701330285609e-02
7.992227146906198676e-02
2.344243688292073635e-01
4.126277410565257903e-02
2.481738044727004877e-01
1.561343518533616082e-01
1.197101871835480891e-01
1.523187543446798478e-02
2.390595387949861206e-01
1.721324170445545920e-01
1.460579679596295810e-01
4.051239839716341135e-02
2.031500996436705897e-01
3.446299186785535540e-02
2.519914419428528340e-01
1.538990874067988623e-01
1.047686413756255125e-01
4.939863854278416302e-03
1.883302767520317889e-01
1.846146819623261659e-01
3.408848006257941821e-02
1.684689751889497777e-03
2.859604980061734164e-02
2.524689697963052870e-01
7.322414027022669525e-02
2.272161876313187889e-01
5.996638732385929649e-02
2.403371767410454052e-01
7.165198006129526453e-02
2.025596224179908034e-01
3.875779565009176975e-02
2.580660958557903228e-01
1.429201991190400256e-01
7.092963412813531321e-02
-9.974908004864689592e-03
8.479067026094166959e-02
1.410533263271499527e-01
1.978571706203305358e-01
7.792620020402429848e-03
1.208365796536049475e-01
1.631712372912769438e-01
1.465503777371109373e-01
-1.272744215317905651e-02
2.375002844551426379e-02
5.612726374905933902e-02
2.411169896652964328e-01
5.138252883387391806e-02
2.585961110360543991e-01
1.274032168023189748e-01
7.260121925341903037e-02
1.373848980700902167e-02
2.644495374594775239e-01
1.471610367462939384e-01
8.427941901907974598e-02
