3.433308722522050882e+00
6.957766112231002609e+00
9.420629556029542329e+00
-5.520336293557288609e-01
9.166607243502994606e+00
7.464675020634020441e+00
2.710895278062203761e+00
9.977176825816952643e+00
4.084254223078691126e+00
6.443215479284391201e+00
9.585725727529062823e+00
2.741816638771098560e-02
8.885856838918646972e+00
7.884191503866691875e+00
2.027970133701769484e+00
9.916016687644056304e+00
4.710191179681017637e+00
5.887924555671523841e+00
9.730632522969246523e+00
7.145527746689022131e-01
8.581855779747343149e+00
8.273520731299175424e+00
1.342631962906585041e+00
9.841953989971617744e+00
5.327297901771639310e+00
5.320079033294769388e+00
9.862420683608366545e+00
1.404155683865441873e+00
8.242600360731723086e+00
8.625020466808233977e+00
6.547692027900247069e-01
9.720915856278580236e+00
5.944360279204680353e+00
4.705845501557591959e+00
9.931561520875776594e+00
2.088591971142404802e+00
7.844865296244185160e+00
8.910702095580317561e+00
-3.248572179350383421e-02
9.556909672661063837e+00
6.482210211549444878e+00
4.070164516286519429e+00
9.968690403609167916e+00
2.765417730047735390e+00
7.407440162569511877e+00
9.168706525368916616e+00
-5.800216379035121328e-01
9.364643819681475634e+00
6.987520094393210535e+00
3.417428819307037013e+00
9.978535135364223763e+00
3.431469620284314903e+00
6.933026155979285399e+00
9.392652874085172243e+00
-5.456459275614968796e-01
9.126546975289919317e+00
7.439808125730925426e+00
2.744217588648310446e+00
9.929149852529134179e+00
4.071035127164118528e+00
6.404424040374218308e+00
9.548613070826949212e+00
3.501761233097550052e-02
8.848596292488526416e+00
7.860246506165956326e+00
2.013156426445108060e+00
9.883372525567297728e+00
4.696957748842842228e+00
5.856079370365186776e+00
9.683460134069060032e+00
7.180406070144361719e-01
8.527231699908965012e+00
8.224807773890745466e+00
1.326492717370212127e+00
9.779225081005474607e+00
5.294393566079500957e+00
5.273307858204308474e+00
9.784934707533215814e+00
1.401920894872331846e+00
8.177383926776728984e+00
8.566885344540496661e+00
6.421990883008694695e-01
9.666428658110373107e+00
5.865725689300339774e+00
4.666033830774304114e+00
9.856518861521179176e+00
2.081687750842965201e+00
7.782391039780810260e+00
8.854654870608767325e+00
-4.061747869073062400e-02
9.504153997416540989e+00
6.399282545381020704e+00
4.032578065665962441e+00
9.893552547427937327e+00
2.753106613107465961e+00
7.345153538118128544e+00
9.107470954898333915e+00
-5.797770039239067419e-01
9.293631359929605651e+00
6.902919948880649414e+00
3.384353540152455153e+00
9.904884768234516912e+00
3.418288015330817498e+00
6.882527803998647720e+00
9.332857570622072885e+00
-5.381884140754228385e-01
9.074481829191189064e+00
7.369418402552998515e+00
2.721593838285029321e+00
9.886231301028434615e+00
4.062443426314723993e+00
6.370874562859528467e+00
9.509335569934023624e+00
4.333103503897919179e-02
8.799092196366073537e+00
7.792394507013771232e+00
2.046875028612426206e+00
9.830864132630008356e+00
4.686599037952468016e+00
5.825678107746412593e+00
9.652117868831506797e+00
7.248194913861779609e-01
8.500028351958283324e+00
8.179070416875616090e+00
1.367208973771977476e+00
9.754222306307474000e+00
5.292222874443673675e+00
5.255777697351384781e+00
9.767296414246184000e+00
1.408509710796477243e+00
8.160052496489209162e+00
8.559372977426725981e+00
6.849854781626021349e-01
9.654860107720498519e+00
5.870494798551568749e+00
4.656510273865220206e+00
9.850466192004207144e+00
2.088682026270487935e+00
7.771503870345707554e+00
8.852626897188445199e+00
3.101782421755511568e-03
9.495935452834759261e+00
6.405115738989010765e+00
4.024240783004954025e+00
9.888468032083748582e+00
2.759529072665479532e+00
7.334605401053670093e+00
9.100943374599523850e+00
-5.585838126824584915e-01
9.302940940018842753e+00
6.901617739750366631e+00
3.372664617597824765e+00
9.893411500343006537e+00
3.421738189986784029e+00
6.867001258378634176e+00
9.319177119018453581e+00
-5.325872967697489191e-01
9.076809467392967790e+00
7.366025286588511634e+00
2.710311245948217262e+00
9.870189520683492646e+00
4.065745203805060548e+00
6.357247660420590307e+00
9.504072849396111522e+00
5.136645924677323005e-02
8.822347179331963218e+00
7.798251624129066251e+00
2.038885234797010781e+00
9.830338647196029456e+00
4.698160655534036501e+00
5.823831486249350320e+00
9.646725200404139500e+00
7.322493742471931633e-01
8.517898775638428788e+00
8.176475285284684702e+00
1.357973542501567543e+00
9.743419264436921523e+00
5.289346678250605116e+00
5.238575128589321395e+00
9.748953825753471136e+00
1.413282477536114579e+00
8.168695123440036454e+00
8.515250786856432441e+00
6.754680781706436932e-01
9.621489602845425537e+00
5.857478050902127364e+00
4.632881480884800673e+00
9.820727981617066504e+00
2.092129665064969224e+00
7.746857438715520239e+00
8.816515515767342492e+00
-5.353533387705937396e-03
9.479762934116230610e+00
6.402762264247188639e+00
4.010063363821757321e+00
9.877003689202041414e+00
2.764181841053479971e+00
7.317628908432554979e+00
9.069187757462803035e+00
-5.620898391426565333e-01
9.288842968465525374e+00
6.906598091342362800e+00
3.363555348189526395e+00
9.881883612058951272e+00
3.427006206128430765e+00
6.853660155090651074e+00
9.300545157115552186e+00
-5.558148890004563913e-01
9.074234088395364495e+00
7.369629206246830933e+00
2.700547231769961254e+00
9.874001255570682645e+00
4.075619850231074537e+00
6.352248124727302603e+00
9.480981608877417699e+00
8.211578564027439964e-03
8.804731243065035073e+00
7.786116066371111089e+00
2.025397715825555167e+00
9.806695362916434178e+00
4.692328460300038806e+00
5.798985679843781327e+00
9.631404737895145729e+00
6.877524001810528809e-01
8.497977467275292796e+00
8.166096302090931403e+00
1.346433156720856950e+00
9.721967636149861036e+00
5.290138204853942483e+00
5.223657902176863210e+00
9.737926144244267945e+00
1.368896813163277271e+00
8.157724868426596387e+00
8.519033791340163475e+00
6.667262302767422710e-01
9.621711401201093139e+00
5.867771568221262335e+00
