2.249618560650038734e+00
2.732182782383371755e+00
2.132865002124366249e+00
-5.041323616507852046e-02
7.487832298363797934e-01
5.460277799556844114e-01
9.995904255052671938e-02
1.912648126976527196e-01
1.055415017940403849e-01
6.294315314130068117e-02
6.650573686319007603e-03
1.033792707433528121e-02
2.453393878524450233e-01
4.745141947609586575e-02
1.910425367321116341e-01
3.780486377314587997e-03
1.759392778715364314e-01
1.227527263509225752e-01
1.041572521966680070e-01
-6.122994613891682807e-03
-7.109267080609106039e-03
1.683777867965857711e-01
1.252022546464810204e-01
1.239590007399368476e-01
-1.180921590604004645e-02
-7.955472323868648804e-03
6.750091356057213998e-02
7.901053769051599729e-02
2.248414111203659582e-01
1.292950415445381918e-02
2.028084542484166475e-01
1.188556832283176601e-01
5.359524938538404865e-02
1.088175482127205253e-02
1.781134657307761535e-02
2.448010440319192127e-01
4.506334728134472889e-02
2.121991900271943676e-01
1.847752298029173290e-02
2.349878774650303870e-01
1.055037330264732010e-01
1.185921330645142990e-01
8.172404389937925132e-03
2.353393934290099465e-01
1.086064528207829755e-01
1.199848752548631770e-01
7.637272104021859340e-03
2.367182510026639986e-01
1.078831355994666619e-01
1.189945178133862691e-01
8.466738496824860460e-03
2.362632262893145096e-01
1.078682437537343969e-01
1.199731395899576863e-01
6.465862044232455544e-03
2.309218842074151623e-01
1.118385596820144212e-01
1.132427264646924947e-01
1.244108358746936170e-02
2.502455682695632344e-01
8.799617110918792062e-02
6.415818147177466957e-02
-8.866510113178934296e-03
1.110277149415376564e-02
-4.902921790129752613e-03
1.935128659501771653e-01
1.264407479030735526e-01
7.469301819225544758e-02
4.320549352401423064e-03
8.954486329761129210e-03
2.461386075899128223e-01
4.879470400855776685e-02
1.790122544749623568e-01
-2.851423926394131177e-03
1.423418014845914681e-01
1.174840985907873170e-01
1.543116172354053461e-01
-1.599647320528392938e-02
2.244140800479393211e-02
1.580379341307463700e-02
2.402263714390207860e-01
3.822044915312780566e-02
2.358005127018829583e-01
4.411864612454587109e-02
2.081275919740514513e-01
1.616974196792929364e-02
2.259146023754634580e-01
1.116880941911423814e-01
1.091072347647657204e-01
1.127883400258290411e-02
2.500987656831890060e-01
8.737054671127819638e-02
5.900977231571577497e-02
-7.589622660490897080e-03
4.335262278743903276e-03
-8.178682942542580062e-03
5.865266830179917401e-02
6.846055804427382541e-02
2.288069954224073443e-01
1.906753069181675586e-02
2.216398300537218424e-01
1.129161722919439087e-01
1.011906592883900918e-01
9.768026613724787102e-03
2.501233209554671877e-01
9.222954396920683695e-02
8.426095457134320788e-02
-1.307902339062572659e-02
4.885404231195843855e-02
5.796060862675792708e-02
2.330982233493996414e-01
2.302086047318556428e-02
2.374516653937016331e-01
1.021896568131409472e-01
1.191188157895910621e-01
3.390596281804721980e-03
2.093689234001903099e-01
1.211455908256737213e-01
3.777906282046851472e-02
1.788632087817004085e-02
2.484656511822194019e-02
2.448344432640190138e-01
4.067982247007841112e-02
2.301060172077365740e-01
3.708006498557529090e-02
2.392448448718163811e-01
4.749864485113513418e-02
1.817588828346641261e-01
-7.678663096837576654e-04
1.532361218160180893e-01
1.185290673013229407e-01
1.420479770242216999e-01
-1.543381987649811680e-02
7.325436015772819956e-03
-9.716563281441445779e-03
1.032829289433331993e-01
1.037426520338312619e-01
1.995817943574594855e-01
-5.337564543547473894e-03
1.158921583910162978e-01
1.061141215627572632e-01
1.861985639036764784e-01
-9.900045551775591909e-03
8.533386200394357801e-02
8.815516910773811554e-02
2.120561285703063681e-01
3.340104552512658011e-03
1.614099564557239797e-01
1.204776654162048044e-01
1.309644973268941914e-01
-1.357679180926872273e-02
-2.357589650475415931e-03
1.886140409133275908e-02
1.460204834317656297e-02
2.416502119246825564e-01
4.029417275858747371e-02
2.287049299266069591e-01
3.536921051629675350e-02
2.432103781635347461e-01
5.458425342830343363e-02
1.020790442649859853e-01
-1.099665807550170848e-02
1.045221522008107787e-03
3.392686681479566146e-03
-7.917421281131041197e-03
4.749847388042877094e-02
5.846687398863088109e-02
2.338326809039759924e-01
2.379363236815028315e-02
2.385283316737083492e-01
1.008846896964280399e-01
1.172948438623196421e-01
-1.203355842240737874e-04
1.936311082715316267e-01
1.239775950090380441e-01
7.284338004020535218e-02
5.025890068093097872e-03
9.333288286617134888e-03
2.462858789624197686e-01
4.828275522241498585e-02
1.823253527198734347e-01
-1.259344124298459894e-04
1.511457486271099437e-01
1.193781763194509959e-01
1.433096023473137137e-01
-1.525936990213877520e-02
8.541180942180955429e-03
-9.507009238191411332e-03
1.171120776312232215e-01
1.109989707005793053e-01
1.865941064171321717e-01
-1.014708938379046618e-02
8.261546422694336644e-02
8.633576846464834087e-02
2.138745372270932088e-01
4.756547348602726405e-03
1.677853287926704406e-01
1.214864137702365426e-01
1.210127437527385719e-01
-1.139123025761475463e-02
-7.762542533043033204e-03
6.729579645110103647e-02
7.802962048380322757e-02
2.257803456853466895e-01
1.299668510757370776e-02
2.053169970396863109e-01
1.199051141937881731e-01
4.967333082771788200e-02
1.283975710843695064e-02
1.953045295408142520e-02
2.450143958188461812e-01
4.368630389232318334e-02
2.182309821752300705e-01
2.260698042947228981e-02
2.426909775130474678e-01
9.538538836986210079e-02
1.003686074395922917e-01
-1.089447137223545359e-02
1.071591548125022664e-01
1.036231690153752855e-01
1.954697584391760501e-01
-7.229570102064259221e-03
1.038590354553305117e-01
1.012741558323936308e-01
1.953612600177944136e-01
-5.879993716383177631e-03
1.096103861110236249e-01
1.028203515331695961e-01
1.922358724775532213e-01
-8.413042399821412873e-03
9.672860808064764893e-02
9.703135834978410257e-02
2.012241513202975840e-01
-2.468181783027284353e-03
1.274037821050434671e-01
1.108551853278070959e-01
1.736998493252615849e-01
-1.430048962937333600e-02
5.397285435561960387e-02
6.202266749713733485e-02
2.292573347870573985e-01
2.016143139807979878e-02
2.280394375492482695e-01
1.094141748732943425e-01
1.144707730911202898e-01
1.129339102880239087e-02
2.515756718167244665e-01
9.071371217933640874e-02
7.233207990096782170e-02
-1.145100596404269658e-02
2.525797766376436035e-02
2.395100169160357950e-02
2.402232726771779125e-01
3.653185954479165609e-02
2.440023617232475184e-01
5.403128928429536126e-02
1.157011799311450650e-01
-1.401308567804684935e-02
1.537393336508863922e-02
3.902940083187152187e-03
2.517299300954101149e-01
9.310628662498254826e-02
8.132400474975209903e-02
-1.288901043963092651e-02
4.101081012991579511e-02
4.842797387634954764e-02
2.358065477845768254e-01
2.747638622232841804e-02
2.459876873730316438e-01
9.007188691182847762e-02
8.798386186427370470e-02
-1.314480851756475062e-02
6.041007458148931614e-02
7.053606528186845415e-02
2.274144434273628890e-01
1.669047680964228994e-02
2.166706689548540954e-01
1.149818037544698551e-01
7.917977536636477964e-02
-2.876248021055561894e-03
1.912107283749701903e-01
1.251530784232812166e-01
7.862692414825150911e-02
3.007142002749792556e-03
6.747270420046629080e-03
2.532663920890990128e-01
6.372556997737566231e-02
1.072078518331551766e-01
-1.533941782737329200e-03
1.828115570582913296e-01
1.245822219944736214e-01
9.462190969748460190e-02
-2.473559859638521131e-03
-2.162917344640114502e-03
2.221123599193218223e-01
1.191336979248795863e-01
8.423468795459576608e-02
2.567002080070616889e-03
2.207394903268510011e-01
1.181066849468661167e-01
8.988927604655139181e-02
4.864480283222664958e-03
2.354406233149847483e-01
1.097635756267898999e-01
1.182785764835144332e-01
1.018217775141446596e-02
2.429002178292677949e-01
1.015363546003109768e-01
1.112757252315204615e-01
-5.478578926229681935e-03
1.568326685560269551e-01
1.209454820423112031e-01
1.396447384568086092e-01
-1.490610933978482079e-02
2.835382817755551649e-03
-4.004216699428037735e-03
1.664361540625881181e-02
1.019252536248060892e-02
2.412413915730620140e-01
4.169772140235111779e-02
2.242471833288983418e-01
2.887662353258839409e-02
2.480982697959302485e-01
7.996799290782868885e-02
6.491847924931727631e-02
-1.198682859900899143e-02
5.192234626154855481e-02
6.004150461675719641e-02
2.334206647056291106e-01
2.275727470458657753e-02
2.328640911016245929e-01
1.059400109939872547e-01
1.191473065918220858e-01
7.279955576366186829e-03
2.339081187958140517e-01
1.099076712142634804e-01
1.192914920630740033e-01
1.084119000361963292e-02
2.444572386688984023e-01
9.902612383610401303e-02
1.042772125357865759e-01
-9.511804336597552353e-03
1.223040606066461422e-01
1.108115070488064346e-01
1.807977084203535589e-01
-1.290279111281900960e-02
6.685342115834738697e-02
7.441919251252983314e-02
2.228431198772038435e-01
1.309733400250080726e-02
2.030740464508035692e-01
1.191127922896419722e-01
5.295286457995820872e-02
1.305427992316717661e-02
1.876784856531825418e-02
2.443237813672696768e-01
4.495807460107823644e-02
2.142990952154958384e-01
2.065529660293063258e-02
2.393749789037510900e-01
1.011401835310831859e-01
1.172431355582361778e-01
5.334749680109779433e-04
1.917956734252834472e-01
1.240756798206948952e-01
7.703588289889819196e-02
3.646132400302329324e-03
7.365582392455414379e-03
2.511290191373805603e-01
5.745394148027622994e-02
7.151735469090085562e-02
-2.559239339856758666e-03
-7.746804928586121554e-03
1.563177953885985794e-01
1.238790749348440967e-01
1.398249240483930567e-01
-1.451681119754957144e-02
3.459779973611362604e-03
-2.424320170689962806e-03
1.165759771329011145e-02
1.099517249866167412e-03
2.377104623624297364e-01
1.102103932985658424e-01
1.205818380950893637e-01
7.182519518856209789e-03
2.344554932183163798e-01
1.095089919295868242e-01
1.177239171446397836e-01
1.063048041002274957e-02
2.449695830568924537e-01
9.873516844797619596e-02
1.047415553422750278e-01
-9.567717286091299844e-03
1.233536491060716889e-01
1.106641803622772230e-01
1.789768216691863811e-01
-1.243481490728383723e-02
6.630387251956802730e-02
7.321577751851836291e-02
2.240349113347749888e-01
1.340343084781555824e-02
2.059103085465638083e-01
1.181999289419498056e-01
4.651669610118079612e-02
1.349438793633049062e-02
2.089362318960207021e-02
2.444569497111264977e-01
4.349240920160023921e-02
2.213345762318683352e-01
2.596862729677792275e-02
2.490939782180176809e-01
8.482316103459823509e-02
6.622050696899942079e-02
-1.012657071132421448e-02
1.517669514180475070e-02
5.542230095243329269e-03
2.547650483346421413e-01
8.143348399198034604e-02
7.341796900454358732e-02
-1.212483958189678607e-02
8.236804464976141271e-02
8.992453091058015546e-02
2.138652169628842969e-01
5.061317134579069316e-03
1.653743322507320590e-01
1.201719726411824840e-01
1.241715978427186118e-01
-1.117412831761329176e-02
-7.225219625355536190e-03
5.489412330536353607e-02
6.703496399281821949e-02
2.310573426860948465e-01
1.975588735436500931e-02
2.271543293122082752e-01
1.097525795343694682e-01
1.124116318823667748e-01
1.233311408041062700e-02
2.499833996309611672e-01
8.819309193659470580e-02
6.347504114020754984e-02
-8.849363279141625460e-03
1.024182362979317654e-02
-6.029117373349905315e-03
1.835911223184217844e-01
1.271649949071230190e-01
9.844573098091710661e-02
-4.271120412937355094e-03
-3.892561807525870936e-03
2.049974373398052441e-01
1.243976605744150088e-01
5.403767904402905636e-02
1.287375387980818804e-02
1.866705843574448243e-02
2.441719201986449483e-01
4.511318687010523742e-02
2.143250618939848418e-01
2.105840027819952387e-02
2.398134714649210186e-01
1.007212937731686853e-01
1.159281907996141808e-01
-1.735713615729345388e-03
1.829429019855983718e-01
1.246938133274303750e-01
9.335995979946486167e-02
-2.322828945668472655e-03
-1.535824412736461631e-03
2.260784391541709737e-01
1.177773525827451873e-01
1.007021892270644481e-01
1.027691346071129067e-02
2.485328941941913061e-01
9.331496974803298039e-02
8.292404409691891964e-02
-1.292131075373907645e-02
4.833853706657566945e-02
5.566502005184333080e-02
2.345512823754065945e-01
2.472477537893769811e-02
2.375882972849226726e-01
1.012944840818143649e-01
1.154763545843527361e-01
-7.063267559239431916e-04
1.883879732368615167e-01
1.236933979521176868e-01
8.727671901427912216e-02
1.010744754551456308e-03
2.632206224141892762e-03
2.473959635348743080e-01
9.986466019188641741e-02
1.014708427539140478e-01
-1.087170922475215983e-02
1.084440956478843476e-01
1.039858023164357964e-01
1.950127620792545535e-01
-6.610499928961710223e-03
1.016151022895608463e-01
9.955715472041276604e-02
1.978970603163373865e-01
-4.827293156405907185e-03
1.163955147410510454e-01
1.058235862466641725e-01
1.862797030639303519e-01
-1.011617832472060455e-02
8.122649092692543760e-02
8.617656729633654811e-02
2.138826292830145470e-01
5.502925038457138172e-03
1.689351214617247077e-01
1.204500652835815006e-01
1.190966355616922823e-01
-1.088473081000352824e-02
-8.658193528935764771e-03
8.239014352845110134e-02
9.126414360372291090e-02
2.150648043005851107e-01
5.097664386756795875e-03
1.668020465792110496e-01
1.198444862495632590e-01
1.228274267522196928e-01
-1.172663047868354423e-02
-7.614940510391458861e-03
6.255885117381813909e-02
7.410811684304259572e-02
2.277890411556225403e-01
1.555158455080771392e-02
2.139348032518852138e-01
1.158052587886503337e-01
6.032327799939184165e-02
-1.196837499602316363e-02
7.767533270993312589e-02
8.590036312465111623e-02
2.181325729383468137e-01
7.505259860310399544e-03
1.793588475534404481e-01
1.207109841773018888e-01
1.010336217362731437e-01
-5.679744801622178818e-03
-6.152428866681003590e-03
1.798501733782169043e-01
1.264295991919174855e-01
1.034548692265702674e-01
-4.851082130502800890e-03
-6.076180655116452875e-03
1.823191601791400163e-01
1.272114635035756502e-01
9.623198774860824978e-02
-3.231965283199297184e-03
-2.656237627730422424e-03
2.169549802526251070e-01
1.212937215075673009e-01
6.371896961319463426e-02
-1.154220435104647870e-02
9.415557532229948401e-02
9.825354413949261012e-02
2.051164241226223206e-01
-9.518721892547194093e-04
1.353026036428879864e-01
1.134250040030525264e-01
1.651663896754408667e-01
-1.559484129183812129e-02
3.761064598880134446e-02
4.176750298631702607e-02
2.357838385495585887e-01
2.942523082737885654e-02
2.479510255487121784e-01
8.369141480957756341e-02
6.302096325693515300e-02
-8.173437406474427444e-03
8.572827300815556370e-03
-7.090254460254288502e-03
1.657971630035667832e-01
1.253696036635835176e-01
1.253113583247545404e-01
-1.161316537840446396e-02
-6.707459097143155316e-03
5.796196031671266291e-02
6.876590090451638326e-02
2.297032960556124603e-01
1.940609054660671559e-02
2.239237001885409639e-01
1.117580827025685120e-01
1.064436698326678699e-01
1.099487509510679861e-02
2.520131528800783061e-01
8.708528051033320727e-02
6.396798452160737392e-02
-9.410304671440907626e-03
1.113736549926038454e-02
-3.286190815510258312e-03
2.082269904015848772e-01
1.233335877023689492e-01
4.721277455169740900e-02
1.559291123401559953e-02
2.190324098311150630e-02
2.440414319214597172e-01
4.348474408963023258e-02
2.225779174367989999e-01
2.783871846142291218e-02
2.494768566758598649e-01
7.985620350111491406e-02
6.226363772848430428e-02
-1.143954432588972780e-02
3.422230517066782163e-02
3.956307671404529769e-02
2.379003667816304846e-01
3.136587902938937217e-02
2.490862703699966429e-01
7.658045677053167133e-02
7.094658596805941686e-02
-1.238339619903592280e-02
7.166151574089192622e-02
8.120610027873098602e-02
2.209387692690223393e-01
1.059257343307658944e-02
1.919653878426408888e-01
1.205121239790379328e-01
7.728854659079573142e-02
4.334362574511829193e-03
7.243225843827260507e-03
2.515087245815308958e-01
6.300937500547010295e-02
1.033774692279377516e-01
3.787965458317451607e-03
2.235840718844833430e-01
1.160826398396189590e-01
9.690143815184185105e-02
8.484128365030943475e-03
2.445859869364220285e-01
1.000517279749043864e-01
1.064720169806400579e-01
-8.545747411486609782e-03
1.317411591691146355e-01
1.142090492567744836e-01
1.709884437411295921e-01
-1.465636093774122517e-02
4.661169599131918112e-02
5.295404850681418446e-02
2.330902483044554052e-01
2.426824837459928136e-02
2.404421726527218861e-01
9.900158002645982613e-02
1.142260944688669455e-01
-2.672151492900327538e-03
1.709864541754970158e-01
1.241647652618819153e-01
1.146278894447661512e-01
-9.054155134414661188e-03
-8.911476782824279130e-03
1.128127720589046090e-01
1.083312078986986976e-01
1.903135162983820017e-01
-8.376214170322492103e-03
9.169097928770214567e-02
9.319530519687545256e-02
2.063838002032793439e-01
1.163591312607062042e-04
1.427308537844255154e-01
1.151441139072019171e-01
1.566734455128378778e-01
-1.601628834897213943e-02
2.412763716367514327e-02
2.037744693059766882e-02
2.390014565052551720e-01
3.734507298371553263e-02
2.420013577805407712e-01
5.016190615652126039e-02
1.488922207478277082e-01
-1.312157501191577383e-02
6.805460179165845336e-02
7.608644363629060714e-02
2.230310062203859633e-01
1.254781089340888806e-02
2.009622183668174356e-01
1.192836997704421892e-01
5.837102973665832945e-02
9.433766846660533029e-03
1.614120517248993775e-02
2.445585970080182969e-01
4.591994631190708664e-02
2.067926971272412151e-01
1.482096065901142116e-02
2.231290586265073372e-01
1.129825542576238795e-01
9.841799373052083355e-02
9.660425176383970192e-03
2.475218717063896456e-01
9.552612491140188844e-02
9.236776277555595882e-02
-1.283688436503192809e-02
7.579480409784830619e-02
8.227078346123903319e-02
2.205807177293228616e-01
9.836437652714618424e-03
1.845617550234484594e-01
1.216579282597180234e-01
8.885321496706333200e-02
-6.555825913625505479e-04
4.004410261264573583e-04
2.398792879283748181e-01
1.091090457555787263e-01
1.195733158235108839e-01
7.087879489894234608e-03
2.296690212844454959e-01
1.126207362668587980e-01
1.146827584993077576e-01
1.179585146778912123e-02
2.515049662429956201e-01
8.766500383163300381e-02
6.623873401140034645e-02
-1.016375920761687993e-02
1.476560661917923623e-02
4.816121342366932144e-03
2.534301269670692358e-01
8.740097935334048551e-02
5.692600084414248945e-02
-5.940259210341525264e-03
3.122454337428914872e-04
-9.882075496673362307e-04
1.401629074893176886e-03
-5.079395097353936114e-03
2.496733926183319560e-02
2.542779103605229477e-02
2.407758247950815278e-01
3.659693444660502143e-02
2.440880935635812987e-01
5.393779182084252471e-02
1.164768044999553720e-01
-1.406018490327204384e-02
1.654113447620979629e-02
6.181674590526778368e-03
2.552318857883149050e-01
7.575228330661540332e-02
7.022381723912782259e-02
-1.247744586236042112e-02
5.375524295681290837e-02
6.378291776914804534e-02
2.310243638461528803e-01
2.034280542626491772e-02
2.294997109187296436e-01
1.084697954255754299e-01
1.162275990545070525e-01
1.186991136824449948e-02
2.482452480153127805e-01
9.247405917735795899e-02
8.150085692084187150e-02
-1.279149542954355172e-02
4.515160818488336836e-02
5.187705185901701765e-02
2.358874146523433912e-01
2.654393403288523440e-02
2.414746383835980059e-01
9.621481649511254286e-02
1.045419560593355973e-01
-9.190644819084419631e-03
1.253598311062683324e-01
1.120301204937107914e-01
1.777576984390443482e-01
-1.371826533366671090e-02
5.998939907231372326e-02
6.779645455646717001e-02
2.267587732971364234e-01
1.685194057606391807e-02
2.175074779401737768e-01
1.145286137536930121e-01
8.317035239401010527e-02
-5.618411285953899144e-05
2.092497780704590526e-01
1.221960867171854453e-01
3.821285706599010512e-02
1.752571946645425580e-02
2.478952725339158766e-02
2.446581543340383136e-01
4.096833096361759963e-02
2.317799586706683068e-01
3.681082826558752796e-02
2.398576966372165664e-01
4.951959956923867451e-02
1.643342221109281298e-01
-8.638922162895568829e-03
1.071489570572222438e-01
1.020197256554548904e-01
1.953079925306611953e-01
-6.117919530528424452e-03
1.042753514119505176e-01
1.011808992990684553e-01
1.953116801022732052e-01
-6.081643482123194958e-03
1.088807702384806397e-01
1.022042341269501081e-01
1.931152505850780021e-01
-8.123233323588059662e-03
9.899661385500575783e-02
9.828478300317783356e-02
1.997596149839250546e-01
-3.575641715757596484e-03
1.223282262406632237e-01
1.085740614750843880e-01
1.797287912818856526e-01
-1.298950577843320346e-02
6.626074831888198458e-02
7.398733191761885930e-02
2.232435037500187236e-01
1.345027358870785721e-02
2.041986446972253177e-01
1.187891423702278487e-01
5.000128361982063285e-02
1.405887792414575732e-02
1.996504207041421841e-02
2.441386892978463230e-01
4.440993276417037894e-02
2.175960314392705042e-01
2.358167775039014813e-02
2.450435346087719013e-01
9.343718626109188963e-02
9.821151779317034702e-02
-1.166831183105881617e-02
9.398524113341918951e-02
9.736989610518798077e-02
2.049835450474605247e-01
-9.377274895631265445e-04
1.359557643697958396e-01
1.135351200371227387e-01
1.644782208004489099e-01
-1.565343397255142266e-02
3.647141796862454766e-02
4.003295235776705568e-02
2.364194933455394665e-01
3.012108278042288645e-02
2.484655516921452922e-01
8.101098855830900225e-02
5.509232357503995869e-02
-5.406728243725086522e-03
-6.563534162449609528e-04
2.896430905767159378e-03
-8.312567803613266082e-03
5.700905156516417049e-02
6.792940619834460236e-02
2.308584113389156589e-01
1.851571070006771333e-02
2.256448022227925398e-01
1.127290710085517150e-01
1.054244410887079236e-01
1.142702260289452446e-02
2.508091084805933457e-01
8.808846866239637696e-02
6.504766349751199550e-02
-8.914535376436601849e-03
1.235881222894807084e-02
-2.404703471742581419e-03
2.117205563527023993e-01
1.229713366395497331e-01
4.052456854150821713e-02
8.101237703824842873e-03
5.266315694003050052e-03
2.555353987556612250e-01
7.934985584189997720e-02
7.156198093339283250e-02
-1.236652690303151857e-02
7.486799388789694421e-02
8.355852602769388293e-02
2.195061455385466931e-01
8.946091067075601783e-03
1.853886657175642660e-01
1.208189578371712397e-01
9.104637648065441735e-02
-1.970032225031612301e-03
-9.575505032835353899e-05
2.335116837896972497e-01
1.136768381570772840e-01
1.178902452806890322e-01
1.122957967182956762e-02
2.498154275613470587e-01
9.212890427927132586e-02
8.430518280277701781e-02
-1.313234181063006357e-02
5.295056975640230479e-02
6.212311828271062375e-02
2.315462578680639039e-01
2.071159870767128389e-02
2.316799442565640188e-01
1.070608954404974056e-01
1.166689615987777789e-01
1.071075633280477342e-02
2.453237248115292535e-01
9.834806551585890955e-02
1.029969044983546356e-01
-1.026225826863923392e-02
1.157601588675724602e-01
1.074482686237216433e-01
1.865356102390754445e-01
-9.712334385763393002e-03
8.398405572858856638e-02
8.796049827807021770e-02
2.122162351917192824e-01
4.061685623861600175e-03
1.626668182303643018e-01
1.195288192779555281e-01
1.293848905100023206e-01
-1.321443780160463932e-02
-4.601840834238988057e-03
3.145550489166360625e-02
3.679531051887914572e-02
2.395709523544385100e-01
3.293073992691981922e-02
2.491705119946526492e-01
6.963101688977781090e-02
6.440590691023789782e-02
-1.165724983410078297e-02
3.589511215846454689e-02
4.143731247792671601e-02
2.377336562549296206e-01
3.031966018996738732e-02
2.492324728546263524e-01
7.935348959184523876e-02
5.952840354404825840e-02
-1.081152236871161208e-02
2.789670240879858765e-02
2.948731681582326958e-02
2.395441783266295255e-01
3.505485990583076528e-02
2.469838638047120449e-01
6.070225911412777814e-02
1.062627675756250695e-01
1.996036400949009748e-03
2.067045350815672200e-01
1.219002217138638600e-01
4.504288198012451616e-02
1.537358674744710926e-02
2.187938020830442268e-02
2.453994663429430734e-01
4.206153814467823715e-02
2.233148173639999678e-01
2.975793226887581480e-02
2.487607253194906720e-01
7.563383793625562401e-02
7.044829783835110382e-02
-1.234016568018115462e-02
6.804000385991965105e-02
7.579458792426370384e-02
2.236215674435348966e-01
1.395039912678484699e-02
2.032747301236802195e-01
1.192623928779999593e-01
4.989637192700117907e-02
1.349969022172652772e-02
1.933626261995289100e-02
2.459813008167493764e-01
4.486940573312860059e-02
2.169781951422568855e-01
2.384293365279962357e-02
2.438325572350182047e-01
9.418133804769837636e-02
9.937271869062508367e-02
-1.151321382814427495e-02
1.018895011612954288e-01
1.012546365422254402e-01
1.997649418605152438e-01
-3.487426703018122083e-03
1.204646972901361884e-01
1.083553022728396265e-01
1.806313314920990343e-01
-1.245865184713805529e-02
7.115334479919241395e-02
7.568060128678921750e-02
2.210597404896703921e-01
1.220518770843943834e-02
1.966440468237407313e-01
1.202937258908004653e-01
6.522495700399029428e-02
8.037669553127735345e-03
1.248622283081226095e-02
2.466709976534608439e-01
4.805151291362393107e-02
1.944846586249248943e-01
7.447412960996151188e-03
1.904925841555896171e-01
1.217233771485532745e-01
7.972398717031159432e-02
3.124748692288386448e-03
5.498321637853874344e-03
2.534116143089067963e-01
7.448971724803320205e-02
6.475682197737710200e-02
-1.139455367365849528e-02
3.399161983626239336e-02
3.773312254109177644e-02
2.390882900871691974e-01
3.140368601277366417e-02
2.472679300489284970e-01
7.542307671868840602e-02
6.953288660965048495e-02
-1.240979613166418895e-02
6.482227744044660733e-02
7.391240165130975870e-02
2.263447096029781169e-01
1.420670298605596071e-02
2.103624376169279109e-01
1.185009684279016845e-01
3.705020809199812554e-02
1.739061344544572812e-02
2.459445195282465579e-02
2.442514147732564311e-01
4.107931759816629141e-02
2.315543595227036733e-01
3.534054566066395509e-02
2.398895010225822466e-01
4.981046079630331580e-02
1.631912998973541751e-01
-8.929140262954569918e-03
1.043520683142398625e-01
1.006889452586107458e-01
1.974205128168113610e-01
-6.044372676264325034e-03
1.103779833274494138e-01
1.046034268892181984e-01
1.892512806523478919e-01
-8.784876398002603587e-03
9.270474820239718583e-02
9.303580749611320422e-02
2.068285423751120289e-01
-3.957889202158609756e-04
1.401254452626264912e-01
1.162992280829957259e-01
1.562712923069483617e-01
-1.599011767561887842e-02
2.568462622349263966e-02
2.173396571427467505e-02
2.396422933040646408e-01
3.629118539665054238e-02
2.442327348113511321e-01
5.407425860617098151e-02
1.142459409933674619e-01
-1.375117033840974300e-02
1.367336852416127513e-02
-1.289009049779241307e-05
2.331698296239931578e-01
1.135632016386632637e-01
1.168160982175031892e-01
1.252458569686053930e-02
2.497098072058407392e-01
8.908450095819049619e-02
6.797932305604251213e-02
-1.008545927363391388e-02
1.717714454989023934e-02
8.185616091479221493e-03
2.502756111806577199e-01
5.659857431506513936e-02
1.043119214262391015e-01
-1.201751759141721915e-02
3.384680277152440041e-03
-5.702269891419788073e-03
3.023385560014130516e-02
3.325230283530284520e-02
2.404233532943348406e-01
3.504649227451055171e-02
2.465648573820503620e-01
6.633798887086915508e-02
6.519949366289248815e-02
-1.036751901690232715e-02
2.192497256195774513e-02
1.763257343070943894e-02
2.411931485119611640e-01
4.012923127928792744e-02
2.353456074349364324e-01
4.327097839336505741e-02
2.127893386532274944e-01
1.952488986098506810e-02
2.360790264996067145e-01
1.044354852445616572e-01
1.199674940250593513e-01
4.941542192905528513e-03
2.228267453088343397e-01
1.164123912474366862e-01
9.996102701515810485e-02
9.848143446361326547e-03
2.495939553016683077e-01
9.266343264170576188e-02
8.450670142705367371e-02
-1.282690578542277846e-02
4.972941617435544526e-02
5.946410489504374425e-02
2.322343462718761409e-01
2.258370229043349733e-02
2.351731150473730381e-01
1.041683213169492528e-01
1.198419352950501893e-01
5.334795127179718828e-03
2.243222047768193006e-01
1.154977646171497924e-01
1.047907714297713899e-01
1.138029135746364447e-02
2.513546360444243732e-01
8.720351818207162931e-02
6.222358789171000826e-02
-7.854917597112910654e-03
6.716963253387152680e-03
-9.250340926069793024e-03
1.260212677876543230e-01
1.152431354782084555e-01
1.765078947181719649e-01
-1.383259098716370719e-02
5.826692360976518104e-02
6.388804909621656480e-02
2.298627371847042633e-01
1.920194429548283122e-02
2.225822841188520862e-01
1.124432656120911284e-01
1.040468593363939320e-01
1.067772316834172432e-02
2.512809660380269094e-01
8.919159135556314899e-02
7.149548673088573780e-02
-1.121266572341939396e-02
2.110400723631099956e-02
1.777359615593968739e-02
2.399353111115856141e-01
3.917586555571016260e-02
2.367830405058034549e-01
4.243218315054216039e-02
2.137673820437938077e-01
1.996995249266283329e-02
2.341107675263653376e-01
1.058395858465142891e-01
1.192546240680396052e-01
6.294569386912245157e-03
2.289011534273782678e-01
1.128943653191852997e-01
1.121777005324355037e-01
1.268666767350539078e-02
2.505059906118078383e-01
8.631527734205031444e-02
5.645537532858807550e-02
-6.568806644945144983e-03
1.517901458549063406e-03
-1.353880338537086399e-03
7.019920557374716499e-03
-9.263182262636416101e-03
1.230873034434671887e-01
1.144499371392626308e-01
1.785680721401602389e-01
-1.309449001696671305e-02
6.348212083880908074e-02
6.958848016454634300e-02
2.265126879226685708e-01
1.484163357729539889e-02
2.111559600013120375e-01
1.173204448677514500e-01
5.815680666181681502e-02
-1.184950909455581222e-02
5.964275490385140960e-02
6.896838065969404519e-02
2.293655535929138289e-01
1.699474425123634336e-02
2.182927450526794821e-01
1.145947779726325527e-01
9.175172085770819108e-02
6.135879817334767908e-03
2.388255750422720869e-01
1.070069173682689778e-01
1.201385878938603102e-01
4.379570141251645093e-03
2.187743947140506906e-01
1.179983940988344332e-01
8.725883058099975775e-02
3.859622995150463823e-03
2.289446452410757726e-01
1.139014029379259579e-01
1.118768545396013475e-01
1.183423134126630402e-02
2.530320125282974897e-01
8.615893178116802720e-02
5.493566427119814244e-02
-6.298980301447883179e-03
-9.243613005392855783e-05
3.275936516078843848e-03
-7.755168718325013838e-03
5.437624167459401137e-02
6.367019789266539775e-02
2.310652024953124273e-01
2.141068254771502644e-02
2.298831064555315051e-01
1.083340287610735780e-01
1.173126460154670647e-01
1.045814974771214212e-02
2.481138309270502773e-01
9.558841327694266032e-02
9.632685861207609945e-02
-1.194663842791238162e-02
9.098362152351202603e-02
9.491545446450297407e-02
2.080738343185343231e-01
6.067056553011040965e-04
1.453027371527882694e-01
1.159180778500359249e-01
1.520344268416813638e-01
-1.601977143986405006e-02
1.999254663595307138e-02
1.266329813810104093e-02
2.394758809093255059e-01
3.985228296318332752e-02
2.330870527922417612e-01
3.737338314004400031e-02
2.368400801113345888e-01
