2.418624714662027220e+00
3.216247400217365993e+00
2.787583735858755407e+00
-8.956628946616157494e-02
1.192117069258196604e+00
8.120569135424939855e-01
1.824274636314393294e-01
5.955549460275736534e-02
2.415198429599639818e-01
1.704231684078743037e-01
1.291706152145474518e-01
3.714553518951693722e-02
6.665914802286995733e-02
-9.863920020064847333e-03
-8.565117262652965913e-03
4.749539958097067499e-02
7.874086125244557366e-02
2.335364744906767431e-01
3.074132983397108443e-02
2.382475923977936394e-01
1.322393043892678421e-01
1.190031893429568388e-01
7.060788413755715587e-03
2.203420948167380544e-01
1.493275220860721120e-01
1.189324122743161266e-01
3.392512456648140440e-02
9.093362153878481458e-02
-1.431976293587161435e-02
8.832496895738402298e-03
4.918328884283079509e-03
2.598049992207844827e-01
1.215512049173975290e-01
6.578098369299531512e-02
-6.990886304284228865e-03
1.386895515323955386e-01
1.457449051503218740e-01
1.431938432558483854e-01
-1.635716522308552912e-02
1.186690259992105936e-02
9.176844597553943800e-03
2.569347485551615740e-01
8.009999005788029369e-02
4.448489505301727459e-02
-8.405144415882232975e-03
-6.849203496928434921e-03
2.032202633657134369e-02
3.545515172155686012e-02
2.450318794797024524e-01
4.954991786474756410e-02
2.464455457629410873e-01
7.132132212092695545e-02
8.618158356751817739e-02
-1.400646544883622606e-02
1.005727152857622576e-02
8.401151275354245412e-03
2.623144945861072275e-01
8.950092290099072312e-02
1.054444016019344121e-01
1.180038563661544096e-02
2.477244580880400004e-01
1.309474453378336456e-01
1.018100044959707046e-01
-4.913946372140837009e-03
1.451548824413012861e-01
1.472787166937917780e-01
1.344996739747947034e-01
-1.650562585524328885e-02
3.343646382931331641e-03
-9.369179125857669821e-03
1.205587695084549965e-01
1.390210136951798570e-01
1.700289438599542069e-01
-1.207531017595072850e-02
4.993334170584363962e-02
7.799570773586431138e-02
2.293005959727626442e-01
2.736041574370358387e-02
2.315393188205691066e-01
1.373419370085953162e-01
1.307751204045078108e-01
2.053088395820315895e-02
2.578392196215271714e-01
9.563407666482151570e-02
8.778087243049664812e-02
-3.553414565546125954e-03
1.602342725085821873e-01
1.506340685712450334e-01
1.103180819010955854e-01
-1.336692689823485748e-02
-9.534763272144457930e-03
9.603623455963103406e-02
1.267262623485063966e-01
1.950945427314617064e-01
-1.865660866915703608e-04
1.115565481471911674e-01
1.286099294502632273e-01
1.770047784154097359e-01
-7.656415369065581664e-03
7.060769453031195964e-02
1.004571117272427677e-01
2.151129864238390532e-01
1.424912063687273737e-02
1.821786853117068061e-01
1.490745351884407155e-01
6.460111623375190681e-02
-5.743025863282006770e-04
1.178996691232840448e-02
2.500801396390072151e-01
6.478814515269237795e-02
1.706371562463173952e-01
5.726222613229713966e-03
1.708768830145410145e-01
1.495554954308039031e-01
8.966048848109053893e-02
-9.504919038607985426e-03
-2.005653153152780858e-03
2.157459347311570519e-01
1.530991488840228731e-01
1.080456238840395711e-01
3.101288727107923485e-02
1.189503947015119883e-01
-1.419248426986252642e-02
4.340880285615893869e-02
7.173407452339594648e-02
2.334419365759743958e-01
3.176058987631191766e-02
2.423383685036271107e-01
1.284082058755163513e-01
1.066514163494829692e-01
-1.983250453670584376e-03
1.639276494515310989e-01
1.521932596360236201e-01
9.968440255293305186e-02
-1.178373342792322920e-02
-7.258357099442345854e-03
1.582483091264600128e-01
1.524595214587120551e-01
1.163643660333257002e-01
-1.430959879516294914e-02
-9.323050059805337159e-03
6.664163117573955464e-02
1.022267779021092948e-01
2.210359734936402920e-01
1.704497795137957517e-02
1.933560097166875102e-01
1.485871516744948773e-01
4.008154625697225859e-02
6.077353609993152092e-03
2.343053377552459585e-02
2.490048949237352871e-01
5.848899858669941165e-02
2.129258749895124314e-01
3.189491782284917254e-02
2.547925699157375656e-01
1.112650790044729665e-01
8.549887086939936265e-02
4.973892982138569847e-03
2.217552775169295831e-01
1.484777866399049628e-01
1.245219228290889713e-01
3.341661499786101330e-02
1.044050995674225824e-01
-1.486918389389019213e-02
2.356840572558083560e-02
4.043425229908476082e-02
2.411703288857307004e-01
4.562398526786223124e-02
2.524371517855943936e-01
8.311597204208649725e-02
1.066319696386354710e-01
1.012262239357521361e-02
2.421741368375214809e-01
1.361007865063010858e-01
1.166271823126414642e-01
5.668766683654269042e-03
2.082718585608833717e-01
1.508398850086249132e-01
9.041553337806423896e-02
2.122579690857076887e-02
2.284805113978710112e-01
4.110650079729991080e-02
2.538240899688525287e-01
9.064147749805190335e-02
8.814299096867955763e-02
-4.144637172690874248e-03
1.570745662774397089e-01
1.497927072719918429e-01
1.167665200220182331e-01
-1.512358793959854043e-02
-9.024350685741101483e-03
5.828627285964461252e-02
9.325829785153660900e-02
2.271849903552928540e-01
2.223455997653331351e-02
2.144110036822492460e-01
1.444676359046568326e-01
1.128619089996152625e-01
3.274402241635200606e-02
1.048644483621547913e-01
-1.493431635890766877e-02
2.507538921385374375e-02
4.102048526812281104e-02
2.423079886045477194e-01
4.436274080702343886e-02
2.515372080907439245e-01
8.580677109563812632e-02
1.018165886695913125e-01
6.022413871196397039e-03
2.203561639070661660e-01
1.481183438919079220e-01
1.220856967259508763e-01
3.325202602740939817e-02
8.938220747690781010e-02
-1.427578796693970350e-02
6.029875698570415568e-03
-4.059466245189489444e-04
2.248061209534901184e-01
1.493847730717798306e-01
1.267392641593043101e-01
3.311276577034197310e-02
1.184985863313939985e-01
-1.385693695105527992e-02
4.407902083900395312e-02
7.197495594545667841e-02
2.334006599455412112e-01
3.125251682134123216e-02
2.423515863359016198e-01
1.287022771236763785e-01
1.089507833019393301e-01
2.422980827944366203e-04
1.727323084298171552e-01
1.529935758839529591e-01
8.431654629223048203e-02
-7.410897826151043900e-03
1.218203773169682959e-03
2.444992876405249205e-01
1.389125602549008964e-01
1.232470850524868267e-01
1.175446689275235802e-02
2.361683785181024064e-01
1.397782646239134063e-01
1.289304204114864183e-01
1.748418868220706981e-02
2.575615669290429177e-01
1.140470693486378279e-01
8.581203438633241976e-02
5.021231052959534459e-03
2.220946735372468783e-01
1.483738668273448802e-01
1.252988254857907990e-01
3.331854026692339377e-02
1.159096016670520257e-01
-1.436784173251289855e-02
4.221974702267070750e-02
6.740287085379162435e-02
2.348398381471286656e-01
3.409121243835564613e-02
2.465442882737308161e-01
1.231176407167188097e-01
8.243606190647752296e-02
-1.180548922631114925e-02
8.319266887257083243e-02
1.132179635205236290e-01
2.072029570807878973e-01
8.481385965267079080e-03
1.522409827109202918e-01
1.453668437785923251e-01
1.188541097399483798e-01
-1.515483259264342568e-02
-6.852914346412879165e-03
3.157535718663005003e-02
5.890066194720483539e-02
2.401175220290740209e-01
3.999228946122072859e-02
2.537902911097763003e-01
1.058456338178837552e-01
8.964377885667326740e-02
1.680899233313819241e-03
2.045823632973320372e-01
1.535645028251001742e-01
6.450415463537721716e-02
-1.739346684011841104e-04
1.994725498261966656e-01
1.537852088526204530e-01
4.284325326711192761e-02
-7.896223024944522967e-03
-5.662419832397172156e-03
1.265087599137975499e-02
2.193149758449821143e-02
2.441372861828582930e-01
5.368406213658181297e-02
2.310450826597210128e-01
4.809098552802075488e-02
2.379081983932649358e-01
5.420846025260619289e-02
2.095053872981660070e-01
3.052862762141320130e-02
2.504410229017625666e-01
1.192958352757319124e-01
5.633951227095063824e-02
-1.246260111356345748e-02
2.296933232995522836e-02
3.770943476942323347e-02
2.416201484670384148e-01
4.759073045015286413e-02
2.496733643682507442e-01
7.796976182811363176e-02
8.974606805581383795e-02
1.382919330600062419e-02
2.609555765130112115e-01
1.065291096761889073e-01
9.150922336379679889e-02
2.086871974316999168e-03
1.984070855336731443e-01
1.534711117095277078e-01
4.394982255387477887e-02
-9.788003945247919849e-03
2.001791697775351115e-03
-9.655234505774830389e-03
1.138060261868836243e-01
1.361227400580532487e-01
1.778331875287496033e-01
-8.110988840027354499e-03
6.965930726574895426e-02
9.831864510956539460e-02
2.170158840377579557e-01
1.478874144665432225e-02
1.877182585662833803e-01
1.503924636496327960e-01
5.371280370759261291e-02
1.581013490984381660e-03
1.648404586827389995e-02
2.505503368898494010e-01
6.173759573398630157e-02
1.905502426230595292e-01
1.588367206977308460e-02
2.144139870040045470e-01
1.472326941925923283e-01
1.162292376232761520e-01
3.316748802877378388e-02
9.835274298420056127e-02
-1.478777665526255676e-02
1.696570452746615221e-02
2.385460160699784393e-02
2.420170657120908619e-01
5.204150644338331744e-02
2.381013045827432562e-01
5.780330013954052687e-02
1.953354137173773653e-01
1.935915048525115728e-02
2.269035577231730827e-01
1.415045613817949022e-01
1.317091548546429070e-01
2.957231272043576997e-02
2.172248598135282927e-01
3.342852823761908315e-02
2.534010985026265983e-01
1.125011183312343843e-01
8.538334563440967695e-02
3.975508765273132183e-03
2.225135191835024284e-01
1.497277241890819233e-01
1.216107143153970643e-01
3.406728537680209223e-02
8.830116704307386377e-02
-1.402925321091171018e-02
6.399547609759556437e-03
-1.601249258865797406e-03
2.193109326160456729e-01
1.530318070446766709e-01
1.121612384249208172e-01
3.307721046920991670e-02
1.075771495033178149e-01
-1.488705378918102167e-02
2.850683812158743419e-02
4.642890963224337308e-02
2.415491652290959468e-01
4.362767589773388494e-02
2.534657429125506956e-01
9.457126834451393127e-02
8.254655048286417551e-02
-6.122883039322854840e-03
1.416999942382388966e-01
1.454886168206262209e-01
1.398299277154488041e-01
-1.644568270561162782e-02
6.927197208213378352e-03
-3.232575145486939888e-05
2.263331893934884542e-01
1.490069275671095650e-01
1.288044489567179707e-01
3.242642412437950206e-02
1.513771417711674283e-01
-5.664744470215444909e-03
1.085714298047706083e-01
1.303127139153784642e-01
1.782718022519301504e-01
-7.398409469518133462e-03
7.540021017961179295e-02
1.032993376909610295e-01
2.127610345318024510e-01
1.129144514266345461e-02
1.698889177654922811e-01
1.494951954283327555e-01
8.513821318432848728e-02
-8.161866834128700399e-03
-2.884536388199366577e-04
2.326516137951462060e-01
1.462939663928151113e-01
1.333178099000359995e-01
2.934244583129442738e-02
2.241240444245589103e-01
3.950184347826708048e-02
2.548723124205402035e-01
9.388246253345221282e-02
8.386376998438202501e-02
-6.015327978646393958e-03
1.449618417130531522e-01
1.459599597289821804e-01
1.352128795776083026e-01
-1.651811925229273309e-02
3.626987087979752309e-03
-8.917107104797795947e-03
1.300305494069040335e-01
1.433653155877520624e-01
1.577272988064359893e-01
-1.495231722314053352e-02
2.870801530791461734e-02
4.736868947805983332e-02
2.390594530935905015e-01
4.184329546104324782e-02
2.548358522152694983e-01
9.680804431681486188e-02
8.365436153395576502e-02
-5.554168727145871245e-03
1.482724501918591120e-01
1.491958716078312652e-01
1.265074407170244664e-01
-1.611501233416067283e-02
-3.502247604013053982e-03
5.004023173716396974e-03
-2.364753623060726097e-04
2.307663878081843145e-01
1.489827338802220402e-01
1.303588740952559000e-01
3.130898630980118863e-02
1.922271923131645688e-01
1.565119890280499901e-02
2.100272035958395955e-01
1.475719144632500202e-01
1.008652550064021575e-01
2.681619685887526305e-02
1.515040654255844776e-01
-4.505763981310709210e-03
1.103063064712125479e-01
1.302059667679710819e-01
1.778388880310217413e-01
-8.175748077054938862e-03
7.393366929900924145e-02
1.009106618989905890e-01
2.130423214499112816e-01
1.373497014134036909e-02
1.769298455663759484e-01
1.494652130712061655e-01
7.310898815740596302e-02
-3.974228218640750258e-03
6.433224955753725702e-03
2.642188325489315259e-01
1.004972465505102330e-01
8.900682508691572237e-02
-1.920109285651710107e-03
1.710213295278889545e-01
1.527455694032379963e-01
9.014468377396063492e-02
-8.590610560739805543e-03
-2.029842323765494901e-03
2.183586762789440083e-01
1.525198153975147464e-01
1.163688308806415384e-01
3.382377463658442496e-02
9.851172807748827254e-02
-1.479239753008994122e-02
1.695249867745152877e-02
2.378540446409070641e-02
2.444272621481396457e-01
5.206332370586642944e-02
2.379720696521268886e-01
5.773161572133185537e-02
1.956628443377234905e-01
1.961607175750314236e-02
2.277915211460070644e-01
1.412300232485730889e-01
1.320325164312382005e-01
2.876958262815471068e-02
2.264819272217080126e-01
4.134288500803105781e-02
2.538649647934125841e-01
8.690995548833919948e-02
9.779106325495559582e-02
1.451185443068759651e-03
1.972034125646930369e-01
1.541726834124218237e-01
3.772766743596710909e-02
7.362350313401317195e-03
2.485515900167169917e-02
2.494196092434814160e-01
5.740113942344323567e-02
2.173548275243432082e-01
3.466577773343514773e-02
2.543422137325235810e-01
1.031060346660847143e-01
8.651889651345787136e-02
-1.430791197225317942e-03
1.775644686232052127e-01
1.532636667906155659e-01
7.833800362245818549e-02
-4.839718506914265569e-03
5.548656902297001772e-03
2.605488547165602520e-01
1.134838433977316818e-01
9.136217764642673433e-02
5.505434988958992845e-03
2.250401770547397762e-01
1.468025000262357105e-01
1.284182860097596302e-01
3.204202893113874961e-02
1.462671098366141731e-01
-6.303513740541354105e-03
1.006172306267650030e-01
1.245620868962778183e-01
1.887873882160036876e-01
-3.129912856311175065e-03
9.980890878879883354e-02
1.212230296223846954e-01
1.890546815906574973e-01
-1.383365170043319384e-03
1.042176442911305345e-01
1.255606744683743781e-01
1.837792305068360055e-01
-5.229472296302489255e-03
8.941702464241611803e-02
1.139102702288205538e-01
1.994179083202687053e-01
4.576161212933551464e-03
1.331533494187031041e-01
1.398661467029009009e-01
1.473169910084020096e-01
-1.581821390967041649e-02
2.013035192401421355e-02
2.834346599453823820e-02
2.410017697963600658e-01
4.967477101554504393e-02
2.446949948152193910e-01
6.752821744936272907e-02
1.217627110009293634e-01
-1.271145671374032497e-02
6.139922928640059729e-02
9.071878480242934195e-02
2.251625021912537494e-01
2.167717614697647205e-02
2.082985991168943840e-01
1.469278260102809541e-01
1.018659436665910328e-01
2.803632004689909224e-02
1.421617115815130006e-01
-8.987731000817688470e-03
8.957834214167542664e-02
1.163074262211210158e-01
2.006592403589380624e-01
4.614024233585232310e-03
1.347179578697270119e-01
1.400369326734146047e-01
1.459133000753510545e-01
-1.599504432305211624e-02
1.834812930235854567e-02
2.474072187239164181e-02
2.416072150203938396e-01
5.090285172021601773e-02
2.406297960895152632e-01
6.034023534846955084e-02
1.773701677139666866e-01
8.542660546332443358e-03
1.851401121297324148e-01
1.517879960316251553e-01
6.076666221294281522e-02
-7.024886962830444864e-04
1.335304923563985190e-02
2.506279268467392352e-01
6.343159397395695120e-02
1.779641438489781846e-01
8.896294505736410119e-03
1.881114562973134618e-01
1.517691837304608882e-01
5.516409229756776694e-02
1.341350616030889762e-03
1.625201210743022068e-02
2.508315520153072131e-01
6.190067283731190417e-02
1.890940953828562643e-01
1.494445331207434891e-02
2.113405254970412983e-01
1.480893914627290087e-01
1.085279102765022013e-01
3.114632912589006264e-02
1.160513516729803629e-01
-1.435401031567029410e-02
4.158292037854242895e-02
6.604175392941809275e-02
2.346538806987706338e-01
3.455884340878583733e-02
2.465678194804284684e-01
1.229068744278185299e-01
7.933370322232541350e-02
-1.229347727639026021e-02
7.467554789978547714e-02
1.050621357166201114e-01
2.138506326375417543e-01
1.357344874088581288e-02
1.742054744233212382e-01
1.492040860992123463e-01
7.796311913028451668e-02
-5.620027815069380574e-03
3.462941565794582822e-03
2.574791612090218673e-01
1.244529660005107979e-01
6.684727271329417297e-02
-1.336169156054093678e-02
4.138144486299828728e-02
6.897776239610048377e-02
2.359801211197282700e-01
3.310683157454874515e-02
2.471500480970524327e-01
1.233967981993437657e-01
8.642660329075382841e-02
-1.021032679062600090e-02
9.642997766126448766e-02
1.237122757198175910e-01
1.939977407649507435e-01
-6.474670504087780493e-04
1.117967079821348547e-01
1.283616461977821199e-01
1.758614266054625008e-01
-7.732138449533774299e-03
7.169285068773717517e-02
1.008705775702859186e-01
2.148271343425932622e-01
1.356412716252499220e-02
1.808688845129396983e-01
1.487046523593977265e-01
6.736891560926011602e-02
-3.203887230494837507e-03
9.575233418306428393e-03
2.537072862900414671e-01
7.025021320029535554e-02
1.265633344393281012e-01
-1.175312144903222118e-02
7.120964318345716915e-02
1.012788248248345790e-01
2.163509253091556173e-01
1.557399905537767276e-02
1.846752635668671705e-01
1.495721372703157914e-01
5.699389823869613347e-02
1.400722887442773425e-03
1.481643230495584794e-02
2.517092111022756207e-01
6.348482961112879297e-02
1.844326653584522357e-01
1.385007378175338172e-02
2.046381846052249820e-01
1.491669567498788429e-01
8.255563036124419218e-02
1.545021759263660172e-02
2.602079560886347842e-01
8.743841074376658418e-02
1.062639084243205412e-01
1.344078649702586115e-02
2.534254002483665724e-01
1.234077610246679946e-01
6.658912239500634767e-02
-1.322342592826946696e-02
4.156758564841354919e-02
6.848561461558189123e-02
2.354477570404888420e-01
3.453487279381380753e-02
2.470424765047520566e-01
1.224526945091995306e-01
7.830730601387793366e-02
-1.250952499298857955e-02
7.174836263647917101e-02
1.033240294671982223e-01
2.166015688557767216e-01
1.534350553426099516e-02
1.833891565705708104e-01
1.495173458107715569e-01
5.983600500371139691e-02
4.619046752296612074e-04
1.351516336375359860e-02
2.520576412804547140e-01
6.426689277758858287e-02
1.789990255847416778e-01
1.075559836803898460e-02
1.915022506553520354e-01
1.506931355374309112e-01
4.436103609520508639e-02
5.994360047700038156e-03
2.134548370393384020e-02
2.487224848604427940e-01
5.999130017098627116e-02
2.068938249422222764e-01
2.812397162325821348e-02
2.480796494618404957e-01
1.237863354877046934e-01
8.259911559695895522e-02
-1.189253055708144186e-02
8.013484802271175766e-02
1.124390327058450434e-01
2.081719995060864470e-01
8.743135097893714805e-03
1.549717215660712522e-01
1.458125908610914123e-01
1.150549253534582650e-01
-1.447685350696407969e-02
-8.947902002987586506e-03
5.261981685701247469e-02
8.747798425343258910e-02
2.302162814304647975e-01
2.588744724015257931e-02
2.254966275991290292e-01
1.404333706635271239e-01
1.311880716284986870e-01
2.808103471308047092e-02
2.199892551635587723e-01
3.607767058261703019e-02
2.546321907776936677e-01
1.051960924798035074e-01
8.893283375501347121e-02
6.962576688121942508e-04
1.959788861521400416e-01
1.527410670023696126e-01
4.018302232987003286e-02
6.344945756247050497e-03
2.415878387821018131e-02
2.496878989279275041e-01
5.829801816700919126e-02
2.139234676830624460e-01
3.228525488037492508e-02
2.555266700558837534e-01
1.115373824689809001e-01
8.817352392589883348e-02
4.958946220594314183e-03
2.212924432664394869e-01
1.484125493544993235e-01
1.235062433192856135e-01
3.334200297200447249e-02
9.615037457382552555e-02
-1.482423897002297167e-02
1.327404656098122096e-02
1.845274425608186761e-02
2.430713806288191114e-01
5.329016544211488682e-02
2.309003578662773004e-01
4.765107493538520839e-02
2.392788822880256294e-01
5.544968290135067479e-02
2.029027422669468783e-01
2.550114617567332889e-02
2.412846690169400121e-01
1.314792583724173070e-01
1.128757969611455803e-01
2.383358239807392177e-03
1.929291657343861766e-01
1.521389045922082461e-01
4.627412868305876004e-02
4.244393778389416241e-03
2.110710339197497190e-02
2.500376615938507130e-01
5.984073115738786086e-02
2.048779163672310166e-01
2.548425945899894865e-02
2.454886112657978514e-01
1.300094047015436516e-01
1.030060010502027723e-01
-3.016642078322171600e-03
1.537543581570522122e-01
1.490946669048719142e-01
1.197195650172191428e-01
-1.515152466090255966e-02
-7.349583508785717360e-03
3.718789510573727863e-02
6.751597792330159276e-02
2.378751301718283195e-01
3.611005505729880660e-02
2.497794690693342090e-01
1.180004219994891107e-01
5.661780559742972396e-02
-1.235019276881100560e-02
2.391450180719028457e-02
3.953695600903722740e-02
2.418670307279523757e-01
4.673589938663340326e-02
2.510844248651218913e-01
7.935213653970095427e-02
1.027612069333850436e-01
1.756316041668839686e-02
2.604411134135805606e-01
9.036581962106468580e-02
1.006756440113701634e-01
5.478365708225449437e-03
2.172211855383754942e-01
1.491666901392028344e-01
1.159856691761161629e-01
3.273540856878459637e-02
1.019398973322728635e-01
-1.497773410034351944e-02
1.936641713524135666e-02
3.152082272016727693e-02
2.423424817149617827e-01
4.861813360943892381e-02
2.468545609661726703e-01
6.880822669950141524e-02
1.029669171200400385e-01
-1.471574953651418917e-02
2.856385136289970803e-02
4.897693351563847663e-02
2.400350087037490254e-01
4.195019323698125080e-02
2.550053965429590619e-01
9.638062199069996616e-02
8.362487552386134448e-02
-4.865430475594277084e-03
1.473357622997397698e-01
1.486962847271781907e-01
1.284288176552619287e-01
-1.623408509078957257e-02
-2.223194962266543742e-03
-5.708841257542319157e-04
-9.958536815975865472e-03
6.907000015740588639e-02
1.026330244803341091e-01
2.199687088714039340e-01
1.713320140512218648e-02
1.913201614465387390e-01
1.491829418080774794e-01
4.234444932994132355e-02
6.459585970132505038e-03
2.174601626282804401e-02
2.485498866930609674e-01
5.965771920382148541e-02
2.088481914388851945e-01
2.958771699439602387e-02
2.505709299632903897e-01
1.198164123213509430e-01
6.235249697525628576e-02
-1.294543520843604266e-02
3.196953516695980740e-02
5.676799728249239119e-02
2.391380846248665759e-01
3.963651706035518918e-02
2.537643421966361834e-01
1.060838576080372492e-01
8.975606684577584760e-02
1.904801865292173654e-03
2.030363765540368071e-01
1.533674827375141880e-01
7.193005269537044999e-02
7.466546587099428221e-03
2.455216027398835488e-01
1.348496631483899477e-01
1.146732274487281961e-01
2.867259620091422261e-03
1.965694807747963846e-01
1.534884847757001791e-01
3.871811862640184287e-02
7.062516546416270323e-03
2.467759762671204241e-02
2.497817644851623997e-01
5.762296265299780146e-02
2.163016271352277697e-01
3.361023013063703380e-02
2.539963625856239138e-01
1.062374474145107994e-01
8.875189445333322991e-02
1.286710488601288489e-03
1.971106997266204863e-01
1.530546557704113297e-01
3.622802843187244992e-02
9.268157308460133262e-03
2.637437995586080011e-02
2.483444790859670182e-01
5.754356522981926569e-02
2.196429110543117458e-01
3.798153357852512152e-02
2.558434202813104075e-01
9.284416715125981545e-02
8.505459248939484240e-02
-5.108583090019596686e-03
1.446627806951849005e-01
1.478834660580408134e-01
1.326784089425206981e-01
-1.642133453523469955e-02
1.377959193589173986e-03
-9.893911919967973354e-03
5.753198293849559608e-02
8.966887623341021629e-02
2.274485164135513493e-01
2.430411130763143052e-02
2.179479243775251929e-01
1.439443511047831803e-01
1.235786824727251737e-01
3.266071988107353830e-02
1.186324630595429475e-01
-1.413948357184262317e-02
4.436184108300913337e-02
7.281739607982153084e-02
2.330134794867041448e-01
3.111246085365804853e-02
2.410761124502432406e-01
1.298414801520080819e-01
1.121379986104325543e-01
1.498221892595463355e-03
1.864081480739540608e-01
1.538641821085491579e-01
5.541700182206698438e-02
1.633520435176972216e-03
1.682399775774638673e-02
2.509056657068338136e-01
6.156524242325944751e-02
1.906858530610029967e-01
1.717984700413671684e-02
2.147949642175434881e-01
1.469077175328212248e-01
1.166626348292917476e-01
3.302468454255290398e-02
9.798469576247098578e-02
-1.471610249088995889e-02
1.677110461544630352e-02
2.288500153876161028e-02
2.421338057681944600e-01
5.205399839612145918e-02
2.372654309679544382e-01
5.621916317493987070e-02
2.035733813403527714e-01
2.447125576588941864e-02
2.421819042554588797e-01
1.310062885967496205e-01
1.138339726267120350e-01
4.363270897521961088e-03
1.994950295043582678e-01
1.525093926547817225e-01
5.153449663803619241e-02
-1.224145056101426550e-02
6.811709082188847908e-02
9.944056488427749363e-02
2.191349483074780946e-01
1.756607332618715170e-02
1.919342683800219773e-01
1.493190171585307979e-01
3.955896521415266931e-02
7.079156655552035909e-03
2.307233694013793510e-02
2.505559711228656505e-01
5.932563629261611293e-02
2.118969188898544298e-01
3.254645374286747189e-02
2.534300071146203814e-01
1.122920992364761089e-01
8.609670685750585306e-02
4.290721516446585962e-03
2.234122372689014702e-01
1.473015106315137268e-01
1.233196163301044923e-01
3.401116275818796136e-02
1.010866730050401785e-01
-1.491456440683410281e-02
2.090392413115317594e-02
3.265052918211670818e-02
2.434716972403165036e-01
4.734458000865082727e-02
2.466598255454186261e-01
7.221403273449678029e-02
7.947465585882258765e-02
-1.326288227577994763e-02
3.286750256590994720e-03
-8.432485438214063975e-03
1.404087165968092021e-01
1.466235366272744811e-01
1.432089395173416491e-01
-1.628795403936273561e-02
1.112959960724993827e-02
1.001490225708447784e-02
2.562176099896951720e-01
7.457527636663806303e-02
8.501672350914953047e-02
-1.367491361983544026e-02
7.721629448257490841e-03
5.254292848429674423e-03
2.575306433084759705e-01
1.214609849128059776e-01
5.841026870089646716e-02
-1.201735846746736398e-02
7.765236789305557386e-02
1.084474569198167482e-01
2.117194961486937865e-01
1.185628692849469840e-02
1.658631992766700924e-01
1.484622597774400699e-01
9.387513560674859425e-02
-1.025667099048753993e-02
-5.502572051937819342e-03
1.844734526398516539e-01
1.553110413085837527e-01
6.874845878273591615e-02
-2.852964113809860341e-03
1.092461612217176387e-02
2.511118031036131404e-01
6.514857910007829100e-02
1.653726907157650750e-01
2.644164950419612865e-03
1.576232559751256646e-01
1.486771766172864107e-01
1.134976569026232979e-01
-1.466408754224337620e-02
-8.856538017237472471e-03
5.703852981472443823e-02
9.084667800510964897e-02
2.290244471448321384e-01
2.301877722468482351e-02
2.163444779910898841e-01
1.447357849743161895e-01
1.218924753139902922e-01
3.314187179074566669e-02
1.098610714487826961e-01
-1.474430692059009416e-02
3.312645134291242188e-02
5.361814307774507432e-02
2.380202594010234485e-01
4.034647096285189083e-02
2.532602943397422313e-01
1.053606374184242328e-01
8.869635018331850640e-02
1.038632351822246953e-03
1.973254539113208916e-01
1.525899063790570609e-01
3.695169524681039819e-02
7.596910261903800851e-03
2.606925413581511267e-02
2.487849922506259748e-01
5.730538060146227880e-02
2.194401588060160002e-01
3.712209769096608963e-02
2.565016295009049374e-01
9.429865472529629089e-02
8.268234911851521374e-02
-5.406432559807809561e-03
1.445889048933902132e-01
1.474862227496648304e-01
1.339004964811265630e-01
-1.642475484843018349e-02
2.471993358051070150e-03
-1.017561652024298428e-02
7.526528908142968155e-02
1.105109148201223745e-01
2.132958231565328377e-01
1.179931848694256401e-02
1.683348293938855822e-01
1.481188979486668389e-01
9.144520227026402270e-02
-9.092710013783781783e-03
-3.845454207748888291e-03
1.964215687212562123e-01
1.565619590421308271e-01
3.801330640474089029e-02
8.022569996278509571e-03
2.572537435160905661e-02
2.501308387279375656e-01
5.682200624681149614e-02
2.192288691891672026e-01
3.724347886638287863e-02
2.549488962329343744e-01
9.860397863194256263e-02
8.407914955578316141e-02
-4.610256605624688496e-03
1.553556805515217687e-01
1.492682909552590920e-01
1.194835723573225705e-01
-1.549435157632670333e-02
-8.210854039186889913e-03
4.219075731577166810e-02
7.344836511781638322e-02
2.365404078740038218e-01
3.266253401700748571e-02
2.453151946438014708e-01
1.253930574374332307e-01
9.542658128186014277e-02
-6.653214604799603804e-03
1.266066024815885593e-01
1.404484146820738633e-01
1.586797824898535381e-01
-1.428433162062090790e-02
3.459077778939446957e-02
5.388936109649741096e-02
2.369954769761260238e-01
3.931885177952543220e-02
2.528581949980835963e-01
1.082246491627734258e-01
8.950781748670599836e-02
3.404344766002295568e-03
2.138561548241066923e-01
1.501148131231337113e-01
1.047752951783774145e-01
2.981863430224736267e-02
1.260904208540122584e-01
-1.261358181478774640e-02
5.865444618300564433e-02
8.850603366508751069e-02
2.259258242747731182e-01
2.176864327292401050e-02
2.155168517775330472e-01
1.461236708009740759e-01
1.144518964008201384e-01
3.276895790692324617e-02
1.020706821756896532e-01
-1.491814599986023178e-02
2.158689865291555515e-02
3.358882133638700640e-02
2.434749957449556801e-01
4.861571958900336166e-02
2.476071947480057711e-01
7.372951822842199743e-02
6.184143091640893070e-02
-9.696312235412991518e-03
-8.338118321255895415e-03
4.123956058599816121e-02
6.993070470191287136e-02
2.361530981941405982e-01
3.491236375286285026e-02
2.463715648109658929e-01
1.229209521876810790e-01
7.948762236760227584e-02
-1.224872142363858316e-02
7.524188211923542313e-02
1.055471419798711397e-01
2.132658475677456367e-01
1.322992228897562975e-02
1.726125089526771850e-01
1.491974897254045029e-01
8.101110162641113333e-02
-6.607659749150999150e-03
1.962831868583372278e-03
2.497838167944058663e-01
1.344716145492539372e-01
1.100360835218588268e-01
9.408158672854469206e-04
1.780477401188731990e-01
1.529795383240194206e-01
7.515002668685560883e-02
-4.253291106034324739e-03
6.482661922725214618e-03
2.642878024843635099e-01
9.977044601856288608e-02
8.951822192827049718e-02
-1.783769678559921947e-03
1.718343367340627870e-01
1.528516697608513775e-01
8.860756907070509170e-02
-8.128159807717905833e-03
-1.363383233706309643e-03
2.240174181970507883e-01
1.505139971230096130e-01
1.264021177101463667e-01
3.354470619137404908e-02
1.239200804839931669e-01
-1.313986699802738821e-02
5.614755362756927021e-02
8.460580785636909185e-02
2.262036112259264431e-01
2.493887896221818473e-02
2.205486829165420049e-01
1.430904518889581367e-01
1.273130566355109572e-01
3.168056680267953423e-02
1.645143650843020611e-01
1.745683285112875627e-04
1.419471349562386742e-01
1.440973140147561726e-01
1.380801868908608232e-01
-1.640735410181444129e-02
8.158727837271381733e-03
1.749841685535039569e-03
2.422425011747898760e-01
1.401682016924132301e-01
1.281423059753618587e-01
1.524627950498149559e-02
2.484553306232465952e-01
1.284246897661316944e-01
9.070758481850831056e-02
-9.423680469478935146e-03
1.068842842394295695e-01
1.291662429556029168e-01
1.845468418154174173e-01
-4.923139009431372337e-03
8.393237744935179434e-02
1.118840995902503077e-01
