-5.982000951994413951e-01
9.948978940505348589e+00
-3.527718744634311121e-01
9.796957221543557637e+00
3.921160769044208100e-02
9.546438400186419315e+00
4.376464067191913609e-01
9.203700894839288438e+00
8.222598237085904094e-01
8.774724444942693324e+00
1.175991643636179695e+00
8.270854794898957252e+00
1.501522480709158502e+00
7.702052527432684315e+00
1.785222114488459688e+00
7.085071272711543244e+00
2.032406393064166039e+00
6.434757430393982958e+00
2.235406615155369536e+00
5.774369272009363563e+00
2.405014557249185003e+00
5.125211554504484290e+00
2.543950517387173260e+00
4.517709230993948388e+00
2.674102728675861407e+00
3.977645816153113412e+00
2.815012290180633592e+00
3.532970651345580748e+00
3.003411675963632010e+00
3.192296049064923036e+00
3.268552613462023970e+00
2.950707161349694019e+00
3.636922050245722460e+00
2.777686948630289976e+00
4.107928006424738321e+00
2.643417875460687849e+00
4.668676886453125618e+00
2.512621716549017226e+00
5.289469687245615503e+00
2.368152828718403491e+00
5.944503069166755083e+00
2.189964518518773939e+00
6.604177792567875294e+00
1.977023367619796579e+00
7.248094882349626289e+00
1.719485005399497224e+00
7.853911200687606176e+00
1.425979086799447071e+00
8.407500438282204058e+00
1.091646645535537585e+00
8.892872956380427851e+00
7.306762117010040525e-01
9.300619095821787141e+00
3.406041110141889150e-01
9.620082284704642106e+00
-6.111472960239187208e-02
9.845706950768835952e+00
-4.321547310306281808e-01
9.971875297247464687e+00
-6.229583531143961794e-01
9.996532833293652942e+00
-5.555416584043595396e-01
9.919064836046436184e+00
-2.598752233812515744e-01
9.740753899355400591e+00
1.439130598174853393e-01
9.465921058563516510e+00
5.383064425458635727e-01
9.099365949772961315e+00
9.167974560750434820e-01
8.650494806323932195e+00
1.262665668390857032e+00
8.127703534069256719e+00
1.578832486969645510e+00
7.545681352035953360e+00
1.852270648183934387e+00
6.917255487181580342e+00
2.088794851632491678e+00
6.263169095868800440e+00
2.281786587053981297e+00
5.602153752942512277e+00
2.443085399608079911e+00
4.962152455376728000e+00
2.577247679127551372e+00
4.368320394419384911e+00
2.708112805112910859e+00
3.852182213878950545e+00
2.857594310071704502e+00
3.432933228210673260e+00
3.063463643356834964e+00
3.120959943977648088e+00
3.353566409398883508e+00
2.898870196969273394e+00
3.749684346419188685e+00
2.740684861296430519e+00
4.245806098904156833e+00
2.608151031081560323e+00
4.825336190848065421e+00
2.477445754303345016e+00
5.457397214767728322e+00
2.322995135685883117e+00
6.116455703783157283e+00
2.138586355472901435e+00
6.773787566022242856e+00
1.911389410606610939e+00
7.409895627110491212e+00
1.647082091211065524e+00
8.003335692041970262e+00
1.339370948179572807e+00
8.540707176223172326e+00
1.000724566606573829e+00
9.006662940482037527e+00
6.279991854694384479e-01
9.392415661437169661e+00
2.376019928490996358e-01
9.687916037092128008e+00
-1.699662468571450369e-01
9.888111142148094501e+00
-5.034777252522236735e-01
9.988038922692819455e+00
-6.314784497343648439e-01
9.986078462417067314e+00
-4.970334312260048515e-01
9.882267918742742907e+00
-1.550266560742861732e-01
9.678296699235767520e+00
2.477677861026918449e-01
9.379214919803658290e+00
6.423361500462457796e-01
8.990157796900598797e+00
1.009446098313968809e+00
8.521277101388298192e+00
1.351392697162126177e+00
7.981481668143185715e+00
1.653528871506338760e+00
7.386162865586447523e+00
1.920355448943912080e+00
6.748839034179749063e+00
2.142460483626851708e+00
6.091136984359276418e+00
2.328951374752432191e+00
5.432649534555990201e+00
2.479483218035018144e+00
4.802284166367739360e+00
2.612641106315496842e+00
4.225622422343714213e+00
2.743502883384905111e+00
3.733428638466653293e+00
2.905851703025827515e+00
3.341801956672969531e+00
3.129403226335453869e+00
3.055904064434656675e+00
3.447423795985470552e+00
2.853190322347110008e+00
3.869385870531859339e+00
2.705529563047933017e+00
4.390769096108726011e+00
2.575257693832349037e+00
4.985612322049807865e+00
2.440824433245116332e+00
5.628470405084497585e+00
2.278675956130888469e+00
6.288338829147742892e+00
2.084533067575643273e+00
6.943134939038491993e+00
1.846713733944469693e+00
7.568808740295341231e+00
1.572011157198523579e+00
8.149923774638988760e+00
1.254664452248044126e+00
8.669000850275274672e+00
9.078052613347032951e-01
9.115703333888621529e+00
5.285358268166764351e-01
9.478097688607981297e+00
1.336274272196881774e-01
9.749741159517364864e+00
-2.694224869399281519e-01
9.923811855547226557e+00
-5.604863125221366538e-01
9.997421286841642996e+00
-6.211279756656505890e-01
9.968791072389052488e+00
-4.243966717835414570e-01
9.838415499865167391e+00
-5.072860998012072853e-02
9.609423505470930493e+00
3.506399480203057362e-01
9.285705211232986755e+00
7.400397365380412262e-01
8.875486426149421959e+00
1.100100642207916701e+00
8.386289197524627426e+00
1.433321384573408963e+00
7.831421897649141428e+00
1.725578852562154930e+00
7.222608267088752143e+00
1.981806000331237438e+00
6.578989235002289604e+00
2.193508487007502339e+00
5.917711811154443780e+00
2.370649328722941096e+00
5.264964640777853866e+00
2.514519089991694933e+00
4.644654455403207649e+00
2.645436164499081144e+00
4.088616014060586501e+00
2.780892542644862075e+00
3.620102759014023341e+00
2.956408473460235609e+00
3.257894038853648588e+00
3.201773679022707597e+00
2.994822471014092713e+00
3.546892486090162500e+00
2.811167238265821933e+00
3.995855181490553854e+00
2.669331207860801580e+00
4.539338566390389573e+00
2.541928345851300453e+00
5.149103277474604390e+00
2.399508066870538414e+00
5.799337566847073688e+00
2.231988546763831405e+00
6.459798403105159181e+00
2.024119007034464790e+00
7.109278845580970341e+00
1.779313963160298773e+00
7.724683293851410504e+00
1.490119084800666460e+00
8.291297748269634837e+00
1.167694239050725447e+00
8.792420573997747013e+00
8.083352510852326311e-01
9.218259017412620437e+00
4.277020536117309146e-01
9.557559356747171719e+00
2.387660758770291172e-02
9.804399756573626945e+00
-3.614613265998136704e-01
9.952604561210600664e+00
-6.030045437327529179e-01
9.999700910006254162e+00
-5.930066485970102441e-01
9.944560696912610354e+00
-3.355474165725425006e-01
9.788108245041213351e+00
5.451393882418974213e-02
9.534139483157257899e+00
4.572004800447649342e-01
9.187003754517805376e+00
8.360770477822808688e-01
8.755567090492300864e+00
1.193110446748457898e+00
8.247820350730037831e+00
1.512773829793675917e+00
7.677804549577949444e+00
1.798876849098857145e+00
7.057884052624681992e+00
2.040500167353031191e+00
6.408011450322318225e+00
2.245307498304339955e+00
5.746198487299082558e+00
2.410299744570290947e+00
5.099577753664104485e+00
2.548470229218525951e+00
4.492816419590373478e+00
2.678683966510911230e+00
3.957714311492032344e+00
2.820842632973072028e+00
3.515600906306536988e+00
3.011873041007144369e+00
3.180928854914275128e+00
3.280866530571723949e+00
2.940926187574851802e+00
3.653607550927088887e+00
2.772131763943701976e+00
4.128672421605417142e+00
2.636263764881173532e+00
4.692503766114551667e+00
2.507745373403242439e+00
5.315200193714662902e+00
2.359241597491946063e+00
5.970994273052405710e+00
2.182811544385125480e+00
6.630418773799732435e+00
1.964572760411492203e+00
7.273215689905998538e+00
1.709199568458101837e+00
7.877178809971233875e+00
1.409893704007421311e+00
8.428320867536884364e+00
1.078550759230488820e+00
8.910720896044818318e+00
7.117726959259348396e-01
9.315075650191133150e+00
3.256443485019749895e-01
9.630849047814724173e+00
-8.137893393067581471e-02
9.852531058946262021e+00
-4.433682037541708532e-01
9.974651276342438422e+00
-6.259996094889336282e-01
9.995170746041527110e+00
