1.063347306842488793e+00
9.557601710835431419e+00
5.142178219276838824e+00
7.745371526690887798e+00
8.265502472593659888e+00
4.329529697586322889e+00
9.737093166688737256e+00
1.993552784019019530e-01
9.983529147380927782e+00
1.926334923005192046e+00
9.319843878657282588e+00
5.903220744999144287e+00
7.155548034948507663e+00
8.705983256366261358e+00
3.496448472964468479e+00
9.862718846070698930e+00
-5.454313459891700910e-01
9.933206191918429795e+00
2.787017582670229032e+00
9.014826795078155541e+00
6.611920341486401398e+00
6.497654565814849903e+00
9.071129034697198890e+00
2.644104803587100871e+00
9.945131353044544653e+00
-4.583913241519743109e-01
9.844553028691416685e+00
3.642006212807680665e+00
8.637296150300757702e+00
7.259016742047210258e+00
5.774872070660982182e+00
9.364484521606572187e+00
1.782495963914464854e+00
9.988965143339523678e+00
3.419459682842392878e-01
9.710787011236845956e+00
4.470759792545693223e+00
8.184232909557763946e+00
7.837015127859009667e+00
5.006021660243078486e+00
9.591712148478325872e+00
9.198218635325297043e-01
9.999497062278251747e+00
1.201761716940424440e+00
9.523836487452602029e+00
5.267385412395765520e+00
7.651642478311710072e+00
8.341094322151155538e+00
4.197499501444161396e+00
9.761806100477469883e+00
6.217030530585343495e-02
9.977762976714604548e+00
2.070078448850424024e+00
9.275691092272200677e+00
6.020655944412364846e+00
7.050088374640622213e+00
8.769291852883442928e+00
3.360578942575304762e+00
9.879443901703371722e+00
-6.042091590044027516e-01
9.921731781113301452e+00
2.929599975777256393e+00
8.959336964849248020e+00
6.720031780064002369e+00
6.381685238063534271e+00
9.122622352587114847e+00
2.506128755963583643e+00
9.954327101319025317e+00
-3.489980853707818631e-01
9.826382002167330043e+00
3.776707316754238430e+00
8.566438685292304456e+00
7.356392457281663688e+00
5.654535087704537943e+00
9.407208562879473490e+00
1.643845580895307856e+00
9.992666129670739750e+00
4.847517080839632286e-01
9.684649383622465635e+00
4.601036866291407179e+00
8.100789138713901494e+00
7.922729528514579123e+00
4.878547086828605828e+00
9.624072359696269174e+00
7.816411817888118119e-01
9.998085317792577698e+00
1.345484202916231276e+00
9.488482773845246854e+00
5.391462656614404381e+00
7.559938786133433730e+00
8.418172533705782001e+00
4.064736820075730783e+00
9.783655684369602312e+00
-7.973991018446591195e-02
9.971269976333974938e+00
2.208536459061314794e+00
9.227294712639695362e+00
6.136786256506171711e+00
6.947230355890041231e+00
8.833880626863590990e+00
3.224312818894760291e+00
9.894052571706344779e+00
-6.363218174843384700e-01
9.909414715703341869e+00
3.066712772219580607e+00
8.899078641492861763e+00
6.826576378139606049e+00
6.268753391659492635e+00
9.175061630971919513e+00
2.367982367103102614e+00
9.962753465684411225e+00
-2.273665002516636613e-01
9.805771194406016633e+00
3.910887151317406385e+00
8.497045272134489124e+00
7.456148578298300578e+00
5.533026642136168682e+00
9.446036322486461856e+00
1.500011069115411821e+00
9.995708986873957258e+00
6.225694704829629611e-01
9.655485449612260851e+00
4.730531999624794537e+00
8.019199311037258582e+00
8.010437863902099664e+00
4.750198268513381450e+00
9.653177491139464550e+00
6.384291809254090122e-01
9.996058271862697353e+00
1.484064813753725343e+00
9.449359603476860769e+00
5.514393815389326825e+00
7.466406217478422036e+00
8.489808817013674513e+00
3.926217715558300014e+00
9.804265039609363797e+00
-2.126035892970648822e-01
9.963223190948438557e+00
2.346863516638212133e+00
9.179612998411350588e+00
6.255992319935923085e+00
6.842595065292560008e+00
8.893318098244710868e+00
3.082437120930233476e+00
9.907514494794590121e+00
-6.379868280366425282e-01
9.894965324617299274e+00
3.203452540030317763e+00
8.839809770434989389e+00
6.935739392407860748e+00
6.154303610227742638e+00
9.222890856589055275e+00
2.224446435899656738e+00
9.970221212493338925e+00
-9.532558739760609023e-02
9.785210688027111914e+00
4.049475127298476806e+00
8.425614605787703937e+00
7.549883036916765988e+00
5.405434959893483438e+00
9.483081420739742029e+00
1.361415237527461963e+00
9.997926299178256926e+00
7.605501710794092540e-01
9.626469216423140907e+00
4.863939647913691822e+00
7.935491587714709638e+00
8.092222819081264618e+00
4.615829385739212753e+00
9.680632992907446166e+00
5.005858530235498538e-01
9.992781139673361679e+00
1.622661982015388915e+00
9.410653006672157872e+00
5.640827019985646729e+00
7.370969244744598470e+00
8.559407450962064345e+00
3.792100112762704978e+00
9.824974763383005794e+00
-3.357191701186740818e-01
9.954851956646230349e+00
2.490242447269923609e+00
9.130129769012924612e+00
6.369119395157100350e+00
6.731904042080492978e+00
8.950880104509694846e+00
2.945373429747656591e+00
9.920931260549833652e+00
-6.108316407843135121e-01
9.880463702914397572e+00
3.344942718541675575e+00
8.778614890433743767e+00
7.038834491293471274e+00
6.033759475203257061e+00
9.268982870607642255e+00
2.086009098817652507e+00
9.977381715035448906e+00
4.124063404593635018e-02
9.763507731627479203e+00
4.182334096414813018e+00
8.348801286948690503e+00
7.641835260369334470e+00
5.281514506429172862e+00
9.520837227954640269e+00
1.222906788141653323e+00
9.999417899888758399e+00
9.039205757730758295e-01
9.596279977514138082e+00
4.991559732491175794e+00
7.846250592650518385e+00
8.172313896065587002e+00
4.485682510154672009e+00
9.708750782812545665e+00
3.629482164903992669e-01
9.989172820399881303e+00
1.766541195163788824e+00
9.370561648506120278e+00
5.761336705061017582e+00
7.269716403297370455e+00
8.627248690090361549e+00
3.657477359545979745e+00
9.843255165451669342e+00
-4.472804184937632654e-01
9.945716450137002340e+00
2.628241404414258575e+00
9.076105742456114456e+00
6.480773720758542744e+00
6.623984271504697041e+00
9.009482320440048042e+00
2.808002689226307691e+00
9.932404920545547355e+00
-5.535027315157651229e-01
9.864981832344669854e+00
3.480852900964226837e+00
8.712364291405991779e+00
7.140257720993408164e+00
5.916474153097985855e+00
9.315811861021815687e+00
1.947482262936898856e+00
9.983117662401953751e+00
1.835676812350033882e-01
9.740483009363181566e+00
4.314431414250312180e+00
8.273397642455773138e+00
7.735763770236895986e+00
5.156419920518780842e+00
9.554679159082329676e+00
1.079250866702184730e+00
9.999864593737402885e+00
1.042205155166571195e+00
9.562323130328428178e+00
5.118026726118350744e+00
7.758675571080533295e+00
8.253806370097759526e+00
4.354577029747075834e+00
9.733438202540764195e+00
2.203224158711887537e-01
9.984520973778305830e+00
1.905141075779139603e+00
9.326089155202534897e+00
5.880405189252741138e+00
7.170612511355491492e+00
8.696134751334552604e+00
3.522218456790786600e+00
9.860154629040485119e+00
-5.341911156022898233e-01
9.934580866556117940e+00
