7.280817678142051941e-01
9.748186337592036566e+00
4.211831706087250993e+00
8.641193388025675048e+00
7.238769106240796170e+00
6.295941253797394666e+00
9.155477907283486871e+00
3.027613749462512605e+00
9.901988852190186208e+00
-4.246244081318782393e-01
9.974927238993963385e+00
1.929031602137656343e+00
9.497463717613529255e+00
5.338773833704081540e+00
7.980885599236011707e+00
8.040676800119591405e+00
5.245256845608014196e+00
9.522815434196738593e+00
1.826352325178688396e+00
9.979143562853122873e+00
-3.443430020037049899e-01
9.892466567983749570e+00
3.129470511258171772e+00
9.119204194875221603e+00
6.381292877789765505e+00
7.167416594354255821e+00
8.692110554064765182e+00
4.117905095908796831e+00
9.766166558925000629e+00
6.313668809217763966e-01
9.999922093100176212e+00
8.196995402960280952e-01
9.733166529995807892e+00
4.305490948301713416e+00
8.596197731179426427e+00
7.309354331684284389e+00
6.219250402453983639e+00
9.190962109867722774e+00
2.936065591998763935e+00
9.911127709293394261e+00
-4.877862529199824548e-01
9.970416802902949627e+00
2.021264552186268215e+00
9.471343935917671431e+00
5.421972181000213276e+00
7.920156115809641406e+00
8.095740884357594425e+00
5.161085720198880011e+00
9.545162568234895062e+00
1.734152225237028944e+00
9.982954101239240430e+00
-2.648833026384103673e-01
9.882370832780209113e+00
3.220770413102688856e+00
9.081933167853243560e+00
6.456643327053777526e+00
7.095157835602627472e+00
8.735296434361888629e+00
4.023639479391218465e+00
9.780022994188152907e+00
5.347473725623280716e-01
9.999442133447699277e+00
9.166036595708582091e-01
9.717435604388459325e+00
4.393683533472798608e+00
8.550181468524085560e+00
7.374739866400881638e+00
6.137127697605266441e+00
9.222640566994201095e+00
2.839154308085527489e+00
9.918585736162178534e+00
-5.439048551868267412e-01
9.966067576203673894e+00
2.118696114681112519e+00
9.446674855001917948e+00
5.509429705643620778e+00
7.862296434958501834e+00
8.153549053030952010e+00
5.076363683175822317e+00
9.568812358781670468e+00
1.641943723248387776e+00
9.985740982949817379e+00
-1.800760900668846864e-01
9.872839523484103097e+00
3.317040423316101272e+00
9.046523877934200542e+00
6.535732881858154819e+00
7.026277651065873542e+00
8.780661458148580678e+00
3.934121869280528205e+00
9.794722496848217830e+00
4.434133490625465912e-01
9.998414382441202619e+00
1.008366861887392885e+00
9.699082254745725606e+00
4.481471074780248642e+00
8.499615009934187171e+00
7.439192766712058535e+00
6.058950149752723391e+00
9.253358017067812469e+00
2.747310520825975377e+00
9.926570235551384513e+00
-5.858401483814774657e-01
9.960549822421935318e+00
2.210861453036804036e+00
9.418709999718821280e+00
5.591472419177385689e+00
7.799560920760390204e+00
8.206618326516567308e+00
4.986200527364882618e+00
9.589566170699871606e+00
1.544543163980795830e+00
9.988348040995825627e+00
-8.650483508156378565e-02
9.863027957915488031e+00
3.408005299365422847e+00
9.010394603662479796e+00
6.609651972846599222e+00
6.952349228844868279e+00
8.822009309786878362e+00
3.839289689506525605e+00
9.807485160575913241e+00
3.470098040296059616e-01
9.997414652825796111e+00
1.105437442388398361e+00
9.682132175868709112e+00
4.574024558064853530e+00
8.451762434012389136e+00
7.507084492413587107e+00
5.980247370424880415e+00
9.286078261279607560e+00
2.655423023548333372e+00
9.933279553972720777e+00
-6.174378321779890877e-01
9.955560547175418051e+00
2.308256676043290323e+00
9.392528919419813604e+00
5.677823896908798851e+00
7.739957636487798887e+00
8.262549853307074699e+00
4.900596541125982419e+00
9.611752469461478654e+00
1.452413764655452688e+00
9.991012531136011177e+00
3.939582144805743417e-03
9.851293877615205474e+00
3.498760923147109736e+00
8.970249873240891958e+00
6.682775835405658782e+00
6.881944481497982657e+00
8.865528457074059787e+00
3.749289639408693642e+00
9.821104512959301758e+00
2.558928572447025096e-01
9.995870661350155117e+00
1.197356066116618933e+00
9.662527343902260313e+00
4.661132735275065109e+00
8.399367624869897853e+00
7.569896633078480264e+00
5.896131598867949464e+00
9.315232640684723009e+00
2.558226993632811919e+00
9.939583780328677065e+00
-6.346694452392948049e-01
9.950246519160195646e+00
2.400388843727260912e+00
9.363031973312935463e+00
5.758795128591040147e+00
7.675451474092746196e+00
8.313881727303575886e+00
4.809589086451308226e+00
9.631198283193809218e+00
1.355114884615680859e+00
9.993127967550755386e+00
9.991974686615105739e-02
9.840554127673579288e+00
3.594525889463512147e+00
8.932367062961311888e+00
6.759752466384343350e+00
6.810882890961131864e+00
8.905090091284469267e+00
3.659121030155571663e+00
9.832851513376912322e+00
1.597170408487610105e-01
9.994351773957582452e+00
1.294573129220361052e+00
9.644321105289968443e+00
4.752920626345486177e+00
8.349705802695611467e+00
7.636040788433241744e+00
5.816232178475392978e+00
9.346251054831780536e+00
2.466204840729516512e+00
9.946491188561525476e+00
-6.392346326085943664e-01
9.943753581283335308e+00
2.492484508467399884e+00
9.335290218566612452e+00
5.839220927555271778e+00
7.614145158293744942e+00
8.367941106124817452e+00
4.723168012018270190e+00
9.652002205175199023e+00
1.263094794388234909e+00
9.995194120323445119e+00
1.908529277406096902e-01
9.827822046243980481e+00
3.684902338985347914e+00
8.890411416016370083e+00
6.831432992017649752e+00
6.734533071283322236e+00
8.943673524319345702e+00
3.563533673480435482e+00
9.844000375195808061e+00
6.882143633325139842e-02
9.992488567971793856e+00
1.386612881254879692e+00
9.623285670898404476e+00
4.839221041494003117e+00
8.295353449379094357e+00
7.697098398314364154e+00
5.730859372293886977e+00
9.373775735928074226e+00
2.368882566030763748e+00
9.952033463467012453e+00
-6.301883226547897454e-01
9.937631241697292950e+00
2.589709269759366883e+00
9.306625296379582579e+00
5.923714476639315940e+00
7.551853100455831580e+00
8.417307078276865084e+00
4.636283029090829899e+00
9.669989915097875866e+00
1.165899916259730995e+00
9.996592982042550091e+00
2.870668814718257966e-01
9.815892906071862711e+00
3.780153213259485945e+00
8.850567869717515634e+00
6.906713519377181143e+00
6.661839638199890778e+00
8.984335114805245937e+00
3.472863666875138033e+00
9.855932246078245029e+00
-2.195772159883815910e-02
9.989891590093359142e+00
1.478699370024860071e+00
9.603590828661699774e+00
4.930085152786229941e+00
8.243720123990135207e+00
7.761283711391147477e+00
5.649686706598561869e+00
9.402894095313145684e+00
2.276714362806746106e+00
9.957902369610428295e+00
-6.086808364792435366e-01
9.930144060251778981e+00
2.681643093310232651e+00
9.274479090410103765e+00
6.002861822957586746e+00
7.484592866422254964e+00
8.465823244493288158e+00
4.544006777109894202e+00
9.687385904490740884e+00
1.073995523623544335e+00
9.997927773189438483e+00
3.782187396929094225e-01
9.802001911300283865e+00
3.870053304944753858e+00
8.806683703394551088e+00
