9.712868094601219582e+00
8.581657646477241386e+00
6.273754663308230839e+00
2.878979771440077329e+00
-8.173834027736978092e-01
2.284848024468403516e+00
5.807349436284326316e+00
8.302254380745337059e+00
9.602967271361208645e+00
9.993867860971279882e+00
9.800602354897497648e+00
8.827963324827234004e+00
6.702476355385718065e+00
3.453110298226462760e+00
-4.286677677730384994e-01
1.686923216501969414e+00
5.321707362480647241e+00
8.002066367045509665e+00
9.473468076333132259e+00
9.975337906353512807e+00
9.869024563189260135e+00
9.046249316983665523e+00
7.109327505118966606e+00
4.011546861842600009e+00
1.650777049379561767e-01
1.088099205339205566e+00
4.812764117019987076e+00
7.668079273569361476e+00
9.323426394998627131e+00
9.943580823854071937e+00
9.922651934810945207e+00
9.237323928191853994e+00
7.487549572280378207e+00
4.545504469328863095e+00
7.774075011776261368e-01
4.772853395666526444e-01
4.288901415945326256e+00
7.304768296017701168e+00
9.145747840068739976e+00
9.897648265184814775e+00
9.961384364791337376e+00
9.399810525411293582e+00
7.836642371368799154e+00
5.065683716156954119e+00
1.379181839168182711e+00
-1.352407688720317358e-01
3.739495627134556077e+00
6.912522419995855927e+00
8.941554162560002794e+00
9.837615095619101524e+00
9.986454622993557351e+00
9.541088529264584395e+00
8.151885413233674882e+00
5.563570416879393576e+00
1.981511427282470539e+00
-6.600063445112110960e-01
3.173140951278129673e+00
6.497723216027132764e+00
8.709695863280256134e+00
9.759145092041277891e+00
9.998540306685086421e+00
9.659732936667293046e+00
8.442303259052540199e+00
6.037303208372291508e+00
2.574652754945947031e+00
-8.706897436741890539e-01
2.592261887709179202e+00
6.050503434483784915e+00
8.453423203012622622e+00
9.661723437711051687e+00
9.998698819235581681e+00
9.757510245005923011e+00
8.703527508057963047e+00
6.479813582267163419e+00
3.155967397130514662e+00
-6.719356559333826695e-01
1.999485811006597613e+00
5.577607195042722843e+00
8.164206337810194114e+00
9.543629263544897157e+00
9.986584712064901836e+00
9.834823510883897058e+00
8.936207928428419933e+00
6.901053367001041217e+00
3.722852934517239198e+00
-1.535148436019068696e-01
1.404366712584716570e+00
5.080558356714067969e+00
7.845577682079155402e+00
9.405798686419704069e+00
9.961754177354986695e+00
9.896752008692072167e+00
9.141247802643349019e+00
7.294279181876251350e+00
4.266469421964202979e+00
4.587827439979703104e-01
7.958574859905217513e-01
4.567505732116283745e+00
7.497547797638792311e+00
9.241412405917618145e+00
9.923463311183908786e+00
9.943180206233511953e+00
9.316979287151925249e+00
7.658713243238914004e+00
4.797544390784272750e+00
1.062796663575080069e+00
1.836073532647349571e-01
4.027885743568274002e+00
7.120312530332836509e+00
9.051186947079786549e+00
9.871565572213848228e+00
9.975190415585222681e+00
9.470678778373308404e+00
7.989162191461052664e+00
5.307283982212257278e+00
1.668819995876917872e+00
-4.124517855278084788e-01
3.470084778323185848e+00
6.719979082948906779e+00
8.833943471419631877e+00
9.802335104215730510e+00
9.993800796237556128e+00
9.600994145810185287e+00
8.295010936756556319e+00
5.793870082053667048e+00
2.267122019254905751e+00
-8.082724372818500536e-01
2.896479686281043797e+00
6.286777415413765446e+00
8.592546041695204195e+00
9.715066572116230148e+00
1.000042296723647084e+01
9.709462308681573006e+00
8.571438719830107189e+00
6.249852791732110724e+00
2.854945098923206359e+00
-8.258444373533817551e-01
2.316382943224067681e+00
5.827067754999299076e+00
8.318551569107636823e+00
9.607942581555395378e+00
9.994690741294357750e+00
9.796197116432251661e+00
8.818898046491392861e+00
6.685356743644575772e+00
3.429685933404455156e+00
-4.506825915489900414e-01
1.718892466500089311e+00
5.342395435313110674e+00
8.015271687847109305e+00
9.481884143107706109e+00
9.976547359438264095e+00
9.866903895116749368e+00
9.038230169111386658e+00
7.093315488788385359e+00
3.982313603368411670e+00
1.395875890635435157e-01
1.113421715634971720e+00
4.840636574067968212e+00
7.682518220183506941e+00
9.330221243762263583e+00
9.945368513977173919e+00
9.921222009977142875e+00
9.227398620712898847e+00
7.472854194238720105e+00
