9.640818605515962147e+00
8.604721271872255883e+00
7.013371939187922344e+00
5.048465890327061167e+00
2.946100863086810850e+00
9.570513958179356351e-01
1.788714753044759187e-01
2.042386565797831288e+00
4.127898547742645974e+00
6.182943346192484313e+00
7.965709518784093390e+00
9.265374021528069548e+00
9.931093552858282436e+00
9.887553265510662825e+00
9.139903676626472517e+00
7.772712171000430104e+00
5.947006875244005286e+00
3.872989233831101608e+00
1.801650551890179530e+00
-2.276076715761819746e-02
1.181878730652355269e+00
3.196084456753959913e+00
5.297256742444265143e+00
7.229079551403961190e+00
8.762149913495175468e+00
9.721666663383587093e+00
9.995000373263016158e+00
9.551313661082359019e+00
8.442573073159060471e+00
6.794487094603773869e+00
4.800003383560340176e+00
2.697890701108697442e+00
7.388875193679956821e-01
3.822848938709936806e-01
2.284375876759994206e+00
4.380069845857409661e+00
6.414713410166484664e+00
8.149755819364562726e+00
9.379260033158345777e+00
9.963684106953641262e+00
9.834002861081321711e+00
9.006430220407846576e+00
7.574629073333067453e+00
5.707419042255803099e+00
3.620256914407406601e+00
1.568441625082460211e+00
-1.706945554792591024e-01
1.409707558128188820e+00
3.447502446316299984e+00
5.541675906936009532e+00
7.435512079702375487e+00
8.910102592524397735e+00
9.792107404047268204e+00
9.979942358534239943e+00
9.452418340756564064e+00
8.271342559549088591e+00
6.570686147050404102e+00
4.552094115290093335e+00
2.451703106911133467e+00
5.256280390853045326e-01
5.921769676899362178e-01
2.529027351805610557e+00
4.628991003438885699e+00
6.641927686952929122e+00
8.326317344610416171e+00
9.484746619175442817e+00
9.985854886663238617e+00
9.770909799526425132e+00
8.864227872845505729e+00
7.370306584252032778e+00
5.464808041056062216e+00
3.368149688910269557e+00
1.337524204422227081e+00
-1.391418766088749759e-01
1.640142767951593861e+00
3.699915975699859860e+00
5.783452724794583943e+00
7.637983698153753664e+00
9.049662172113713154e+00
9.852138079328907949e+00
9.954628593051594976e+00
9.344038873482199747e+00
8.092496759736956591e+00
6.342082998372925218e+00
4.300672985433110718e+00
2.207879639499747082e+00
3.188828612981067234e-01
8.069986577956478335e-01
2.775924299437922294e+00
4.878649329578085947e+00
6.864254723390229351e+00
8.493696473621746179e+00
9.580742810508706242e+00
9.997784142201849633e+00
9.697484178362151042e+00
8.713790523113456032e+00
7.162192410425941347e+00
5.219693155467548529e+00
3.117169497587194193e+00
1.111174086974048736e+00
3.958199067722170672e-02
1.876471994186981185e+00
3.952743552003425975e+00
6.019871644416385337e+00
7.833995287570237664e+00
9.180337233203228919e+00
9.902446188298466012e+00
9.918676581624685795e+00
9.227183051505580380e+00
7.906119958001822212e+00
6.108935908329762299e+00
4.048259261904743056e+00
1.966847877160026181e+00
1.154284837608487435e-01
1.026705161933435750e+00
3.022634033795411401e+00
5.126537704479555480e+00
7.081525362814755198e+00
8.654952021675820006e+00
9.667263825984527159e+00
9.999614764093239572e+00
9.614471501410438492e+00
8.555419286109847476e+00
6.946845804837884941e+00
4.972469439898788757e+00
2.869789713533538844e+00
8.896178093080130411e-01
2.412307242499762139e-01
2.116327182125230522e+00
4.205389526024496227e+00
6.254599592038701417e+00
8.023063036127458858e+00
9.300657544023740897e+00
9.942326814716501815e+00
9.872337567057353880e+00
9.100005080899903120e+00
7.712709524619270063e+00
5.873905038629662734e+00
