9.877752124758012897e+00
9.516916233912008138e+00
8.932813334783919146e+00
8.149202845458091815e+00
7.201521410394470024e+00
6.129152457938462639e+00
4.976498468750214066e+00
3.796087232981081971e+00
2.640543420830874233e+00
1.575918862069194848e+00
7.637642197179247416e-01
1.045642507042998659e+00
1.983025198108705034e+00
3.084941164052950047e+00
4.250330033355723458e+00
5.420780967926868144e+00
6.541568306702518321e+00
7.565658876759895790e+00
8.450565178991933379e+00
9.156271381536189580e+00
9.653970617060021908e+00
9.922519526802098255e+00
9.950296002084201064e+00
9.736083211324118025e+00
9.289225142178818118e+00
8.627698471972161443e+00
7.781513619049640340e+00
6.785883186696474390e+00
5.681881211456283332e+00
4.519475249948045281e+00
3.348541063125611839e+00
2.225359517179018809e+00
1.235101139286766792e+00
6.969149522629747295e-01
1.388677081978143324e+00
2.418250138784043379e+00
3.558426634226424135e+00
4.736798882187405191e+00
5.895600200010483682e+00
6.985405512905216163e+00
7.959641714897973230e+00
8.777899332443420022e+00
9.403105944372056157e+00
9.809881404494280588e+00
9.980954028836016789e+00
9.908582163777836627e+00
9.596256181331625612e+00
9.056365760045183677e+00
8.313442585463697299e+00
7.398477369123511060e+00
6.349075862880503962e+00
5.212542579486064476e+00
4.036633529304797463e+00
2.873366991401182347e+00
1.787258922078188927e+00
8.993159899786065115e-01
8.716226867825955793e-01
1.748650883835889180e+00
2.831810406413904246e+00
3.994636137154215838e+00
5.171996693922612742e+00
6.311640639440051714e+00
7.364470995135533826e+00
8.286780126638181088e+00
9.036865400535450732e+00
9.584119003137759663e+00
9.905532675297243017e+00
9.986513520524166410e+00
9.824183523020899145e+00
9.424804245962739913e+00
8.806523225895064755e+00
7.995222359165762072e+00
7.024101444448118237e+00
5.937033453582692744e+00
4.779209469166818991e+00
3.599943235773424455e+00
2.456753985227558612e+00
1.420435353455809402e+00
7.032915553266757547e-01
1.202392117473081390e+00
2.184038093227357535e+00
3.302729600616410632e+00
4.473680688261894467e+00
5.637109906237803614e+00
6.742750716623640450e+00
7.744387058682913327e+00
8.596783225205607337e+00
9.265007074911567386e+00
9.721121773424961532e+00
9.944397880096408571e+00
9.926105760179945392e+00
9.666512983840926054e+00
9.177417209243044383e+00
8.479455655720562035e+00
7.601103487948041249e+00
6.582085016101840935e+00
5.464705596221347328e+00
4.295817173151299961e+00
3.129962479824698995e+00
2.025018450544068038e+00
1.078342397783623507e+00
7.469112159709827559e-01
1.542485833101870263e+00
2.601645431414103982e+00
3.756290513060146719e+00
4.936863588421848803e+00
6.090033348281219894e+00
7.167180522382893493e+00
8.119669742391847578e+00
8.908382212035723668e+00
9.500441425809114548e+00
9.869002200660943913e+00
9.999318319483068151e+00
9.885480255677343564e+00
9.532728315996308766e+00
8.956084304355124814e+00
8.178914605178468022e+00
7.236455214523309643e+00
6.167791464239696708e+00
5.017183859116171263e+00
3.837034879273471866e+00
2.679804905944779048e+00
1.611144157173758362e+00
7.829591205348159777e-01
1.013201845851174010e+00
1.940125340667889997e+00
3.039392712959442910e+00
4.204128249347673041e+00
5.374713666848319527e+00
6.500212753160409918e+00
7.529468074379042974e+00
8.419968990752202842e+00
9.134706148184307040e+00
9.641337239691811334e+00
9.919331481273223616e+00
9.956748413380974938e+00
9.751871585499348072e+00
9.313639907642210503e+00
8.659734761443930395e+00
7.819813224760618020e+00
6.828832799462682956e+00
5.727632690206133859e+00
