3.014574805234315757e+00
7.568892675187742114e+00
8.964655608594599201e+00
3.571377640861401193e-01
9.763722706384518446e+00
5.478367331879434587e+00
5.568561990665676475e+00
9.745754590879617041e+00
2.513458572082581943e-01
9.006626197877858786e+00
7.504449609995038628e+00
3.117767651033130694e+00
9.999661298528318198e+00
2.911087934232089225e+00
7.639918102757474294e+00
8.921710896077359010e+00
4.630027007586335341e-01
9.783551961296376831e+00
5.387459864226686435e+00
5.658029294087882910e+00
9.724243705021654804e+00
1.456381573916167016e-01
9.047658274639427844e+00
7.431406378661893797e+00
3.220659957899811410e+00
9.998610817212082225e+00
2.802134077955872105e+00
7.706154017308819881e+00
8.877764693379955219e+00
5.741872074347329491e-01
9.801274624699408022e+00
5.295858962708520856e+00
5.751352908177641332e+00
9.703303634793282839e+00
3.478453421367722065e-02
9.090225122119903745e+00
7.361210704945908567e+00
3.328348065791460808e+00
9.996686747366160475e+00
2.698092827248921299e+00
7.775052504471155146e+00
8.830036473980738876e+00
6.801646042082976074e-01
9.819368995381246634e+00
5.198814692019696260e+00
5.839294586015597588e+00
9.680002313027410210e+00
-7.058335534284090884e-02
9.129264627365664353e+00
7.286089177097303526e+00
3.430546646372247821e+00
9.994148279106330079e+00
2.588604404675853399e+00
7.839248624541730770e+00
8.784059412685540025e+00
7.914418658109971805e-01
9.835409115567570026e+00
5.105806506303289360e+00
5.930966004996266250e+00
9.657298628910558236e+00
-1.739976289039991131e-01
9.169757692163486240e+00
7.213916258114767110e+00
3.532384198719535462e+00
9.990651497319001706e+00
2.484085497866818759e+00
7.902450349610637303e+00
8.734202968285421420e+00
8.974828384294384342e-01
9.851755839316977514e+00
5.007352000265774983e+00
6.017302802311018439e+00
9.632143322481431014e+00
-2.775317698942423861e-01
9.206857626948053763e+00
7.136769542184309145e+00
3.638923794182710392e+00
9.986658862629306910e+00
2.374141184620524925e+00
7.968185673149083215e+00
8.686205317021975958e+00
1.008801839365228714e+00
9.866231933949130450e+00
4.913049498571268714e+00
6.107316088780105012e+00
9.607740813842168492e+00
-3.687298294135327170e-01
9.245281832494258722e+00
7.062635599317331092e+00
3.739955946319243552e+00
9.981536696218487492e+00
2.269207588126497033e+00
8.029317461567586633e+00
8.634188031794268525e+00
1.114851814479852932e+00
9.879910642306214186e+00
4.813251570556940528e+00
6.191988282230839857e+00
9.582442665678840399e+00
-4.540172408130712656e-01
9.280404506589569280e+00
6.987549702384335149e+00
3.845613094575572433e+00
9.975998581525969300e+00
2.158858276032595835e+00
8.092853627090946134e+00
8.584082073149403413e+00
1.226147096649964796e+00
9.893726204970116456e+00
4.717684799447298793e+00
6.280241235236753816e+00
9.554491236093822337e+00
-5.231351680817315497e-01
9.316799174287794472e+00
6.907401556554306765e+00
3.945772159868988549e+00
9.969294383440081120e+00
2.053574765159883242e+00
8.151891061071914635e+00
8.529879458157957117e+00
1.332147179312687557e+00
9.905827171650543050e+00
4.616628219494433694e+00
6.363212175130069426e+00
9.527409487788585096e+00
-5.809522805891469410e-01
9.349992919346124864e+00
6.830407578558498116e+00
4.050479229676368753e+00
9.962260502148655661e+00
1.948146906632373776e+00
8.213260589354590024e+00
8.477702535391822281e+00
1.438102960574751066e+00
9.917959086988535233e+00
4.519878157148299103e+00
6.445327078717421720e+00
9.497550846727087048e+00
-6.205147538514036443e-01
9.384394319790681394e+00
6.748314047125806958e+00
4.149696994764991764e+00
9.953939903783316723e+00
1.837352146376519668e+00
8.270268311327273025e+00
8.421381505646166943e+00
1.549267656659676806e+00
9.928576774857027942e+00
4.417665111345840501e+00
6.530929951920339427e+00
9.468731764511760574e+00
-6.446147035264842007e-01
9.415843217837418067e+00
6.669558588481507400e+00
4.253445972988615154e+00
9.945533141246693631e+00
1.731701994108624021e+00
8.329586603547157964e+00
8.367248077086159697e+00
1.655112717460491600e+00
9.939173422993050622e+00
4.319851729989196976e+00
6.611341280317005520e+00
9.437046268233560298e+00
-6.503471364432494850e-01
9.446361351937390793e+00
6.585608355802998304e+00
4.351683155116552904e+00
9.936363630334597019e+00
1.620690874417521465e+00
8.384566293614922117e+00
8.312075493869075515e+00
1.766119923202155828e+00
9.948264664488329245e+00
4.216509213050071203e+00
6.695059246661541508e+00
9.406353290894054808e+00
-6.381129052117022749e-01
9.477868863958892831e+00
6.504984875802276356e+00
4.454310702260349863e+00
9.925660381654548559e+00
1.514844361365800696e+00
8.441671609685363009e+00
8.252544815394447397e+00
1.871765181606822814e+00
9.957199297830731766e+00
4.117630968680658476e+00
6.773614787396191161e+00
9.372648524697725136e+00
-6.093883043771520791e-01
9.506525803886574977e+00
6.419156713911687184e+00
4.551453678504192801e+00
9.914939166952800420e+00
1.403669605328137004e+00
8.494570006740795876e+00
8.195284654777662325e+00
1.982539776203505966e+00
9.964817575177370657e+00
4.018285154677511350e+00
6.855452998826055300e+00
9.340128039699328255e+00
-5.647598147270367352e-01
9.536145019521709898e+00
6.336782861294743441e+00
4.648039330963181115e+00
9.902607056110440453e+00
1.297695995816833481e+00
8.549500488770039652e+00
8.133575230991622718e+00
2.087928110007911009e+00
9.972118506494666690e+00
3.913414756667327854e+00
6.932142378239071867e+00
9.304423803087139788e+00
-5.020749538449444938e-01
9.562962142244529673e+00
6.249111352924301421e+00
4.748898295759197197e+00
9.890274207274911689e+00
1.186412368660451744e+00
8.600263344028974188e+00
8.074175239434632445e+00
2.198388100236944531e+00
9.978120886696377312e+00
3.813096363003973366e+00
7.011956226812396942e+00
9.269904300833619715e+00
-4.288758728586549718e-01
9.590643234156985386e+00
6.164988576426744693e+00
4.844272881639613892e+00
9.876207833497538502e+00
1.080367912091327431e+00
8.650019051867525732e+00
8.010265534722398328e+00
2.303445055107027795e+00
9.983424702167475573e+00
3.707288795905447021e+00
7.086732513906498276e+00
9.234479645458613106e+00
