-2.515035215830238591e-02
1.001005613885001289e+01
1.955144859599429408e+00
9.948723132210425035e+00
3.978610699939222339e+00
9.613678853086964793e+00
5.921411795920627164e+00
8.835732815451464717e+00
7.602880337797884636e+00
7.563804269322687013e+00
8.862650162559482681e+00
5.868330127470082758e+00
9.630987486404395170e+00
3.921122148625031389e+00
9.955375800717527923e+00
1.897647189903695075e+00
1.001124973288885656e+01
-8.047416839591450821e-02
9.999997629233410734e+00
2.013274696987956205e-02
1.001073852740073633e+01
2.002074897190326386e+00
9.945800897193104007e+00
4.030717869664387720e+00
9.598993378812780364e+00
5.969195090538702786e+00
8.808464583764985534e+00
7.641668145157253456e+00
7.524442357995368980e+00
8.889245799544443827e+00
5.825315760993128755e+00
9.642060543900740299e+00
3.874217000336738437e+00
9.957904231477176182e+00
1.845479107551978304e+00
1.001135975092884145e+01
-1.301234835003041712e-01
9.999999892961730197e+00
7.061006561482666144e-02
1.001040048440968100e+01
2.054342806258402820e+00
9.940733364428918861e+00
4.077479995380293154e+00
9.587080773267244282e+00
6.011744486473695304e+00
8.784842108290192186e+00
7.680201250614216768e+00
7.484830119603475218e+00
8.915533823250946455e+00
5.777035964293697035e+00
9.655835750488863667e+00
3.821964316323515742e+00
9.962298620167187480e+00
1.798653756706564355e+00
1.001063992915998746e+01
-1.740020101629963234e-01
1.000013565883534028e+01
1.159772473171219037e-01
1.001001020714870648e+01
2.106643100668642798e+00
9.935469787306686840e+00
4.129500816777873951e+00
9.571854991803432355e+00
6.059177390535803731e+00
8.756922874367626619e+00
7.713845032515486366e+00
7.449589019996590622e+00
8.937621811447955977e+00
5.733699148687668057e+00
9.669280888094698767e+00
3.769660685496723840e+00
9.966456163812679847e+00
1.746567576185980020e+00
1.001070886822405903e+01
-2.217972918918340031e-01
1.000015421514194180e+01
1.665416436022693625e-01
1.001064214580973655e+01
2.153668815773521317e+00
9.932099282607484980e+00
4.176156713717368518e+00
9.556325712080314005e+00
6.106465179289599199e+00
8.728725729517661236e+00
7.751826316304816444e+00
7.409452362578480944e+00
8.963268994214814711e+00
5.685110278795162841e+00
9.679646884181966726e+00
3.722671677135153345e+00
9.968610286947928500e+00
1.699807632481641795e+00
1.000994028988279894e+01
-2.681911093370201171e-01
1.000025365638179942e+01
2.171539815367911352e-01
1.001018844017409748e+01
2.206036900949381430e+00
9.926502114417552036e+00
4.228078561155451887e+00
9.543626446952350406e+00
6.148529649520797946e+00
8.704225794851788933e+00
7.785013995863259595e+00
7.369075018941217081e+00
8.988603415496998039e+00
5.636377254783941027e+00
9.692577323941501177e+00
3.670311175850089924e+00
9.972468472257165928e+00
1.647801075815582328e+00
1.000996404013017838e+01
-3.084225818432803079e-01
1.000042988232794450e+01
2.626445992129414764e-01
1.001069272699489510e+01
2.258414282638082859e+00
9.920596384970339798e+00
4.279901187604195911e+00
9.527450471983474500e+00
6.195425156208560935e+00
8.675341520083383884e+00
7.822399328149868936e+00
7.333091347331985865e+00
9.009801900913730677e+00
5.592617406852614437e+00
9.702350928929760698e+00
3.623225156494487287e+00
9.976089418492788852e+00
1.595825643275999628e+00
1.000992005210058089e+01
-3.513751047741901501e-01
1.000050620858374550e+01
3.133484866857009221e-01
1.001004757064122863e+01
2.305511945666856022e+00
9.916674362303732337e+00
4.326373573957303265e+00
9.514147998378328808e+00
6.242118306417087759e+00
8.646112861015042839e+00
7.859469736705397835e+00
7.292116951033922767e+00
9.034422008315582175e+00
5.543547611247677587e+00
9.714646706172564095e+00
3.570774282641010711e+00
9.977711194695039865e+00
1.549159735836121987e+00
1.000899154986709760e+01
-3.880775438245082087e-01
1.000053377165839841e+01
3.640992398573141275e-01
1.000926590665200600e+01
2.357930769333412169e+00
9.910332810503961198e+00
4.378051394579957289e+00
9.497344552734086065e+00
6.283597127286853379e+00
8.620626923523879270e+00
7.891772680030989306e+00
7.255642292103830826e+00
9.054987509620106678e+00
5.494318432627523840e+00
9.726682808945287917e+00
3.518304823838729334e+00
9.981065925783152437e+00
1.497274736372614212e+00
1.000893866535655974e+01
-4.266370434602514417e-01
1.000083575633608746e+01
4.097181489813716548e-01
1.000971051411910828e+01
2.405080011393783579e+00
9.903888682434290658e+00
4.429703599236485267e+00
9.480333964072739761e+00
6.329982405615298902e+00
8.590862506477281002e+00
7.928359588832799787e+00
7.214243505763907827e+00
9.079054712314871267e+00
5.450195818024670125e+00
9.735828295616078876e+00
3.471184897496912392e+00
9.982647051450829423e+00
1.445448799101713311e+00
1.000898861514398419e+01
-4.625387553340935543e-01
1.000110001396643256e+01
4.605668276695538688e-01
1.000897798357450874e+01
2.457578138761888020e+00
9.899512643157081015e+00
4.476013493866187964e+00
9.466279906861675641e+00
6.371152355016426405e+00
8.564864858307847939e+00
7.964641501081973551e+00
7.172584756642302217e+00
9.102758871843787958e+00
5.400741024651228628e+00
9.747370707376072474e+00
3.418685523868137732e+00
9.985696969079054242e+00
1.398915144006781297e+00
1.000808806772645809e+01
-4.923189202971248180e-01
1.000143462395448601e+01
5.114596342062177614e-01
1.000797411128861292e+01
2.510066996661600491e+00
9.892564611264701213e+00
4.527483780890229959e+00
9.448586305203257041e+00
6.417100233459776426e+00
8.534402680356144799e+00
7.996136426247026030e+00
7.135413084186790655e+00
9.122465598172682988e+00
5.356327146858864907e+00
9.758610665189886291e+00
3.366156285112342328e+00
9.988570373052951368e+00
1.347155891438345243e+00
1.000794458247648322e+01
-5.225613573433740555e-01
1.000155155237333027e+01
5.572071524446224888e-01
1.000817787871455167e+01
2.557258684132771798e+00
9.887702306896265725e+00
4.573604274502704570e+00
9.430600846361212319e+00
6.462849930819501765e+00
8.503624384536472292e+00
8.031791227086323204e+00
7.093219685196047841e+00
9.145513917097240153e+00
5.306597473246215557e+00
9.766938194539287466e+00
3.318949762799895620e+00
9.989685412281179566e+00
1.300704997993504142e+00
1.000780795561227166e+01
-5.495494279512445068e-01
1.000171685409951472e+01
6.082012157597873614e-01
1.000713439969552176e+01
2.609800025217166475e+00
9.880400937458723831e+00
4.624947490874411038e+00
9.415634115360312251e+00
6.503442366200325786e+00
8.476718208000107779e+00
8.062775366059833360e+00
7.050805919024044854e+00
9.168225893838547691e+00
5.256734524071118742e+00
9.777657846503775119e+00
3.266388945295050306e+00
9.992335397668933084e+00
1.249041517919672550e+00
1.000699321491489968e+01
-5.708734543016188434e-01
1.000225368501740597e+01
6.540398024881702854e-01
1.000729961644902666e+01
2.662358501847388315e+00
9.872873204717366846e+00
4.676207345853906183e+00
9.397085291955997732e+00
6.548819062635479860e+00
8.445359219078788726e+00
8.097882768380863183e+00
7.012986732758723640e+00
9.187077909815945631e+00
5.211982554692701441e+00
9.785536946660203128e+00
3.213827957643919930e+00
9.994851001938522828e+00
1.197425867056457038e+00
1.000684553690829759e+01
