9.994378517163923448e+00
9.977726884577807098e+00
9.950337568132244570e+00
9.912916478491418104e+00
9.866160396009792777e+00
9.811308445393512656e+00
9.749462692428114252e+00
9.681926386283418395e+00
9.610519481983253343e+00
9.536691265998708644e+00
9.462403510429050257e+00
9.389237939453975557e+00
9.319200072317647354e+00
9.253942524720409679e+00
9.195020933651022688e+00
9.144151765575703195e+00
9.102491594678014053e+00
9.071283868672571415e+00
9.051248009793942728e+00
9.042980189000799029e+00
9.046687348670847229e+00
9.062292313899513729e+00
9.089327311140879218e+00
9.127127657634705571e+00
9.174650259095891158e+00
9.230718161158273816e+00
9.293748470041800047e+00
9.362177753844770578e+00
9.434437207921764212e+00
9.508478284696911587e+00
9.582760549342024703e+00
9.655254392004492203e+00
9.724489635972075163e+00
9.788640238803280269e+00
9.846331221406124712e+00
9.896316093762989041e+00
9.937364371531652196e+00
9.968662523987703139e+00
9.989420210180979254e+00
9.999244211805866200e+00
9.997861931547399550e+00
9.985386910099927960e+00
9.962014385932507210e+00
9.928335120007368175e+00
9.885010928734590863e+00
9.833099648526753001e+00
9.773624453343472851e+00
9.708143900712094876e+00
9.638063659309652920e+00
9.564862630158630807e+00
9.490591624064004250e+00
9.416694515945849275e+00
9.345276216556129611e+00
9.277919284809797773e+00
9.216465202170184057e+00
9.162409253830775313e+00
9.117094660162596398e+00
9.081828952384206843e+00
9.057453786635054627e+00
9.044681682052589267e+00
9.043823857781180919e+00
9.054928201881555339e+00
9.077682840543550569e+00
9.111562886099315861e+00
9.155479053786137911e+00
9.208495563912229898e+00
9.269029020889222537e+00
9.335756260938824269e+00
9.406705062744457280e+00
9.480221400229819295e+00
9.554685326809648771e+00
9.628036350288228462e+00
9.698766472143026007e+00
9.764953756693964593e+00
9.825374025373372788e+00
9.878400591334594694e+00
9.922940672656320515e+00
9.958056865129453428e+00
9.982867941855046112e+00
9.996888557612955140e+00
9.999791572174487442e+00
9.991504781945316438e+00
9.972237626457392423e+00
9.942413586099343448e+00
9.902594858640044961e+00
9.853818438072691421e+00
9.797025822847720278e+00
9.733709182182550990e+00
9.665022820196055520e+00
9.592887696597472313e+00
9.518845648143244631e+00
9.444516438390389013e+00
9.372013819418238967e+00
9.302856975236789339e+00
9.239021038760908411e+00
9.181878291497312716e+00
9.133115517817968154e+00
9.093926374291784853e+00
9.065307146280757067e+00
9.048091546484142711e+00
9.042701539043557446e+00
9.049285683658174761e+00
9.067711771370538187e+00
9.097434250568289471e+00
9.137664145119517300e+00
9.187415112640815451e+00
9.245226145195241330e+00
9.309777742466142314e+00
9.379252135198820284e+00
9.452145351477900803e+00
9.526372995827152579e+00
9.600280965000587585e+00
9.672249077602989686e+00
9.740324859733968665e+00
9.803146998870975182e+00
9.859093471527842212e+00
9.907097387661149668e+00
9.945897865808897009e+00
9.974693627533492091e+00
9.992895567474075591e+00
1.000007128323588823e+01
9.996025169388030207e+00
9.980900918134338440e+00
9.954990965679773041e+00
9.918923745477396636e+00
9.873490417601979985e+00
9.819566993537550914e+00
9.758597487263815040e+00
9.691741926084732839e+00
9.620775977314588445e+00
9.547138135355899280e+00
9.472755569482830040e+00
9.399347717452238626e+00
9.328665010836049376e+00
9.262597825443274147e+00
9.202656208202395050e+00
9.150571538039592667e+00
9.107526304429702790e+00
9.074826397083720408e+00
9.053203869609143695e+00
9.043263096011530777e+00
9.045301659119500570e+00
9.059270881326737523e+00
9.084756354830579639e+00
9.121149080417524146e+00
