1.002249497790320909e+01
1.008943340164716496e+01
1.019925535229772429e+01
1.034944827862422123e+01
1.053676270554936245e+01
1.075726598288821378e+01
1.100663423000584196e+01
1.128029693471175321e+01
1.157352598324302129e+01
1.188159174013331310e+01
1.219982657842375495e+01
1.252371453262467860e+01
1.284892237763408573e+01
1.317123118384769853e+01
1.348680865863709855e+01
1.379196050429076692e+01
1.408328336588929552e+01
1.435756793505217566e+01
1.461198474889253340e+01
1.484396305664768256e+01
1.505115273370225637e+01
1.523147107935764843e+01
1.538314987356869423e+01
1.550479396631982887e+01
1.559518251625343765e+01
1.565354947861772672e+01
1.567930469133203708e+01
1.567220120893913560e+01
1.563228753837682916e+01
1.555999412595945053e+01
1.545601450569951929e+01
1.532127489157275946e+01
1.515703621860614270e+01
1.496494452327423019e+01
1.474681942396547285e+01
1.450480551498744752e+01
1.424143885020172284e+01
1.395938408712591716e+01
1.366170544938784204e+01
1.335163250805917023e+01
1.303268457683569892e+01
1.270860331330894333e+01
1.238346497339686714e+01
1.206146872104665491e+01
1.174708324261564840e+01
1.144486121300597326e+01
1.115951209182264670e+01
1.089576760242588449e+01
1.065832361880265999e+01
1.045165610866098760e+01
1.027993252632897736e+01
1.014679623012333209e+01
1.005519476643070043e+01
1.000732446853757907e+01
1.000425351144232167e+01
1.004604298866498979e+01
1.013171579342086481e+01
1.025931604658547336e+01
1.042594789327347726e+01
1.062809171755370663e+01
1.086161663627284568e+01
1.112204834371005902e+01
1.140410767486174670e+01
1.170427792367151909e+01
1.201727715725726675e+01
1.233849394144484357e+01
1.266347184538233073e+01
1.298793208394881304e+01
1.330784149598857269e+01
1.361934123795901819e+01
1.391891656463730165e+01
1.420328797815990818e+01
1.446938747745740450e+01
1.471448562514325786e+01
1.493606418919638479e+01
1.513191134308140917e+01
1.530012148803067795e+01
1.543907594361312086e+01
1.554743996842487341e+01
1.562420057350310110e+01
1.566857123862718204e+01
1.568020999094220436e+01
1.565902720738315068e+01
1.560518636313492813e+01
1.551911734529237208e+01
1.540180563245863965e+01
1.525417743348653765e+01
1.507773443267872082e+01
1.487421436577126954e+01
1.464557929814612613e+01
1.439410714309785178e+01
1.412234506903689102e+01
1.383322059713649033e+01
1.352977175267157328e+01
1.321547234573250584e+01
1.289388430430850718e+01
1.256888964538321751e+01
1.224458823461329260e+01
1.192532738535643766e+01
1.161560654405158921e+01
1.132006130608424144e+01
1.104342276206012130e+01
1.079042180955755903e+01
1.056566818710254552e+01
1.037352640256141534e+01
1.021795503726500165e+01
1.010233334700173735e+01
1.002934385741542656e+01
1.000059057491189662e+01
1.001685532001647871e+01
1.007768955055058413e+01
1.018164903025735768e+01
1.032640981657323920e+01
1.050875475740909870e+01
1.072487851113111823e+01
1.097049410374545886e+01
1.124104838435813569e+01
1.153182985173579667e+01
1.183810203109561243e+01
1.215520404421221556e+01
1.247857096290855239e+01
1.280382781217458366e+01
1.312678045637357549e+01
1.344355273757511426e+01
1.375033871099900118e+01
1.404304223373080518e+01
1.431993929241183494e+01
1.457734002262727557e+01
1.481261847676310595e+01
1.502340974953455799e+01
1.520762628351878121e+01
1.536339351925290941e+01
1.548934394013668658e+01
1.558423255491515214e+01
1.564718280168466613e+01
1.567759618870423211e+01
1.567514052020106519e+01
1.563986477146102949e+01
1.557210967571828775e+01
1.547247826687336314e+01
1.534198115779730820e+01
1.518180896296101956e+01
1.499356464651703646e+01
1.477895241318276653e+01
1.454023545360766256e+01
1.427974757867131217e+01
