1.414679453967636835e+00
9.311439954835888599e+00
6.030323357452778588e+00
6.646825578348384056e+00
9.043169178947428222e+00
2.175526520551451348e+00
9.985532143594976873e+00
6.436618414895497464e-01
9.530275037819105677e+00
5.366462703928688072e+00
7.214873697797685281e+00
8.719885020331732406e+00
2.941795315561727797e+00
9.940344296882139830e+00
-1.222681033828024316e-01
9.699656153572087547e+00
4.671456259802670985e+00
7.733647458718066581e+00
8.335887598770009177e+00
3.696639623826629251e+00
9.863202729802086566e+00
-6.295547038736295509e-01
9.828021626996862992e+00
3.942991174044527369e+00
8.195514559541475563e+00
7.896993235953131851e+00
4.427905305332677344e+00
9.748427221224986283e+00
-3.547427375201243072e-01
9.918082518046619001e+00
3.198619464450535244e+00
8.595701327001679104e+00
7.397053850543295894e+00
5.138163928565331773e+00
9.592236477966645580e+00
3.890302510451725815e-01
9.973469275701853931e+00
2.435436538922560512e+00
8.941112875276537864e+00
6.842189155458925143e+00
5.814764469534571489e+00
9.392083003346204606e+00
1.153781029103166045e+00
9.998436905090915872e+00
1.665178350584034961e+00
9.229904746286619499e+00
6.241189415672003804e+00
6.446118096038865986e+00
9.139119846202996555e+00
1.925500573416635053e+00
9.993441278162562114e+00
8.987787412623384764e-01
9.463037186812091051e+00
5.590769495046967741e+00
7.035006697969295786e+00
8.831438783210797894e+00
2.688855727154535469e+00
9.958868088107756478e+00
1.302971641527934099e-01
9.649359211704968686e+00
4.901937231735206346e+00
7.567725263492268262e+00
8.469754138375829911e+00
3.448230685402066342e+00
9.891939440907911774e+00
-5.354524226909139761e-01
9.791062317848741259e+00
4.187015883293438101e+00
8.048679954342766507e+00
8.046482735914638695e+00
4.191445601861389925e+00
9.789489454571462801e+00
-5.328472514548512340e-01
9.891940742479636839e+00
3.443610818627909520e+00
8.471439757410699656e+00
7.565057431994707926e+00
4.906125979862180131e+00
9.648946716069099594e+00
1.350029529538183393e-01
9.958789680474316341e+00
2.684135780903935675e+00
8.832687350168281881e+00
7.031885673609905574e+00
5.594648018331776385e+00
9.462389357008721191e+00
9.035090414048285723e-01
9.993334060197677005e+00
1.920737575203445013e+00
9.139970657075020100e+00
6.442572241785541109e+00
6.244693062190775912e+00
9.228922646850424627e+00
1.669901313353783001e+00
9.998261689036432642e+00
1.149016245781285361e+00
9.392550853756837625e+00
5.810857785936800468e+00
6.845282695465784606e+00
8.939769510717285428e+00
2.440115092829641785e+00
9.973301193634814155e+00
3.791070073816449337e-01
9.592470158830172622e+00
5.133957601332550524e+00
7.399708221150336662e+00
8.593968144421396005e+00
3.203208292414732039e+00
9.917871897995079067e+00
-3.586346541933030929e-01
9.748427111427275804e+00
4.423446754252753799e+00
7.899161883885850166e+00
8.193328340413398081e+00
3.947416717850349421e+00
9.827690993035485434e+00
-6.285907642713752796e-01
9.863035451440303802e+00
3.692000502903410641e+00
8.337570147332773018e+00
7.730973736736636681e+00
4.675635291656212722e+00
9.699143931646801775e+00
-1.176528158774134136e-01
9.940110161637537800e+00
2.937061835270465604e+00
8.721149818051969760e+00
7.211792559279145642e+00
5.370372295382749961e+00
9.529592410290371518e+00
6.483783015399561256e-01
9.985296423919928444e+00
2.170746524456498960e+00
9.046781508955090700e+00
6.643336682399263893e+00
6.033885547993430798e+00
9.310501997544589514e+00
1.419398688922452578e+00
9.999795589342541646e+00
1.404677963178733835e+00
9.314364985881450565e+00
6.021888254350416858e+00
6.654388635162812982e+00
9.039128363967542157e+00
2.185421418393201698e+00
9.984903386254174507e+00
6.337080621790940338e-01
9.532525674549956918e+00
5.357503412841090551e+00
7.221725786925386359e+00
8.715093966191631125e+00
2.951559669633971872e+00
9.939309580946087408e+00
-1.319348222973173723e-01
9.701295296024634141e+00
4.662097142726618237e+00
7.739766230946311332e+00
8.330360102617833107e+00
3.706195802620519064e+00
9.861719668050376697e+00
-6.314236706236584507e-01
9.829114556423643734e+00
3.933322347267026231e+00
8.200855279105274676e+00
7.890713511538573144e+00
4.437148835816028480e+00
9.746433936383425589e+00
-3.464770700060968434e-01
9.918732841084480611e+00
3.183595971915037737e+00
8.600268110316847014e+00
7.390026020251259986e+00
5.146980798462730711e+00
9.589659753449710777e+00
3.989390119379684907e-01
9.973669841782299983e+00
2.425448027952741281e+00
8.944911727058507012e+00
6.834491072147279134e+00
5.823076631882983634e+00
9.388886663154268675e+00
1.163715718877940120e+00
9.998235875541265472e+00
1.655159171623736825e+00
9.232973579570302292e+00
6.232882267688983902e+00
6.453834186785516458e+00
9.135243310518617932e+00
1.935404471827631978e+00
9.992849649113779265e+00
8.887953870129730038e-01
9.465423222615614307e+00
5.581948273085974854e+00
7.042067864966556456e+00
8.826864408172749421e+00
2.698663849301669693e+00
9.957925286892026051e+00
1.204023346502195030e-01
9.651158128241247525e+00
4.892695040264409378e+00
7.578020533798463632e+00
8.464449396741235532e+00
3.457856978655037938e+00
9.890563097066094045e+00
-5.408122386330177500e-01
9.792278266012576893e+00
4.177412669404760415e+00
8.054229828518369771e+00
8.040398145452462231e+00
4.200776997532893908e+00
9.787653654341976761e+00
-5.272694595450564403e-01
9.892726726562035111e+00
3.433791053200143661e+00
8.476253921780854128e+00
7.558277635351638324e+00
4.915101190044607549e+00
9.646584577566523322e+00
1.448938091224201696e-01
9.959151586019624247e+00
2.674183835584558189e+00
8.836768419758378457e+00
7.024433115798952798e+00
5.603161203348687280e+00
9.459422926141648702e+00
9.134423851839523767e-01
9.993279879414467715e+00
1.910723478156720390e+00
9.143291604090366675e+00
6.434479661083641666e+00
6.252635607510292459e+00
9.225348399442149017e+00
1.679835125885657421e+00
9.997877980196655301e+00
1.139020853654111320e+00
9.395207586951954681e+00
5.797567862163448993e+00
6.852614968314566291e+00
8.935510070174931485e+00
2.449984101736857323e+00
9.972573013897816807e+00
3.691831401127423362e-01
9.594564414899538818e+00
5.124900272184053307e+00
7.406384376072814746e+00
8.589008962785680268e+00
3.212941863753046690e+00
9.916811573716163508e+00
-3.667606588152600988e-01
9.749983684751200030e+00
4.414027754833731443e+00
7.905121015162254849e+00
8.187610051016331880e+00
3.956909039452774390e+00
9.826128103123567215e+00
-6.264752951407031034e-01
9.864079263648797280e+00
3.682288806392661318e+00
8.342734686167618818e+00
7.724520375479130507e+00
4.684796228270573515e+00
9.697079246125905883e+00
