-6.105406401988419107e-01
1.002936866551343797e+01
-4.442748555236376573e-01
1.011660527965437950e+01
-1.584681163746810006e-01
1.025919744171959991e+01
1.687228923873383413e-01
1.045314382097734551e+01
5.086249594948972774e-01
1.069343961775668994e+01
8.566169261463394413e-01
1.097553406887333516e+01
1.214367246091766717e+00
1.129139694374758918e+01
1.583063330757150666e+00
1.163591005323202054e+01
1.957251891232848928e+00
1.200317802794400635e+01
2.349439774845250462e+00
1.238769286337274345e+01
2.753689024924762752e+00
1.278652626273113135e+01
3.169768158999945129e+00
1.319101725661269420e+01
3.597257765632420501e+00
1.359894196236392894e+01
4.028242224354998235e+00
1.400650539169918396e+01
4.476392060019226626e+00
1.441042755628813232e+01
4.933829542081250352e+00
1.481112777033116323e+01
5.399651667772711328e+00
1.519956674751140824e+01
5.872903578038873640e+00
1.557649193081547878e+01
6.344193467673115094e+00
1.593987342459921486e+01
6.829088202720432932e+00
1.628789257626414155e+01
7.318330932727044491e+00
1.662355703820068342e+01
7.810840867788782838e+00
1.693648098299280136e+01
8.305530899762670671e+00
1.722979773936953407e+01
8.791971047237256087e+00
1.750241149163186449e+01
9.287531747233611412e+00
1.775337346212682377e+01
9.781942687430733585e+00
1.798780301284019245e+01
1.027408326273051564e+01
1.819339147678137891e+01
1.076282091458289614e+01
1.837519319946315832e+01
1.123705925489179691e+01
1.853269972705199820e+01
1.171556780937792475e+01
1.866557068066781966e+01
1.218735919586250027e+01
1.878064682821662501e+01
1.265136559216930756e+01
1.886360990456463327e+01
1.310653637293206053e+01
1.892129523293200322e+01
1.354147392196147237e+01
1.895358933595023743e+01
1.397567378037545716e+01
1.896044014588843751e+01
1.439787182854158409e+01
1.895026938763272284e+01
1.480710283708307884e+01
1.890686413923269171e+01
1.520226987537672159e+01
1.883837815986545294e+01
1.557224006117291637e+01
1.874524859880646233e+01
1.593668693122940105e+01
1.862772892081356702e+01
1.628438071652124464e+01
1.849543867676363362e+01
1.661445947792882194e+01
1.833051976003206818e+01
1.692607330349978056e+01
1.814250592882744328e+01
1.721839093735682269e+01
1.793190344566523464e+01
1.748089622560907941e+01
1.769943625824057420e+01
1.773268446416068400e+01
1.744565842238692355e+01
1.796305965713974473e+01
1.718122247917587941e+01
1.817142656216008234e+01
1.688696972802018337e+01
1.835713930489190204e+01
1.657350785505789759e+01
1.851051241876163189e+01
1.624169375359855394e+01
1.864966361247244109e+01
1.589237596138279152e+01
1.876475740830923655e+01
1.553671048534850563e+01
1.885539189711715835e+01
1.515497141262275882e+01
1.892134523629418652e+01
1.475844836959528372e+01
1.895401677823678455e+01
1.434805107716465322e+01
1.896992004991955127e+01
1.392471859160759706e+01
1.896057949981305768e+01
1.349987096553418731e+01
1.892578742364072752e+01
1.305378145917771704e+01
1.886560238082014251e+01
1.259787310268934490e+01
1.877286914553719299e+01
1.213316307679807693e+01
1.866237279122550774e+01
1.166078178649526720e+01
1.852695704012165834e+01
1.119178777414485815e+01
1.836688706206695443e+01
1.070721854277543095e+01
1.818257057501390150e+01
1.021824402986755587e+01
1.796865223887227359e+01
9.726006578076738407e+00
1.773779296896872992e+01
9.231618007043936203e+00
1.748451696529462396e+01
8.745490995598391493e+00
1.720967458969736086e+01
8.249974210334631408e+00
1.691422450128910526e+01
7.755641131810110167e+00
1.659468137019608847e+01
7.263598734481768737e+00
1.626172145510046008e+01
6.774929292953486559e+00
1.591195203342444309e+01
6.299109340659339473e+00
1.554697051526347984e+01
5.820207515246070606e+00
1.516860660999549104e+01
5.347838030608676796e+00
1.477560513469127912e+01
4.882983089177717062e+00
1.437727826844842838e+01
4.426630529885240861e+00
1.397255067963387276e+01
3.986895298428403400e+00
1.356451453023742282e+01
3.549821493734454325e+00
1.315646776814987540e+01
3.123612472595532985e+00
1.275007072664343077e+01
2.708844822460804824e+00
1.235401115553611362e+01
2.305945972458185445e+00
1.197057763254322538e+01
1.921270223668497534e+00
1.160490640506342075e+01
1.542218706138977158e+00
1.126251733963454171e+01
1.174780369962166837e+00
1.094928581772206577e+01
8.181780799748553656e-01
1.067050095229992657e+01
4.711895423241789782e-01
1.043394617185039408e+01
1.320842889099697048e-01
1.024426859196676176e+01
-1.932095711060091980e-01
1.010636522472613663e+01
-4.692606092407221041e-01
1.002412916962931710e+01
-6.190684264543919735e-01
9.999916257117957841e+00
-6.016000197367891156e-01
1.003460582608427920e+01
-4.216675302433821604e-01
1.012699540117168340e+01
-1.333536909754507727e-01
1.027442023382206493e+01
2.001383387107487921e-01
1.047277535526533754e+01
5.407109490288034559e-01
1.071792464526130573e+01
8.895459517557349205e-01
1.100249151516895729e+01
1.248272322633030118e+00
1.132119062964494205e+01
1.612032521941167973e+00
1.166798532799336918e+01
1.993310835674269477e+00
1.203701779262899940e+01
2.386628970883831968e+00
1.242474618352865612e+01
2.791996253088433910e+00
1.282253131312975114e+01
3.209163516699919505e+00
1.322747089737351445e+01
3.630596754160622552e+00
1.363548272342389467e+01
4.069640876611974711e+00
1.404283079100042464e+01
4.518710138581330860e+00
1.444936545409695583e+01
4.976978077689534707e+00
1.484622619708981794e+01
5.443562246020118955e+00
1.523372003235075844e+01
5.909270214507713170e+00
1.560948606006204464e+01
6.389299244663383170e+00
1.597145900904801863e+01
6.874651368745717583e+00
1.632231798985451476e+01
7.364258016688503439e+00
1.665196469019375058e+01
7.857034626335709149e+00
1.696311446062309969e+01
8.342719524662918218e+00
1.725455285673282546e+01
8.838377108342927002e+00
1.752519328173320190e+01
9.333893123225154298e+00
1.777979169810162219e+01
9.828154063928771222e+00
1.800642034748616638e+01
1.032003139842320394e+01
1.820980511694932957e+01
1.079855220071904576e+01
1.838939688048354171e+01
1.128224468236142286e+01
1.854471072895578487e+01
1.176023269627700607e+01
1.868230369947909963e+01
1.223139838112743227e+01
1.878816333522671655e+01
1.269463954076373646e+01
1.886877478223886229e+01
1.313866053530734135e+01
1.892407765365999595e+01
1.358287426406706011e+01
1.895397519211098469e+01
1.401600700441968606e+01
1.895846257866480045e+01
1.443709803123562807e+01
1.894603203019010351e+01
1.484506639755748303e+01
1.890028053934656072e+01
1.523895951807319271e+01
1.882957095835960004e+01
1.560755803175873702e+01
1.873422539796196418e+01
1.597051504877793882e+01
1.861448498674447194e+01
1.631663551681263513e+01
1.848002657115317149e+01
1.664508593890035471e+01
1.831299326138132955e+01
1.695501999962738893e+01
1.812293767911510756e+01
1.723560749927750990e+01
1.791034515489715417e+01
1.750621517420841755e+01
1.767587240689916683e+01
1.775601379575736516e+01
1.743002718738534895e+01
1.798437960613425091e+01
1.715381783730870424e+01
1.819074736440070694e+01
1.685782535682218608e+01
1.836505779895985313e+01
1.654269555818002502e+01
1.852567953389635846e+01
1.620926673756992642e+01
1.866264724697921906e+01
1.586867745494658166e+01
1.877552723940631552e+01
1.550126515803814442e+01
1.886396034450891079e+01
1.511817895671924639e+01
1.891918561227699058e+01
1.472036791743621187e+01
1.895799528777187604e+01
1.430872333447479505e+01
1.897163902275367420e+01
1.389464639611360752e+01
1.895990517256201358e+01
1.345839020931438590e+01
1.892275190088572145e+01
