1.969913259916462156e+00
3.862372820437744991e+00
4.593673442240322480e+00
3.920795762811221108e-01
3.591295466782899126e+00
1.079317336332535682e+00
2.295220236405562275e+00
-4.429854558734115377e-01
8.225681278099234994e-01
8.562287158945250942e-01
4.004455272376247876e+00
7.522918985994069274e-01
2.942989088702432365e+00
-2.007215270208140556e-01
2.174885368469034574e+00
1.468920816746310587e+00
3.738099311262539359e+00
1.725480343353870127e-01
3.367706892739686264e+00
1.313826557491583058e+00
2.701144324172479738e+00
-3.692671176226389185e-01
1.326097895057715803e+00
1.186637193545120761e+00
4.003320648725103403e+00
5.442215478895372494e-01
3.670674643362267453e+00
4.817964597307157204e-01
3.704993593186048262e+00
5.428932324501180018e-01
3.606013303486253818e+00
3.547693465760489717e-01
3.735853683179516604e+00
8.999956880541462034e-01
1.983021785511540624e+00
-4.683008420224979429e-01
5.075812182763285163e-01
5.595809230989563510e-01
3.952152345780696407e+00
8.757441264100496170e-01
1.995471228967367505e+00
-4.655051640891624820e-01
5.462976879071498315e-01
5.987262073350726466e-01
3.957038288863362396e+00
8.574117960321474552e-01
2.139657350505652644e+00
-4.506579547083670589e-01
7.274706085560758151e-01
7.792591494092944160e-01
4.000677502318423784e+00
7.892671604719447842e-01
2.695051597301637347e+00
-3.128579271601993894e-01
1.642769180725780265e+00
1.329644010219153127e+00
3.944183886067929912e+00
4.094114398865564275e-01
3.728457881248030681e+00
8.555231974006984874e-01
1.963615479401606079e+00
-4.686606570287857876e-01
5.000269453960053401e-01
5.489096447881478547e-01
3.947306977189040111e+00
8.792721437769726034e-01
1.966263289055634855e+00
-4.674869821711264417e-01
5.158814811534787603e-01
5.652138136118183276e-01
3.951607495512750479e+00
8.732885779993999620e-01
2.016842596121288356e+00
-4.639960343761204697e-01
5.747955154228534536e-01
6.255875068120700933e-01
3.967040268139228498e+00
8.511732863896865897e-01
2.209174145802816902e+00
-4.405263266879332340e-01
8.271884755920346777e-01
8.602225106365681828e-01
4.006245610827066095e+00
7.494969813291150196e-01
2.949243015801675583e+00
-1.961088964320797379e-01
2.183436389655835086e+00
1.470251456085520658e+00
3.735315278905375624e+00
1.669779061792424912e-01
3.352325231231804370e+00
1.324039932459139868e+00
2.717211383417202697e+00
-3.644428591869681711e-01
1.357430820952379324e+00
1.199627269554656150e+00
3.996668877910439122e+00
5.332615205030224459e-01
3.683023772920815730e+00
5.173595491988152162e-01
3.651108229620307455e+00
4.266501053477319005e-01
3.747150933294226771e+00
7.077883859627127627e-01
2.945020199012823969e+00
-2.028696674980940418e-01
2.165399970628544057e+00
1.465592055022219231e+00
3.742974778206878739e+00
1.765466711432290281e-01
3.372977881930427024e+00
1.308042578284787538e+00
2.688977635664813626e+00
-3.718305250575982268e-01
1.312982097088948308e+00
1.176212721369533476e+00
4.000713563079292712e+00
5.521154164665583730e-01
3.662898392102875711e+00
4.632933150834808722e-01
3.723580296433483650e+00
5.964337640646206751e-01
3.454534751315661012e+00
1.770418357698093914e-01
3.455106535587501249e+00
1.272709614238617171e+00
2.575212249476489301e+00
-3.982674372017412923e-01
1.151134145268826625e+00
1.085614478065837663e+00
4.016624486413661543e+00
6.168661161857116326e-01
3.516637201820417502e+00
2.516331190343111812e-01
3.609331686199490186e+00
1.135987139308698435e+00
2.302706853841790302e+00
-4.443952764198402794e-01
8.147324478362715228e-01
8.493744879729766550e-01
4.004930157538075797e+00
7.557935709191951901e-01
2.921260214460093430e+00
-2.108247748142232092e-01
2.133244745659631292e+00
1.463775238678741264e+00
3.759964169656544009e+00
1.920213458871617429e-01
3.403271001427785603e+00
1.285351339928453740e+00
2.641835298156850698e+00
-3.826018832226955046e-01
1.248122860126336553e+00
1.139404813480456191e+00
3.999790293497278437e+00
5.728734250303455511e-01
3.620013996814046564e+00
3.884705381226780663e-01
3.743794011906627084e+00
8.075634653492625992e-01
2.252627958307345857e+00
-4.358337611807576173e-01
8.752363089827233100e-01
8.991138261264514098e-01
4.014795293414655575e+00
7.327616619714362178e-01
3.057497903658051186e+00
-1.346518054455549673e-01
2.450012626219466139e+00
1.496913734783467564e+00
3.577691313307761689e+00
4.327060145204195130e-02
3.004463672560294452e+00
1.449089886752845668e+00
3.130184729646495967e+00
-2.186038010834731038e-01
2.053368378364988978e+00
1.441388007097857304e+00
3.788201562677564471e+00
2.254667026426355192e-01
3.485891238525607783e+00
1.237095237607926723e+00
2.517830731155436208e+00
-4.095967692075447308e-01
1.077355973466368688e+00
1.042327326220019890e+00
4.021924811587773263e+00
6.486931766086694306e-01
3.421705876154572668e+00
1.485330238562707905e-01
3.384204165117657759e+00
1.317419347674914309e+00
2.678910411171445904e+00
-3.753672279587203509e-01
1.294151057283355666e+00
1.164069001879544096e+00
4.002988300103343278e+00
5.598872940603933923e-01
3.651316932602926890e+00
4.381788534699858628e-01
3.740662052496515511e+00
6.689953647047549579e-01
3.154704016539004119e+00
-7.355630510692490187e-02
2.678112360355171973e+00
1.500900874600965107e+00
3.420718258062924733e+00
-6.443910919726433817e-02
2.645893913451390578e+00
1.494019925602833254e+00
3.440489933355961316e+00
-5.039716943903925495e-02
2.701095989266335096e+00
1.491919312084750926e+00
3.402503962401646653e+00
-7.330140554622102678e-02
2.611997479942567146e+00
1.493138004529933172e+00
3.465873002398211611e+00
-3.481752862145653243e-02
2.752026868898976630e+00
1.488935807130795874e+00
3.360118639854114075e+00
-9.957507819896924128e-02
2.524455925978139170e+00
1.493470847841292137e+00
3.526799622170810888e+00
8.167222690343759611e-03
2.893584702651540663e+00
1.472696442106888215e+00
3.238107338669439894e+00
-1.680765794593175877e-01
2.257316775903926320e+00
1.474638065949005705e+00
3.690397921218131927e+00
1.333616746574090572e-01
3.264941526199174771e+00
1.366689642019890627e+00
2.845713459114867838e+00
-3.267415349840447902e-01
1.552526971950950241e+00
1.289710295030129572e+00
3.963985696656032509e+00
4.481281979121158887e-01
3.736685091432214278e+00
7.534007186220756935e-01
2.636119947197801405e+00
-3.369670578036050301e-01
1.515353676494991531e+00
1.274855290751643500e+00
3.973885213228586455e+00
4.671361898859252015e-01
3.734581961885976131e+00
7.080286608320685016e-01
2.937358392969844356e+00
-2.084729336969258218e-01
2.142085642110289179e+00
1.461967393625448697e+00
3.753892910624530899e+00
1.872913471684918840e-01
3.396915130061985977e+00
1.295239702822531536e+00
2.652581836240888613e+00
-3.802310585374104046e-01
1.262404169568012158e+00
1.147564484882602098e+00
4.003294115513825524e+00
5.699375718744551511e-01
3.629505327310423635e+00
4.017127719073594894e-01
3.749546517369181764e+00
7.739448982185688219e-01
2.510437237956397727e+00
-3.770938253147914088e-01
1.287585518904310389e+00
1.162179601090967296e+00
4.005163018124147101e+00
5.626467759286885029e-01
3.643202265752271352e+00
4.288733772583648296e-01
3.747709965284570011e+00
6.958166780532011320e-01
3.016681494675474973e+00
-1.630905385760132720e-01
2.327055073398242691e+00
1.490121505435304083e+00
3.657964797480709684e+00
1.001009756021339625e-01
3.179469873076152808e+00
1.401581204077739562e+00
2.945589453171227667e+00
-2.922457181037163010e-01
1.720902209769261226e+00
1.351225832827414930e+00
3.915561180037042899e+00
3.751744194757279938e-01
3.706320605139768354e+00
9.375711016696316458e-01
2.048121537860903896e+00
-4.653683657290976772e-01
5.680517578290644742e-01
6.203683943486821839e-01
3.965756503764967356e+00
8.548087440253593350e-01
2.190768687417579130e+00
-4.445342830572806547e-01
7.932782087053159570e-01
8.326720848630606575e-01
4.008005930215639445e+00
7.665855393025191589e-01
2.860317129877158138e+00
-2.424086221048585288e-01
1.991500521295487047e+00
1.434249954571984897e+00
3.818320705545276805e+00
2.544534190098894921e-01
3.534095477696129528e+00
1.181290711945173433e+00
2.427064837692617605e+00
-4.254824643733629563e-01
9.655538899022867438e-01
9.665118848511233818e-01
4.013770121178203532e+00
6.922132601403545582e-01
3.245740539549600179e+00
-3.447231872540895692e-03
2.929889667629769878e+00
1.468829402252902039e+00
3.204450687443489265e+00
-1.835680747578968819e-01
2.201548987475579811e+00
1.465850509758851450e+00
3.720384518967447818e+00
1.583413770835034318e-01
3.330514300959122487e+00
1.332041411942287867e+00
2.748959314154511002e+00
-3.558337831250409922e-01
1.403653782103876146e+00
1.224910691464334178e+00
3.990964021668309325e+00
5.144443175630156739e-01
3.708609955904937028e+00
5.769637885428006152e-01
3.512292802791808111e+00
2.348359241998233538e-01
3.575143566955608421e+00
1.170402933820558822e+00
2.363944979325738771e+00
-4.363472352839007362e-01
8.824388709437706035e-01
9.021575715554073227e-01
4.008084979889295241e+00
7.276614895812389960e-01
3.080434349688396356e+00
-1.202581476400276794e-01
2.503825386294618038e+00
1.499552418925655051e+00
3.540699631579284912e+00
1.803785508521111441e-02
2.926519475640846579e+00
1.462921747419947183e+00
3.208478905313145724e+00
-1.811068803662534421e-01
2.204268544632075333e+00
1.467514592467339618e+00
3.722580310413393878e+00
1.562099559905559265e-01
3.329467262629976609e+00
1.334755447795527461e+00
2.752373692098732949e+00
-3.534467067778018778e-01
1.411788880602702800e+00
1.229590736282660357e+00
3.992176731173783466e+00
5.087992288508855765e-01
3.708902181425224320e+00
5.900095435058096971e-01
3.469611424858304982e+00
1.916363643072810929e-01
3.493299219520453747e+00
1.245425036719134404e+00
2.512601593790957377e+00
-4.107804385402927805e-01
1.067998468738223572e+00
1.035377794699055443e+00
4.021397059925747364e+00
6.526751952866531870e-01
3.404012057676921277e+00
1.343462377810362707e-01
3.346391852920894472e+00
1.336546926878083852e+00
2.732976488219259537e+00
-3.607141650561566659e-01
1.376527999753895504e+00
1.211448964259072447e+00
3.995252790012103983e+00
5.235987733666355171e-01
3.698107413058615123e+00
5.432412809838876866e-01
3.601526350419788081e+00
3.464837333185855073e-01
3.724964818637648722e+00
9.246317102578719416e-01
2.008763028829836372e+00
-4.682775086885047067e-01
5.265089134369820290e-01
5.780392721153200242e-01
3.953280064946600003e+00
8.697929391558465451e-01
2.056799350344954203e+00
-4.609066476871572227e-01
6.160928616417479242e-01
6.719891589661122211e-01
3.978045496450825169e+00
8.350847476208906883e-01
2.358078245510980775e+00
-4.140375236653898727e-01
1.040703781138957895e+00
1.013677965616444965e+00
4.019058916648650559e+00
6.657679248048198328e-01
3.361815244906058986e+00
9.256333498524876857e-02
3.240939891078123747e+00
1.388709582785473629e+00
2.872770631095604710e+00
-3.172654896154893933e-01
1.598680771309039184e+00
1.307903340688636451e+00
3.953239578005457222e+00
4.286253376146555993e-01
3.733976973288579249e+00
8.076573912912462516e-01
2.244447579507740542e+00
-4.375042652420192413e-01
8.586474782965120012e-01
8.830109061972806206e-01
4.012937087065124864e+00
7.400426603447085583e-01
3.012356888039164016e+00
-1.598896993659974786e-01
2.348701322660231572e+00
1.489741107647676088e+00
3.638563241211348220e+00
8.987770332522816707e-02
3.139815093071600227e+00
1.404599946070148597e+00
2.984047266018063027e+00
-2.787919235295021059e-01
1.783562888012503400e+00
1.369191353919404275e+00
