4.294373102673424647e+00
1.521477627399074217e+00
3.842625468165605795e+00
-6.391247905283170549e-01
-4.224164544642537988e-01
1.605565951394595903e+00
-1.956647540316484579e-01
3.111626692933956662e+00
-2.389325968598549621e-01
2.500310482383998334e+00
-2.153486788853345435e-01
2.788666716876781582e+00
-2.158314579159194557e-01
2.686008548304933630e+00
-2.170649389167720877e-01
2.716373314338961897e+00
-2.172549803484370157e-01
2.706380627156247609e+00
-2.169122831045975919e-01
2.710835314801444795e+00
-2.175226869626202264e-01
2.706778079432888173e+00
-2.182748071454628791e-01
2.707407102020777501e+00
-2.172861667372435468e-01
2.709251218571893105e+00
-2.179178296120751201e-01
2.708220802162363938e+00
-2.169979727515200518e-01
2.711789712138619191e+00
-2.176923750978431160e-01
2.707677533825802563e+00
-2.185040785649185746e-01
2.708044271400243286e+00
-2.175762224795424471e-01
2.709774625659864267e+00
-2.181841530359805159e-01
2.708856957721382130e+00
-2.172738196805735489e-01
2.712353622949005505e+00
-2.179697095132104023e-01
2.708262666682391018e+00
-2.187759847896029175e-01
2.708645812663163177e+00
-2.178438875438357680e-01
2.710385610315460880e+00
-2.184535400937691052e-01
2.709459053493779024e+00
-2.175424041140865961e-01
2.712962249978380758e+00
-2.182381529244169227e-01
2.708869033759730094e+00
-2.190445331161072484e-01
2.709250987592105808e+00
-2.181131683818189060e-01
2.710989699701005229e+00
-2.187224735664775876e-01
2.710064135683354802e+00
-2.178115705972515359e-01
2.713566740715522840e+00
-2.185073173933238522e-01
2.709473428542727103e+00
-2.193132840371619374e-01
2.709855852112538876e+00
-2.183821856028622943e-01
2.711594463367620556e+00
-2.189913368143963923e-01
2.710668967169288290e+00
-2.180805713091363007e-01
2.714171642910041538e+00
-2.187763030200590708e-01
2.710078033921165197e+00
-2.195819040667340849e-01
2.710460772961293952e+00
-2.186511152621923304e-01
2.712199192219347577e+00
-2.192600945013302438e-01
2.711273849468406105e+00
-2.183494754911308455e-01
2.714776534564388832e+00
-2.190451931791487783e-01
2.710682647499242037e+00
-2.198504240675153154e-01
2.711065716106595413e+00
-2.189199409877477798e-01
2.712803952012082576e+00
-2.195287498642547741e-01
2.711878754596500851e+00
-2.186182766725477122e-01
2.709993045641899467e+00
-2.169157156695721289e-01
2.705901372579564423e+00
-2.177238684150029913e-01
2.706281838660981265e+00
-2.167909674505155149e-01
2.708021535185956896e+00
-2.174011233731920900e-01
2.707095178764488352e+00
-2.164895003178354815e-01
2.710597765457955610e+00
-2.171853128505096264e-01
2.706505812173290781e+00
-2.179930965236560048e-01
2.706886607982893267e+00
-2.170605009228749049e-01
2.708626119204827543e+00
-2.176704867128090304e-01
2.707699909874780264e+00
-2.167590085396077226e-01
2.711202510617082062e+00
-2.174548077395760948e-01
2.707110277172099622e+00
-2.182622222412469726e-01
2.707491402506697842e+00
-2.173299321038774934e-01
2.709230728611212502e+00
-2.179397477060908139e-01
2.708304666213984913e+00
-2.170284145685322241e-01
2.711807281065316655e+00
-2.177242003004186965e-01
2.707714767559675995e+00
-2.185312455257545361e-01
2.708096222228107308e+00
-2.175992609492364283e-01
2.709835363401036812e+00
-2.182089063132668927e-01
2.708909447772877233e+00
-2.172977183496756226e-01
2.712412076849566311e+00
-2.179934904795329254e-01
2.708319283359298169e+00
-2.188001663258987983e-01
2.708701067157757159e+00
-2.178684874191266774e-01
2.710440023553573496e+00
-2.184779624895787364e-01
2.709514254551486090e+00
-2.175669198456002540e-01
2.713016897934500626e+00
-2.182626782410853616e-01
2.708923824540753422e+00
-2.190689846059611368e-01
2.709305937275106491e+00
-2.181376114648476139e-01
2.711044709089024174e+00
-2.187469161898557002e-01
2.710119086546521672e+00
-2.178360190100721572e-01
2.713621744329790975e+00
-2.185317635367125810e-01
2.709528391113603440e+00
-2.193377003206283260e-01
2.709910832576754469e+00
-2.184066330447412552e-01
2.711649419996206678e+00
-2.190157673723839293e-01
2.710723943749428155e+00
-2.181050157987426685e-01
2.714226616034370210e+00
-2.188007463245617568e-01
2.710132983071239288e+00
-2.196063134221697133e-01
2.710515753073182488e+00
-2.186755521174044703e-01
2.712254156259543247e+00
-2.192845159912353292e-01
2.711328826166563566e+00
-2.183739101699202489e-01
2.714831513037265776e+00
-2.190696265569289647e-01
2.710737600427599148e+00
-2.198748238666846655e-01
2.711120698755304481e+00
-2.189443686389928312e-01
2.712858917876630027e+00
-2.195531620055589106e-01
2.711933733782039724e+00
-2.162443981853653108e-01
2.710048005650725678e+00
-2.169402227250838977e-01
2.705956307125104932e+00
-2.177483419286166955e-01
2.706336803184919315e+00
-2.168154687163706129e-01
2.708076482851808020e+00
-2.174256091762679644e-01
2.707150139813904399e+00
-2.165139992867343433e-01
2.710652727760775704e+00
-2.172098106140361862e-01
2.706560749019279122e+00
-2.180175607334274845e-01
2.706941574799337058e+00
-2.170849928942484852e-01
2.708681069178395351e+00
-2.176949632130466272e-01
2.707754873223371384e+00
-2.167834982269712663e-01
2.711257475197849320e+00
-2.174792962084611814e-01
2.707165216311338440e+00
-2.182866771494584579e-01
2.707546371598439805e+00
-2.173544147713699359e-01
2.709285680903154692e+00
-2.179642149132612339e-01
2.708359631825377978e+00
-2.170528949481058678e-01
2.711862248034997425e+00
-2.177486794474929321e-01
2.707769709060070973e+00
-2.185556911101505795e-01
2.708151193630158104e+00
-2.176237343192616858e-01
2.709890317977910357e+00
-2.182333642082386338e-01
2.708964415691020200e+00
-2.173221894423775780e-01
2.712467046078639754e+00
-2.180179603290531842e-01
2.708374227135676104e+00
-2.188246026035184921e-01
2.708756040828825373e+00
-2.178929514773295384e-01
2.710494980458040271e+00
-2.185024110751424553e-01
2.709569224749193150e+00
-2.175913816358765462e-01
2.713071869484581899e+00
-2.182871387749074632e-01
2.708978770645764644e+00
-2.190934115546140371e-01
2.709360913257079950e+00
-2.181620662169099778e-01
2.711099668275702257e+00
-2.187713554588624487e-01
2.710174059047229633e+00
-2.178604714965002853e-01
2.713676718179632630e+00
-2.185562147570427050e-01
2.709583339517787071e+00
-2.193621179474665173e-01
2.709965810843895095e+00
-2.184310784804311401e-01
2.711704381498641236e+00
-2.190401973184012419e-01
2.710778918546445482e+00
-2.181294589834994468e-01
2.714281592162849144e+00
-2.188251882274975246e-01
2.710187933783271497e+00
-2.196307217233706977e-01
2.710570733622636563e+00
-2.186999882339139001e-01
2.712309120071255464e+00
-2.193089366125639261e-01
2.711383803251655955e+00
-2.183983440504447537e-01
2.714886491434724825e+00
-2.190940591455913800e-01
2.710792553419294038e+00
-2.198992228412134931e-01
2.711175681583493979e+00
-2.189687954294400607e-01
2.712913884008754994e+00
-2.195775732967181759e-01
2.706600390597875716e+00
-2.162689055957459916e-01
2.710102965855821999e+00
-2.169647289394808776e-01
2.706011241864516137e+00
-2.177728146030614709e-01
2.706391767902485146e+00
-2.168399691350651470e-01
2.708131430743168977e+00
-2.174500941331751203e-01
2.707205101066523234e+00
-2.165384974140980856e-01
2.710707690269460457e+00
-2.172343075330343543e-01
2.706615686066417226e+00
-2.180420241040420815e-01
2.706996541805683609e+00
-2.171094840153922623e-01
2.708736019379057947e+00
-2.177194388752379806e-01
2.707809836754849542e+00
-2.168079870587723001e-01
2.711312440049118422e+00
-2.175037838188344230e-01
2.707220155702109388e+00
-2.183111311975683977e-01
2.707601340927780154e+00
-2.173788966020135660e-01
2.709340633378923613e+00
-2.179886812608294866e-01
2.708414597689141612e+00
-2.170773744989552001e-01
2.711917215126590897e+00
-2.177731577666752738e-01
2.707824650722016724e+00
-2.185801358582200593e-01
2.708206165221520578e+00
-2.176482068399987480e-01
2.709945272785168058e+00
-2.182578212543764828e-01
2.709019383821785087e+00
-2.173466596914513937e-01
2.712522015507758510e+00
-2.180424293343755371e-01
2.708429171124671520e+00
-2.188490380302609561e-01
2.708811014719675114e+00
-2.179174146925865752e-01
2.710549937567813483e+00
-2.185268588033415504e-01
2.709624195190079465e+00
-2.176158425903974847e-01
2.713126841189374527e+00
-2.183115984716521296e-01
2.709033716932497615e+00
-2.191178376671620576e-01
2.709415889420577095e+00
-2.181865201177047575e-01
2.711154627703620701e+00
-2.187957938755040188e-01
2.710229031760425400e+00
-2.178849231454607072e-01
2.713731692202459911e+00
-2.185806651353826013e-01
2.709638288122478311e+00
-2.193865347318007530e-01
2.710020789305019218e+00
-2.184555230690904959e-01
2.711759343214806162e+00
-2.190646264172965985e-01
2.710833893544905671e+00
-2.181539013293072871e-01
2.714336568466293897e+00
-2.188496292940345367e-01
2.710242884675317487e+00
-2.196551291777330550e-01
2.710625714382660867e+00
-2.187244235018168115e-01
2.712364084088681349e+00
-2.193333563926627705e-01
2.711438780534294768e+00
-2.184227770699061488e-01
2.714941470110779687e+00
-2.191184908720399394e-01
2.710847506665984952e+00
-2.199236209531770236e-01
2.711230664648353272e+00
-2.189932213808819805e-01
2.712968850318307812e+00
-2.172051404905963601e-01
2.706655349794571563e+00
-2.162934121658834086e-01
2.710157926241328230e+00
-2.169892343182543148e-01
2.706066176791537270e+00
-2.177972864306673972e-01
2.706446732839161040e+00
-2.168644687091608458e-01
2.708186378833885577e+00
-2.174745782504068359e-01
2.707260062522843569e+00
-2.165629946848576792e-01
2.710762653042413373e+00
-2.172588035948353480e-01
2.706670623360976524e+00
-2.180664866192532358e-01
2.707051509039343884e+00
-2.171339742976387266e-01
2.708790969764079737e+00
-2.177439136887365234e-01
2.707864800512166159e+00
-2.168324750523092370e-01
2.711367405074263992e+00
-2.175282705916606607e-01
2.707275095273062870e+00
-2.183355844120313249e-01
2.707656310437321245e+00
-2.174033775780851163e-01
2.709395586100006081e+00
-2.180131467684668922e-01
2.708469563731457530e+00
-2.171018532036667892e-01
2.711972182437210499e+00
-2.177976352455852083e-01
2.707879592568617433e+00
-2.186045797629438681e-01
2.708261137020318010e+00
-2.176726785115548068e-01
2.710000227812882301e+00
-2.182822774569705138e-01
2.709074352150444120e+00
-2.173711290913369898e-01
2.712576985175151556e+00
-2.180668974822385919e-01
2.708484115360185296e+00
-2.188734726040920953e-01
2.708865988828100591e+00
-2.179418770630343061e-01
2.710604894871223802e+00
-2.185513056921992159e-01
2.709679165821077707e+00
-2.176403026964265075e-01
2.713181813121539943e+00
-2.183360573235188506e-01
2.709088663424126686e+00
-2.191422629255573296e-01
2.709470865817634966e+00
-2.182109731747861880e-01
