3.848366980299965157e+00
2.074437477279381881e+00
1.779432963464808282e+00
-1.417447770828307863e-01
-3.664230432285293659e-01
2.188281157553812140e+00
1.931658748006024051e-01
4.060605453190206049e+00
-2.877427032432641196e-01
1.948690329787825526e+00
6.304435784525121156e-02
3.805835604781623971e+00
-1.174089897044709174e-01
2.597353442466902251e+00
1.041933129272039071e-01
3.710729632123971999e+00
-9.763152188514737095e-02
2.706982220077614798e+00
1.031296351925661270e-01
3.674507349554594349e+00
-8.390944884941990700e-02
2.758168606524159294e+00
1.018437653975872159e-01
3.654012920337182280e+00
-7.373547672785354945e-02
2.792459159705322769e+00
9.912554933226869203e-02
3.636280740360622321e+00
-6.874233657009765075e-02
2.812771312916184652e+00
9.681474665797729084e-02
3.623521520959235520e+00
-6.468003690783866166e-02
2.833596550669348346e+00
9.729048917545235486e-02
3.613037742529417784e+00
-6.136166944486036445e-02
2.849096641597086865e+00
9.301175370306535850e-02
3.593556199566166232e+00
-5.643622150098699664e-02
2.874360137730525899e+00
9.177466213552620822e-02
3.583579843296916145e+00
-5.081795719104156839e-02
2.891045824436109690e+00
9.053352287565985534e-02
3.576711003635892006e+00
-4.894192338694158123e-02
2.896144013979611298e+00
8.928571407361873824e-02
3.572152971698316914e+00
-4.777002858282042297e-02
2.904908276463102457e+00
9.071432060597139913e-02
3.568586192152720216e+00
-4.690189836531217377e-02
2.912301076514363096e+00
8.961704335633757790e-02
3.560345172358227561e+00
-4.626272415012523676e-02
2.918631617246093768e+00
8.854223957742279882e-02
3.557924583225237303e+00
-4.299823009511145183e-02
2.924360104545022487e+00
8.750932919762610673e-02
3.555850552804746822e+00
-4.260256755624787506e-02
2.924265243109535284e+00
8.652349424907601616e-02
3.554082089826759105e+00
-4.230167648754624976e-02
2.929113198478464852e+00
8.819452978836228585e-02
3.552586159336390548e+00
-4.208476850085469262e-02
2.933594293723912116e+00
8.728904436400175548e-02
3.545942522150584697e+00
-4.216411565225232361e-02
2.936529772483592815e+00
8.656445557678149605e-02
3.545765013610449490e+00
-3.962017771727734117e-02
2.938973067229484037e+00
8.585365461682714638e-02
3.545837489744807058e+00
-3.985921715869029935e-02
2.936104670096151281e+00
8.517090622244012643e-02
3.545955204192484889e+00
-4.012873333298991319e-02
2.937625865984888840e+00
8.717807762455553888e-02
3.546639314460532599e+00
-4.057884800902374772e-02
2.938377256664441273e+00
8.664481345565067105e-02
3.542450041491190582e+00
-4.116025923524479352e-02
2.939576200253637417e+00
8.611365808596804783e-02
3.543489870701106881e+00
-3.894510871712594802e-02
2.940609376466144287e+00
8.558546116275571325e-02
3.544599827833307515e+00
-3.950820169437133100e-02
2.936354684691875327e+00
8.505651476282612145e-02
3.545680674547569300e+00
-4.006448660380203947e-02
2.937428574916832513e+00
8.714504350362051177e-02
3.546773988439941849e+00
-4.062335498131739581e-02
2.938515153699736704e+00
8.661579244946693290e-02
3.542470455007836527e+00
-4.118082292319581728e-02
2.939596481731739264e+00
8.608680636186694102e-02
3.543560544379437349e+00
-3.897717630895627949e-02
2.940680139367089829e+00
8.555797906363402094e-02
3.544649770741544970e+00
-3.953557625229548594e-02
2.936404186602165289e+00
8.502935334433496528e-02
3.545739462706236633e+00
-4.009385152444028960e-02
2.937487066018150905e+00
8.711771867928042035e-02
3.546829058734327411e+00
-4.065186848227515803e-02
2.938569853095778672e+00
8.658853066243854535e-02
3.542527086166797012e+00
-4.120968041835810364e-02
2.939652789505033947e+00
8.605953198133853288e-02
3.543616513943225854e+00
-3.900592770011418464e-02
2.940735773138135833e+00
8.553072402598703439e-02
3.544706025177343456e+00
-3.956438085175252584e-02
2.936460091108272330e+00
8.500210387761489295e-02
3.545795601968536381e+00
-4.012261789017229630e-02
2.937542853469561788e+00
8.709043238887215210e-02
3.546885251859213994e+00
-4.068063480500463264e-02
2.938625695682259842e+00
8.656125347272891624e-02
3.542583243658641745e+00
-4.123843055862328605e-02
2.939708614511109541e+00
8.603226490522586367e-02
3.543672684035720444e+00
-3.903472399911461777e-02
2.940791611249744975e+00
8.550346660222364614e-02
3.544762195146614836e+00
-3.959316571751553965e-02
2.936515909570087235e+00
8.497485613193260512e-02
3.545851777196836085e+00
-4.015139175291929791e-02
2.937598677565974370e+00
8.706314609818233130e-02
3.546941430061965050e+00
-4.070939713066044907e-02
2.938681523093143344e+00
8.653397700373277601e-02
3.542639407717609767e+00
-4.126718154933169819e-02
2.939764446197347336e+00
8.600499824627672041e-02
3.543728851636818611e+00
-3.906351916693734383e-02
2.940847446799896847e+00
8.547620971646212318e-02
3.544818366461034209e+00
-3.962195025978561269e-02
2.936571729443621770e+00
8.494760886415556045e-02
3.545907952109851990e+00
-4.018016491432462034e-02
2.937654501373811566e+00
8.703586031924259725e-02
3.546997608656342393e+00
-4.073815891398829131e-02
2.938737350964582440e+00
8.650670103486290952e-02
3.542695571852418013e+00
-4.129593192502623716e-02
2.939820278003641096e+00
8.597773209188530608e-02
3.543785019455494734e+00
-3.909231381363759139e-02
2.940903282659743656e+00
8.544895332098807750e-02
3.544874537907474643e+00
-3.965073420295176648e-02
2.936627549443044494e+00
8.492036209427583637e-02
3.545964127246985065e+00
-4.020893749690881286e-02
2.937710325431606151e+00
8.700857504526049446e-02
3.547053787417239867e+00
-4.076692010739017824e-02
2.938793178932343597e+00
8.647942557807042352e-02
3.542751736234630133e+00
-4.132468172683033403e-02
2.939876110060804848e+00
8.595046644390802459e-02
3.543841187446975294e+00
-3.912110793300641043e-02
2.940959118649542958e+00
8.542169742527556953e-02
3.544930709581259887e+00
-3.967951757111858740e-02
2.936683369636707841e+00
8.489311582422590097e-02
3.546020302586718298e+00
-4.023770949859978990e-02
2.937766149676461769e+00
8.698129027917145262e-02
3.547109966382810065e+00
-4.079568071534069723e-02
2.938849007195983631e+00
8.645215062241728976e-02
3.542807900761012263e+00
-4.135343093002641357e-02
2.939931942294340850e+00
8.592320130199815331e-02
3.543897355638153446e+00
-3.914990152908290333e-02
2.941014954859835662e+00
8.539444202616723600e-02
3.544986881441228199e+00
-3.970830034969329014e-02
2.936739190144967537e+00
8.486587004181153637e-02
3.546076478051105596e+00
-4.026648089648145884e-02
2.937821974069090736e+00
8.695400601862457446e-02
3.547166145553575234e+00
-4.082444074057909461e-02
2.938904835635948842e+00
8.642487617393423971e-02
3.542864065486630576e+00
-4.138217954778062452e-02
2.939987774723777925e+00
8.589593666730888089e-02
3.543953524025856616e+00
-3.917869460212111687e-02
2.941070791291241715e+00
8.536718712117487284e-02
3.545043053476739647e+00
-3.973708254162061637e-02
2.936795010784482685e+00
8.483862475995468388e-02
3.546132653743206742e+00
-4.029525171880303513e-02
2.937877798733841583e+00
8.692672226315178996e-02
3.547222324888638312e+00
-4.085320017211116483e-02
2.938960664267950662e+00
8.639760223196801814e-02
3.542920230410937510e+00
-4.141092757820534487e-02
2.940043607398203029e+00
8.586867253583474469e-02
3.544009692580234905e+00
-3.920748714368274546e-02
2.941126627934058657e+00
8.533993271228652866e-02
3.545099225699775758e+00
-3.976586414694145699e-02
2.936850831673057272e+00
8.481137997225177139e-02
3.546188829602765047e+00
-4.032402194621156205e-02
2.937933623637298819e+00
8.689943900911234476e-02
3.547278504386219833e+00
-4.088195901009008398e-02
2.939016493100213179e+00
8.637032879460349033e-02
3.542976395518575128e+00
-4.143967502268677827e-02
2.940099440180438339e+00
8.584140891688618602e-02
3.544065861377188043e+00
-3.923627917359864825e-02
2.941182464837728716e+00
8.531267879809890931e-02
3.545155398086103915e+00
-3.979464516052643591e-02
2.936906652710212562e+00
8.478413568217772756e-02
3.546245005675988438e+00
-4.035279159653323844e-02
2.937989448630518918e+00
8.687215627083133551e-02
3.547334684143188532e+00
-4.091071727852768625e-02
2.939072322193615250e+00
8.634305586426360701e-02
3.543032560800429387e+00
-4.146842187207667313e-02
2.940155273250436796e+00
8.581414579658985797e-02
3.544122030313681115e+00
-3.926507066555295911e-02
2.941238301844966596e+00
8.528542538330873002e-02
3.545211570708789672e+00
-3.982342560091999689e-02
2.936962473908880433e+00
8.475689189393104117e-02
3.546301181969704786e+00
-4.038156066753723766e-02
2.938045273933390877e+00
8.684487403248331017e-02
3.547390864033062474e+00
-4.093947494478273469e-02
2.939128151420135282e+00
8.631578344088841614e-02
3.543088726301421243e+00
-4.149716814182458774e-02
2.940211106559551091e+00
8.578688318374894095e-02
3.544178199428089648e+00
-3.929386163041634350e-02
2.941294139061621848e+00
8.525817246472106037e-02
3.545267743518007997e+00
-3.985220545481946153e-02
2.937018295410876334e+00
8.472964859687437400e-02
3.546357358403560589e+00
-4.041032913783415559e-02
2.938101099445811215e+00
8.681759229732588512e-02
3.547447044103205549e+00
-4.096823202152082011e-02
2.939183980901317383e+00
8.628851151983474299e-02
3.543144891958888376e+00
-4.152591381552699079e-02
2.940266939980961336e+00
8.575962108032353370e-02
3.544234368776866262e+00
-3.932265208026292092e-02
2.941349976619044071e+00
8.523092003556369256e-02
3.545323916447186363e+00
-3.988098470367140019e-02
2.937074117098488646e+00
8.470240579168429595e-02
3.546413535020368712e+00
-4.043909702195082334e-02
2.938156925081945481e+00
8.679031107359092001e-02
3.547503224406549194e+00
-4.099698852208590039e-02
2.939239810597803704e+00
8.626124010619962146e-02
3.543201057807891630e+00
-4.155465890113348854e-02
2.940322773644324705e+00
8.573235947893032005e-02
3.544290538290634007e+00
-3.935144199905923901e-02
2.936047204642219910e+00
8.520366810728750850e-02
3.545380089612769847e+00
-3.990976337906913113e-02
2.937129938957078856e+00
8.729228184561865778e-02
3.546469711851540474e+00
-4.046786432555496416e-02
2.938212750954455998e+00
8.676303035595389623e-02
3.542167810629011981e+00
-4.102574443374448765e-02
2.939295640434629764e+00
8.623396920277881517e-02
3.543257223883143681e+00
-3.882171284171878622e-02
2.940378607543618905e+00
8.570509838591688911e-02
3.544346707986050227e+00
-3.938023139262658567e-02
2.936103022680695673e+00
8.517641667770813052e-02
3.545436262993919563e+00
-3.993854147694644863e-02
2.937185761066144707e+00
8.726499182027891433e-02
3.546525888855300845e+00
-4.049663103646448936e-02
2.938268577065682674e+00
8.673575013960022062e-02
3.542223973195549824e+00
-4.105449974882696001e-02
2.939351470571451852e+00
8.620669879784981227e-02
3.543313390088095538e+00
-3.885051189361002355e-02
2.940434441621744277e+00
