6.677580897882758881e-01
4.450107777570931233e+00
4.583343273793018646e+00
3.023726280983975556e+00
3.661281878511993604e+00
1.090013024497819227e+00
3.096561636018250852e+00
9.586458681853582409e-01
3.346997264577813880e+00
1.258218367878908506e+00
3.366132972857660999e+00
1.202451262111699171e+00
3.326121132666128855e+00
1.171282557198791485e+00
3.331100577826390463e+00
1.185806881435438331e+00
3.338076177730852745e+00
1.189011431851626721e+00
3.336588215936737267e+00
1.185226794516091253e+00
3.336843092211143169e+00
1.186601715853401684e+00
3.337681966409241419e+00
1.187063833289305759e+00
3.337593855931177966e+00
1.185744682207606981e+00
3.331035928865889062e+00
1.183253500134908265e+00
3.335377658677004309e+00
1.187227998276626728e+00
3.336285910934218446e+00
1.185582734910852309e+00
3.333515576040032791e+00
1.184696775356219423e+00
3.334553491798394997e+00
1.186196265461596511e+00
3.336149173244696176e+00
1.185590213718534125e+00
3.333575495283609857e+00
1.184910125791833746e+00
3.334748350930906824e+00
1.186199844678762494e+00
3.335918176851588424e+00
1.185508574942671256e+00
3.333533297795097994e+00
1.184821940240996296e+00
3.334891685831876895e+00
1.186414832360622507e+00
3.336003427309873093e+00
1.185428540982012890e+00
3.333336137741754523e+00
1.184788238325674481e+00
3.334832717091427146e+00
1.186306708068654236e+00
3.336201239554508202e+00
1.185673680656357920e+00
3.333378321375275455e+00
1.184670460443610907e+00
3.334646951783345692e+00
1.186291733079643418e+00
3.336134110025680055e+00
1.185558299054576770e+00
3.333601545978384095e+00
1.184929678886118554e+00
3.334670631023442411e+00
1.186155856605842551e+00
3.335952656851220333e+00
1.185550005080350688e+00
3.333531595392984936e+00
1.184811823191558977e+00
3.334904676294134340e+00
1.186422244430043405e+00
3.335968990720794114e+00
1.185407871958299220e+00
3.333351552473033053e+00
1.184805790721078056e+00
3.334833363220462310e+00
1.186302151432994556e+00
3.336207346072687763e+00
1.185675948875608121e+00
3.333365445427758367e+00
1.184661611103253964e+00
3.334653976848934498e+00
1.186298136107367895e+00
3.336135418904049743e+00
1.185555985222675357e+00
3.333604864521341860e+00
1.184929943244873218e+00
3.334666712931034560e+00
1.186151900139823079e+00
3.335956325115403853e+00
1.185551860629868282e+00
3.333533112031976664e+00
1.184810375511016201e+00
3.334906932979969429e+00
1.186421754888885127e+00
3.335968542549924809e+00
1.185405810055620623e+00
3.333353938271979011e+00
1.184805899655223982e+00
3.334834950193204417e+00
1.186301027617366222e+00
3.336209206238985647e+00
1.185675180388513272e+00
3.333366301850950730e+00
1.184660261071359022e+00
3.334655884723702890e+00
1.186297589251698925e+00
3.336137031063040492e+00
1.185554982807185631e+00
3.333606576810399957e+00
1.184929072055692423e+00
3.334668054459322573e+00
1.186150812999117621e+00
3.335958055828042390e+00
1.185551071118172262e+00
3.333534732665012879e+00
1.184809418396879144e+00
3.334908591223795682e+00
1.186420844408018649e+00
3.335970063815880682e+00
1.185404821325019231e+00
3.333355602674883844e+00
1.184805020778187501e+00
3.334836574441768953e+00
1.186300085828209339e+00
3.336210844699832201e+00
1.185674256412731609e+00
3.333367888856198391e+00
1.184659309067571664e+00
3.334657525199250294e+00
1.186296675969066738e+00
3.336138656833891769e+00
1.185554047712736869e+00
3.333608207251768984e+00
1.184928143479161644e+00
3.334669666229269858e+00
1.186149873129943355e+00
3.335959687658540673e+00
1.185550146161150842e+00
3.333536358290144719e+00
1.184808486149352413e+00
3.334910219223468975e+00
1.186419912722343817e+00
3.335971684939021742e+00
1.185403886986162947e+00
3.333357230589895970e+00
1.184804091877614152e+00
3.334838200533463137e+00
1.186299153223859593e+00
3.336212471990696038e+00
1.185673324611952850e+00
3.333369512715788296e+00
1.184658377140470176e+00
3.334659152196775889e+00
1.186295744210182246e+00
3.336140283289014796e+00
1.185553116010878538e+00
3.333609833563508484e+00
1.184927212007996555e+00
3.334671291630134426e+00
1.186148940689975451e+00
3.335961314509262809e+00
1.185549214378964766e+00
3.333537984163807089e+00
1.184807555153339020e+00
3.334911845705531341e+00
1.186418979973220100e+00
3.335973311081219972e+00
1.185402955379886603e+00
3.333358856676372550e+00
1.184803160467360561e+00
3.334839826716057498e+00
1.186298221079498338e+00
3.336214098720766685e+00
1.185672392420243249e+00
3.333371138426862501e+00
1.184657446222100008e+00
3.334660778522873681e+00
1.186294811526963144e+00
3.336141909772216696e+00
1.185552184475870074e+00
3.333611459685211997e+00
1.184926280405084187e+00
3.334672917677928172e+00
1.186148008601993320e+00
3.335962941115290015e+00
1.185548282266730702e+00
3.333539610053353641e+00
1.184806624221073079e+00
3.334913472106070476e+00
1.186418047167035361e+00
3.335974937486936742e+00
1.185402023919306824e+00
3.333360482663229707e+00
1.184802228923394818e+00
3.334841452904525827e+00
1.186297288961998486e+00
3.336215725429308332e+00
1.185671460213729045e+00
3.333372764221039564e+00
1.184656515348733619e+00
3.334662404813491410e+00
1.186293878799972834e+00
3.336143536263392217e+00
1.185551252952963708e+00
3.333613085782027419e+00
1.184925348784494403e+00
3.334674543794230672e+00
1.186147076552324986e+00
3.335964567703717520e+00
1.185547350126025190e+00
3.333541235937932168e+00
1.184805693290341466e+00
3.334915098515875531e+00
1.186417114368769177e+00
3.335976563877002476e+00
1.185401092449814175e+00
3.333362108659890577e+00
1.184801297389990182e+00
3.334843079092313811e+00
1.186296356840889521e+00
3.336217352130101510e+00
1.185670528001996349e+00
3.333374390030044765e+00
1.184655584485947877e+00
3.334664031102836823e+00
1.186292946068007836e+00
3.336145162753820337e+00
1.185550321430776766e+00
3.333614711875475756e+00
1.184924417162497967e+00
3.334676169920923083e+00
1.186146144509708122e+00
3.335966194288052300e+00
1.185546417981866441e+00
3.333542861829250192e+00
1.184804762365433861e+00
3.334916724912095010e+00
1.186416181560645544e+00
3.335978190299822899e+00
1.185400160998652197e+00
3.333363734641828113e+00
1.184800365839440150e+00
3.334844705282909771e+00
1.186295424726923731e+00
3.336218978835425286e+00
1.185669595792761211e+00
3.333376015834315087e+00
1.184654653618753439e+00
3.334665657398250715e+00
1.186292013342333806e+00
3.336146789241242416e+00
1.185549389905981466e+00
3.333616337980180422e+00
1.184923485549920441e+00
3.334677796021587426e+00
1.186145212453037168e+00
3.335967820879060408e+00
1.185545485848269243e+00
3.333544487717782001e+00
1.184803831439014354e+00
3.334918351316406682e+00
1.186415248759672192e+00
3.335979816709394363e+00
1.185399229541017840e+00
3.333365360629072072e+00
1.184799434296323062e+00
3.334846331473704684e+00
1.186294492611539964e+00
3.336220605534329309e+00
1.185668663580792259e+00
3.333377641656090962e+00
1.184653722762969652e+00
3.334667283679444427e+00
1.186291080603414150e+00
3.336148415732666628e+00
1.185548458388197668e+00
3.333617964079872209e+00
1.184922553932589606e+00
3.334679422137276639e+00
1.186144280404834994e+00
3.335969447467549642e+00
1.185544553709098281e+00
3.333546113606952410e+00
1.184802900512169854e+00
3.334919977720715689e+00
1.186414315958133514e+00
3.335981443110100031e+00
1.185398298079442858e+00
3.333366986624492156e+00
1.184798502762448358e+00
3.334847957664713647e+00
1.186293560495678134e+00
3.336222232236570662e+00
1.185667731371996325e+00
3.333379267465324425e+00
1.184652791901295243e+00
3.334668909971524542e+00
1.186290147875299628e+00
3.336150042221695422e+00
1.185547526866684187e+00
3.333619590184186965e+00
1.184921622319531576e+00
3.334681048241686874e+00
1.186143348350751747e+00
3.335971074061884423e+00
1.185543621577714646e+00
3.333547739497029649e+00
1.184801969585855375e+00
3.334921604123360250e+00
1.186413383155312751e+00
3.335983069518716704e+00
1.185397366622587656e+00
3.333368612615908333e+00
1.184797571222618640e+00
3.334849583852673938e+00
1.186292628378625924e+00
3.336223858936558262e+00
1.185666799161541496e+00
3.333380893285206703e+00
1.184651861045417087e+00
3.334670536257875018e+00
1.186289215142147135e+00
3.336151668714232965e+00
1.185546595348746290e+00
3.333621216292171674e+00
1.184920690709336810e+00
3.334682674337762442e+00
1.186142416293136437e+00
3.335972700654985079e+00
1.185542689448206177e+00
3.333549365385636953e+00
1.184801038659201611e+00
3.334923230531888105e+00
1.186412450358473425e+00
3.335984695918455145e+00
1.185396435161230499e+00
3.333370238608735825e+00
1.184796639688417974e+00
3.334851210047807157e+00
1.186291696267112172e+00
3.336225485647988709e+00
1.185665866958280024e+00
3.333382519076374617e+00
1.184650930174395711e+00
3.334672162554639385e+00
1.186288282422464535e+00
3.336153295205351199e+00
1.185545663828506679e+00
3.333622842389669216e+00
1.184919759092798675e+00
3.334684300462838369e+00
1.186141484251653333e+00
3.335974327245092574e+00
1.185541757310153876e+00
3.333550991279198517e+00
1.184800107738110286e+00
3.334924856924293302e+00
1.186411517550167272e+00
3.335986322361094381e+00
1.185395503724023802e+00
3.333371864589735001e+00
1.184795708134552150e+00
3.334852836232426121e+00
1.186290764153116406e+00
3.336227112352303514e+00
1.185664934753722921e+00
3.333384144896593515e+00
1.184649999318983848e+00
3.334673788842703157e+00
1.186287349690151149e+00
3.336154921694951980e+00
1.185544732309480764e+00
3.333624468491518389e+00
1.184918827479663817e+00
3.334685926577240611e+00
1.186140552204341780e+00
3.335975953836006092e+00
1.185540825176367274e+00
3.333552617173581645e+00
1.184799176816242250e+00
3.334926483325093560e+00
1.186410584747922936e+00
3.335987948775581469e+00
1.185394572272581826e+00
3.333373490575221254e+00
1.184794776591817644e+00
3.334854462429167832e+00
1.186289832044218562e+00
3.336228739056052550e+00
1.185664002545255391e+00
3.333385770706880802e+00
1.184649068458873078e+00
3.334675415132043685e+00
1.186286416963250767e+00
3.336156548192233728e+00
1.185543800796262648e+00
3.333626094585715904e+00
1.184917895860577053e+00
3.334687552715358105e+00
1.186139620170679976e+00
3.335977580416758848e+00
1.185539893029505798e+00
3.333554243066132905e+00
1.184798245896897306e+00
3.334928109720013190e+00
1.186409651943107324e+00
3.335989575217638059e+00
1.185393640835761486e+00
3.333375116556530404e+00
1.184793845039310067e+00
3.334856088619677195e+00
1.186288899934568208e+00
3.336230365756383875e+00
1.185663070337949154e+00
3.333387396533463054e+00
1.184648137608927065e+00
3.334677041420055943e+00
1.186285484229957721e+00
3.336158174684787703e+00
1.185542869280388656e+00
3.333627720693355556e+00
1.184916964252756610e+00
3.334689178818786459e+00
1.186138688120335960e+00
3.335979207011647407e+00
1.185538960902055461e+00
3.333555868953312018e+00
1.184797314972645399e+00
3.334929736138916745e+00
1.186408719154854019e+00
3.335991201596184563e+00
1.185392709363578323e+00
3.333376742562180528e+00
1.184792913520673174e+00
3.334857714810598228e+00
1.186287967819040778e+00
3.336231992459615991e+00
1.185662138134422783e+00
3.333389022349323660e+00
1.184647206755369053e+00
3.334678667710270883e+00
1.186284551503176798e+00
3.336159801175266004e+00
1.185541937764092113e+00
3.333629346797216009e+00
1.184916032642669093e+00
3.334690804932069597e+00
1.186137756074558736e+00
3.335980833604471396e+00
1.185538028772202157e+00
3.333557494848866654e+00
1.184796384054069840e+00
3.334931362542060018e+00
1.186407786354982896e+00
3.335992828013630618e+00
1.185391777915589806e+00
3.333378368549351212e+00
1.184791981981039521e+00
3.334859341003532762e+00
1.186287035710874793e+00
3.336233619168992526e+00
1.185661205932077689e+00
3.333390648153686797e+00
1.184646275892583978e+00
3.334680294003465661e+00
1.186283618781850180e+00
3.336161427667545976e+00
1.185541006248442830e+00
3.333630972912083656e+00
1.184915101039828000e+00
3.334692431021328840e+00
1.186136824014828450e+00
3.335982460199322652e+00
1.185537096649010191e+00
3.333559120743509130e+00
1.184795453134648957e+00
