3.630041547683007686e+00
2.316997477378038184e+00
1.655215708090926441e+00
-2.942791976499743445e-01
-4.095976730711470282e-01
1.342853683921638286e+00
1.688231702492255792e-01
4.174722665185591985e+00
-2.378450766482837764e-01
2.045914557026139668e+00
2.225083473311045279e-01
4.129339721315669287e+00
-2.198009680329440496e-01
2.125855865196471850e+00
2.338998756834632653e-01
4.137152163442640251e+00
-2.270504890353051142e-01
2.096723723167248643e+00
2.316055101033841490e-01
4.128993217185074727e+00
-2.223536800180091477e-01
2.108372446948096446e+00
2.327740298742407843e-01
4.129556318992665176e+00
-2.246105809093030814e-01
2.113484200123743051e+00
2.372049279452222714e-01
4.142322497485153576e+00
-2.335313506222291002e-01
2.073419529940366601e+00
2.263966947139584018e-01
4.133237956550651404e+00
-2.210340645577363039e-01
2.125147333315037468e+00
2.338870860651295347e-01
4.129603432709449073e+00
-2.281194112375365679e-01
2.086523187907359134e+00
2.295184480565997109e-01
4.129579459303816868e+00
-2.201781634387997011e-01
2.122119224961303452e+00
2.351602816099192528e-01
4.135853989868935265e+00
-2.267207989111622579e-01
2.096526472173446010e+00
2.297912410386132587e-01
4.131557790740990832e+00
-2.233833095362169618e-01
2.112914533235824344e+00
2.317486341118812909e-01
4.136209624783053762e+00
-2.253955843056090480e-01
2.103046426179852268e+00
2.325524361361140935e-01
4.131061801210737627e+00
-2.218718686163311249e-01
2.109552699165063494e+00
2.329142792612862722e-01
4.132882749275188061e+00
-2.241130708233620428e-01
2.106130713901066542e+00
2.317620456218282832e-01
4.133578679119578325e+00
-2.235337882379765939e-01
2.110164933422754352e+00
2.316148161733307398e-01
4.135424828484993043e+00
-2.248096411102171177e-01
2.108722740080075653e+00
2.306722547846608573e-01
4.130583435490170707e+00
-2.219029481638966905e-01
2.107939905941993430e+00
2.330003244400821738e-01
4.132796966161405017e+00
-2.233725431700653297e-01
2.105545639077835318e+00
2.318763705455382240e-01
4.132751374853623538e+00
-2.228600152765914111e-01
2.111063513672469139e+00
2.321080721842182504e-01
4.134234963493213399e+00
-2.251848094277171808e-01
2.107323129170058706e+00
2.308993139607329881e-01
4.135306048260103395e+00
-2.242593324075266015e-01
2.107392275979850460e+00
2.332505059216329335e-01
4.132293545264942303e+00
-2.230682114314973818e-01
2.104977150978364797e+00
2.321166488046861875e-01
4.132204545246196403e+00
-2.225348923705162407e-01
2.110597346903904103e+00
2.323670775515765397e-01
4.133935689759150378e+00
-2.247798167212210485e-01
2.107130825066018787e+00
2.312041677396977635e-01
4.133844998626770462e+00
-2.247136455306718295e-01
2.111061988256077271e+00
2.311704457008637581e-01
4.131669014169379039e+00
-2.229932175099560154e-01
2.103972849517151467e+00
2.323264030641745137e-01
4.131704439896105363e+00
-2.222934061298016961e-01
2.109899440041274943e+00
2.325971708482826306e-01
4.133345636986572202e+00
-2.244951783170517357e-01
2.106584978187879376e+00
2.314566412160372622e-01
4.133353136618765689e+00
-2.243959430017957724e-01
2.110612078218245813e+00
2.314373413259256385e-01
4.136288810186587561e+00
-2.253655365891556184e-01
2.103363441750073726e+00
2.325640824899174453e-01
4.131112703125550567e+00
-2.219765921807302922e-01
2.109466942020221669e+00
2.328688527951079945e-01
4.132558542513839583e+00
-2.243310784268834068e-01
2.105654109135429053e+00
2.316495532895646026e-01
4.133656017093741752e+00
-2.233850960369284100e-01
2.110843975889461710e+00
2.316793080375471048e-01
4.135718611580551318e+00
-2.248666655218005683e-01
2.108447374310439937e+00
2.305592694235833462e-01
4.130527864237907743e+00
-2.217049321473757995e-01
2.108880219514536414e+00
2.331160681242070987e-01
4.132032299811760012e+00
-2.240306848582845622e-01
2.105146089986057234e+00
2.319070991910881507e-01
4.133074790734718285e+00
-2.231243819535811412e-01
2.110252505469524031e+00
2.319296419561733269e-01
4.135242500622726247e+00
-2.245684512295680335e-01
2.107824370736666175e+00
2.307873782445441502e-01
4.135275248525090319e+00
-2.239779272895202344e-01
2.108247324237392473e+00
2.333080828755075276e-01
4.132135899049751870e+00
-2.231655486650395981e-01
2.105120509877417057e+00
2.321271135752340231e-01
4.132692429650619559e+00
-2.226529343584827680e-01
2.109950745104137937e+00
2.321779147025825329e-01
4.134572069413536610e+00
-2.242010059331204230e-01
2.107577387517379996e+00
2.310875946498808786e-01
4.134555387953275485e+00
-2.237825803138834835e-01
2.112857794640848663e+00
2.312905724799576568e-01
4.131116620929783601e+00
-2.233622675136614222e-01
2.104334738586587150e+00
2.324533574152951032e-01
4.131588598691308789e+00
-2.230020852555086863e-01
2.109187942784751968e+00
2.325633692451519741e-01
4.134122678140924378e+00
-2.244349642588446547e-01
2.106716264497189961e+00
2.314174061224101298e-01
4.134271094219464260e+00
-2.238804508005877714e-01
2.110892767872353915e+00
2.313088977261795742e-01
4.136138816343168934e+00
-2.251702637947962382e-01
2.104294055932911078e+00
2.326748348023950919e-01
4.131230507876381353e+00
-2.222151348187817732e-01
2.108790619417728607e+00
2.327131451798048478e-01
4.133543768567887078e+00
-2.237370485209361493e-01
2.106139812051991633e+00
2.315417397397777632e-01
4.133458544639468712e+00
-2.231698543247404298e-01
2.111853165195010096e+00
2.318038122487932062e-01
4.135248741666109673e+00
-2.253922808038150705e-01
2.108458281969541659e+00
2.306538110393511198e-01
4.129223638266610763e+00
-2.230549581120725156e-01
2.104684695359932523e+00
2.324074897756171487e-01
4.130073463126333166e+00
-2.232294692012166126e-01
2.107369319201586322e+00
2.321433863932605979e-01
4.133120788656370337e+00
-2.232667945339448790e-01
2.109977099830683933e+00
2.318461989603931572e-01
4.135170953795965332e+00
-2.246019769844910807e-01
2.108091626302101229e+00
2.308074955879123036e-01
4.135250257806500684e+00
-2.241505928476947018e-01
2.108208359036122914e+00
2.333017532789159465e-01
4.132030366790607978e+00
-2.235237112042933183e-01
2.105433574861431900e+00
2.322431652327255347e-01
4.132744042810677421e+00
-2.232038202038656993e-01
2.108602057123950324e+00
2.319620427881288194e-01
4.131302172231629655e+00
-2.256787330964180605e-01
2.103852993215850287e+00
2.305494807999980411e-01
4.134792982282599283e+00
-2.241778228092828062e-01
2.113162040799258179e+00
2.314175719323294245e-01
4.130236315471126574e+00
-2.238590537308936534e-01
2.101676941743178872e+00
2.318925793721813289e-01
4.131643442119601772e+00
-2.227334562054595346e-01
2.110368647221724903e+00
2.327167041810093706e-01
4.132537696278830275e+00
-2.250601705487107473e-01
2.103875566463643487e+00
2.308465430408832564e-01
4.134123698926099877e+00
-2.238431177171495701e-01
2.112830189699014483e+00
2.317075760734090273e-01
4.134840514316271864e+00
-2.262490879101985985e-01
2.101031286399862807e+00
2.321282724559647348e-01
4.131384880993655528e+00
-2.223302058152158145e-01
2.110120703781038554e+00
2.330105749106195501e-01
4.132003211908964246e+00
-2.247834903690670572e-01
2.103285210354353119e+00
2.310908166095455574e-01
4.133710929319885707e+00
-2.234992908503947440e-01
2.112424504980522144e+00
2.319786533982928223e-01
4.134293618622517208e+00
-2.259660821914864781e-01
2.105547856689942599e+00
2.300556281861182439e-01
4.130874879059083682e+00
-2.220245401190970858e-01
2.109616474387043361e+00
2.332683435618600476e-01
4.131450558194377898e+00
-2.244974305228812916e-01
2.102732362322257575e+00
2.313413058401788125e-01
4.133166150455621413e+00
-2.232080444079283521e-01
2.111885312924957070e+00
2.322314761322872290e-01
4.133739101161409302e+00
-2.256797784537378782e-01
2.104997625577630593e+00
2.303063544609433300e-01
4.135456287349463800e+00
-2.217361577873154799e-01
2.109069059665560353e+00
2.335203101084293853e-01
4.130895729442812581e+00
-2.242104867408866997e-01
2.102182864667771600e+00
2.315924024220793465e-01
4.132611375295488720e+00
-2.229207933606271452e-01
2.111335985306603824e+00
2.324829806648607278e-01
4.133184103907479923e+00
-2.253932054010798491e-01
2.104448151323853100e+00
2.305572554225323034e-01
4.134901054506121554e+00
-2.241038005382373077e-01
2.113603276564102629e+00
2.337720331398856488e-01
4.130340813141755163e+00
-2.239234092146344113e-01
2.101633548285886555e+00
2.318435777104921880e-01
4.132056161955465434e+00
-2.226336327298356621e-01
2.110786217330125503e+00
2.327344751157549019e-01
4.132629103408600457e+00
-2.251065272965964703e-01
2.103898735546651189e+00
2.308082145487435066e-01
4.134345744211379348e+00
-2.238170485753479821e-01
2.113053386537242062e+00
2.316978137774590163e-01
4.134917724283420526e+00
-2.236362329693037387e-01
2.101084264376434252e+00
2.320948068225827665e-01
4.131500947981002980e+00
-2.223463830333254898e-01
2.110236454304239118e+00
2.329860195597147632e-01
4.132074121363334740e+00
-2.248197515884380604e-01
2.103349346717248380e+00
2.310592265716870375e-01
4.133790449242869869e+00
-2.235302007974569183e-01
2.112503517770061290e+00
2.319491405637121306e-01
4.134362662003891131e+00
-2.260016172298947579e-01
2.105614862651931762e+00
2.323460886442364481e-01
4.130945752255414050e+00
-2.220590365333957594e-01
2.109686715554414782e+00
2.332376166046841726e-01
4.131519158714773710e+00
-2.245328786421252054e-01
2.102799983470552192e+00
2.313102912676224809e-01
4.133235173438379206e+00
-2.232432556795957701e-01
2.111953674153199234e+00
2.322005200698701310e-01
4.133807619156637969e+00
-2.257151454397728074e-01
2.105065394267476186e+00
2.302753891939010589e-01
4.135524925281588438e+00
-2.217715926187821818e-01
2.109137002654418502e+00
2.334892664600964340e-01
4.130964215539075113e+00
-2.242459085164323906e-01
2.102250645732701706e+00
2.315614086199472288e-01
4.132679917081953924e+00
-2.229562131397934133e-01
2.111403855994724132e+00
2.324519523349357630e-01
4.133252595750523284e+00
-2.254285762943368243e-01
2.104515951378062688e+00
2.305262894211758673e-01
4.134969588736535862e+00
-2.241391779014961227e-01
2.113671142402344660e+00
2.337409690495443337e-01
4.130409291819551854e+00
-2.239588412655624805e-01
2.101701333473639188e+00
2.318125786265461397e-01
4.132124680182177379e+00
-2.226690732175093945e-01
2.110854063310882989e+00
2.327034373641013176e-01
4.132697591804772586e+00
-2.251419098333445890e-01
2.103966533992293719e+00
2.307772423051900335e-01
4.134414271665706408e+00
-2.238524397723361536e-01
2.113121244770661988e+00
2.316668027764828830e-01
4.134986222537570200e+00
-2.236716769202025390e-01
2.101152046746042501e+00
2.320638012960396512e-01
4.131569462588629449e+00
-2.223818360194997068e-01
2.110304295939452679e+00
2.329549751362109400e-01
4.132142607302281334e+00
-2.248551461115887162e-01
2.103417142080519664e+00
2.310282478416247343e-01
4.133858973857044816e+00
-2.235656041951352424e-01
