5.775742006851906751e+00
-5.389328081939521731e-01
8.410309655777153948e-01
-3.756735257770260628e-01
5.182687681352485254e-02
-1.154425292475377562e-01
-5.135440682176316968e-02
-7.601239070429123557e-02
-6.385038663133005277e-02
-7.280459724437532421e-02
-6.841556294332867827e-02
-7.008202214661296559e-02
-6.746100557062766068e-02
-6.806236556380834690e-02
-7.000922311417284716e-02
-7.007550548586476136e-02
-6.859099667985704696e-02
-6.833668330694021853e-02
-6.710463209993845768e-02
-7.049149688696207394e-02
-6.941945043685530947e-02
-6.883806303028955353e-02
-6.786612705855701866e-02
-6.720450366761601679e-02
-7.013812325611859522e-02
-6.942633449997941131e-02
-6.855835989521694152e-02
-6.781429985765330404e-02
-7.081302572315993638e-02
-7.004920873066028397e-02
-6.922286639546425258e-02
-6.844594403534340343e-02
-6.762940482020013411e-02
-7.068584381998430088e-02
-6.987622444027671853e-02
-6.908625228610566771e-02
-6.828034300318998329e-02
-6.748679976463159425e-02
-7.052505889081879531e-02
-6.972995535373016640e-02
-6.892837839219580209e-02
-6.813163988648249236e-02
-6.733074336476191357e-02
-7.037494718858880449e-02
-6.957518576680030153e-02
-6.877725415102381445e-02
-6.797755700395535783e-02
-6.717895453804934025e-02
-7.022143436270984751e-02
-6.942310995415276742e-02
-6.862397603426537152e-02
-6.782517592084899571e-02
-7.086739153946812475e-02
-7.006899432716465204e-02
-6.927016952313197473e-02
-6.847137426916383163e-02
-6.767224557750611824e-02
-7.071482204653083137e-02
-6.991620493298575378e-02
-6.911749560604579790e-02
-6.831854919699610618e-02
-6.751948153565609512e-02
-7.056210911894408855e-02
-6.976351825041379739e-02
-6.896472864645680767e-02
-6.816578680010551561e-02
-6.736665633931518404e-02
-7.040943343109931640e-02
-6.961079058171268374e-02
-6.881198294110235647e-02
-6.801299617591111124e-02
-6.721384229295460089e-02
-7.025673755539402210e-02
-6.945806760659885282e-02
-6.865922216126067734e-02
-6.786020622282691594e-02
-7.090257048153314479e-02
-7.010403974970755292e-02
-6.930533480766941368e-02
-6.850645785874220905e-02
-6.770740775663977584e-02
-7.074989884451340916e-02
-6.995133421247837213e-02
-6.915259680396532160e-02
-6.835368636363742256e-02
-6.755460370130178527e-02
-7.059722030668975912e-02
-6.979862279157342253e-02
-6.899985212926021405e-02
-6.820090884615206961e-02
-6.740179312998567651e-02
-7.044453560805155612e-02
-6.964590490279796986e-02
-6.884710125310478102e-02
-6.804812493719433752e-02
-6.724897634035942318e-02
-7.029184451620999752e-02
-6.949318073465048096e-02
-6.869434402966592690e-02
-6.789533475717626776e-02
-7.093767079666243869e-02
-7.013914710779367567e-02
-6.934045023100249283e-02
-6.854158050751021913e-02
-6.774253827136406114e-02
-7.078500019435224333e-02
-6.998644336316336978e-02
-6.918771341106495776e-02
-6.838881067579796746e-02
-6.758973549317692786e-02
-7.063232324914872629e-02
-6.983373328989725404e-02
-6.903497027443683542e-02
-6.823603453869651891e-02
-6.743692642260690207e-02
-7.047963996446340862e-02
-6.968101688929428938e-02
-6.888222082259432000e-02
-6.808325210054030907e-02
-6.728411106188972313e-02
-7.032695034278807489e-02
-6.952829416450641287e-02
-6.872946505811566853e-02
-6.793046336203341362e-02
-6.713128941281210071e-02
-7.017425438700239382e-02
-6.937556511684560279e-02
-6.857670298399248798e-02
-6.777766832558274057e-02
-7.082010131047167256e-02
-7.002155209834581839e-02
-6.922282974936701250e-02
-6.842393460289201979e-02
-6.762486699372433074e-02
-7.066742582377702475e-02
-6.986884347963999431e-02
-6.907008806458422856e-02
-6.827115991561756581e-02
-6.747205936918279634e-02
-7.051474399677694349e-02
-6.971612853306267954e-02
-6.891734006540162216e-02
-6.811837892472445699e-02
-6.731924545510525881e-02
-7.036205583118565476e-02
-6.956340726235368810e-02
-6.876458575176380705e-02
-6.796559163470042297e-02
-6.716642525174958134e-02
-7.020936133142488544e-02
-6.941067966858124882e-02
-6.861182512781535681e-02
-6.781279804667045275e-02
-7.085520209152466886e-02
-7.005666049900256820e-02
-6.925794575369159656e-02
-6.845905819616994459e-02
-6.765999816202292183e-02
-7.070252806241236754e-02
-6.990395333523716226e-02
-6.910520552098632641e-02
-6.830628495893187324e-02
-6.750719198370629115e-02
-7.054984769324090799e-02
-6.975123984362445462e-02
-6.895245897306354066e-02
-6.815350541701284404e-02
-6.735437951600695139e-02
-7.039716098381051945e-02
-6.959852002765867796e-02
-6.879970611006477887e-02
-6.800071957621874053e-02
-6.720156075751572422e-02
-7.024446794112920722e-02
-6.944579388659513630e-02
-6.864694693694935179e-02
-6.784792743581416485e-02
-7.089030253704106666e-02
-7.009176856499423069e-02
-6.929306142383831468e-02
-6.849418145650787437e-02
-6.769512899706800479e-02
-7.073762996719110130e-02
-6.993906285522839827e-02
-6.914032264481818901e-02
-6.834140966762256020e-02
-6.754232426692005631e-02
-7.058495105447371021e-02
-6.978635081966139131e-02
-6.898757754645747087e-02
-6.818863157740227832e-02
-6.738951324253247832e-02
-7.043226580449188368e-02
-6.963363245597030404e-02
-6.883482613671512707e-02
-6.803584718357760797e-02
-6.723669593053027693e-02
-7.027957421743938338e-02
-6.948090776793794388e-02
-6.868206841587087830e-02
-6.788305648906857448e-02
-7.092540264970501052e-02
-7.012687629481463569e-02
-6.932817676095071047e-02
-6.852930438328203033e-02
-6.773025950052696809e-02
-7.077273153524743510e-02
-6.997417204292058490e-02
-6.917543943279572116e-02
-6.837653404605653629e-02
-6.757745621513613909e-02
-7.062005408154592434e-02
-6.982146146078516136e-02
-6.902269578777836534e-02
-6.822375740295716362e-02
-6.742464663878648679e-02
-7.046737028841382200e-02
-6.966874455086147222e-02
-6.886994582964070521e-02
-6.807097445705279082e-02
-6.727183077346444995e-02
-7.031468015600439436e-02
-6.951602131899733972e-02
-6.871718955822085639e-02
-6.791818521238929263e-02
-6.711900861938932539e-02
-7.016198369151194214e-02
-6.936329176355932047e-02
-6.856442697596970559e-02
-6.776538967099340893e-02
-7.080783276865880438e-02
-7.000928089540166266e-02
-6.921055588699245864e-02
-6.841165808985361085e-02
-6.761258783090649815e-02
-7.065515677362380065e-02
-6.985657176711260186e-02
-6.905781369541763581e-02
-6.825888289542682286e-02
-6.745977970168565152e-02
-7.050247443707069461e-02
-6.970385631306273699e-02
-6.890506518791467139e-02
-6.810610139833686572e-02
-6.730696528338508955e-02
-7.034978576110652304e-02
-6.955113453421862824e-02
-6.875231036694720577e-02
-6.795331360258381748e-02
-6.715414457314090868e-02
-7.019709075291069578e-02
-6.939840643240774432e-02
-6.859954923652961112e-02
-6.780051950772048031e-02
-7.084293366762040023e-02
-7.004438941268770202e-02
-6.924567200810080592e-02
-6.844678179931171225e-02
-6.764771911682583572e-02
-7.069025912957227487e-02
-6.989168173824039654e-02
-6.909293127008422908e-02
-6.829400805393895380e-02
-6.749491243400347618e-02
-7.053757824942019639e-02
-6.973896774012390554e-02
-6.894018421275127650e-02
-6.814122800654487389e-02
-6.734209945965036193e-02
-7.038489103309261696e-02
-6.958624741411370551e-02
-6.878743084411029218e-02
-6.798844165866205214e-02
-6.718928019618225500e-02
-7.023219747998528384e-02
-6.943352076542261275e-02
-6.863467116496967113e-02
-6.783564901044242257e-02
-7.087803423258497160e-02
-7.007949759320787619e-02
-6.928078779654575636e-02
-6.848190517444988079e-02
-6.768285006971952456e-02
-7.072536115007749258e-02
-6.992679137766766306e-02
-6.912804850808063062e-02
-6.832913288086750470e-02
-6.753004483184178730e-02
-7.057268172816535956e-02
-6.977407883276931511e-02
-6.897530290397044239e-02
-6.817635428258786434e-02
-6.737723330333354743e-02
-7.041999596909133408e-02
-6.962135996079259204e-02
-6.882255098664150084e-02
-6.802356938190204372e-02
-6.722441548766650010e-02
-7.026730387119409227e-02
-6.946863476589204556e-02
-6.866979275746408484e-02
-6.787077818397679874e-02
-7.091313445867339360e-02
-7.011460544298800390e-02
-6.931590324904737810e-02
-6.851702821909877450e-02
-6.771798068788331681e-02
-7.076046283640220758e-02
-6.996190068171817544e-02
-6.916316541271291807e-02
-6.836425737489766619e-02
-6.756517689712418506e-02
-7.060778487225927158e-02
-6.980918959043713734e-02
-6.901042126160555901e-02
-6.821148022503656372e-02
-6.741236681549278575e-02
-7.045510056924889075e-02
-6.965647217357665011e-02
-6.885767079498467114e-02
-6.805869677344139612e-02
-6.725955044360748536e-02
-7.030240993070370481e-02
-6.950374843097154032e-02
-6.870491401755279837e-02
-6.790590702187604411e-02
-7.094823435301922387e-02
-7.014971295483907188e-02
-6.935101836886584104e-02
-6.855215092914151986e-02
-6.775311097409408845e-02
-7.079556418644472604e-02
-6.999700965084926230e-02
-6.919828198424343713e-02
-6.839938153408695043e-02
-6.760030863086675945e-02
-7.064288768182733214e-02
-6.984430001325798998e-02
-6.904553928486348302e-02
-6.824660583467377639e-02
-6.744749999453049372e-02
-7.049020483540804904e-02
-6.969158405088812791e-02
-6.889279027137168443e-02
-6.809382383100839875e-02
-6.729468506907813896e-02
-7.033751565231310954e-02
-6.953886176498319527e-02
-6.874003494186374519e-02
-6.794103552940095048e-02
-6.714186385515938382e-02
-7.018482013507187922e-02
-6.938613315291053407e-02
-6.858727330578932857e-02
-6.778824092890520236e-02
-7.083066520167322078e-02
-7.003211828514877002e-02
-6.923339822231003304e-02
-6.843450536100958992e-02
-6.763544003094638934e-02
-7.067799015496431525e-02
-6.987941010391364449e-02
-6.908065697463600108e-02
-6.828173110983243310e-02
-6.748263284264635620e-02
-7.052530876555004880e-02
-6.972669559503813508e-02
-6.892790941289754503e-02
-6.812895055531814625e-02
-6.732981936296089653e-02
-7.037262103897221066e-02
-6.957397476182908269e-02
-6.877515553579781338e-02
-6.797616370028972121e-02
-6.717699959580344937e-02
-7.021992697708404063e-02
-6.942124760585018095e-02
-6.862239534763833748e-02
-6.782337054979611923e-02
-7.086576588264208165e-02
-7.006722658447525620e-02
-6.926851412639264960e-02
-6.846962885481515382e-02
-6.767057109861571162e-02
-7.071309229321490197e-02
-6.991451985795421598e-02
-6.911577433138060833e-02
-6.831685605188568544e-02
-6.751776535783421407e-02
-7.056041236132276628e-02
-6.976180680536961387e-02
-6.896302821893512958e-02
-6.816407694881726487e-02
-6.736495332218273013e-02
