-6.646744171128707301e-02
4.430137268255025518e+00
3.695361693284499260e+00
4.236538040701404384e+00
4.424537222766177891e+00
3.159925987173974438e+00
3.973503101461659970e+00
2.426716851272109565e+00
3.741258833073006773e+00
2.336614561572274873e+00
3.748450923276836821e+00
2.416728521602571345e+00
3.779433545991710997e+00
2.445506518120280415e+00
3.783390330750859842e+00
2.439898852219733350e+00
3.781235851000508408e+00
2.435897267961329327e+00
3.780985518398680689e+00
2.435624444776757880e+00
3.776854235450586295e+00
2.438154789812815526e+00
3.777410665031766257e+00
2.438054466458525749e+00
3.777843199113799066e+00
2.437784211484830266e+00
3.778275465735501548e+00
2.437535381416378044e+00
3.778695990080715550e+00
2.437282411418379535e+00
3.779125385406732374e+00
2.437039119792319575e+00
3.779552836011381700e+00
2.436792656260148515e+00
3.779981312517482372e+00
2.436547149414753033e+00
3.780409178403776771e+00
2.436301023693704160e+00
3.780837288639439020e+00
2.436055223287931781e+00
3.781265319032816041e+00
2.438383289637248375e+00
3.777215317915103121e+00
2.438137127442480789e+00
3.777643228065038272e+00
2.437890976656194475e+00
3.778071165122219188e+00
2.437644872893920844e+00
3.778499115444860834e+00
2.437398800886556138e+00
3.778927085366510674e+00
2.437152767670374587e+00
3.779355072071272303e+00
2.436906770052609250e+00
3.779783076807428088e+00
2.436660809440338582e+00
3.780211099005318598e+00
2.436414885198062930e+00
3.780639138916320530e+00
2.436168997611585230e+00
3.781067196425930810e+00
2.435923146553593099e+00
3.777017257313824761e+00
2.438251063126133822e+00
3.777445165537610450e+00
2.438004902597056045e+00
3.777873091413449291e+00
2.437758778643097202e+00
3.778301034934161695e+00
2.437512691257485820e+00
3.778728996101010207e+00
2.437266640443454424e+00
3.779156974908960187e+00
2.437020626197928586e+00
3.779584971359326140e+00
2.436774648522794795e+00
3.780012985446713270e+00
2.436528707415015482e+00
3.780441017171374263e+00
2.436282802876609921e+00
3.780869066530757383e+00
2.436036934905586371e+00
3.781297133522218967e+00
2.438365011642796176e+00
3.777247104738686634e+00
2.438118834189200168e+00
3.777675022445290853e+00
2.437872693307067351e+00
3.778102957799404749e+00
2.437626588995667198e+00
3.778530910797923248e+00
2.437380521253942778e+00
3.778958881442093798e+00
2.437134490083642024e+00
3.779386869726184539e+00
2.436888495481053241e+00
3.779814875649790906e+00
2.436642537447582413e+00
3.780242899212698848e+00
2.436396615984254055e+00
3.780670940408876302e+00
2.436150731086705434e+00
3.781098999240029901e+00
2.435904882758437306e+00
3.777049047720401731e+00
2.438232773615457205e+00
3.777476957257567491e+00
2.437986615806058577e+00
3.777904884443158640e+00
2.437740494567556038e+00
3.778332829276668026e+00
2.437494409900410552e+00
3.778760791752838077e+00
2.437248361802131225e+00
3.779188771872608044e+00
2.437002350274585893e+00
3.779616769633248108e+00
2.436756375315709544e+00
3.780044785030467924e+00
2.436510436924672618e+00
3.780472818066408003e+00
2.436264535103580986e+00
3.780900868734584641e+00
2.436018669848384999e+00
3.781328937037352844e+00
2.438346720876972018e+00
3.777278895850833873e+00
2.438100546139231550e+00
3.777706814868347251e+00
2.437854407974413995e+00
3.778134751533784641e+00
2.437608306380271372e+00
3.778562705843885094e+00
2.437362241355877313e+00
3.778990677798527820e+00
2.437116212901942802e+00
3.779418667393423359e+00
2.436870221016513405e+00
3.779846674627752368e+00
2.436624265700519487e+00
3.780274699500130176e+00
2.436378346953135487e+00
3.780702742007930439e+00
2.436132464773280937e+00
3.781130802148097381e+00
2.435886619160661404e+00
3.777080838226258841e+00
2.438214484308845353e+00
3.777508749074972805e+00
2.437968329216528396e+00
3.777936677571610780e+00
2.437722210694520442e+00
3.778364623715448456e+00
2.437476128744182624e+00
3.778792587502457945e+00
2.437230083362949440e+00
3.779220568933448376e+00
2.436984074552615009e+00
3.779648568002798470e+00
2.436738102309830900e+00
3.780076584712279697e+00
2.436492166636727408e+00
3.780504619056915594e+00
2.436246267531230192e+00
3.780932671036876691e+00
2.436000404994719482e+00
3.781360740647730534e+00
2.438328430312369122e+00
3.777310687062217731e+00
2.438082258292828541e+00
3.777738607391245118e+00
2.437836122844478481e+00
3.778166545366537399e+00
2.437590023967246999e+00
3.778594500987622062e+00
2.437343961659527380e+00
3.779022474251716890e+00
2.437097935921673564e+00
3.779450465158171735e+00
2.436851946754286846e+00
3.779878473702371622e+00
2.436605994154169785e+00
3.780306499885335736e+00
2.436360078123935402e+00
3.780734543704286299e+00
2.436114198662209684e+00
3.781162605153953749e+00
2.435868355765699267e+00
3.777112628829687679e+00
2.438196195203405470e+00
3.777540540988218343e+00
2.437950042827922381e+00
3.777968470797878453e+00
2.437703927024602812e+00
3.778396418251452893e+00
2.437457847789851417e+00
3.778824383351026217e+00
2.437211805126676012e+00
3.779252366091780946e+00
2.436965799032293489e+00
3.779680366471573016e+00
2.436719829506461377e+00
3.780108384491764006e+00
2.436473896550595875e+00
3.780536420146016763e+00
2.436228000161666518e+00
3.780964473435759032e+00
2.435982140341305779e+00
3.781392544357758290e+00
2.438310139949690036e+00
3.777342478368942214e+00
2.438063970646549006e+00
3.777770400009067053e+00
2.437817837915804642e+00
3.778198339294640551e+00
2.437571741754221311e+00
3.778626296228514647e+00
2.437325682164903640e+00
3.779054270801857296e+00
2.437079659143092769e+00
3.779482263020272459e+00
2.436833672694097785e+00
3.779910272875123489e+00
2.436587722810710233e+00
3.780338300368157878e+00
2.436341809497349242e+00
3.780766345495139014e+00
2.436095932750261817e+00
3.781194408255987849e+00
2.435850092571675951e+00
3.777144419530798380e+00
2.438177906301098652e+00
3.777572333001747662e+00
2.437931756642497838e+00
3.778000264119827367e+00
2.437685643554273973e+00
3.778428212885921234e+00
2.437439567038203858e+00
3.778856179295072781e+00
2.437193527091366718e+00
3.779284163347012893e+00
2.436947523713854480e+00
3.779712165037992122e+00
2.436701556905215948e+00
3.780140184366973521e+00
2.436455626665568364e+00
3.780568221333411749e+00
2.436209732994743860e+00
3.780996275933734552e+00
2.435963875890343466e+00
3.781424348162814031e+00
2.438291849788094989e+00
3.777374269774128823e+00
2.438045683203861724e+00
3.777802192725299157e+00
2.437799553189432089e+00
3.778230133323460027e+00
2.437553459745199547e+00
3.778658091566558852e+00
2.437307402871607298e+00
3.779086067450949216e+00
2.437061382567502488e+00
3.779514060979987100e+00
2.436815398835356916e+00
3.779942072146225129e+00
2.436569451669986286e+00
3.780370100948184042e+00
2.436323541070978926e+00
3.780798147385326047e+00
2.436077667041373296e+00
3.781226211453935449e+00
2.435831829577765451e+00
3.777176210330468908e+00
2.438159617601218798e+00
3.777604125111476918e+00
2.437913470657471660e+00
3.778032057541328204e+00
2.437667360287783858e+00
3.778460007616554428e+00
2.437421286488640870e+00
3.778887975337168914e+00
2.437175249259240672e+00
3.779315960700390775e+00
2.436929248598867392e+00
3.779743963701301723e+00
2.436683284505642089e+00
3.780171984341932134e+00
2.436437356983243152e+00
3.780600022617353950e+00
2.436191466027751940e+00
3.781028078525082492e+00
2.435945611639591224e+00
3.776978154663315657e+00
2.438273559829949200e+00
3.777406061277171823e+00
2.438027395961311239e+00
3.777833985537527361e+00
2.437781268663099965e+00
3.778261927448112623e+00
2.437535177937214748e+00
3.778689887001233316e+00
2.437289123780632227e+00
3.779117864198542787e+00
2.437043106194711761e+00
3.779545859035223998e+00
2.436797125176748402e+00
3.779973871512191330e+00
2.436551180728985244e+00
3.780401901625086936e+00
2.436305272848439785e+00
3.780829949374130639e+00
2.436059401534874880e+00
3.781258014753461349e+00
2.438387509894390348e+00
3.777208001224487077e+00
2.438141329099885901e+00
3.777635917315699032e+00
2.437895184874327548e+00
3.778063851059441980e+00
2.437649077222874716e+00
3.778491802444759351e+00
2.437403006137848660e+00
3.778919771477225797e+00
2.437156971626714963e+00
3.779347758148509318e+00
2.436910973681077675e+00
3.779775762461357935e+00
2.436665012307421385e+00
3.780203784412614176e+00
2.436419087502257330e+00
3.780631823995248109e+00
2.436173199261687294e+00
3.781059881217389673e+00
2.435927347593803916e+00
3.777009944951331910e+00
2.438255270071967740e+00
3.777437852874967472e+00
2.438009108920824453e+00
3.777865778450003376e+00
2.437762984340456462e+00
3.778293721667662641e+00
2.437516896330013783e+00
3.778721682535449489e+00
2.437270844893736133e+00
3.779149661042091601e+00
2.437024830023827970e+00
3.779577657191765194e+00
2.436778851723821582e+00
3.780005670974651455e+00
2.436532909988686768e+00
3.780433702399868423e+00
2.436287004825872682e+00
3.780861751457417874e+00
2.436041136229922355e+00
3.781289818148087623e+00
2.438369218881451417e+00
3.777239792216018799e+00
2.438123040801972063e+00
3.777667709624096037e+00
2.437876899297859890e+00
3.778095644671779052e+00
2.437630794357678710e+00
3.778523597371793663e+00
2.437384725993768875e+00
3.778951567714956994e+00
2.437138694196559818e+00
3.779379555696459114e+00
2.436892698968935456e+00
3.779807561319698195e+00
2.436646740311811055e+00
3.780235584578042651e+00
2.436400818221244435e+00
3.780663625474497636e+00
2.436154932701346532e+00
3.781091684003259790e+00
2.435909083747163972e+00
3.777041735338576789e+00
2.438236980518283303e+00
3.777469644572074348e+00
2.437990822081326669e+00
3.777897571462169424e+00
2.437744700223050565e+00
3.778325515988256722e+00
2.437498614926113749e+00
3.778753478164492030e+00
2.437252566205065474e+00
3.779181457983015413e+00
2.437006554052346452e+00
3.779609455441425236e+00
2.436760578469297833e+00
3.780037470539390210e+00
2.436514639454245845e+00
3.780465503271193128e+00
2.436268737006447527e+00
3.780893553638867033e+00
2.436022871127243139e+00
3.781321621640555630e+00
2.438350928068675039e+00
3.777271583304563141e+00
2.438104752704479683e+00
3.777699502024031375e+00
2.437858613916921602e+00
3.778127438383664494e+00
2.437612511694861706e+00
3.778555392396525381e+00
2.437366446048803148e+00
3.778983364049257165e+00
2.437120416969908554e+00
3.779411353341494362e+00
2.436874424459145594e+00
3.779839360275342841e+00
2.436628468518382551e+00
3.780267384844831380e+00
2.436382549145257315e+00
3.780695427052657820e+00
2.436136666342513024e+00
3.781123486892102203e+00
2.435890820102991405e+00
3.777073525822403521e+00
2.438218691164196983e+00
3.777501436368229104e+00
2.437972535446458089e+00
3.777929364564226677e+00
2.437726416301513765e+00
3.778357310405255021e+00
2.437480333725663861e+00
3.778785273894839314e+00
2.437234287722061854e+00
3.779213255021070861e+00
2.436988278284387022e+00
3.779641253789638444e+00
2.436742305416021548e+00
3.780069270198076481e+00
2.436496369118763994e+00
3.780497304240628242e+00
2.436250469388316020e+00
3.780925355919857012e+00
2.436004606226255031e+00
3.781353425226714027e+00
2.438332637456378293e+00
3.777303374496539412e+00
2.438086464814528398e+00
3.777731294521518457e+00
2.437840328740179530e+00
3.778159232195829276e+00
2.437594229236752952e+00
3.778587187515990653e+00
2.437348166305412178e+00
3.779015160479753277e+00
2.437102139943131629e+00
3.779443151083549335e+00
2.436856150150494837e+00
3.779871159329049046e+00
2.436610196927380123e+00
3.780299185208397361e+00
2.436364280269793348e+00
3.780727228724885425e+00
2.436118400181116250e+00
3.781155289873086023e+00
2.435872556660428234e+00
3.777105316401487389e+00
2.438200402013049661e+00
3.777533228260964826e+00
2.437954249013961849e+00
3.777961157767474987e+00
2.437708132584405440e+00
3.778389104921795472e+00
2.437462052727600970e+00
3.778817069717119725e+00
2.437216009435840824e+00
3.779245052154259543e+00
2.436970002715374672e+00
3.779673052239465481e+00
2.436724032569244081e+00
3.780101069953535564e+00
2.436478098984039775e+00
3.780529105304393234e+00
2.436232201970504274e+00
3.780957158297028275e+00
2.435986341528261878e+00
3.781385228913610952e+00
2.438314347046943276e+00
3.777335165779315496e+00
2.438068177120614077e+00
3.777763087119462959e+00
2.437822043764761748e+00
3.778191026103385752e+00
2.437575946978987051e+00
3.778618982736382304e+00
2.437329886765764897e+00
3.779046957008595164e+00
2.437083863118830074e+00
3.779474948922275424e+00
2.436837876041911155e+00
3.779902958478055019e+00
2.436591925535760428e+00
