7.085571443072971043e-01
4.438613567809246874e+00
4.609279607325241557e+00
2.934069808963316817e+00
3.569222536581178051e+00
9.799536736182872243e-01
3.087937450222212554e+00
9.280540503359815396e-01
3.330390297540077871e+00
1.199436946722346020e+00
3.336948197051907261e+00
1.136164599413176823e+00
3.303324199697104113e+00
1.113379249224069945e+00
3.309119765196190777e+00
1.126782301490325544e+00
3.314112341914356108e+00
1.127088578657879481e+00
3.312716698448356922e+00
1.127089151581051052e+00
3.310489585600802975e+00
1.124976310856496298e+00
3.310102648383462132e+00
1.126265698891501188e+00
3.311948716133545467e+00
1.126246533917581560e+00
3.312012416373550039e+00
1.125714306172748813e+00
3.309876188012839116e+00
1.125496760303970722e+00
3.313223617914260011e+00
1.126673044688649039e+00
3.311146848555309496e+00
1.124451084095338560e+00
3.311302629657860042e+00
1.126200564505456692e+00
3.312976892315266930e+00
1.125915609878862300e+00
3.312406732147604060e+00
1.127086204764981892e+00
3.310395517954645594e+00
1.124910965588286293e+00
3.310497025595832810e+00
1.126614261694458108e+00
3.312212183111598929e+00
1.126368727866176478e+00
3.311667990903998327e+00
1.125325960303100281e+00
3.309613426182081319e+00
1.125337667065901881e+00
3.313632246040924656e+00
1.127073560326743440e+00
3.311438657285115994e+00
1.124582001208666693e+00
3.310876507130806168e+00
1.125753333166591874e+00
3.312731442959813588e+00
1.125787075237789869e+00
3.312845260518199275e+00
1.127501917475796311e+00
3.310671347309166013e+00
1.125027888916042107e+00
3.310121303754053113e+00
1.126202356807990856e+00
3.311955672078497948e+00
1.126221204384878938e+00
3.312086598618135813e+00
1.125730410247851587e+00
3.309899935973454443e+00
1.125463876161652887e+00
3.313221518317353453e+00
1.126636849830678688e+00
3.311189784105860401e+00
1.124447658539297734e+00
3.311308678203646494e+00
1.126164956604287060e+00
3.313010662699058528e+00
1.125906930827145880e+00
3.312458260619997930e+00
1.127081583340385551e+00
3.310417274037611435e+00
1.124884607338403564e+00
3.310544074383958701e+00
1.126609639569732924e+00
3.312239895229216025e+00
1.126345432999972029e+00
3.311683479683080744e+00
1.125299956081764030e+00
3.309649440527169251e+00
1.125326675845629287e+00
3.313651074232195182e+00
1.127047664458892040e+00
3.311470559766065858e+00
1.124568804774779052e+00
3.310916732086510716e+00
1.125742000649374353e+00
3.312757693192496244e+00
1.125765521587746010e+00
3.312883352160138628e+00
1.127490532485174946e+00
3.310700389266303389e+00
1.125007816901897328e+00
3.310144631465965936e+00
1.126180986169257103e+00
3.311988608091433584e+00
1.126206856790454403e+00
3.312111467458544567e+00
1.125709095126162573e+00
3.309930934420360682e+00
1.125448511789165718e+00
3.313256445083139656e+00
1.126622351558921764e+00
3.311218135374264016e+00
1.124428393954010730e+00
3.311342575628970941e+00
1.126150438035988577e+00
3.313040334558132294e+00
1.125888337822007035e+00
3.312485258107737529e+00
1.127062372087430653e+00
3.310448756750074217e+00
1.124868716451526751e+00
3.310571779562953676e+00
1.126590451329898768e+00
3.312270483692961065e+00
1.126329041854816193e+00
3.311715902545639523e+00
1.125283994422414002e+00
3.309678773483216929e+00
1.125308462514809538e+00
3.313683027387697599e+00
1.127031660319963047e+00
3.311500516095624125e+00
1.124550929728054038e+00
3.310945437810675962e+00
1.125723828553701233e+00
3.312788508971983958e+00
1.125748886536745763e+00
3.312912400218482656e+00
1.127472335861572361e+00
3.310730772622551665e+00
1.124990969741904490e+00
3.310175876545701001e+00
1.126164317077305466e+00
3.312018414392110977e+00
1.126189129704602276e+00
3.312142497399882757e+00
1.125692420885576972e+00
3.309961020117479169e+00
1.125430950060623436e+00
3.313285963084469987e+00
1.126604642235222498e+00
3.311248626959248487e+00
1.124411436341072879e+00
3.311372243123275716e+00
1.126132733580090806e+00
3.313070635515158902e+00
1.125871254322416526e+00
3.312515965036758381e+00
1.127045364046118658e+00
3.310478773557789633e+00
1.124851243781302301e+00
3.310602373704006673e+00
1.126573440991387898e+00
3.312300643048119220e+00
1.126311619893635374e+00
3.311745790157947233e+00
1.125266528769146568e+00
3.309709109607589461e+00
1.125291331334023148e+00
3.313712998211684191e+00
1.127014163449436834e+00
3.311530766669118275e+00
1.124533761600749804e+00
3.310975880575453445e+00
1.125706687681118812e+00
3.312818637747863448e+00
1.125731510415458381e+00
3.312942803858482055e+00
1.127455160918864774e+00
3.310760955139999240e+00
1.124973639523001889e+00
3.310205933696579450e+00
1.126146942625493752e+00
3.312048691073243400e+00
1.126171910158700662e+00
3.312172599132741979e+00
1.125675047896748993e+00
3.309991243530116645e+00
1.125413719711595650e+00
3.313316295557824809e+00
1.126587416568666677e+00
3.311278796733644114e+00
1.124394131758995607e+00
3.311402545815928633e+00
1.126115507825804940e+00
3.313100842187445494e+00
1.125853944491836289e+00
3.312546114895597249e+00
1.127028025316128446e+00
3.310509010848745604e+00
1.124834009043363947e+00
3.310632533188770488e+00
1.126556103221256766e+00
3.312330867147236457e+00
1.126294353370644652e+00
3.311776059348197965e+00
1.125249289668240449e+00
3.309739295018129024e+00
1.125274037656603054e+00
3.313743267034386264e+00
1.126996891182682647e+00
3.311560973185417200e+00
1.124516487555451638e+00
3.311006062426760099e+00
1.125689392118137455e+00
3.312848869955164588e+00
1.125714245974192673e+00
3.312973003731162436e+00
1.127437832598904732e+00
3.310791168022198860e+00
1.124956382265698274e+00
3.310236169667413630e+00
1.126129674556524574e+00
3.312078897172870739e+00
1.126154614580195057e+00
3.312202840538193360e+00
1.125657780241545947e+00
3.310021446395377431e+00
1.125396439851823249e+00
3.313346505744474868e+00
1.126570118494684358e+00
3.311309015044869852e+00
1.124376879635627269e+00
3.311432753125993500e+00
1.126098210379292253e+00
3.313131063193062609e+00
1.125836669000015222e+00
3.312576348686891325e+00
1.127010736617745978e+00
3.310539215134837399e+00
1.124816738820458850e+00
3.310662758176321940e+00
1.126538814981406844e+00
3.312361081664024542e+00
1.126277063775794396e+00
3.311806271314933436e+00
1.125232016801771540e+00
3.309769503244380129e+00
1.125256768710806599e+00
3.313773491190925125e+00
1.126979585437505982e+00
3.311591186480137061e+00
1.124499229737839778e+00
3.311036283669119396e+00
1.125672120117806152e+00
3.308999875414419201e+00
1.125696965034030494e+00
3.313003234399209518e+00
1.127420527644540593e+00
3.310821376490033607e+00
1.124939114333954215e+00
3.310266378896089545e+00
1.126112390786159656e+00
3.312109114039446744e+00
1.126137330732773556e+00
3.312233061080705809e+00
1.125640497039042787e+00
3.310051652503945618e+00
1.125379167737948771e+00
3.313376734483249653e+00
1.126552831614850980e+00
3.311339226203222630e+00
1.124359619916114994e+00
3.311462974943372384e+00
1.126080924021569007e+00
3.309282013980170412e+00
1.125819388637651519e+00
3.312606569992355254e+00
1.126993440685956083e+00
3.310569424543102102e+00
1.124799474239497110e+00
3.310692973453721599e+00
1.126521519583548736e+00
3.312391297774557763e+00
1.126259777951220231e+00
3.311836492050622027e+00
1.125214749319643381e+00
3.309799708185143352e+00
1.125239496337943734e+00
3.313803722231241533e+00
1.126962285037107492e+00
3.311621398905174374e+00
1.124481969771665701e+00
3.311066499130947971e+00
1.125654844869025561e+00
3.309030077749593790e+00
1.125679686877897101e+00
3.313033460582243794e+00
1.127403219472651319e+00
3.310851585775111072e+00
1.124921848307963490e+00
3.310296592305924435e+00
1.126095109682970330e+00
3.312139329436410762e+00
1.126120045417819515e+00
3.312263284927024820e+00
1.125623216483881084e+00
3.310081858273041799e+00
1.125361894750719127e+00
3.313406960569309057e+00
1.126535543342281898e+00
3.311369438594015335e+00
1.124342361643029253e+00
3.311493194724848266e+00
1.126063636292340853e+00
3.309312216491337111e+00
1.125802109307322496e+00
3.312636793336983132e+00
1.126976146147145919e+00
3.310599633327505842e+00
1.124782209102398456e+00
3.310723190349359690e+00
1.126504225567657169e+00
3.312421513796472095e+00
1.126242491855929062e+00
3.311866711610334857e+00
1.125197481322087079e+00
3.309829913778160382e+00
1.125222224784611313e+00
3.313833952374121594e+00
1.126944984124250926e+00
3.311651611615296531e+00
1.124464710432498293e+00
3.311096715620298170e+00
1.125637570411141875e+00
3.309060279862475973e+00
1.125662408598569586e+00
3.313063687594598239e+00
1.127385912087179864e+00
3.310881795088473467e+00
1.124904582291564203e+00
3.310326805233579694e+00
1.126077828472962894e+00
3.312169545207296562e+00
1.126102760621835230e+00
3.312293508419862142e+00
1.125605935825423565e+00
3.310112064246713892e+00
1.125344622196585043e+00
3.313437187212155521e+00
1.126518255582304118e+00
3.311399650951946771e+00
1.124325103448801100e+00
3.311523414953239985e+00
1.126046349061057938e+00
3.309342419087812015e+00
1.125784830122904756e+00
3.312667016529212027e+00
1.126958851700002651e+00
3.310629842358642883e+00
1.124764944346582141e+00
3.310753407149415573e+00
1.126486931640878097e+00
3.312451729984255522e+00
1.126225206100093468e+00
3.311896931510013520e+00
1.125180213706695076e+00
3.309860119414784307e+00
1.125204953396647278e+00
3.313864182817518156e+00
1.126927683599362684e+00
3.311681824432719523e+00
1.124447451291961775e+00
3.311126932102740561e+00
1.125620296130909637e+00
3.309090482163973945e+00
1.125645130637952906e+00
3.313093914625877545e+00
1.127368604876393787e+00
3.310912004549547483e+00
1.124887316574363361e+00
3.310357018399110896e+00
1.126060547589065708e+00
3.312199761069963166e+00
1.126085476042751887e+00
3.312323732129085485e+00
1.125588655492170354e+00
3.310142270341926540e+00
1.125327349872544902e+00
3.313467413911979964e+00
1.126500968037652095e+00
3.311429863467258983e+00
1.124307845543435214e+00
3.311553635272649565e+00
1.126029062059847430e+00
3.309372621822831206e+00
1.125767551212909945e+00
3.312697239895949330e+00
1.126941557537970651e+00
3.310660051501536305e+00
1.124747679831211933e+00
3.310783624130750002e+00
1.126469638011885488e+00
3.312481946296701452e+00
1.126207920586975941e+00
3.311927151489036270e+00
1.125162946323050583e+00
3.309890325209876139e+00
1.125187682294388036e+00
3.313894413344510959e+00
1.126910383297850204e+00
3.311712037388472307e+00
1.124430192426851827e+00
3.311157148753968826e+00
1.125603022134111564e+00
3.309120684581771332e+00
1.125627852920472849e+00
3.313124141822791913e+00
1.127351297952114306e+00
3.310942214139292794e+00
1.124870051103356694e+00
3.310387231653806328e+00
1.126043266936028520e+00
3.312229977079103271e+00
1.126068191738005098e+00
3.312353955935491978e+00
1.125571375391495765e+00
3.310172476570414801e+00
1.125310077815133925e+00
3.313497640775096897e+00
1.126483680772605744e+00
3.311460076103330152e+00
1.124290587884784198e+00
3.311583855741437432e+00
1.126011775332638631e+00
3.309402824687223799e+00
1.125750272554923992e+00
3.312727463381492488e+00
1.126924263629572209e+00
3.310690260785301930e+00
1.124730415582043008e+00
3.310813841216329045e+00
1.126452344622933310e+00
3.312512162744555066e+00
1.126190635341257185e+00
3.311957371632061609e+00
1.125145679218018779e+00
3.309920531121188336e+00
1.125170411435389317e+00
3.313924644036497114e+00
1.126893083281350627e+00
3.311742250470387283e+00
1.124412933808391912e+00
3.311187365507840319e+00
1.125585748378934214e+00
3.309150887141889541e+00
1.125610575472948183e+00
3.313154369129849730e+00
1.127333991272863489e+00
3.310972423863179692e+00
1.124852785900960939e+00
3.310417445071888842e+00
1.126025986565684089e+00
3.312260193209395354e+00
1.126050907680480773e+00
3.312384179898346659e+00
1.125554095572249391e+00
3.310202682930652340e+00
1.125292806012743840e+00
3.313527867746139055e+00
1.126466393753048800e+00
3.311490288882043664e+00
1.124273330495394907e+00
3.311614076321486078e+00
1.125994488849759501e+00
3.309433027685074968e+00
