4.992371826807382007e+00
5.981527389405327799e-01
3.470944819159061723e+00
-7.686123009654696192e-01
5.854159012712616406e-01
-5.351737263628976171e-01
5.594877307551424650e-01
-5.620606306223324689e-01
8.237652310897536356e-01
-5.953407052078386608e-01
1.114273923925090060e+00
-6.009702910776634210e-01
1.352570986197506153e+00
-5.987638565420085879e-01
1.465731513237444439e+00
-5.973989694470914769e-01
1.497454015398754779e+00
-5.998397301407339954e-01
1.490703496140769690e+00
-6.002736445787797415e-01
1.480680380627944936e+00
-6.014950132224500257e-01
1.469831420015442092e+00
-5.985606853062332977e-01
1.491146495831682461e+00
-6.003247712114347934e-01
1.481028845885621781e+00
-6.011807875065713347e-01
1.471588580950708547e+00
-5.995771189852622252e-01
1.481913464317578866e+00
-6.004729920759975803e-01
1.471871740315835009e+00
-6.013020690898137621e-01
1.468148971135977865e+00
-5.995802671001074780e-01
1.482646450594082621e+00
-6.000811884983179301e-01
1.480019230256712115e+00
-6.011458019508121309e-01
1.472588734612084060e+00
-6.001763972546489967e-01
1.480691142363145474e+00
-6.012159088409647634e-01
1.466390055045768470e+00
-6.010479800094036262e-01
1.469127090182523965e+00
-5.996515830690772875e-01
1.479676496090644333e+00
-6.008122134585904828e-01
1.472903382482577017e+00
-6.011933128586707253e-01
1.469836263441922197e+00
-5.998859857580352006e-01
1.479116175074415285e+00
-6.003453081044175521e-01
1.472209583175028813e+00
-6.008154783148559330e-01
1.469624896171675577e+00
-6.010505253285465255e-01
1.472152597078557612e+00
-5.983860170240186127e-01
1.492930163652078424e+00
-5.988335302761276235e-01
1.501380381674516373e+00
-6.000815362156591837e-01
1.485700442945496524e+00
-6.013423819115443214e-01
1.472487549996282397e+00
-5.995635682247626441e-01
1.481012883111525236e+00
-6.006075740363905346e-01
1.477486942530284786e+00
-6.014884459659941562e-01
1.467253807677098898e+00
-6.008551058809133982e-01
1.470528899074249551e+00
-5.994151008999679675e-01
1.481293988592004229e+00
-6.007052716912036905e-01
1.473775375518312947e+00
-6.019604934769455795e-01
1.464086162466108121e+00
-6.008980408771763537e-01
1.472042759135208545e+00
-6.013617583785731968e-01
1.468658435063725287e+00
-5.993237570988128038e-01
1.480780125177773243e+00
-6.001513825279898295e-01
1.480282375160149266e+00
-5.983889248085061396e-01
1.492733690548195158e+00
-6.000866758278143864e-01
1.486710409009843081e+00
-5.992569668410181460e-01
1.495511765155062456e+00
-5.991564639769412226e-01
1.496935107158649414e+00
-6.004840155204163032e-01
1.481092484062418890e+00
-6.010653008058297608e-01
1.469104365398809176e+00
-6.033457722916665267e-01
1.457563667431652554e+00
-6.000079560728456274e-01
1.472611758003038007e+00
-5.998181375826754369e-01
1.479619588186427581e+00
-5.990019180416058520e-01
1.487412507601174605e+00
-5.999009000720946228e-01
1.493059200675663334e+00
-6.001794473365583693e-01
1.482247887339224857e+00
-6.012859085484816291e-01
1.472016728038634703e+00
-6.002896393088648086e-01
1.480343129455098827e+00
-6.010192052341772895e-01
1.467969338918546640e+00
-6.012577893616090075e-01
1.476060115450599675e+00
-6.008744042831724030e-01
1.475195141667249743e+00
-6.002342740870898474e-01
1.476282835232866519e+00
-6.002537762367764484e-01
1.480237486052715656e+00
-6.006016260539179807e-01
1.478910724106673458e+00
-6.011740723497295269e-01
1.466353064227438052e+00
-6.010591041034539783e-01
1.469159974466948793e+00
-5.995980142060796103e-01
1.482424151042012195e+00
-6.006139355818359560e-01
1.478800689767586496e+00
-6.012178367399012568e-01
1.471301465122015983e+00
-5.982357200469626823e-01
1.493413076959570596e+00
-5.990306109234578846e-01
1.497586329278205231e+00
-6.002161235438326914e-01
1.482602596453863164e+00
-6.014809665802592908e-01
1.469366508340590016e+00
-5.996797458537864722e-01
1.483039842919597451e+00
-6.003545228125587441e-01
1.479260153090066865e+00
-6.012582273891641238e-01
1.469003083912576280e+00
-6.009823698417199322e-01
1.472330107827861889e+00
-5.996119618010339325e-01
1.481202897413767650e+00
-5.983278707139774166e-01
1.494370240241988501e+00
-6.003319655418202228e-01
1.483341371556865740e+00
-6.011638126236175106e-01
1.468253541946059615e+00
-6.015218682364790181e-01
1.466461831799666715e+00
-6.001203705566544588e-01
1.475334779098002702e+00
-6.011275572885910190e-01
1.468027227564059345e+00
-5.996193928460881173e-01
1.478937785604953037e+00
-6.006283737748832063e-01
1.473236720323632287e+00
-6.009259604311893987e-01
1.471566692016654354e+00
-5.981052402560590453e-01
1.493492775261376027e+00
-5.989620138043422193e-01
1.502212575583077303e+00
-6.001804046595063946e-01
1.481823472573539080e+00
-6.014297272090752822e-01
1.468654740345527454e+00
-5.996489992958901061e-01
1.482200163412545457e+00
-6.007008509380734607e-01
1.478646583520900615e+00
-6.011982065383620899e-01
1.468392203880302782e+00
-6.009423368485614647e-01
1.471672065139714380e+00
-5.995071104073095292e-01
1.477490271754888784e+00
-6.007647711080208452e-01
1.470183730608219275e+00
-6.019259220260740895e-01
1.465076570733514938e+00
-5.997606508155856053e-01
1.479775067529225163e+00
-5.999432331871951130e-01
1.480203032638576222e+00
-5.992570522379203624e-01
1.487383461260090911e+00
-5.991438074261176139e-01
1.498390952132334419e+00
-5.990413225849036127e-01
1.496925015908257661e+00
-6.005706529422499829e-01
1.480027964051464640e+00
-6.016682743704326874e-01
1.468353162547457291e+00
-5.987112826270821753e-01
1.486091130818858019e+00
-5.999945420895460568e-01
1.481877257498631195e+00
-5.993189534562678444e-01
1.496003389837944564e+00
-5.998970065605987445e-01
1.483731224094857470e+00
-6.010653729256142386e-01
1.469326106368062268e+00
-6.014664775137228414e-01
1.468167830020415066e+00
-6.004407850264639190e-01
1.478695097056193397e+00
-6.008276254172624231e-01
1.471216437276124278e+00
-6.011671270904104247e-01
1.477045481116008308e+00
-6.000743099321318441e-01
1.477350188298546918e+00
-5.984747446271465598e-01
1.489023781142288616e+00
-6.009012321342566132e-01
1.472377652855570096e+00
-6.015842699037973196e-01
1.467603839819649147e+00
-5.994048035433541255e-01
1.479744041118099096e+00
-6.008965668991569364e-01
1.474935531460421556e+00
-5.982317397614507204e-01
1.495982085653964289e+00
-6.000314891927545080e-01
1.482529598837809104e+00
-6.014166502587772190e-01
1.470833273522822893e+00
-6.006379643772699062e-01
1.477686621752538398e+00
-6.007440268852288767e-01
1.471067286011313646e+00
-6.010973683910932897e-01
1.477514539769954949e+00
-5.999873180522385940e-01
1.482511070739311432e+00
-5.984751350958390503e-01
1.488920798964871839e+00
-6.006516621978273962e-01
1.476886604040132722e+00
-6.010383454432310923e-01
1.474621846050979679e+00
-6.009407743260543056e-01
1.470974072754591244e+00
-5.989143536594713213e-01
1.487415358372936147e+00
-5.993777476969412987e-01
1.497424959429017433e+00
-6.002181450228697424e-01
1.480711692414052649e+00
-6.014300932874946382e-01
1.469094550239478547e+00
-6.008278471231996987e-01
1.474467289493341049e+00
-6.010903233934757894e-01
1.470377750878586909e+00
-6.007645408802060327e-01
1.472500828492475433e+00
-5.993917729692076479e-01
1.485036327227690967e+00
-6.006236918065849251e-01
1.474718284191358642e+00
-6.012913761679793412e-01
1.468363838033351687e+00
-5.991826969130605862e-01
1.484113474982502012e+00
-6.003434084591321440e-01
1.483243677722382969e+00
-5.991654175607602495e-01
1.485972677628091043e+00
-5.997185320710693990e-01
1.491710535668243409e+00
-5.990677427113124676e-01
1.501301868077492996e+00
-6.001325017764141956e-01
1.482502518185388585e+00
-6.014536934018930303e-01
1.469782535200097051e+00
-6.008417619848197555e-01
1.474994724475468866e+00
-6.007534869945210243e-01
1.470614118640071633e+00
-6.007985238966502273e-01
1.472767507690872613e+00
-5.994167462551460712e-01
1.485441544130875924e+00
-6.006934498710025938e-01
1.475182438553582998e+00
-6.014772984149898694e-01
1.467359337911636086e+00
-5.993234115828337538e-01
1.484913733517926326e+00
-6.004969037866503268e-01
1.480761247314661189e+00
-6.012790033482053875e-01
1.468347068778736775e+00
-6.009778881900078584e-01
1.471547584853505342e+00
-5.995272912811705490e-01
1.477635789456686499e+00
-6.006655845962728391e-01
1.471160649406821230e+00
-6.014824097801919622e-01
1.467002040231264459e+00
-6.002921140515860010e-01
1.474920819860758403e+00
-6.002690710400611085e-01
1.474353202215952230e+00
-6.007139485354817676e-01
1.472062718533232673e+00
-6.011865529117240703e-01
1.476526332985957479e+00
-6.005803285626644117e-01
1.471114785106502065e+00
-6.009860266818977115e-01
1.478238270749189898e+00
-5.994023824156059499e-01
1.486614529644147531e+00
-5.989824103442042968e-01
1.497257408474196749e+00
-5.988926304662831601e-01
1.499664410659516278e+00
-5.999897892520078546e-01
1.485339674837521384e+00
-6.013311001756932450e-01
1.469557325470806974e+00
-5.985270607175917634e-01
1.487998753600703772e+00
-6.006119100306925862e-01
1.476203943096602300e+00
-6.001822349001171286e-01
1.476320163671802632e+00
-6.003486741540917659e-01
1.476757346880784638e+00
-6.003664699499018376e-01
1.477600085146805853e+00
-6.011058333718786173e-01
1.470626172608316740e+00
-6.015316052773054256e-01
1.466316223760567583e+00
-6.007505263603120094e-01
1.474679398816199472e+00
-6.009762844702791762e-01
1.471071936404230618e+00
-6.010077402798789103e-01
1.478065783877799300e+00
-5.999027044900323569e-01
1.482700171530094924e+00
-5.985241666336751365e-01
1.487916526972741238e+00
-6.009977895635065792e-01
1.470687803758640610e+00
-6.010621832713880508e-01
1.468105877296362438e+00
-6.013519425150054554e-01
1.475825235916464306e+00
-5.998673125046880550e-01
1.481013101625621164e+00
-5.982979707241644629e-01
1.492220810835845457e+00
-6.007834302873736876e-01
1.475242716747398264e+00
-6.014057226175085757e-01
1.467186512035528301e+00
-6.003045016210289964e-01
1.477418060190532234e+00
-6.012496386413220817e-01
1.468985914965006412e+00
-6.008688295469323259e-01
1.472300234913531236e+00
-5.982881827768409266e-01
1.491339320355549614e+00
-6.002707333897535635e-01
1.481737385424563236e+00
-5.995097553179894456e-01
1.482526923643417538e+00
-5.993608864812908221e-01
1.493104207442468745e+00
-5.991858469963399214e-01
1.499389983816745042e+00
-6.004769679824435435e-01
1.483709710831337958e+00
-6.012493403247038959e-01
1.470962327563954286e+00
