3.244142536019870793e+00
2.745690016078756290e+00
1.376904894090407616e+00
-8.932166560681450984e-02
-2.287100464366175201e-01
2.812793107942639370e+00
6.448762711555400262e-01
3.825751908605865559e+00
-6.301686890033530997e-01
4.042463677086387541e-01
-2.670784859381756249e-01
2.588127821341079660e+00
6.400813556699342932e-01
3.683456746564263362e+00
-6.643997821356644184e-01
1.704750810788712989e-01
-4.074484223197038513e-01
1.354606396104909072e+00
4.226620734144831415e-01
3.961025081069671216e+00
-5.944926741670690795e-01
5.949528426354224742e-01
-1.208730699337580150e-01
3.324354288077365105e+00
5.422172834987621926e-01
4.113580094418015420e+00
-3.130069679855579934e-01
1.733123397460384130e+00
4.469946298008288799e-01
3.994430388855024994e+00
-5.697636534612098291e-01
7.113039672299339422e-01
-3.484254323685950783e-02
3.656288700546109105e+00
4.223439554994206091e-01
4.003401605266645902e+00
2.116736342270650328e-02
2.920808151836117084e+00
5.269843428019428400e-01
4.099332678038870803e+00
-4.115579881772328807e-01
1.359504068336360394e+00
3.222133978948094057e-01
4.171968764246051897e+00
-3.670561808313587138e-01
1.515958649270927161e+00
3.820216458655630309e-01
4.100426547807183297e+00
-4.828620484266256674e-01
1.078396389592378490e+00
1.942215137214847731e-01
4.168025430287455535e+00
-6.642962283978277871e-02
2.573519348216642300e+00
5.508308032902946572e-01
3.986083172621584403e+00
-5.566305461766901663e-01
7.716244659030513375e-01
1.091905011752256072e-02
3.800950813120315352e+00
3.393304870124642658e-01
3.836980799568403544e+00
1.958989855055571772e-01
3.489910890420665268e+00
3.852534215155324349e-01
4.000316811902782987e+00
4.685198281563000833e-02
3.003596352778895806e+00
5.178726091507910301e-01
4.115533266978585125e+00
-3.656888309764511624e-01
1.533767588480915434e+00
3.892443551402753332e-01
4.091752015604570580e+00
-4.941097802730215482e-01
1.031574889766696534e+00
1.702201322418354090e-01
4.140183992159363946e+00
-8.764177972999553923e-03
2.770648621954730828e+00
5.401493298507470397e-01
4.055237201692948545e+00
-4.852272280993198406e-01
1.074162629376600675e+00
1.924839473471772477e-01
4.165891575166797978e+00
-6.527122108696753466e-02
2.579633129192050234e+00
5.514319329042198792e-01
3.980327264846851953e+00
-5.556903480592526590e-01
7.766324085225532192e-01
1.431023051034546745e-02
3.814810924939352255e+00
3.318131083255182467e-01
3.818764449638960556e+00
2.125307090606111671e-01
3.548983342855287049e+00
3.683793743741873850e-01
3.958868002229232630e+00
9.134018878983063416e-02
3.156644923690929971e+00
4.886732818251786625e-01
4.121494886026606075e+00
-2.599467915604377066e-01
1.925116352569459455e+00
4.912274167426693428e-01
3.921528979911264479e+00
-6.040032426167075696e-01
5.464458056343410863e-01
-1.587552524843018065e-01
3.160414578505513994e+00
5.804800531639059402e-01
4.075624590295157113e+00
-4.386401628835684963e-01
1.259097488871580683e+00
2.778050107989701867e-01
4.195031582111838908e+00
-2.701038929916787512e-01
1.872080855624322471e+00
4.774927840033943438e-01
3.946939303540312416e+00
-5.945348791401284805e-01
5.938864055490616911e-01
-1.233032226787704744e-01
3.312366351151597055e+00
5.436406125083383944e-01
4.110356554713300525e+00
-3.215555220594350505e-01
1.705835329704110448e+00
4.402782825924385079e-01
4.007748447448858720e+00
-5.601491119892841875e-01
7.532967732959958695e-01
-6.598884542674725642e-03
3.742159329793695477e+00
3.674397927076976655e-01
3.900932139036738633e+00
1.366778545849660631e-01
3.314763106325582243e+00
4.513050112981602524e-01
4.095533769072790875e+00
-1.286062808090540355e-01
2.392920513930427706e+00
5.449661140911443713e-01
3.932139486177615773e+00
-5.900885525358537942e-01
6.177997219090570757e-01
-1.032908842038922081e-01
3.396853245227555718e+00
5.210051678923967033e-01
4.116323966345355245e+00
-2.457532849899214944e-01
1.981300287299038398e+00
4.977604959509520643e-01
3.923924890687719547e+00
-6.034982072802245190e-01
5.521546265308437951e-01
-1.540785687298035778e-01
3.180870377581077602e+00
5.785053866461825622e-01
4.074246181518772936e+00
-4.324960475279087113e-01
1.282990272992724501e+00
2.889187839650890766e-01
4.188196377228474709e+00
-2.970513586653071858e-01
1.770502278918104855e+00
4.554461842120515191e-01
3.978328841048820674e+00
-5.755027068509248611e-01
6.830329998583349882e-01
-5.459643810756407284e-02
3.587533450034094074e+00
4.502564547011884688e-01
4.059118121903464882e+00
-4.889044143847778856e-02
2.671725597716598788e+00
5.484483022668791286e-01
4.019965313190631662e+00
-5.261183364905754889e-01
9.038459858273648617e-01
9.545780313942289763e-02
4.015193195983991714e+00
1.635423702203906149e-01
3.342809808429783924e+00
4.412678667656789733e-01
4.087117423507956815e+00
-9.855044877264082515e-02
2.497636741577468733e+00
5.494749416051785129e-01
3.963667707383709882e+00
-5.729469497298095293e-01
6.995268219931196629e-01
-4.235311128861392327e-02
3.630064322377978492e+00
4.341311955030154879e-01
4.024395200785399140e+00
-5.972617389015139056e-03
2.824804076271133280e+00
5.384822361741860020e-01
4.067560909019635851e+00
-4.657756450680182736e-01
1.147803734693892297e+00
2.256300461160984649e-01
4.184518947921003651e+00
-1.460902931097037283e-01
2.302194298179626841e+00
5.387127032735632426e-01
3.920702516361102674e+00
-5.995564334975386211e-01
5.725288128116201580e-01
-1.375806631036025629e-01
3.252466559809728430e+00
5.616970544028068169e-01
4.097894781268537123e+00
-3.756497256435744059e-01
1.503470771379175952e+00
3.794318868963182378e-01
4.102809523557564120e+00
-4.791494032722933838e-01
1.087741434052372780e+00
1.979082120760659591e-01
4.169398926324775267e+00
-7.669391154771133812e-02
2.539534152941500089e+00
5.475961423095559999e-01
3.982692903739971868e+00
-5.597903025804010779e-01
7.589054775066297331e-01
-2.496750106694145543e-04
3.766405728354193183e+00
3.591435806947229636e-01
3.884097218092054327e+00
1.604464519802250022e-01
3.378807084919511095e+00
4.278875307129220706e-01
4.074004811222136091e+00
-6.263829500628013969e-02
2.617225258612965622e+00
5.486520648663061328e-01
3.998490145659545636e+00
-5.408742536280261026e-01
8.510215541560532948e-01
6.525835924575755509e-02
3.952064069293435011e+00
2.269380771388795903e-01
3.538848849825365406e+00
3.691699360233966498e-01
3.959710033899908499e+00
8.961180116557199149e-02
3.150200557500600240e+00
4.905835922059673671e-01
4.118488333621104225e+00
-2.649008486740164203e-01
1.912250188177995414e+00
4.912493913907840515e-01
3.921020977312658307e+00
-6.052152031559728806e-01
5.420007708785901102e-01
-1.641246544366702087e-01
3.133078643696164178e+00
5.874646418062462461e-01
4.057436006087879576e+00
-4.651584202752599984e-01
1.158516099855479986e+00
2.318351909966897828e-01
4.188253058765573300e+00
-1.597642902410526256e-01
2.257777842075459063e+00
5.352887555322402013e-01
3.912017966004534664e+00
-6.037723008168056626e-01
5.509842275290492974e-01
-1.532911280618275141e-01
3.179985801456659544e+00
5.776912142990604515e-01
4.076664042713844083e+00
-4.307620985057171170e-01
1.289895311687014656e+00
2.924243603380266010e-01
4.186380977750312482e+00
-3.064504211039648096e-01
1.746223083970748435e+00
4.487601184286295064e-01
3.998284111635312943e+00
-5.684742419039909844e-01
7.113684168715730394e-01
-3.391215635160528541e-02
3.659225782809393479e+00
4.183790978156189944e-01
4.003306554733320866e+00
3.016924944356481203e-02
2.946082919736619399e+00
5.267789767408609380e-01
4.105296996676348620e+00
-4.024896769910946692e-01
1.396854085796976896e+00
3.397136912186898838e-01
4.152998953082398970e+00
-4.073023234559142169e-01
1.370969227987574479e+00
3.272542059286173144e-01
4.169079910996075888e+00
-3.767370351473829926e-01
1.478676678702388836e+00
3.691605437263881795e-01
4.121417393859158729e+00
-4.599077670260782735e-01
1.165799592043367916e+00
2.339210083053043232e-01
4.188412776912334934e+00
-1.632405370268428246e-01
2.247600289370410120e+00
5.322062933289003483e-01
3.914961261183412589e+00
-6.015597321939978315e-01
5.604843937479280225e-01
-1.473146052427775632e-01
3.213268037856619408e+00
5.722942187848529816e-01
4.091558097784117720e+00
-4.067342486073728391e-01
1.381712951482926499e+00
3.337657061654686341e-01
4.160227842142981913e+00
-3.941717387039858633e-01
1.418509179781995311e+00
3.463904991871520900e-01
4.149696201582070643e+00
-4.146288188142258080e-01
1.338826772802443221e+00
3.107986581525700176e-01
4.175864343128321998e+00
-3.439534671115236364e-01
1.601663555054703370e+00
4.050807527249681850e-01
4.069854995892494109e+00
-5.150679893362796191e-01
9.443888640541939772e-01
1.211350500859812301e-01
4.065714736456185641e+00
1.043622112233016930e-01
3.153873712530179230e+00
4.859532303403925058e-01
4.120994601014460912e+00
-2.533706618800965482e-01
1.947827937256334296e+00
4.961989411817741003e-01
3.917906562176952878e+00
-6.071009307791430665e-01
5.304804958044402330e-01
-1.712619260967642720e-01
3.096197697019833051e+00
5.915983059978935366e-01
4.046140251059827442e+00
-4.831329281204790882e-01
1.083369679267397245e+00
1.975978083615163028e-01
4.165791686842506891e+00
-7.833802256590413626e-02
2.535989703081872548e+00
5.472514822261723699e-01
3.974256724240415650e+00
-5.595491320568044546e-01
7.673339754488717190e-01
9.525903606535074397e-03
3.799495820318625761e+00
3.406888394529516972e-01
3.839353616036261130e+00
1.915654097615682172e-01
3.487148997549804896e+00
3.935478979731819038e-01
4.012608666019835901e+00
3.124223976920608575e-02
2.947354614811715123e+00
5.256535238759452167e-01
4.091781592654710309e+00
-4.048890445985206532e-01
1.390441199165474373e+00
3.364422317046864008e-01
4.156481667420674597e+00
-3.994367959486425090e-01
1.394834218138703008e+00
3.373002456204992616e-01
4.159768530926971408e+00
-3.988868509594466483e-01
1.397739846527525476e+00
3.387774383148435264e-01
4.155009829765171858e+00
-4.046689965308933878e-01
1.381136145225790202e+00
3.317300704954316282e-01
4.160470982546641494e+00
-3.874450041640441489e-01
1.439056718259795531e+00
3.537671695416146900e-01
4.139368490335149531e+00
-4.320011031977106786e-01
1.273751090586089596e+00
2.838804168420715479e-01
4.194844261642479921e+00
-2.815721630394213970e-01
1.829226540638647425e+00
4.687780331695864389e-01
3.956551075310414500e+00
-5.873488832930287007e-01
6.301376303515177080e-01
-9.354617118781421992e-02
3.433999624155126273e+00
5.077856309809161139e-01
4.110739767905534414e+00
-2.051122159008052503e-01
2.126894851260972885e+00
5.287358544626312717e-01
3.876795295510389039e+00
-6.191485278489248234e-01
4.693650582415761496e-01
-2.187917643365382137e-01
2.855128629357947201e+00
6.275078412706179831e-01
3.894368558659668356e+00
-6.017688816224423531e-01
5.577345316077895188e-01
-1.487124624188524979e-01
3.204703178660451179e+00
5.721583105287497695e-01
4.083387402654652831e+00
-4.115038269275393956e-01
1.364876385342264964e+00
3.241262977335491735e-01
