5.040064150505657814e+00
5.315618468360916449e-01
3.308727389131310481e+00
-7.628546207853460492e-01
6.278895561634100231e-01
-5.487260605544989067e-01
5.869241415795212191e-01
-5.644509384557702125e-01
7.980205054893203531e-01
-5.969515825038785861e-01
1.022764943002026250e+00
-6.089243978818270620e-01
1.199354446838161170e+00
-6.114338444540000639e-01
1.316382309899919889e+00
-6.137982419424062863e-01
1.361138923119104671e+00
-6.137411757085883268e-01
1.375285350950765428e+00
-6.136337212150951848e-01
1.379924944582211488e+00
-6.135429926856657001e-01
1.381102558877494779e+00
-6.136002494978425315e-01
1.386277942051853840e+00
-6.135623181376359536e-01
1.385418456850246116e+00
-6.135451478243810763e-01
1.384025671655793044e+00
-6.135038682871432059e-01
1.382682262005131779e+00
-6.136367353398227698e-01
1.386374952984065212e+00
-6.135899137398361791e-01
1.385140579710925302e+00
-6.135439679917407130e-01
1.383894637178187725e+00
-6.134972880471500911e-01
1.382643923847393985e+00
-6.136335782715967024e-01
1.386334832015051255e+00
-6.135883040852765369e-01
1.385085468105545559e+00
-6.135421658154261992e-01
1.383836361579896757e+00
-6.134951603399505515e-01
1.382587284749797751e+00
-6.136315244938491675e-01
1.386279046471359022e+00
-6.135862462026526742e-01
1.385029634011502919e+00
-6.135400830126103155e-01
1.383780384116073181e+00
-6.134930357624722719e-01
1.382531288314015949e+00
-6.136295141724458224e-01
1.386223047404743669e+00
-6.135841959609029672e-01
1.384973649957519370e+00
-6.135379935177474042e-01
1.383724406024367415e+00
-6.134909067719090947e-01
1.382475315608283850e+00
-6.136275022571960891e-01
1.386167054183257363e+00
-6.135821443959793564e-01
1.384917663798379550e+00
-6.135359023244697507e-01
1.383668426815415353e+00
-6.134887759520412098e-01
1.382419343263110889e+00
-6.136254885423126915e-01
1.386111061505034270e+00
-6.135800910580795353e-01
1.384861677993898699e+00
-6.135338093597717535e-01
1.383612447888493913e+00
-6.134866433567978117e-01
1.382363371212431247e+00
-6.136234730511550550e-01
1.386055069137242413e+00
-6.135780359443635534e-01
1.384805692499394336e+00
-6.135317146195540250e-01
1.383556469266309819e+00
-6.134845089854196187e-01
1.382307399469228981e+00
-6.136214557847059492e-01
1.385999077075331432e+00
-6.135759790548838133e-01
1.384749707312947553e+00
-6.135296181028687679e-01
1.383500490957997098e+00
-6.134823728383518304e-01
1.387192601597085684e+00
-6.136194367426566210e-01
1.385943085320675117e+00
-6.135739203898643579e-01
1.384693722432017049e+00
-6.135275198106099337e-01
1.383444512953325045e+00
-6.134802349148903433e-01
1.387136603279645497e+00
-6.136174159246315929e-01
1.385887093879353937e+00
-6.135718599486779112e-01
1.384637737864847562e+00
-6.135254197424713229e-01
1.383388535258721186e+00
-6.134780952152497635e-01
1.387080605269773503e+00
-6.136153933316063069e-01
1.385831102740452847e+00
-6.135697977320763163e-01
1.384581753601139553e+00
-6.135233178980795676e-01
1.383332557873652835e+00
-6.134759537396174967e-01
1.387024607568108969e+00
-6.136133689627143450e-01
1.385775111912303625e+00
-6.135677337394587205e-01
1.384525769648154991e+00
-6.135212142783033062e-01
1.383276580792375032e+00
-6.134738104878876275e-01
1.386968610173028971e+00
-6.136113428182795593e-01
1.385719121391152164e+00
-6.135656679715499884e-01
1.384469786000336100e+00
-6.135191088822289363e-01
1.383220604022094680e+00
-6.134716654599915442e-01
1.386912613087547319e+00
-6.136093148982092460e-01
1.385663131179630581e+00
-6.135636004275580868e-01
1.384413802662856963e+00
-6.135170017101146955e-01
1.383164627560880433e+00
-6.134695186558332125e-01
1.386856616311068269e+00
-6.136072852026538405e-01
1.385607141275287502e+00
-6.135615311078594925e-01
1.384357819632079378e+00
-6.135148927623376158e-01
1.383108651405932532e+00
-6.134673700756939629e-01
1.386800619840296678e+00
-6.136052537311799115e-01
1.385551151680773252e+00
-6.135594600125161557e-01
1.384301836909000993e+00
-6.135127820384409514e-01
1.383052675558142930e+00
-6.134652197191566847e-01
1.386744623679942112e+00
-6.136032204847402527e-01
1.385495162389365653e+00
-6.135573871407907776e-01
1.384245854497970996e+00
-6.135106695384957565e-01
1.382996700021174696e+00
-6.134630675871268757e-01
1.386688627822414865e+00
-6.136011854619694006e-01
1.385439173411139091e+00
-6.135553124940914538e-01
1.384189872389453457e+00
-6.135085552628923855e-01
1.382940724789171405e+00
-6.134609136782255279e-01
1.386632632278353316e+00
-6.135991486637464298e-01
1.385383184740916374e+00
-6.135532360707135480e-01
1.384133890596635830e+00
-6.135064392110394227e-01
1.382884749869101260e+00
-6.136421781277319187e-01
1.386576637043724469e+00
-6.135971100903996334e-01
1.385327196374677827e+00
-6.135511578720800330e-01
1.384077909105577042e+00
-6.135043213828150765e-01
1.382828775257491927e+00
-6.136401773996205122e-01
1.386520642113826085e+00
-6.135950697412017041e-01
1.385271208316583014e+00
-6.135490778975447590e-01
1.384021927923147821e+00
-6.135022017791385007e-01
1.382772800950593073e+00
-6.136381748960280103e-01
1.386464647491324476e+00
-6.135930276159057284e-01
1.385215220570873429e+00
-6.135469961471490263e-01
1.383965947050429079e+00
-6.135000803990388052e-01
1.382716826954705214e+00
-6.136361706171040709e-01
1.386408653176346428e+00
-6.135909837150507196e-01
1.385159233131483703e+00
-6.135449126209568949e-01
1.383909966483568565e+00
-6.134979572435891315e-01
1.382660853262019041e+00
-6.136341645617900964e-01
1.386352659175958735e+00
-6.135889380390709968e-01
1.385103245998765553e+00
-6.135428273190831616e-01
1.383853986224614641e+00
-6.134958323110446532e-01
1.382604879884201221e+00
-6.136321567319835690e-01
1.386296665476192125e+00
-6.135868905864350076e-01
1.385047259180219648e+00
-6.135407402405456123e-01
1.383798006283385007e+00
-6.134937056033162861e-01
1.382548906812420153e+00
-6.136301471268426067e-01
1.386240672080642389e+00
-6.135848413598095075e-01
1.384991272653329109e+00
-6.135386513867551184e-01
1.383742026639517508e+00
-6.134915771190709854e-01
1.382492934049356581e+00
-6.136281357453736707e-01
1.386184679002524955e+00
-6.135827903563612074e-01
1.384935286446108194e+00
-6.135365607568930013e-01
1.383686047308354539e+00
-6.134894468585903038e-01
1.382436961596046565e+00
-6.136261225891582738e-01
1.386128686226882900e+00
-6.135807375769447569e-01
1.384879300548487624e+00
-6.135344683521253284e-01
1.383630068276732850e+00
-6.134873148229492701e-01
1.382380989442386188e+00
-6.136241076565425168e-01
1.386072693763344077e+00
-6.135786830218392662e-01
1.384823314960190288e+00
-6.135323741705115408e-01
1.383574089562198184e+00
-6.134851810108611359e-01
1.382325017601129247e+00
-6.136220909488023789e-01
1.386016701605847778e+00
-6.135766266914933764e-01
1.384767329675258285e+00
-6.135302782129528065e-01
1.383518111154873775e+00
-6.134830454221502638e-01
1.387210228196676276e+00
-6.136200724655027638e-01
1.385960709757158904e+00
-6.135745685856338616e-01
1.384711344697277191e+00
-6.135281804797680927e-01
1.383462133053816601e+00
-6.134809080577589002e-01
1.387154229780503956e+00
-6.136180522069342169e-01
1.385904718213157860e+00
-6.135725087034397118e-01
1.384655360031179283e+00
-6.135260809693696693e-01
1.383406155270491711e+00
-6.134787689177313430e-01
1.387098231673089543e+00
-6.136160301724977728e-01
1.385848726980687173e+00
-6.135704470448910541e-01
1.384599375679984368e+00
-6.135239796846831961e-01
1.383350177786227819e+00
-6.134766280012828865e-01
1.387042233871547570e+00
-6.136140063625423746e-01
1.385792736053571339e+00
-6.135683836123397850e-01
1.384543391621532393e+00
-6.135218766233329069e-01
1.383294200610576397e+00
-6.134744853085590810e-01
1.386986236381758442e+00
-6.136119807770712420e-01
1.385736745435006911e+00
-6.135663184029849226e-01
1.384487407876810350e+00
-6.135197717872024059e-01
1.383238223734457151e+00
-6.134723408398514710e-01
1.386930239195147685e+00
-6.136099534155294855e-01
1.385680755128956276e+00
-6.135642514173443862e-01
1.384431424447968961e+00
-6.135176651740756881e-01
1.383182247178560420e+00
-6.134701945949259105e-01
1.386874242321562090e+00
-6.136079242791276922e-01
1.385624765126099334e+00
-6.135621826565810233e-01
1.384375441320821354e+00
-6.135155567856558356e-01
1.383126270923046741e+00
-6.134680465737719635e-01
1.386818245754611656e+00
-6.136058933667883908e-01
1.385568775432648447e+00
-6.135601121200972008e-01
1.384319458501493960e+00
-6.135134466201342951e-01
1.383070294984395598e+00
-6.134658967763715332e-01
1.386762249498635802e+00
-6.136038606790228389e-01
1.385512786046301237e+00
-6.135580398074025332e-01
1.384263475992788983e+00
-6.135113346797400613e-01
1.383014319346418164e+00
-6.134637452030577975e-01
1.386706253544375933e+00
-6.136018262164411041e-01
1.385456796961494597e+00
-6.135559657191014260e-01
1.384207493789919807e+00
-6.135092209630150784e-01
1.382958344018620611e+00
-6.134615918537024148e-01
1.386650257899315619e+00
-6.135997899766765240e-01
1.385400808197101652e+00
-6.135538898557995058e-01
1.384151511893564557e+00
-6.135071054693475023e-01
1.382902369005663878e+00
-6.136428075284650063e-01
1.386594262565137070e+00
-6.135977519611898190e-01
1.385344819739490418e+00
-6.135518122161011112e-01
1.384095530306008737e+00
-6.135049882014701472e-01
1.382846394288835379e+00
-6.136408073578744071e-01
1.386538267546795211e+00
-6.135957121717215967e-01
1.385288831581322988e+00
-6.135497327999837047e-01
1.384039549028666993e+00
-6.135028691560422409e-01
1.382790419891056111e+00
-6.136388054145908155e-01
1.386482272817160410e+00
-6.135936706056180912e-01
1.385232843732737251e+00
-6.135476516090421217e-01
1.383983568052735702e+00
-6.135007483351394564e-01
1.382734445796673040e+00
-6.136368016929314440e-01
1.386426278417335567e+00
-6.135916272629166057e-01
1.385176856208055751e+00
-6.135455686419145627e-01
1.383927587395487269e+00
-6.134986257381798147e-01
1.382678472011198867e+00
-6.136347961969843556e-01
1.386370284317187895e+00
-6.135895821461240240e-01
1.385120868972913089e+00
-6.135434838987388062e-01
1.383871607039311558e+00
-6.134965013650535148e-01
1.382622498534809896e+00
-6.136327889259420854e-01
1.386314290520990200e+00
-6.135875352522719428e-01
1.385064882059930724e+00
-6.135413973795538212e-01
1.383815626997628279e+00
-6.134943752168500186e-01
1.382566525360723553e+00
-6.136307798793256829e-01
1.386258297029710373e+00
