1.757885628601424832e+00
4.002463758206507016e+00
4.757089991812396335e+00
8.152802238220842046e-01
3.072674630280523012e+00
7.238395548715698125e-02
3.208279656095538446e+00
1.547281261764507976e+00
3.140148354354269422e+00
-5.575376252539202687e-02
2.703176070612823167e+00
1.648166333408298101e+00
3.563286650758455298e+00
2.023813689485625955e-01
3.455059700190926897e+00
1.380056405278634823e+00
2.818616262932976291e+00
-1.981004796173450877e-01
2.150019190625405585e+00
1.619297824510745887e+00
3.850837794840280992e+00
4.626252988652343467e-01
3.656660001262182380e+00
7.663594887528388799e-01
2.264593163775679319e+00
-3.432964215883098080e-01
1.405202934518625879e+00
1.376287555559303932e+00
4.025999090836181793e+00
7.841392762866027377e-01
2.485224338615971362e+00
-2.658530311350862929e-01
1.842292864169122302e+00
1.546225027386310291e+00
3.951180972573493655e+00
5.979677824158227128e-01
3.405368154765363364e+00
3.443026571899822086e-01
3.693868108588426402e+00
9.930567972202433147e-01
2.332154359354285056e+00
-3.400064098243422706e-01
1.422754077525942851e+00
1.380416965787011563e+00
4.022135026559821469e+00
7.743693646269519393e-01
2.536645060264178575e+00
-2.445866722271885230e-01
1.953529536371886977e+00
1.578121061863792640e+00
3.917436902132236387e+00
5.501644310374340652e-01
3.533333184403185001e+00
5.006852508896030285e-01
3.546155043144326946e+00
5.019719523129232419e-01
3.546080221148744549e+00
5.062796320771754122e-01
3.538531359591603920e+00
4.879176725387893709e-01
3.575327513660634171e+00
5.510800836894107491e-01
3.401827281613814424e+00
3.271413464740497989e-01
3.683458228334469453e+00
1.038110874175520726e+00
2.368298633769222672e+00
-3.315101095085652427e-01
1.478245928771938056e+00
1.407157536750301974e+00
4.019100371684271700e+00
7.546927006322182718e-01
2.671048664746414225e+00
-1.829176143579065161e-01
2.239652725062915462e+00
1.633517180705841065e+00
3.813916839593939567e+00
4.209672971479255787e-01
3.681831442679013300e+00
8.870320069443300426e-01
2.278159561001128264e+00
-3.468539816330966641e-01
1.384237184449750968e+00
1.364449978341047309e+00
4.028993293210988647e+00
7.932064438877856061e-01
2.422013456500629491e+00
-2.888240068561007678e-01
1.721565996117266462e+00
1.505742262081130267e+00
3.980733063480289324e+00
6.509047783993053837e-01
3.215039885485239335e+00
1.647435295501586128e-01
3.448601267535415182e+00
1.406661994302877083e+00
2.839738430025445570e+00
-1.901602541614010322e-01
2.178870715770738098e+00
1.622736634971869707e+00
3.837156025723320596e+00
4.494726683335428241e-01
3.672386520312500569e+00
8.109380707940879729e-01
2.254806943970699251e+00
-3.494709570154266864e-01
1.362448280560359493e+00
1.350536325034294993e+00
4.028665924079724903e+00
7.999628910087295264e-01
2.360318589582375282e+00
-3.088451528891152376e-01
1.610429989614954316e+00
1.465949688216491520e+00
3.995985602981717566e+00
6.957837089947762621e-01
3.008521980746556856e+00
1.075810229469595369e-02
3.006072580657090487e+00
1.611833837490167287e+00
3.332789076720040100e+00
5.029828590478593875e-02
3.059243026046694958e+00
1.582595158575690331e+00
3.278965790522058832e+00
2.107096032606711744e-02
2.973076336056322155e+00
1.610105266647963607e+00
3.357917507895918252e+00
6.672810696200767722e-02
3.111170433813792435e+00
1.572649719775719657e+00
3.237420491232039232e+00
-5.334334033564739133e-03
2.882764683612842216e+00
1.625405496591538990e+00
3.429115905651182405e+00
1.107500948609376756e-01
3.241857851602541807e+00
1.522953859341855010e+00
3.101710915647329259e+00
-7.516168416514609762e-02
2.640754118644354609e+00
1.652461100945938899e+00
3.601882292823414211e+00
2.324900618785079587e-01
3.516607024556641203e+00
1.325301068422483297e+00
2.730722916524944477e+00
-2.304400991116994923e-01
1.998876681731788230e+00
1.582252458766038483e+00
3.901513980694286676e+00
5.293091849974267404e-01
3.575482761865075521e+00
5.659738730985943711e-01
3.343558092254162339e+00
2.687259744743689671e-01
3.632560849874014952e+00
1.192970443120486168e+00
2.527378289790501054e+00
-2.948945205683173310e-01
1.676644216147286981e+00
1.484328224938816554e+00
3.984767162813791508e+00
6.683295735476884047e-01
3.137249680158499032e+00
1.032306564694965567e-01
3.292954939379007406e+00
1.509751266650784185e+00
3.049397231786027618e+00
-1.008857188246957415e-01
2.537725428133489558e+00
1.648816112613959994e+00
3.658530407110043292e+00
2.794452298603996576e-01
3.590891691018683662e+00
1.235356229842242026e+00
2.599230260300628981e+00
-2.734372199710274343e-01
1.789825972410233668e+00
1.526716531319360470e+00
3.963320512848685695e+00
6.204613468938307008e-01
3.330458367179663259e+00
2.667756431243674120e-01
3.628080202150600009e+00
1.191497357429315729e+00
2.530720468292695369e+00
-2.936482771251742729e-01
1.684863437729106961e+00
1.488347698724121315e+00
3.985353045408691841e+00
6.681331278936922802e-01
3.149944768964690667e+00
1.130097655002717388e-01
3.320694927760547976e+00
1.495576999673279284e+00
3.017981088462944328e+00
-1.152050936070684178e-01
2.489852466553466925e+00
1.653632073317120366e+00
3.686279751158374918e+00
3.023221507910814898e-01
3.622549733632386637e+00
1.189122298027391222e+00
2.535846239732773455e+00
-2.914552053350195626e-01
1.695402853500553420e+00
1.491323135796914556e+00
3.981888312681215236e+00
6.606965343184049155e-01
3.171454783048057280e+00
1.297497004009526278e-01
3.365459422013648449e+00
1.468055293486608459e+00
2.964615434520301296e+00
-1.408718844659004321e-01
2.381908182129344187e+00
1.642327381878187609e+00
3.745842012305383051e+00
3.557505460395971042e-01
3.667974793630703889e+00
1.061534932643008133e+00
2.407032792174257363e+00
-3.223385777735393032e-01
1.526802314522445636e+00
1.429400132282088176e+00
4.013742743712366057e+00
7.334531762306591984e-01
2.800170601234646117e+00
-1.166559129138364792e-01
2.526447056817013426e+00
1.661420400281341969e+00
3.671938205271080946e+00
2.857596113101960045e-01
3.601428776790458919e+00
1.221483487160149650e+00
2.577819176294423364e+00
-2.797192728122385730e-01
1.760952096508323628e+00
1.518701914948099585e+00
3.972656001368592538e+00
6.355084509933811576e-01
3.278920355123021046e+00
2.196864091600487789e-01
3.557736463064414600e+00
1.295989941698562298e+00
2.667482465285840210e+00
-2.524317274050418280e-01
1.892531516072545328e+00
1.557423280639903096e+00
3.939537885354575941e+00
5.782304929646338021e-01
3.464293282053914069e+00
4.103744619455048648e-01
3.680497072242602030e+00
7.956981539922201030e-01
2.232353638811870766e+00
-3.538022088808312482e-01
1.336609017371463981e+00
1.336526555872042499e+00
4.030263790657243383e+00
8.111510633982752516e-01
2.280413309555136880e+00
-3.340236405399526487e-01
1.465401685239458685e+00
1.405560442366501572e+00
4.022827177878635752e+00
7.605147512148033861e-01
2.645284180220722536e+00
-1.966844223559341409e-01
2.177232933605619980e+00
1.623355530338264963e+00
3.838476488961422017e+00
4.476861122161538420e-01
3.671703825674902166e+00
8.123581067365115427e-01
2.254859337789896223e+00
-3.491982085723926987e-01
1.367062256128158904e+00
1.351221307231004420e+00
4.027920259652231216e+00
8.000852720937015050e-01
2.362045245266469085e+00
-3.090845893456001248e-01
1.613760972719020304e+00
1.467919042501223403e+00
3.997801904755933666e+00
6.965794448268924910e-01
3.005085851918627426e+00
9.589934657244475469e-03
3.000714633190070924e+00
1.613428677115975818e+00
3.337782954577416916e+00
5.349629688222468094e-02
3.067879081094730509e+00
1.581881175559280983e+00
3.274959865729342834e+00
1.658848877109327102e-02
2.953199560176903660e+00
1.613605453414777013e+00
3.372772782540631287e+00
7.460212325347415074e-02
3.138726344591916906e+00
1.562972277184134118e+00
3.205840255133420857e+00
-2.104206033777547558e-02
2.835022812571919903e+00
1.634860624624768555e+00
3.467639684099627306e+00
1.366548208349698812e-01
3.303072812939926273e+00
1.480383904633054692e+00
3.023994702670675494e+00
-1.106305582702003937e-01
2.503105060700217432e+00
1.650654396171288507e+00
3.679929851559321285e+00
2.976931414070666526e-01
3.616373753149551451e+00
1.194867368523534701e+00
2.544251074947413649e+00
-2.882808335640312802e-01
1.713308324600279153e+00
1.501201328748482888e+00
3.983424167002156846e+00
6.560647041105136523e-01
3.195803521826609650e+00
1.492167387365291031e-01
3.411542280974341423e+00
1.432683456770090569e+00
2.890813128484074124e+00
-1.696771147603113039e-01
2.263227049558082626e+00
1.630876347168173091e+00
3.808331879195791636e+00
4.116857009308759752e-01
3.681897924059852834e+00
9.112998983517724971e-01
2.295657267817066138e+00
-3.439881655322307719e-01
1.396925053251596660e+00
1.367393152219136931e+00
4.028294738930272345e+00
7.878608960788255899e-01
2.450560937434696829e+00
-2.779227365739384004e-01
1.782037599159151053e+00
1.526825158557698847e+00
3.968056142476472203e+00
6.271469560531535148e-01
3.315516285173005340e+00
2.515619222896643414e-01
3.611219095051126260e+00
1.226662049300268453e+00
2.569269758370650525e+00
-2.827336396672011642e-01
1.745772854126313778e+00
1.510753380816899138e+00
3.974250356174421128e+00
6.420407958619206434e-01
3.260044252314138635e+00
2.005037340073385077e-01
3.522211928298434991e+00
1.338092319499126104e+00
2.723433590497558843e+00
-2.339472396209414662e-01
1.985941544668888614e+00
1.583383930348050583e+00
3.906701665808405277e+00
5.347347400771745862e-01
3.570056294583626944e+00
5.531282879060832602e-01
3.391844096022905486e+00
3.176594538170420257e-01
3.680933605835792655e+00
1.065397573541042586e+00
2.389813822429765366e+00
-3.274067490741116027e-01
1.498129832001230621e+00
1.415207028582577964e+00
4.019719204395824086e+00
7.465928562123060885e-01
2.724237505571956763e+00
-1.573372794081777937e-01
2.359075514907591931e+00
1.651205984160986961e+00
3.761160916084818950e+00
3.671110635905319164e-01
3.675140340029083852e+00
1.032679853863462283e+00
2.379145414261065739e+00
-3.283376634275026462e-01
1.494166805632911377e+00
1.413708801636702761e+00
4.017879612969173841e+00
7.485777727530962267e-01
2.721865530177433268e+00
-1.586502903172205547e-01
2.352586122903336907e+00
1.649456961719716119e+00
3.763649025033861673e+00
3.701225500597873919e-01
3.673519894098133065e+00
1.017773966500409522e+00
2.371530389139220318e+00
-3.292865632950749966e-01
1.487041992077253738e+00
1.409032522750417904e+00
4.021328523689751577e+00
7.513022467237301383e-01
2.695312631862596842e+00
-1.721815025979185065e-01
2.293038399465315180e+00
1.640897538381789422e+00
3.792334715357329245e+00
3.977251174021898539e-01
3.684314427945594606e+00
9.515982624555284763e-01
2.317769638076585537e+00
-3.407723443104221372e-01
1.419895989978054329e+00
1.378772030569515916e+00
4.022647631879567420e+00
7.778430691605845437e-01
2.528361594604838558e+00
-2.483979093391552040e-01
1.935735268474087833e+00
1.574639926791486122e+00
3.927728181332115653e+00
5.588308923129546857e-01
3.515885919810510352e+00
4.739895980529221786e-01
3.595594693122611041e+00
5.871630523509727695e-01
3.273760280466125216e+00
2.031562646074958900e-01
3.521057057518655942e+00
1.332446831899491979e+00
2.724743024808680580e+00
-2.328828127854299657e-01
1.990824473686994223e+00
1.582697333344383228e+00
3.907772257032701368e+00
5.330654604933625640e-01
3.572453944325401753e+00
5.593524471462059111e-01
3.369246918681286118e+00
2.946598348543256196e-01
3.660878277211208953e+00
1.123304917155548033e+00
2.449459267091397496e+00
-3.138063476618769831e-01
1.576399952164870166e+00
1.449014124493529065e+00
