-1.475001885550715430e+00
-1.475001885550715430e+00
-1.475001885550715430e+00
-1.475001885550715430e+00
-1.475001885550715430e+00
-1.475001885550715430e+00
-1.475001885550715430e+00
-1.475001885550715430e+00
-1.470149905664035250e+00
-1.470149905664035250e+00
-1.470149905664035250e+00
-1.470149905664035250e+00
-1.470149905664035250e+00
-1.470149905664035250e+00
-1.470149905664035250e+00
-1.470149905664035250e+00
-1.470149905664035250e+00
-1.470149905664035250e+00
-1.470149905664035250e+00
-1.470149905664035250e+00
-1.470149905664035250e+00
-1.470149905664035250e+00
-1.470149905664035250e+00
-1.470149905664035250e+00
-1.470149905664035250e+00
-1.470149905664035250e+00
-1.470149905664035250e+00
-1.470149905664035250e+00
-1.470149905664035250e+00
-1.470149905664035250e+00
-1.470149905664035250e+00
-5.024819414978275167e-02
-3.389626975050751001e-02
-1.870143910772975246e-02
-1.986784268174619783e-02
-1.470149905664035250e+00
-1.470149905664035250e+00
-1.470149905664035250e+00
-1.470149905664035250e+00
-1.470149905664035250e+00
-1.470149905664035250e+00
-1.470149905664035250e+00
-1.470149905664035250e+00
-1.470149905664035250e+00
-1.470149905664035250e+00
-1.470149905664035250e+00
-1.470149905664035250e+00
-1.470149905664035250e+00
-1.470149905664035250e+00
