-1.475001885550715430e+00
-2.371443942546131237e-02
2.881231827847935759e-03
9.500014455048395867e-03
1.089513265204765206e-02
9.670183606702182147e-03
-4.559508666346111933e-02
-1.475001885550715430e+00
-1.470149905664035250e+00
-1.470149905664035250e+00
-1.470149905664035250e+00
-1.470149905664035250e+00
-1.470149905664035250e+00
-1.470149905664035250e+00
-1.470149905664035250e+00
-1.470149905664035250e+00
-1.470149905664035250e+00
-1.470149905664035250e+00
-1.470149905664035250e+00
-1.470149905664035250e+00
-1.470149905664035250e+00
-1.470149905664035250e+00
-1.470149905664035250e+00
-1.470149905664035250e+00
-1.470149905664035250e+00
-1.470149905664035250e+00
-1.470149905664035250e+00
-1.470149905664035250e+00
-1.470149905664035250e+00
-1.470149905664035250e+00
-1.470149905664035250e+00
-1.470149905664035250e+00
-1.470149905664035250e+00
-1.470149905664035250e+00
-1.470149905664035250e+00
-3.537690737480763542e-02
-1.028853242720787278e-02
1.328366047619777314e-02
-5.417396439987312573e-02
-4.648246560493249357e-02
-5.747337405217699258e-02
-2.357098244850335065e-03
7.470856546633413559e-03
-2.396438758696385618e-02
-1.470149905664035250e+00
-1.470149905664035250e+00
-1.470149905664035250e+00
-1.470149905664035250e+00
-1.470149905664035250e+00
