-1.475001885550715430e+00
-2.341276581264132781e-02
-1.523958392486091541e-03
1.107706261336261974e-02
1.142739715466998401e-02
1.131283069836228755e-02
9.107443002340342986e-03
-2.849868867915180196e-02
-1.470149905664035250e+00
-1.470149905664035250e+00
-1.470149905664035250e+00
-1.470149905664035250e+00
-1.470149905664035250e+00
-1.470149905664035250e+00
-1.470149905664035250e+00
-1.470149905664035250e+00
-1.470149905664035250e+00
-1.470149905664035250e+00
-1.470149905664035250e+00
-1.470149905664035250e+00
-1.470149905664035250e+00
-1.470149905664035250e+00
-1.470149905664035250e+00
-1.470149905664035250e+00
-1.470149905664035250e+00
-1.470149905664035250e+00
-1.470149905664035250e+00
-1.470149905664035250e+00
-1.470149905664035250e+00
-1.470149905664035250e+00
-1.470149905664035250e+00
-1.470149905664035250e+00
-1.470149905664035250e+00
-1.470149905664035250e+00
-1.470149905664035250e+00
-5.970163805712318528e-01
-1.190682820798138336e-02
-5.581514882105546166e-02
1.342480314901034130e-02
-5.279954879471946555e-02
1.666830300561690514e-02
1.624782910180149961e-02
1.497484989130919847e-02
1.046091761728473561e-02
1.252757841554976923e-02
-1.470149905664035250e+00
-1.470149905664035250e+00
-1.470149905664035250e+00
-1.470149905664035250e+00
