2.359575084628864339e+00
4.236129885044648824e-01
-6.403833861312164810e-01
9.390173529455772550e-02
4.662418757422480131e-01
3.771924121794668072e-01
7.678131094565449066e-02
3.644332164748537162e-01
3.118804269928364126e-01
2.632695155264702658e-01
3.142081695481108716e-01
2.945797518510055446e-01
2.919528916360613069e-01
2.988467438306118273e-01
2.957003720028121840e-01
2.953350736192262294e-01
2.972640214727247376e-01
2.954333885891917144e-01
2.966814576910784540e-01
2.957984793848256189e-01
2.968993740930605529e-01
2.960434821905012504e-01
2.968972840487173470e-01
2.957434890592147148e-01
2.970252450840220604e-01
2.960650353690689740e-01
2.949578585762815397e-01
2.960464722347819211e-01
2.952510782212808826e-01
2.961231685219236631e-01
2.950335885715491546e-01
2.963881461810761175e-01
2.953251948402589311e-01
2.962344745693122339e-01
2.954112417055196893e-01
2.963391128263164198e-01
2.953561770147200005e-01
2.964333372661851485e-01
2.952639178257057684e-01
2.967812434378654385e-01
2.955323763339917642e-01
2.965413317236895718e-01
2.958006856999360057e-01
2.966554433110797917e-01
2.956300708862905635e-01
2.969219563975913911e-01
2.957863546471356520e-01
2.970247433192668707e-01
2.956550953623676148e-01
2.969418493415900695e-01
2.960727853829668299e-01
2.969406763950819261e-01
2.962518602268340295e-01
2.947948775605834792e-01
2.962592513186020349e-01
2.950062377632564625e-01
2.962788235773105017e-01
2.952999702355221245e-01
2.962051645077493078e-01
2.953719574281055693e-01
2.960817541625170302e-01
2.955339171812055854e-01
2.964136536379891607e-01
2.952100588564119388e-01
2.967600438974930532e-01
2.953809875515829297e-01
2.967263279241453833e-01
2.955496988017776716e-01
2.965986536445890942e-01
2.957735964742847501e-01
2.967507214015087103e-01
2.956423784090034812e-01
2.968600261909695726e-01
2.958337264847860637e-01
2.970744125998636131e-01
2.956403034596878365e-01
2.969622458115988017e-01
2.960387859103892350e-01
2.970373409173300838e-01
2.960081743888358097e-01
2.950544179191818550e-01
2.963092148081246657e-01
2.950609795353654197e-01
2.962382028968130188e-01
2.950676699569744210e-01
2.963532535178429739e-01
2.953997122298314126e-01
2.964623685614852788e-01
2.955640706230044934e-01
2.962490732172625152e-01
2.955498303857033715e-01
2.965274901661615892e-01
2.955562915211297215e-01
2.964880870709672434e-01
2.956896814436205112e-01
2.960458728367484360e-01
2.963126033009744198e-01
2.964942370355203027e-01
2.958290511408556145e-01
2.969228396543628357e-01
2.957279423556710141e-01
2.968415717756742733e-01
2.961083829689554747e-01
2.968284919551102408e-01
2.961206208195820144e-01
2.949994156391823052e-01
2.960312374234417288e-01
2.950006624764821561e-01
2.962322803375742053e-01
2.952653900307076196e-01
2.960952074516933208e-01
2.953508132674531605e-01
2.962985573949373230e-01
2.952484312464567218e-01
2.963823662214809529e-01
2.955562821842190324e-01
2.962743159612356014e-01
2.955221584316192196e-01
2.966610367960531014e-01
2.955020489917666304e-01
2.966299486958242637e-01
2.957405876338967676e-01
2.965983513693294382e-01
2.956654597087278180e-01
2.965955507965312155e-01
2.960826876246152595e-01
2.966575260252012902e-01
2.958190617617303397e-01
2.970629446214215763e-01
2.958630199841584263e-01
2.969355406894456095e-01
2.960846561445975578e-01
2.950784244583065652e-01
2.961471652032378055e-01
2.951265856627775519e-01
2.961441851071207054e-01
2.952863369879205058e-01
2.962994932810434912e-01
2.952364061167593312e-01
2.963210478494152089e-01
2.953948123021392091e-01
2.963590354513734315e-01
2.955264331447415294e-01
2.964333270552639288e-01
2.955100390851468917e-01
2.968238672340072215e-01
2.954078141917514944e-01
2.966304792203918739e-01
2.957613956052007609e-01
2.967323382665151832e-01
2.956746854731621688e-01
2.967540317377603820e-01
2.959474105441085579e-01
2.967724361665698973e-01
2.959901166906644399e-01
2.968433290057653218e-01
2.960841393709547353e-01
2.969942527317354641e-01
2.961275020542331604e-01
2.950708809024836232e-01
2.955993961894677335e-01
2.957060388275053464e-01
2.959896473515913340e-01
2.951218074961323157e-01
2.964846001701612055e-01
2.952555361912973519e-01
2.964288804429822122e-01
2.954283995708138488e-01
2.964627089109181379e-01
2.954818108104350638e-01
2.965159814327089638e-01
2.955891312015683225e-01
2.965972306422762772e-01
2.955525096416780628e-01
2.966798485820400511e-01
2.957771496006032508e-01
2.967444570262291470e-01
2.957087873011340906e-01
2.967790371785444248e-01
2.958368986803200373e-01
2.969737438840087673e-01
2.958593671918192114e-01
2.968665631201165556e-01
2.963785703042394193e-01
2.948502108542960798e-01
2.960248803030545162e-01
2.951396386186046494e-01
2.962602727980664374e-01
2.950778885846470634e-01
2.961423251576055238e-01
2.955040787542821401e-01
2.961297148064758744e-01
2.953600999606828537e-01
2.964830084236257379e-01
2.954654331258523281e-01
2.963853626375904660e-01
2.954407858913961626e-01
2.966359516517934614e-01
2.955522313775923449e-01
2.966742116390942430e-01
2.955624718720670230e-01
2.967835727773495136e-01
2.957296514792575048e-01
2.965686872469092128e-01
2.960476280637973634e-01
2.966932596652184229e-01
2.959673049024422742e-01
2.969846933583134008e-01
2.958190094340069076e-01
2.969724813867650748e-01
2.963533648773540863e-01
2.948328935518650940e-01
2.963910135456381822e-01
2.949317666778611402e-01
2.962645075643676740e-01
2.952865405891541006e-01
2.962012100755694322e-01
2.953868975867747215e-01
2.962999095083556633e-01
2.954248394860066740e-01
2.963068507799114792e-01
2.953753128680638440e-01
2.966407007219238334e-01
2.954805403238453532e-01
2.964483232900276821e-01
2.957310170865130039e-01
2.965447379150566443e-01
2.957627149989385806e-01
2.966284756674327228e-01
2.957078795046224062e-01
2.967704296170108336e-01
2.959535030790919619e-01
2.966951308105351681e-01
2.959886482080812953e-01
2.969155361596115261e-01
2.959652970477995582e-01
2.970837752095953910e-01
2.958766547189072282e-01
2.952728260891631096e-01
2.960677611694524924e-01
2.951916791166765419e-01
2.962451194021349932e-01
2.953514042880333590e-01
2.962326491195970690e-01
2.953103986824751614e-01
2.964049738387056210e-01
2.954263724901002308e-01
2.963641515351341238e-01
2.955384053821177304e-01
2.964163504817504124e-01
2.957041168738741010e-01
2.964328069755359230e-01
2.956186313243701069e-01
2.968135461501548167e-01
2.956618047708077235e-01
2.967370893968683254e-01
2.957998096724235859e-01
2.970362770668221186e-01
2.956434506682233954e-01
2.968385573658716137e-01
2.960184955671193441e-01
2.968499854574351837e-01
2.960702091516196344e-01
2.949165842184306441e-01
2.963173338854082073e-01
2.950202725862016706e-01
2.960693023273321955e-01
2.952389969692142957e-01
2.962581783613651987e-01
2.952309095160511876e-01
2.963933827081127736e-01
2.952330067507575317e-01
2.965369168116026022e-01
2.954326385358091445e-01
2.964102944000310824e-01
2.955857552426785495e-01
2.964335104477606175e-01
2.955391658049584258e-01
2.965915460195998610e-01
2.957766238180366547e-01
2.965207852573529257e-01
2.958037591319032655e-01
2.967941088474473355e-01
2.956338042053941462e-01
2.970226309282856803e-01
2.960230754669144759e-01
2.967089690950618364e-01
2.960698042200713975e-01
2.969205744572011585e-01
2.960164406223593225e-01
2.951247765329023665e-01
2.959829802572182533e-01
2.953522880581831989e-01
2.961086715085282095e-01
2.954255232288601762e-01
2.960513828228144573e-01
2.953325745830637783e-01
2.964400635628438030e-01
2.952439844223898047e-01
2.965653344818234283e-01
2.952674905827160079e-01
2.966051962466599856e-01
2.955354784908907351e-01
2.964091536196120646e-01
2.956666865643781672e-01
2.965788633448653289e-01
2.957116742184710545e-01
2.967860584757833209e-01
2.957775357550347928e-01
2.968485765156175793e-01
2.957900833341082780e-01
2.969231742519904405e-01
2.958402400671837906e-01
2.968783214025870754e-01
2.959525479444345963e-01
2.971432942517779896e-01
2.961149781809025439e-01
2.949685744577140167e-01
2.961050389904891222e-01
2.951508474737734034e-01
2.963243278982005124e-01
2.952203524785397826e-01
2.962582299847973388e-01
2.953906456325399721e-01
2.965152489892804444e-01
2.954258188479967906e-01
2.962889152951974636e-01
2.955665245029265864e-01
2.964334262940100939e-01
2.955825444179162043e-01
2.965972759196806030e-01
2.955500965811864722e-01
2.967588131851854882e-01
2.956099639301630888e-01
2.966805454869484437e-01
2.958874807721197375e-01
2.966911164393994937e-01
2.959029613787363400e-01
2.969896320236692921e-01
2.958808697815946687e-01
2.970210216230934619e-01
2.959309862539222236e-01
2.948752577974932398e-01
2.962551043650415994e-01
2.953119105590409355e-01
2.957544467910492303e-01
2.953566008852558933e-01
2.963062303439094602e-01
2.951343462298243181e-01
2.963557077577546606e-01
2.954456471570257592e-01
2.962757601847941791e-01
2.954680711217682054e-01
2.963951787389316195e-01
2.955090106996248189e-01
2.965388477441767145e-01
2.955465724112478210e-01
2.965438726968118721e-01
2.958582415924297382e-01
2.965362429341958372e-01
2.958026593861120546e-01
2.966611477329545998e-01
2.958504186962712668e-01
2.967786841208940318e-01
2.959370349033014769e-01
2.968915914640092302e-01
2.960641452916008554e-01
2.969558092402096450e-01
2.960049704478395216e-01
2.950697262897248874e-01
2.960242934860857211e-01
2.952492322976351113e-01
2.960690177682876456e-01
2.952318708191087326e-01
2.962193809485588192e-01
2.955370558835220263e-01
2.959720080868807890e-01
2.955601876116731863e-01
2.963519119615659614e-01
2.953982127270287639e-01
2.966006069509031229e-01
2.954673302371357835e-01
2.965582153035635771e-01
2.956578805685668443e-01
2.965956948215300315e-01
2.956345666248895721e-01
2.968178359889692697e-01
2.955943436533940427e-01
2.967637006022177393e-01
2.960222819596790012e-01
2.967007957712971544e-01
2.959964485953561208e-01
2.969187366730860478e-01
2.960675082094913479e-01
2.970006010458209333e-01
2.960873135700746728e-01
2.951297233326787839e-01
2.960883295639140655e-01
2.952117648129852778e-01
2.962402417821263789e-01
2.951879768753590816e-01
2.961953283780365820e-01
2.955472995406280834e-01
2.962653638629220709e-01
2.953044826611994633e-01
2.964976565742235559e-01
2.955059723404232508e-01
2.963480232086103117e-01
2.956464048202623873e-01
