2.829353849202924209e+00
-1.688292907872556592e+00
-1.010505509663943147e-01
6.584453723514963608e-01
-3.999007197473479769e-01
-3.619279896382751605e-02
3.273030876345385254e-01
7.058152407024094466e-02
1.463817640962598032e-01
2.823035651412785785e-01
-1.096566272450833629e-01
3.546328768526093578e-01
-1.726919874649932574e-01
3.469244646245686070e-01
-1.671230547634445229e-01
3.510098603078065649e-01
-1.700447415824629938e-01
3.465046940121234709e-01
-1.677434351216447461e-01
3.508220400845103448e-01
-1.709923695993282033e-01
3.458750594033779269e-01
-1.655181202755270364e-01
3.505003364679420419e-01
-1.718845440813983882e-01
3.467598122183286891e-01
-1.658772209927837082e-01
3.504104566375191854e-01
-1.702980478106984052e-01
3.456860300672858211e-01
-1.659023742687211755e-01
3.519666059962752724e-01
-1.716076778254359281e-01
3.443758833627452165e-01
-1.630420955833118968e-01
3.520033382813198553e-01
-1.729035266169896001e-01
3.431184572136528055e-01
-1.628968659834647559e-01
3.520009428689147013e-01
-1.742376712492798574e-01
3.431631789782859099e-01
-1.625061164565010374e-01
3.520012588315520330e-01
-1.729232662504120444e-01
3.413796441543443527e-01
-1.619081054007599774e-01
3.535592889733887856e-01
-1.744051166345745585e-01
3.392709736476132720e-01
-1.583989923744129058e-01
3.536659698679817665e-01
-1.759346777085463165e-01
3.385554831803230802e-01
-1.574919687122195711e-01
3.535335968282551922e-01
-1.771454999972457978e-01
3.370365310026118277e-01
-1.572325557869987400e-01
3.534228244051061951e-01
-1.756167285815116441e-01
3.354044008674202937e-01
-1.569328069357126543e-01
3.546576117658855609e-01
-1.765885973412624765e-01
3.343283052617585516e-01
-1.543774815620800878e-01
3.543506089497884259e-01
-1.775534868908903441e-01
3.345177883723508550e-01
-1.542512628220745197e-01
3.540895755391469391e-01
-1.757280353185368682e-01
3.337500052343389534e-01
-1.546866605501572012e-01
3.537743687137117066e-01
-1.765923962927892221e-01
3.329848109731169958e-01
-1.551185320382461041e-01
3.548137053255621676e-01
-1.773148977652087011e-01
3.324263503988220125e-01
-1.530457805653371861e-01
3.544567367084118237e-01
-1.780856618396546021e-01
3.333156152044619569e-01
-1.534714796396458303e-01
3.541070152336154298e-01
-1.761147365162934186e-01
3.331337831024011598e-01
-1.543348508374899897e-01
3.551464351407020437e-01
-1.768589754820238391e-01
3.321604656974028735e-01
-1.546505651607402443e-01
3.549157053835707010e-01
-1.776120580886290656e-01
3.320655319995559074e-01
-1.529513599373472921e-01
3.544327449266076457e-01
-1.782436016408516510e-01
3.333705333215546407e-01
-1.537214319844028010e-01
3.539984202572015737e-01
-1.762197391808147662e-01
3.329681702632033558e-01
-1.544506279602612386e-01
3.550397981699842664e-01
-1.768769434092199166e-01
3.324608516529791724e-01
-1.524333487462369574e-01
3.547448057970309376e-01
-1.776234725208328258e-01
3.322653843011574848e-01
-1.533050619564051975e-01
3.542310847742442537e-01
-1.782889330669998051e-01
3.333434138711266481e-01
-1.539028728982992644e-01
3.539656539243750677e-01
-1.763124653887889748e-01
3.330056698619581201e-01
-1.546989244061250934e-01
3.549739827222082589e-01
-1.769412856925511035e-01
3.327501613324981289e-01
-1.528384512720177835e-01
3.544815387082718705e-01
-1.777511141572717390e-01
3.334776879522376447e-01
-1.531725937857041919e-01
3.542641607702960993e-01
-1.784777295677925091e-01
3.336807888983540638e-01
-1.543301261208335773e-01
3.537269893449856428e-01
-1.764374186091230978e-01
3.325709215023300303e-01
-1.545130287385241274e-01
3.550110085773269808e-01
-1.772936755039976886e-01
3.319775275606386966e-01
-1.524334218559969534e-01
3.546526529159714780e-01
-1.780230994450851534e-01
3.334680780585750903e-01
-1.533700458080629603e-01
3.541879872544427266e-01
-1.759401219367670577e-01
3.332604262445143517e-01
-1.541772764279856212e-01
3.537782585008947267e-01
-1.766247161116444864e-01
3.324494439052122496e-01
-1.546148263577453164e-01
3.549080763603621458e-01
-1.773918470898123989e-01
3.322159382974174124e-01
-1.527863354836997145e-01
3.543406987221309756e-01
-1.780362591345259204e-01
3.330175508987421873e-01
-1.531876701237856464e-01
3.541041768580646121e-01
-1.760109530400399414e-01
3.329518390153292096e-01
-1.541974043895390223e-01
3.550177976683441261e-01
-1.766338647778796789e-01
3.325977014164279710e-01
-1.549611348192869165e-01
3.547924417420081911e-01
-1.774300340407031773e-01
3.323266531854687789e-01
-1.531301723446687468e-01
3.544491187972392821e-01
-1.781575129865983764e-01
3.338436903337089201e-01
-1.539960074765980291e-01
3.539602637689966413e-01
-1.761776419289257933e-01
3.327821895332924718e-01
-1.542383298465587194e-01
3.551519696070242205e-01
-1.769851718972410282e-01
3.325508835797405527e-01
-1.524462270881065118e-01
3.546086566421988717e-01
-1.775150095145235640e-01
3.321185067315720607e-01
-1.531460081016186026e-01
3.542718578407261787e-01
-1.782613033764628985e-01
3.336480140034572273e-01
-1.540423138003800263e-01
3.539607410558334166e-01
-1.763988733135876674e-01
3.328412707583099372e-01
-1.544389165573403222e-01
3.550869907348137011e-01
-1.771643040665950575e-01
3.319985935287579903e-01
-1.521966144408720967e-01
3.546689582749117386e-01
-1.778286317731124222e-01
3.334123853967767004e-01
-1.530267592801922150e-01
3.543748571347871690e-01
-1.785751738997705118e-01
3.331087770891050237e-01
-1.538366629551263520e-01
3.538602730907736693e-01
-1.764686974084422044e-01
3.327150916592988006e-01
-1.545789735359220096e-01
3.550134588841715177e-01
-1.772759579225897109e-01
3.321469274822150819e-01
-1.524854787349086971e-01
3.546454073591283063e-01
-1.780082605535098783e-01
3.332516431882211472e-01
-1.531004809830624758e-01
3.541671780474325848e-01
-1.757802990465643367e-01
3.328657899242177809e-01
-1.538930794205817798e-01
3.538106959004321261e-01
-1.765619178520964061e-01
3.330094174223373060e-01
-1.549726452641888852e-01
3.550091591821205039e-01
-1.774799813381215674e-01
3.319218570598350682e-01
-1.525513421743768527e-01
3.542625250053732522e-01
-1.779299784024219733e-01
3.330228015621029547e-01
-1.531513238145771061e-01
3.541121694921310903e-01
-1.758976067595441062e-01
3.331028233899217539e-01
-1.542537352347174984e-01
3.552280750926464226e-01
-1.767377258259936468e-01
3.325290243257302270e-01
-1.548898670911922903e-01
3.548315987011612660e-01
-1.773677008722654436e-01
3.324782909922413543e-01
-1.531872418360340216e-01
3.542198094183833801e-01
-1.779935313814259568e-01
3.334997329004942279e-01
-1.536979709154674412e-01
3.540323455184893886e-01
-1.758403750764936380e-01
3.330591160152363561e-01
-1.544104806024689802e-01
3.551024681271698347e-01
-1.768657126507928168e-01
3.324011215050656221e-01
-1.522814822674527502e-01
3.547435763996371616e-01
-1.775744193871553467e-01
3.319038159361346052e-01
-1.529968038696752353e-01
3.544697174638810067e-01
-1.782837517026371332e-01
3.338970651774327836e-01
-1.542707895560615217e-01
3.538835358643480644e-01
-1.760878553993850681e-01
3.334485029584323135e-01
-1.549257299544412048e-01
3.548009812339997793e-01
-1.768022844397572069e-01
3.325830430730288279e-01
-1.526126102079298774e-01
3.546101570371524292e-01
-1.776771450148017240e-01
3.334689399681184385e-01
-1.530969070516328134e-01
3.543240414255366955e-01
-1.783725419699777881e-01
3.335376807766406992e-01
-1.541834835524084346e-01
3.539105367995150075e-01
-1.763467866542766660e-01
3.331911628922705204e-01
-1.549483642660255955e-01
3.549434541467809678e-01
-1.770938585266766396e-01
3.325105235877693355e-01
-1.527528077177628674e-01
3.545446916981325192e-01
-1.778691333794005514e-01
3.336587715290361134e-01
-1.533977985311762438e-01
3.540033054745670427e-01
-1.755762283486722031e-01
3.330481676019020343e-01
-1.539666732904829138e-01
3.537702146430186656e-01
-1.765553642417805880e-01
3.326938377827372006e-01
-1.547341328661116233e-01
3.549474436162624036e-01
-1.773394807764457348e-01
3.324495252999439820e-01
-1.529347407405120818e-01
3.545549264675992296e-01
-1.779529749072915057e-01
3.336397995359025592e-01
-1.536291140200597982e-01
3.541844563518585787e-01
-1.759287246400725591e-01
3.334383056641233578e-01
-1.544933091260961566e-01
3.551097764295167436e-01
-1.765114027015936282e-01
3.331893822114548875e-01
-1.552843472766924360e-01
3.548872641073412271e-01
-1.774757375805340875e-01
3.320112868190320254e-01
-1.527811053262077001e-01
3.544591979685034477e-01
-1.781241638786496551e-01
3.335282349997263918e-01
-1.536790103296659382e-01
3.539981703037417549e-01
-1.759874796084908155e-01
3.329446028349926090e-01
-1.543124145052854335e-01
3.551460051243297000e-01
-1.768004560082849785e-01
3.325932707556116807e-01
-1.524167864041454101e-01
3.547838225917809840e-01
-1.775247208556033074e-01
3.324399386629613984e-01
-1.532909219610252838e-01
3.544300281917988626e-01
-1.783024734504918829e-01
3.334149832640818101e-01
-1.537813090899346757e-01
3.539998442977461690e-01
-1.762343756988448695e-01
3.328505495917624679e-01
-1.543925789537816395e-01
3.550805336297737647e-01
-1.770092768207546241e-01
3.324728186014686004e-01
-1.524360317034585133e-01
3.546951331134197694e-01
-1.777934634964925542e-01
3.315520261453080986e-01
-1.528043303673933262e-01
3.542228088021881494e-01
-1.784281641279009401e-01
3.331859249219430441e-01
-1.538306454685393621e-01
3.538849712833412875e-01
-1.763803286394395320e-01
3.327690222503802420e-01
-1.545446123010653927e-01
3.549914096773797989e-01
-1.771140977373643066e-01
3.324304310561256859e-01
-1.526150459414134797e-01
3.547494246794679618e-01
-1.779783626997194779e-01
3.333809661748434738e-01
-1.531610997141624464e-01
3.542404465069425301e-01
-1.785078990174735203e-01
3.333034757988614372e-01
-1.541374088855054225e-01
3.538353725307351594e-01
-1.763519585686570412e-01
3.328429804106780576e-01
-1.548230569955162395e-01
3.550267859360963785e-01
-1.772395750421550120e-01
3.326127752285024108e-01
-1.530016611679775040e-01
3.545721703605377861e-01
-1.779871353015060609e-01
3.334473095064725001e-01
-1.534018770315405400e-01
3.541194568426068723e-01
-1.758162643185628704e-01
3.332074118594242629e-01
-1.542673387677534202e-01
3.537580948397973657e-01
-1.765497156080396146e-01
3.330523060179005901e-01
-1.551957832141604987e-01
3.548272939264630055e-01
-1.772597033070534012e-01
3.326498218759721959e-01
-1.532394465125926086e-01
3.544111308139674121e-01
-1.779683988770238146e-01
3.337639164965070515e-01
-1.538427780155728342e-01
3.540446628030925469e-01
-1.760118631511160270e-01
3.335060666701563648e-01
-1.546473244415772497e-01
3.551417531421107721e-01
-1.768136165004839666e-01
3.324192923485311812e-01
-1.548841890474507432e-01
3.547931868143032186e-01
-1.775329030398563601e-01
3.322517839086852609e-01
-1.531210659672329888e-01
3.543435357341762626e-01
-1.782157674478997422e-01
3.334068516142791316e-01
-1.537148815207270980e-01
3.540174939205951721e-01
-1.759523572901973698e-01
3.328495242825412759e-01
-1.543697003771188070e-01
3.551647398441829528e-01
-1.769259239112276616e-01
3.327525781040519548e-01
-1.526569433733609982e-01
3.546093471063672120e-01
-1.776005662618352909e-01
3.319552469238052916e-01
-1.530921205564126919e-01
3.543256479339937370e-01
-1.783466823977468696e-01
3.332459488965465177e-01
-1.538338532112213941e-01
3.539758861211959595e-01
-1.763245393673022188e-01
3.327754681144189375e-01
-1.545139676778070625e-01
3.549652932491880186e-01
-1.770298234795263381e-01
3.325136533928992333e-01
-1.526717929001440432e-01
3.546467296878900721e-01
