2.885479796786876161e+00
-1.671314422242084374e+00
-2.042424098884926265e-02
7.134550799043405389e-01
-4.019365875250577314e-01
2.788848479936141267e-01
-1.157425514603378225e-01
3.453245605500602222e-01
-1.642428215592601215e-01
3.363077213118281228e-01
-1.635982307046264517e-01
2.916925883536165554e-01
-1.243787312251610627e-01
3.421387822673936929e-01
-1.764647612213566530e-01
3.072766106532843766e-01
-1.342839528704125596e-01
3.322165113190262975e-01
-1.374091448704566898e-01
2.692462911320246399e-01
-1.099233698455716196e-01
3.529805466164451788e-01
-1.755319616403269445e-01
3.479659050932439879e-01
-1.733741920844597273e-01
3.487079721292418721e-01
-1.754163837306434992e-01
3.476410716369026654e-01
-1.718107025826052514e-01
3.484700844971768685e-01
-1.767764651600693404e-01
3.448569794849455361e-01
-1.669633526537939727e-01
3.453682887842334792e-01
-1.793353738463588087e-01
3.276018667200768508e-01
-1.501184368169192207e-01
3.299834602455401500e-01
-1.306117594245607694e-01
2.611794226252321938e-01
-9.942252751302919911e-02
3.523150095338267729e-01
-1.718745533379950896e-01
3.457700934655733582e-01
-1.782427109417098476e-01
3.302810782123454802e-01
-1.514621414280002409e-01
3.299779860348369120e-01
-1.343267575006529546e-01
2.643749247833864779e-01
-1.067716629392860689e-01
3.522836234701602343e-01
-1.743433453376256603e-01
3.474850702134614777e-01
-1.752714433533465177e-01
3.439721131422310840e-01
-1.654115279521140569e-01
3.442774375597826286e-01
-1.779146677919859476e-01
3.254404335860567321e-01
-1.476902679642640437e-01
3.288491242268352654e-01
-1.209498786611695742e-01
2.581682368660378479e-01
-9.111780755978278468e-02
3.506713692916216263e-01
-1.689684038554643553e-01
3.428836404676361971e-01
-1.772236402366956232e-01
3.193814381555778459e-01
-1.448649678737078950e-01
3.286240880523493280e-01
-1.272927168928159603e-01
2.552235643567141721e-01
-8.685932200355192534e-02
3.490331994909984803e-01
-1.682132031619760215e-01
3.383668387267976807e-01
-1.727037482913573174e-01
2.990444148896223009e-01
-1.299750581169321351e-01
3.381299084677702460e-01
-1.674315521218407432e-01
2.904189941199373237e-01
-1.241808058218386579e-01
3.445635025724957945e-01
-1.806829323323209113e-01
3.146319507232610002e-01
-1.399457620512613021e-01
3.303136404605486742e-01
-1.286800645967610401e-01
2.607834960451384521e-01
-9.736638589368427910e-02
3.507277324072382019e-01
-1.711192227288287626e-01
3.438884338897642001e-01
-1.781588987941937485e-01
3.257724923340657441e-01
-1.487534644046635268e-01
3.290424736433048003e-01
-1.264440606938087297e-01
2.597120772518268783e-01
-9.721149269666561066e-02
3.512730779246616142e-01
-1.709279555240805770e-01
3.446643575158955253e-01
-1.774394620798488975e-01
3.284593083051811080e-01
-1.500443439842774063e-01
3.301439880567358931e-01
-1.286053454594254797e-01
2.634700026659424488e-01
-1.028129141885530395e-01
3.525621071801245954e-01
-1.725463229025852585e-01
3.472787122782947655e-01
-1.781412170981465093e-01
3.404220715357760829e-01
-1.626010114494815251e-01
3.398402723167108785e-01
-1.766724501372031741e-01
3.039886412571797258e-01
-1.336410547480867128e-01
3.347398532210175137e-01
-1.556926825913292067e-01
2.775762868054628685e-01
-1.167281923014461403e-01
3.513407084992883900e-01
-1.799842053977999123e-01
3.409028216326832061e-01
-1.622402571537353011e-01
3.410879356904842341e-01
-1.772338053089423104e-01
3.085865225617234198e-01
-1.357624684811506166e-01
3.325755554849713080e-01
-1.410497738893666808e-01
2.687411152396204650e-01
-1.101927756938512054e-01
3.537468252785757605e-01
-1.760437633788562994e-01
3.477013599490383911e-01
-1.736087609137076937e-01
3.474784774094126782e-01
-1.714682401231434616e-01
3.481209056153640180e-01
-1.747762789097885294e-01
3.458866553069127603e-01
-1.683198859651441615e-01
3.468745521926847597e-01
-1.768380637346680939e-01
3.378976300230133178e-01
-1.586047882119004659e-01
3.371234133358534391e-01
-1.649901145151221604e-01
2.936770102236453406e-01
-1.253506683016461509e-01
3.410906428640950727e-01
-1.737125115034094391e-01
3.027571699665775329e-01
-1.309319223179101765e-01
3.351299645024610196e-01
-1.503769728145976092e-01
2.796736546101193932e-01
-1.186832945397061773e-01
3.501543796141858289e-01
-1.811059463359063204e-01
3.366797924733975211e-01
-1.587785380226839071e-01
3.365121931606773198e-01
-1.659713536741297402e-01
2.895766394419461709e-01
-1.240611797508155145e-01
3.445585415487120717e-01
-1.810943815940424251e-01
3.150799341530196584e-01
-1.407602171122308565e-01
3.302808648285503468e-01
-1.307768489901104114e-01
2.603441691374151490e-01
-9.746453313824277043e-02
3.520045264037314769e-01
-1.712655793651964853e-01
3.448446030900139125e-01
-1.785184152622713849e-01
3.260802272146305913e-01
-1.481125603005171709e-01
3.284526414172911357e-01
-1.253327526815036785e-01
2.576796829642312714e-01
-9.350173923752871930e-02
3.502780444480077526e-01
-1.698805294161179480e-01
3.425426526196750365e-01
-1.781061772178387237e-01
3.196228935127574666e-01
-1.436246165469086677e-01
3.282596194446777416e-01
-1.185277568428191597e-01
2.554361760777716928e-01
-8.437582521421882475e-02
3.491293777805154486e-01
-1.671148613311010944e-01
3.393789981740555906e-01
-1.720443582483401068e-01
3.043143100434725912e-01
-1.320002497608068204e-01
3.340390807723706557e-01
-1.450293263665145271e-01
2.750758104143228855e-01
-1.160210753395319316e-01
3.519439920911254238e-01
-1.800681131453500949e-01
3.436513523277798243e-01
-1.661740193725469994e-01
3.443729735483471721e-01
-1.797547481153834170e-01
3.236875537624126498e-01
-1.474797592507890998e-01
3.290220247999479652e-01
-1.265835830990787170e-01
2.569845695963248744e-01
-9.002809879466176779e-02
3.502008727026528767e-01
-1.690232692634534850e-01
3.408494942307850328e-01
-1.769405383526091446e-01
3.088729205805384459e-01
-1.358986853956757890e-01
3.324555899644647261e-01
-1.400410457901080929e-01
2.682654758666153660e-01
-1.097483694598161419e-01
3.522478054958017024e-01
-1.757015133087575509e-01
3.476857174049496901e-01
-1.740265759676543345e-01
3.469187369806425725e-01
-1.703163215726249680e-01
3.477036956507710830e-01
-1.758360803613407408e-01
3.432570098697879102e-01
-1.646217915374354468e-01
3.434425364678599379e-01
-1.780909272455144521e-01
3.214142103017488816e-01
-1.447114255617450718e-01
3.284300277056025341e-01
-1.182409731627729749e-01
2.559418849891543224e-01
-8.502769071788514321e-02
3.494772652115231137e-01
-1.672866272742407900e-01
3.399929932916242459e-01
-1.730671172239671429e-01
3.071599232263557688e-01
-1.336454942119336964e-01
3.324845726956058845e-01
-1.474167243773135128e-01
2.693191533365772994e-01
-1.123819539765469472e-01
3.531693745605564150e-01
-1.777480931009063625e-01
3.483209816897737121e-01
-1.733841755169427956e-01
3.488568958011405430e-01
-1.745530985775422539e-01
3.484565967682459187e-01
-1.726070692980099519e-01
3.490317120456289945e-01
-1.753564769624660069e-01
3.473868087869528276e-01
-1.700131095436152318e-01
3.482639323696643530e-01
-1.773151851886829722e-01
3.411933235545310250e-01
-1.618616175667035861e-01
3.408278636049543175e-01
-1.757604961892337003e-01
3.069255867455512599e-01
-1.341379286896681178e-01
3.324712032354844027e-01
-1.449369141555166829e-01
2.705515546641185098e-01
-1.123504136139800991e-01
3.522553796348125710e-01
-1.772863717371263581e-01
3.463809613329050796e-01
-1.694846289979683174e-01
3.477053507820485612e-01
-1.759221727380346489e-01
3.423514041013303033e-01
-1.633360324309276468e-01
3.424816981172639774e-01
-1.778930995784476776e-01
3.169254976190443718e-01
-1.410726236114617504e-01
3.285071696203340497e-01
-1.167188804167353655e-01
2.557199489463513609e-01
-8.326829884623332401e-02
3.495782804095681207e-01
-1.669641753693705544e-01
3.396955773896893627e-01
-1.774108672835269518e-01
3.053245744952039487e-01
-1.347762265695751915e-01
3.338721063548293344e-01
-1.522782032361257032e-01
2.745872971989965494e-01
-1.151844570019319725e-01
3.524047011933910123e-01
-1.795206680149570022e-01
3.446747568639969561e-01
-1.668185210084382197e-01
3.455604346186953446e-01
-1.791118797965994269e-01
3.286327081916199933e-01
-1.508218566328831389e-01
3.305492817758085566e-01
-1.329014862447290835e-01
2.628646876186010450e-01
-1.024869547762101568e-01
3.528002231013696033e-01
-1.728244610491135314e-01
3.469522772198577742e-01
-1.775029328175479759e-01
3.348361469287488013e-01
-1.566784270208486096e-01
3.341067056583766903e-01
-1.553388242379463990e-01
2.820891975676886321e-01
-1.190345140863103002e-01
3.479386784866757565e-01
-1.799077144227583525e-01
3.298493516531333380e-01
-1.517601380230490515e-01
3.312942713620772861e-01
-1.376117378738362651e-01
2.683193577539116359e-01
-1.100424187200748083e-01
3.525856151634658708e-01
-1.753799337975018857e-01
3.478827932804992584e-01
-1.720082776676657710e-01
3.481873094104364075e-01
-1.716237210685620518e-01
3.484773617376095700e-01
-1.724016991639035490e-01
3.481798369197716680e-01
-1.734853301667867997e-01
3.486711616642000355e-01
-1.757184846217295371e-01
3.474490058565251061e-01
-1.714443511848630364e-01
3.483607997856411620e-01
-1.774007516969660636e-01
3.432432997775859973e-01
-1.652389563178217613e-01
3.435592384223710716e-01
-1.796500399776750911e-01
3.196679437420061887e-01
-1.441273523891079822e-01
3.291253553303815638e-01
-1.250209283917110836e-01
2.561759552990411914e-01
-8.650972870133183390e-02
3.497358968356340525e-01
-1.679910454315406143e-01
3.395802537561892764e-01
-1.733927006227596601e-01
3.030468920580144387e-01
-1.316421187402999626e-01
3.346001152207987439e-01
-1.555248011228195781e-01
2.790740236282263087e-01
-1.174680334112994384e-01
3.494563879974195708e-01
-1.797072170013066517e-01
3.357250337268840590e-01
-1.571681420713425537e-01
3.355252520329036758e-01
-1.601269479738516299e-01
2.872556426410543540e-01
-1.217660287748824205e-01
3.449760048702970594e-01
-1.797689684389112696e-01
3.182029552055236632e-01
-1.422125014832082146e-01
3.288044679333469444e-01
-1.195365564298978833e-01
2.569271412324631854e-01
-8.743035333606266613e-02
3.499622356284805558e-01
-1.678838333328486476e-01
3.414183816219473755e-01
-1.757121049422634695e-01
3.128725961245324982e-01
-1.400761859939272935e-01
3.298097008503683147e-01
-1.332625788644544451e-01
2.596835910544339487e-01
-9.859905579050776137e-02
3.514376350054106979e-01
-1.717669625209581885e-01
3.445216191075003986e-01
-1.792766058147303443e-01
3.255846939208739133e-01
-1.487021091001232143e-01
3.294394267130994480e-01
-1.280348440275499988e-01
2.583795394311360072e-01
-9.307971858825314637e-02
3.509405142732898719e-01
-1.698487434821757680e-01
3.426828708218770392e-01
-1.787493367071698869e-01
3.166331170979678200e-01
-1.411152089223403627e-01
3.297917863446618303e-01
-1.244419728707283346e-01
2.560235925097465448e-01
-8.928599050910830670e-02
3.494004925402025563e-01
-1.687593881464768963e-01
3.406166290139384101e-01
-1.768011505453996324e-01
3.113895970451927564e-01
-1.378058611499898556e-01
3.297923596163789828e-01
-1.275791589688599070e-01
2.602852355820404195e-01
-9.782859100154898957e-02
3.514228913321714165e-01
-1.709880171850998443e-01
3.452063011718564112e-01
-1.772302598757939940e-01
3.301980234829232641e-01
-1.512471289797401308e-01
3.312724763104620829e-01
-1.335087708707951293e-01
2.676239372405695427e-01
-1.083408000832395413e-01
3.531448099475482660e-01
-1.773612037115209206e-01
3.482938813571598291e-01
-1.749930117918943595e-01
3.478683219370088953e-01
-1.723424900564322348e-01
3.487036534710328817e-01
-1.764026855931055959e-01
3.460075380332432449e-01
-1.685902036991747122e-01
