3.014926792953347867e+00
-1.595566945519987234e+00
2.018468895218864245e-01
7.661606640947485891e-01
-3.390097768767277309e-01
1.283578491095985485e-01
3.006104285525030839e-01
-1.214664974434829237e-01
2.068188850795273093e-01
2.000631095352635724e-01
-6.303424553933152652e-02
3.438200363653377556e-01
-1.688416295922672006e-01
1.433989650374474234e-01
2.463911912479067878e-01
-9.434087283045727856e-02
2.380917769156270514e-01
8.542960518499105593e-02
1.482752691264270506e-01
2.004940555765749588e-01
-2.831693935613440599e-02
3.343373176523867785e-01
-1.531126181532475039e-01
1.976212260778836272e-01
1.293585905181045270e-01
1.959461640304134833e-01
1.741613139503165458e-03
3.198687543914912057e-01
-1.397081272905561222e-01
1.558516754970488138e-01
2.413234555501135858e-01
-9.038560420137811691e-02
2.447993029934263376e-01
4.955992107850432093e-02
1.721953967496765991e-01
1.411643089706022813e-01
2.156925013659631574e-01
-8.017513916563938359e-02
3.413842134124768779e-01
-1.725874623973073230e-01
2.141048861313692431e-01
1.782139660694945227e-01
1.909761462972799778e-02
3.219103951657703022e-01
-1.433810467424386226e-01
1.535806237360529403e-01
2.430584909731776377e-01
-9.127575177828653463e-02
2.434217568221445638e-01
5.863844911248167896e-02
1.663980195593944833e-01
1.572857136443061299e-01
1.775381265878276382e-01
1.102453543979876605e-01
2.544539384658450198e-01
-1.006153160564364768e-01
2.258164731229026501e-01
1.453154739198981305e-01
8.558685225755399695e-02
2.850650955587356594e-01
-1.182927329330883265e-01
2.004377281311630343e-01
2.040800428661995458e-01
-6.943425657917264016e-02
3.407945848257564192e-01
-1.710354746879080012e-01
2.266934762298247752e-01
1.306806029923564538e-01
1.148084747317821841e-01
2.569412305395144536e-01
-1.004818091519533302e-01
2.233923260921842346e-01
1.497629081742323232e-01
7.588868977475668465e-02
2.944856849930754805e-01
-1.228667202099497785e-01
1.893444210220490698e-01
2.136719631308778566e-01
-7.315601464734211579e-02
3.092473560613885342e-01
-1.663882229851119388e-01
3.374071552322229217e-01
-1.615918743261629820e-01
1.815786450376027927e-01
1.917185100239798823e-01
-7.415810159655651657e-03
3.301774323914739018e-01
-1.493799383317152007e-01
1.382830501624859876e-01
2.508955086906752285e-01
-9.687434819699872190e-02
2.339591144230906417e-01
1.017314130433699393e-01
1.307084644795421802e-01
2.390741711798080871e-01
-9.200873090683711619e-02
2.368638304407991446e-01
8.036618195219463745e-02
1.470550015099715280e-01
2.047794662166116109e-01
-5.421157084000246401e-02
3.403467809400771982e-01
-1.591293952050655824e-01
2.002289378983413970e-01
1.508283005528438525e-01
1.580075698673163997e-01
1.751759699824781413e-01
1.278385107267573928e-01
2.364063639006548923e-01
-9.077350201677136798e-02
2.418343033790190666e-01
5.943866449029565346e-02
1.640182836596624227e-01
1.644170238923574057e-01
1.571214243063472904e-01
1.790230291200225199e-01
1.105688911266476115e-01
2.525719486482526643e-01
-9.776454899220127226e-02
2.265037277914736247e-01
1.388148754876737390e-01
9.243149344952643343e-02
2.781965423860329190e-01
-1.124114543388012866e-01
2.060304865111016459e-01
1.970735517050168084e-01
-4.896071712114804381e-02
3.437536076026979637e-01
-1.657578932775678471e-01
1.617029671828704163e-01
2.154944250430150254e-01
-7.684569695210821672e-02
3.282399146831497805e-01
-1.715457074546085647e-01
3.152143886826067609e-01
-1.673312824293843593e-01
3.355746456385730880e-01
-1.696476907219391650e-01
2.354021634121961637e-01
9.324262556966531057e-02
1.495821832540714935e-01
1.980929372459555859e-01
-2.023255390697674405e-02
3.286141723931914060e-01
-1.475047965775852510e-01
1.382701135078055477e-01
2.514073431518902835e-01
-9.510589984238519701e-02
2.338497751466902530e-01
1.053340901619710807e-01
1.321511732128303473e-01
2.332520824080929756e-01
-8.815817419512422815e-02
2.651506958064471231e-01
-7.626853990365801972e-02
2.463062485333128437e-01
-9.684994881173156211e-02
2.284715135303475864e-01
1.237444027283169101e-01
1.092321606485767843e-01
2.656880688359293252e-01
-1.064893527451061250e-01
2.178730610017932667e-01
1.749484401819154933e-01
1.873948576958777215e-02
3.230096254747185647e-01
-1.438771731744125648e-01
1.521561445046392125e-01
2.442801744652695062e-01
-9.169001436899623658e-02
2.424428457894904076e-01
6.619948573398827529e-02
1.628411266926339251e-01
1.671444814652157385e-01
1.531518272484075627e-01
1.860847624477491857e-01
6.801730371286482391e-02
2.886546486288843472e-01
-1.196685686417078287e-01
1.947095007319905036e-01
2.077599807664993747e-01
-7.051272769864343204e-02
3.312021369035285101e-01
-1.725044587781944805e-01
3.052562079074908064e-01
-1.639754272850043326e-01
3.360571077227700876e-01
-1.607010803512828323e-01
1.925445269115657609e-01
1.753421035370771597e-01
1.068784765866867548e-01
2.611510985289705045e-01
-1.025264144101587782e-01
2.203009898131993716e-01
1.630434735286755421e-01
4.081667484904643456e-02
3.108683301911236430e-01
-1.334340116902841267e-01
1.697065797550754429e-01
2.307208805991154132e-01
-8.210274449779141059e-02
2.529401683986169380e-01
-2.566196704313072896e-03
2.023741637981920638e-01
-4.075513483973148415e-02
3.364433057587816744e-01
-1.557618453172681661e-01
2.046282773857784343e-01
1.138019074380289541e-01
2.092588435100388167e-01
-6.916406490739782087e-02
3.428282992920431149e-01
-1.664615422470827888e-01
1.611654380449031310e-01
2.169478693754873511e-01
-7.861762232646132831e-02
3.233932412743913964e-01
-1.709552548896682289e-01
3.308082291785597318e-01
-1.703244180364298921e-01
2.857416467680787830e-01
-1.516586572130780852e-01
3.053315943919391318e-01
-1.322262178155704793e-01
1.688411036731054526e-01
2.300111013879267141e-01
-8.249089533051578993e-02
2.524697100709736297e-01
-4.507765124495466402e-03
2.034513291494309817e-01
-3.829222840213993007e-02
3.349140343428732569e-01
-1.549104384233301046e-01
1.995075976280183405e-01
1.278077324305880724e-01
1.981273509998739135e-01
-1.853648214634510266e-02
3.299468516927178685e-01
-1.491192548701402165e-01
1.384672977498208057e-01
2.509753918238830650e-01
-9.671616833496961274e-02
2.340800976194683525e-01
1.022696863232632203e-01
1.308463927415025596e-01
2.392566693436111447e-01
-9.191685453620629387e-02
2.368777033650149300e-01
8.144849391147032658e-02
1.469238722257155683e-01
2.054643151041263549e-01
-5.642674870747287075e-02
3.411643233329063052e-01
-1.599550428019740622e-01
1.965803135277851554e-01
1.649489147188375748e-01
1.376918637396635225e-01
2.214028982306946447e-01
-8.213822015649144270e-02
3.263140651340147858e-01
-1.711313758288083020e-01
3.218686098381711713e-01
-1.685653936229765393e-01
3.266508836997136234e-01
-1.701277128886186374e-01
3.100225337196466091e-01
-1.642897446068029288e-01
3.374925900614922369e-01
-1.643849836019881105e-01
2.026434677832688602e-01
1.242386201746697866e-01
1.912134988421366477e-01
3.387015023749451181e-02
3.039322960180672606e-01
-1.285097931051744913e-01
1.784611964328843281e-01
2.236886308286433755e-01
-8.043802041243017231e-02
2.578655441159106165e-01
-3.051811664599105023e-02
2.202728337267821357e-01
-8.378859517285257297e-02
3.349384853619462588e-01
-1.729233724358040236e-01
2.874433539887040201e-01
-1.571271470149245564e-01
3.092651975927710462e-01
-1.343438731927373564e-01
1.639926208586681700e-01
2.346545642308589252e-01
-8.443020229603015459e-02
2.497174455797543935e-01
1.676013342552598595e-02
1.911126589175535240e-01
3.153654820493701633e-02
3.064314028765456888e-01
-1.315810230065785624e-01
1.765443295123752809e-01
2.267021322966206731e-01
-8.087714318073369046e-02
2.569359292940467943e-01
-3.190061868318815053e-02
2.151527928092977771e-01
-7.947346280614434044e-02
3.419767103000308506e-01
-1.702138443409729474e-01
1.785516973190898471e-01
2.207960160584722942e-01
-7.779958291988482710e-02
2.742247710408928785e-01
-1.193578380508910630e-01
2.726917981227769405e-01
-1.117182821006791615e-01
2.074271698182231782e-01
1.933869564279160347e-01
-4.728400948849664776e-02
3.437798679216508835e-01
-1.654993535094329282e-01
1.766248325687297394e-01
1.999748860195135203e-01
-4.628078913100128200e-02
3.413575550554960869e-01
-1.621766071408987653e-01
1.977747675467594335e-01
1.620203335792996246e-01
1.433013591456345770e-01
2.101570251830948144e-01
-7.082182233551678752e-02
3.432708822097721990e-01
-1.674943773776244038e-01
1.897197767956394499e-01
1.774581009473375770e-01
9.522444159615486847e-02
2.743630843207242598e-01
-1.112651609133583630e-01
2.100345261860930568e-01
1.917749203640108091e-01
-3.756060744088522002e-02
3.414640673700096163e-01
-1.623129491022830828e-01
1.933981229328400608e-01
1.738923358023245214e-01
1.076167870282445094e-01
2.638499076018235856e-01
-1.050006688857529485e-01
2.195695653335558162e-01
1.631930603426224313e-01
3.251789000951910841e-02
3.176262257617520901e-01
-1.391951561228131073e-01
1.618259039911184027e-01
2.382265437297539645e-01
-8.740686506717780524e-02
2.484753630420797887e-01
1.991047340686233347e-02
1.839749222821890351e-01
8.940019932281839665e-02
2.722344258887172130e-01
-1.098857405315263602e-01
2.100032140644649548e-01
1.889055054626575525e-01
-2.794260575025913490e-02
3.396325730991108793e-01
-1.593572784768212680e-01
2.046554639437935807e-01
1.313648179734782651e-01
1.789718107311755457e-01
1.107292101174127824e-01
2.500436077297292781e-01
-9.705572236827803012e-02
2.276969860399679912e-01
1.302795143802064348e-01
1.082575780603998727e-01
2.683402503757357782e-01
-1.073405700820019987e-01
2.139634020232928924e-01
1.797344495236209982e-01
-1.757178427504446638e-04
3.312047348889879395e-01
-1.503614361817517397e-01
1.660517091312367910e-01
2.032814011518027097e-01
-5.839449503088717935e-02
3.426654551611824640e-01
-1.652149725220588006e-01
1.719329158182545392e-01
2.049240965474731502e-01
-6.790584279736797124e-02
3.443593784533886537e-01
-1.695442485866587301e-01
1.944481042520254110e-01
1.451313342445240406e-01
1.752244731856996973e-01
1.307222516591851624e-01
2.326393709629306916e-01
-8.865624307034204732e-02
2.702326462604872637e-01
-9.769157387477447885e-02
2.575367184901790063e-01
-1.036074553537505161e-01
2.196478481071339195e-01
1.664947777833308828e-01
4.581481507152081883e-02
3.095860319002374239e-01
-1.342344029929024574e-01
1.724561920342199961e-01
2.293651905084469478e-01
-8.309096212533384485e-02
2.545733489497851720e-01
-7.478921644877442598e-03
2.073967988815622054e-01
-6.084901206094263382e-02
3.410951993017264372e-01
-1.627323907253425128e-01
1.897889462099493496e-01
1.801963474817225852e-01
7.201838611740843388e-02
2.911377864460468201e-01
-1.211585007843744011e-01
1.949585882603471765e-01
2.083507651541217920e-01
-7.195077908438855807e-02
3.278463356956627939e-01
-1.726038306949990442e-01
3.206377521935914188e-01
-1.669238505139327977e-01
3.277576637029490092e-01
-1.688313061477219323e-01
3.016462767249581955e-01
-1.626597256317045548e-01
3.342084421545044592e-01
-1.571863178830625873e-01
2.044170605735257940e-01
1.335205103710779273e-01
1.827883680201956018e-01
8.958116453143789848e-02
2.719215691512392175e-01
-1.102442614346382521e-01
2.115990670342376700e-01
1.878850693823347351e-01
-2.852987799029514313e-02
3.407084104355777021e-01
-1.594685746339756238e-01
2.048984485166839287e-01
1.267177379518524272e-01
1.820160354164097050e-01
9.760929415203686843e-02
2.667927364136455926e-01
-1.067491068731062503e-01
2.146202358743809491e-01
1.772463909465969156e-01
6.297544487296642679e-03
3.286285683492915499e-01
-1.482203635056668078e-01
1.402577530385385463e-01
2.507266018420351017e-01
-9.563078010972220211e-02
2.336485358725416406e-01
1.010395227064956603e-01
1.346294400417894499e-01
2.317190891995835889e-01
-8.829589861111193649e-02
2.732053160739638664e-01
-1.123117690273323782e-01
2.666905017694132241e-01
-1.089585157459088960e-01
2.120725341006481357e-01
1.872959500893966733e-01
-1.870039895672225699e-02
