3.053493332058605514e+00
-1.557471051986972777e+00
2.897602918276996342e-01
7.481199620833995922e-01
-2.948606682456835215e-01
2.092187575486819662e-01
2.341482147718031426e-01
-7.700474045064643891e-02
2.735653576038495904e-01
-1.498566223518867924e-01
3.159492515672000512e-01
-1.394692001499669154e-01
1.666356112799286249e-01
2.093093600858447201e-01
-7.256740506727628326e-02
2.668051206108040252e-01
-1.440352515157360125e-01
3.111352568693878662e-01
-1.360677390945216336e-01
1.759394224619023894e-01
2.016642901068664562e-01
-6.908262304071279003e-02
3.061425733304056762e-01
-1.628623677837673367e-01
3.152009390356952934e-01
-1.653058324830680159e-01
2.673658680629352191e-01
-1.447151265796989272e-01
3.142028973895080179e-01
-1.370994681046352470e-01
1.699868630095635325e-01
2.063750208625418636e-01
-7.262035040450980083e-02
2.716063862803258511e-01
-1.484378479059422773e-01
3.175567927332580420e-01
-1.402859516540609641e-01
1.635318867597624626e-01
2.119495705592182866e-01
-7.338951148712447026e-02
2.654927442939550297e-01
-1.434902007333324625e-01
3.055337660969735802e-01
-1.315251220716641689e-01
1.814091353894611014e-01
1.936924426945963174e-01
-6.456960100026422344e-02
3.329420026620349971e-01
-1.698664745620654115e-01
1.963001424996399791e-01
6.819260747377925425e-02
2.400059203030271704e-01
-9.347848607432657220e-02
2.410074006091810772e-01
-4.713305739911690523e-02
2.367809488641195725e-01
-9.060613403855836967e-02
2.407199097244772656e-01
-5.091706772434188844e-02
2.396679854242187713e-01
-9.175186196398149585e-02
2.397002370934232240e-01
-3.652714440943817531e-02
2.367516374664269119e-01
-9.101370601851811737e-02
2.407596583963197145e-01
-4.739582258968308426e-02
2.411440375531365421e-01
-9.402447394468305131e-02
2.392036881487929478e-01
-3.359455218744773070e-02
2.307602038897423047e-01
-8.691316924354504370e-02
2.445691709003200709e-01
-6.841092226568068480e-02
2.502709084007188611e-01
-9.780323161207968297e-02
2.322706860822925656e-01
-2.196236516770463942e-03
2.085896777076270692e-01
-7.662164686098099642e-02
3.223192187186419422e-01
-1.666924213159313717e-01
2.394628846379195930e-01
-4.948781259916353037e-02
2.436062944640146055e-01
-9.426448331462733421e-02
2.366335214941290843e-01
-2.845056110141234301e-02
2.249045613255463705e-01
-8.451537718171811542e-02
2.476827707849038329e-01
-8.139042613615619925e-02
2.642557865129024908e-01
-1.059063874386955706e-01
2.224902047245816417e-01
5.887336725244916164e-02
1.724443528959465899e-01
8.416007810934023059e-02
2.645097047891820652e-01
-1.042781028345582534e-01
2.262844735846926136e-01
4.306318918757508912e-02
1.846859834999984573e-01
1.846981057115074099e-03
3.155524115968436627e-01
-1.371598750282568280e-01
1.737334394596430354e-01
2.019283111288886212e-01
-6.863082779830598223e-02
2.977788134818147858e-01
-1.609409323423385274e-01
3.312806925702621585e-01
-1.653000844539966319e-01
1.579120509944932360e-01
1.938597146666752591e-01
-6.521292549112704673e-02
3.391615094140925657e-01
-1.677904636672768457e-01
1.778520755128853714e-01
1.690619950154716999e-01
8.215975697811289669e-02
2.726325015504680871e-01
-1.085571210494455235e-01
2.205829409566624488e-01
7.684720842685215103e-02
1.616264029584730533e-01
1.412936472262330545e-01
1.904899518480701048e-01
-4.348185392820924644e-02
3.363462089324134596e-01
-1.570748759242829307e-01
1.740420742071514537e-01
1.588466958870624057e-01
1.384870655009147744e-01
1.995494404665904831e-01
-6.963146899073958951e-02
3.389376416841929363e-01
-1.677760676773497328e-01
1.779637338183060191e-01
1.685568768122084893e-01
8.482912687016859465e-02
2.700622637142146565e-01
-1.072194685032197559e-01
2.225439828279294763e-01
6.540285044867510944e-02
1.692297084826779319e-01
1.084954147359111082e-01
2.411122961368437345e-01
-9.208623984831793008e-02
2.407229975401126709e-01
-5.069616595545475835e-02
2.380278070746974228e-01
-9.112841764856953464e-02
2.403222482483114986e-01
-4.161780019493639682e-02
2.395665137859374350e-01
-9.264508818810519852e-02
2.389550332351263462e-01
-3.828700278405881147e-02
2.352651177216043832e-01
-9.119563003639287457e-02
2.425096701039050617e-01
-5.375082411460603560e-02
2.428252689970955835e-01
-9.328159836322985621e-02
2.375305301345388420e-01
-2.975951602942748797e-02
2.254008999225212695e-01
-8.519285826982328502e-02
2.467524021403242340e-01
-8.498035731092994094e-02
2.606183658317298701e-01
-1.032714338053944414e-01
2.257362714727880193e-01
4.424558422896478216e-02
1.842443427274680079e-01
4.545406686534608776e-03
3.140836937306665799e-01
-1.361271408295064989e-01
1.757975886958841327e-01
1.999085675952387009e-01
-6.766839516775938201e-02
3.088866376178430739e-01
-1.650852215378227905e-01
3.102006827393301025e-01
-1.627028631154326388e-01
2.954653496181415817e-01
-1.569292480976300919e-01
3.303145404717425793e-01
-1.661644826526740837e-01
1.814262878232701381e-01
1.577919858854083257e-01
1.334396810864971472e-01
2.105895781171901460e-01
-7.661665863506418594e-02
2.971891517726160115e-01
-1.604457614122359599e-01
3.319083653822547664e-01
-1.650507650464618226e-01
1.563302231772148443e-01
1.963391576214200962e-01
-6.838190503034294321e-02
3.364771538300359577e-01
-1.692869348117877759e-01
1.644585849019860879e-01
1.828467587095971847e-01
-9.038969281816956053e-03
3.257934600868261921e-01
-1.441733458807754054e-01
1.595360016068670395e-01
2.151939279571593033e-01
-7.577020371843817825e-02
2.633081459743920050e-01
-1.409414647818051369e-01
3.025667426416224215e-01
-1.288594375170303286e-01
1.868154940182748525e-01
1.893169506444080663e-01
-5.403614547061601214e-02
3.401702938575389967e-01
-1.659881551748450534e-01
1.969390398776257323e-01
9.527871866105575016e-02
2.023375030498369143e-01
-7.338891250093575180e-02
3.337322411404635703e-01
-1.695823663864870767e-01
1.971909038597847164e-01
9.190963211853632464e-02
2.099026417266141031e-01
-7.878802334583803746e-02
3.079987424145252950e-01
-1.639384735892345790e-01
3.114700991901097060e-01
-1.628118498167528128e-01
2.846467009338737864e-01
-1.543485602000261581e-01
3.349916979145542983e-01
-1.592799704201501854e-01
2.050564467945906189e-01
3.019278917405662094e-02
2.612197047324907873e-01
-1.034110265526586581e-01
2.268414743571085523e-01
3.592189850611265250e-02
1.888545384279119721e-01
-2.889710860057733560e-02
3.298373948415316281e-01
-1.482525561171144646e-01
1.500907058971462094e-01
2.251292219378786263e-01
-8.032072485852788379e-02
2.581270946412510536e-01
-1.284908576672477709e-01
2.893981549341859139e-01
-1.203946690056864055e-01
2.011590122123873003e-01
1.598448621574939388e-01
4.925153285521550323e-02
3.012157199277556985e-01
-1.258839840103711805e-01
1.938962471583114133e-01
1.790167446572757393e-01
-2.620562336681241805e-02
3.346233414387240757e-01
-1.534496315242144249e-01
1.375916303984497657e-01
2.343704105407484750e-01
-8.621474277526350316e-02
2.508945764664675671e-01
-9.290905075531352697e-02
2.694010982945188593e-01
-1.088234667474405892e-01
2.185744924858755711e-01
8.080550607915637507e-02
1.566578033523675639e-01
1.531823683457132768e-01
1.596711519076976504e-01
1.455812010446727034e-01
1.811937375950903317e-01
1.973393623200932201e-02
3.117721237684630831e-01
-1.344936944643294607e-01
1.799288769053324633e-01
1.962982641317949639e-01
-6.614954235443976094e-02
3.286978814033528207e-01
-1.681807532943527250e-01
1.774942995513741906e-01
1.925500525241768401e-01
-6.341229257424078891e-02
3.376004000900333368e-01
-1.686741384847558756e-01
1.560563284540153750e-01
1.974304776157700947e-01
-6.915712382275220060e-02
3.364573602042865708e-01
-1.675423793501865655e-01
1.547535670224363669e-01
1.991210791767030197e-01
-6.937026576045041137e-02
3.318092311169743569e-01
-1.695589396070520394e-01
1.435041678060516579e-01
2.269521945176327660e-01
-8.311131532520141252e-02
2.542024051534486073e-01
-1.105114228174344515e-01
2.802059336139923751e-01
-1.157763464060561770e-01
2.106542352332041734e-01
1.256050494155062092e-01
1.133094674221329506e-01
2.461315905512930224e-01
-9.378091316133028987e-02
2.390407282263374011e-01
-4.272386156286234193e-02
2.319103059333572636e-01
-8.828683991481148241e-02
2.436565699538489060e-01
-6.189850608363531986e-02
2.511780819007306542e-01
-9.901412833095034338e-02
2.331731974203904156e-01
4.150147109754045993e-03
2.077529587120872101e-01
-7.806517092300549465e-02
3.221691950909301716e-01
-1.678466584853296473e-01
2.453818915370046538e-01
-7.786101093789343786e-02
2.649124162930092119e-01
-1.065682585810988903e-01
2.236272574266890967e-01
6.016964970216519965e-02
1.706823029883573484e-01
9.336916679789342144e-02
2.554102213201748239e-01
-9.965350153218910378e-02
2.322243276732518791e-01
5.476671591720966292e-03
2.087726775059454698e-01
-7.790035497404459996e-02
3.196949047761258877e-01
-1.667654905422264189e-01
2.634521856505387949e-01
-1.432999033762859808e-01
3.093621831025795132e-01
-1.341002776023373089e-01
1.775018223990475208e-01
1.986526542233102988e-01
-6.704048169442441973e-02
3.219322747004241814e-01
-1.668759970108696922e-01
2.434881280851674545e-01
-7.125873110074164296e-02
2.559879930589770147e-01
-1.010567207347401741e-01
2.283784441373969132e-01
1.946495526018664907e-02
1.939873472207892247e-01
-5.075693735896722597e-02
3.367688334920568849e-01
-1.564902775437590488e-01
1.888963216245576338e-01
9.536053521633290619e-02
2.215590110032696625e-01
-8.181877462088861519e-02
2.512126001387027796e-01
-1.056818074691625170e-01
2.743456565716566598e-01
-1.111838278436621252e-01
2.150446606467474875e-01
1.021679261998131583e-01
1.413964791888207839e-01
1.939633172316469201e-01
-5.671309660736980479e-02
3.398490941144309829e-01
-1.621816295127838647e-01
2.050622825932921500e-01
2.606340499114952192e-02
2.611728920075767624e-01
-1.042379562814819832e-01
2.277009612022548868e-01
3.516388965668458544e-02
1.859201936845987779e-01
-6.666713426896102995e-03
3.230585970366191551e-01
-1.431402977787004926e-01
1.626017273108826544e-01
2.134714935355440379e-01
-7.478019776346042646e-02
2.646079956949221046e-01
-1.407030028397940613e-01
3.062486681968605295e-01
-1.325755144250747308e-01
1.827150929347511887e-01
1.944888428496779342e-01
-6.565183460962803474e-02
3.330612105378107923e-01
-1.684966303288216727e-01
1.994619403842325112e-01
6.265211449358049078e-02
2.314808604990633289e-01
-8.738136794584339118e-02
2.454039852168443114e-01
-6.939051530740483753e-02
2.559604079625464879e-01
-1.013963487905886474e-01
2.284239307191454904e-01
2.378719363596983050e-02
1.960880841164568678e-01
-6.475459050053630761e-02
3.401390620134027154e-01
-1.622592821858689915e-01
2.046898633945961887e-01
3.521410773873583089e-02
2.554111279905482701e-01
-1.006025668603882095e-01
2.304156056150647724e-01
1.237557268103709265e-02
2.025676831887908702e-01
-7.551761519600951045e-02
3.362414587631109009e-01
-1.684861316014198418e-01
1.665913551450619590e-01
1.773356103659834981e-01
3.844970085584087371e-02
3.024328702654928147e-01
-1.267277922599504281e-01
1.922774989158505532e-01
1.820331616545449172e-01
-3.523601080307875444e-02
3.374881470955022889e-01
-1.567383868503995636e-01
1.756555827549111659e-01
1.518942526410680394e-01
1.573151457209780446e-01
1.508835118524641528e-01
1.673240579461106048e-01
1.193433506037657604e-01
2.321347234283692440e-01
-8.895342089957357368e-02
2.466353001467119221e-01
-7.607018542358898183e-02
2.555599360414353427e-01
-1.003309382811442274e-01
2.289770060130371654e-01
1.950659936464563260e-02
1.961461006040884636e-01
-5.767089478532563818e-02
3.387533946077008751e-01
-1.616747934281625998e-01
2.058220703776794669e-01
1.581548223451276908e-02
2.679990371286984363e-01
-1.066737278399498556e-01
2.218285235505050579e-01
6.172374284041684533e-02
1.661277589439481284e-01
1.281699656086291716e-01
2.182076818191357181e-01
-8.227679705440023306e-02
2.534350006294037727e-01
-1.091149554244885689e-01
2.778881976374957263e-01
-1.131679905731108049e-01
2.114830090564938925e-01
1.148185396304318984e-01
1.242888199941040855e-01
2.333812037667473138e-01
-8.857746843560559968e-02
2.451293756606358065e-01
-7.173856656052335357e-02
