3.201638768452286676e+00
-1.341562740097935968e+00
7.166636204405094634e-01
-6.802619018812856577e-01
-4.684573754150597041e-02
4.443486323057104781e-01
-2.154607061261741008e-01
1.537380346074364301e-01
1.005514543782683318e-01
1.238673403723233729e-01
1.362407173683517492e-01
7.965436643263451577e-02
2.294859883934506350e-01
-8.291953342661427528e-02
2.779439916804171129e-01
-1.462585603284711766e-01
1.299382848636920773e-01
1.462394203553591954e-01
-7.765286228108516167e-03
3.108560084927963207e-01
-1.305608768107758277e-01
2.337722471800690038e-01
-1.269464531167186772e-01
2.144237034778208595e-01
-1.097248421517948991e-01
2.492171322542921230e-01
-1.297260902187559461e-01
1.520949168004845919e-01
6.009062775150674635e-02
2.105938689638625627e-01
-7.403079596686536201e-02
2.818523593534124627e-01
-1.463668898534554730e-01
1.348541573418740314e-01
1.357175700005375518e-01
5.861382420269049820e-02
2.590172887960793813e-01
-9.698769497933942829e-02
2.691540202826844808e-01
-1.431350572892182982e-01
1.627886450198849366e-01
-5.813110481258539075e-02
3.207503551827743382e-01
-1.391706936301896069e-01
2.155673337445167259e-01
-1.155406177698153763e-01
2.986400534618947611e-01
-1.488025034121991663e-01
1.561183305016570488e-01
4.820073219323199598e-02
2.157129351635449221e-01
-7.623098163633411362e-02
2.808314036198466535e-01
-1.461142944705337010e-01
1.336872548190088938e-01
1.384928812353560801e-01
3.998590816763986783e-02
2.773204072288298905e-01
-1.070602487122494506e-01
2.607809469503087341e-01
-1.397054747172798705e-01
1.707850534865077430e-01
-7.121475933331330999e-02
3.203229059535775414e-01
-1.511211307845780061e-01
1.779273723254838069e-01
-6.161279977960783250e-02
2.942649931848357880e-01
-1.177976235296763069e-01
2.470027410331596951e-01
-1.334232991410667368e-01
1.598429223943824140e-01
-4.079221071438696861e-02
3.123804133954063977e-01
-1.298077362095631793e-01
2.315112949848372459e-01
-1.268673966866007974e-01
2.265654191813908924e-01
-1.169193285755571049e-01
1.662245420191926504e-01
-2.053271807174590971e-02
2.784075090988470946e-01
-1.076023043783375377e-01
2.577820397843401667e-01
-1.383855984687036855e-01
1.686354662557961737e-01
-6.940486100479548170e-02
3.241797395554318895e-01
-1.483928283615031374e-01
1.904645352473941233e-01
-1.004572051866335358e-01
3.174945786971298811e-01
-1.363594560760097718e-01
2.194678509929681720e-01
-1.201692114389975030e-01
2.855877414435160078e-01
-1.446509087850429975e-01
1.503962734289279735e-01
7.824687561169590966e-02
1.881094784965479383e-01
-6.414162160378855670e-02
2.838149930610340821e-01
-1.461216198598487281e-01
1.410145655939789577e-01
1.185060103793360159e-01
1.230773267511654639e-01
1.438973728102411753e-01
9.856650242249978544e-03
2.957719508943489894e-01
-1.180751036480564981e-01
2.472369510575840590e-01
-1.350134256942053246e-01
1.621437818791665597e-01
-4.663936292072282108e-02
3.157416755032353972e-01
-1.355402514725939922e-01
2.252710303648060020e-01
-1.220377392864521737e-01
2.644697337723764252e-01
-1.355774426190026194e-01
1.497195843316063146e-01
7.851683084660776579e-02
1.844493821987403803e-01
-6.193663274448560352e-02
2.849110711229754234e-01
-1.474625182622670005e-01
1.426271376635435684e-01
1.189196842530441944e-01
1.265029179667535031e-01
1.257046406051069432e-01
1.273899520411104491e-01
1.267742494650833107e-01
1.258959732654626740e-01
1.283771282750801879e-01
1.247056031546631971e-01
1.352247241262236888e-01
7.482129926065898828e-02
2.324726544538786577e-01
-8.270523377547539523e-02
2.766879275526309967e-01
-1.450106344610651021e-01
1.304805099177403782e-01
1.457488356128475715e-01
-1.644744998468335162e-02
3.144566790527853484e-01
-1.318725110485307050e-01
2.290875607746398201e-01
-1.235578941635117195e-01
2.401306657933185984e-01
-1.248625673827563759e-01
1.569781930610012477e-01
3.129062204849591966e-02
2.376358400251984693e-01
-8.639576010298827269e-02
2.755689608962904602e-01
-1.449345417422285842e-01
1.300696641171174561e-01
1.431154833697303175e-01
4.479886315573028410e-03
3.044647835259099433e-01
-1.247129506454500159e-01
2.415633294972445999e-01
-1.304404004615803414e-01
1.512523624173368886e-01
5.964433397421229494e-02
2.080242437486921336e-01
-7.170520612605621458e-02
2.814895982479240222e-01
-1.455839295040722015e-01
1.364311226476698502e-01
1.350124887559536191e-01
6.508744176382620650e-02
2.474084738897171787e-01
-8.979926294433573930e-02
2.724988090913254002e-01
-1.436992764248746224e-01
1.494038450253663552e-01
3.636844083226215690e-02
2.535497655339127299e-01
-9.313325660424937036e-02
2.699298552099375637e-01
-1.444293619541876517e-01
1.590494001137661151e-01
-2.742931362827707650e-02
3.054697927955820069e-01
-1.262478584380811730e-01
2.391532940661103279e-01
-1.294646208096966178e-01
1.708605739050413352e-01
-5.311861537394781813e-02
2.944830973365659688e-01
-1.177041322854120164e-01
2.473168944420868764e-01
-1.334554321880015437e-01
1.610834033999667125e-01
-4.662499086924287717e-02
3.141880149730621463e-01
-1.328538737429346139e-01
2.265309797417799920e-01
-1.238635814250606121e-01
2.566059318900263397e-01
-1.322687922057628473e-01
1.508745099941039558e-01
6.452049989732847046e-02
1.990059620620471259e-01
-6.813850656001391171e-02
2.826788102123352076e-01
-1.458114880762549359e-01
1.385619639206721321e-01
1.285596496857225879e-01
9.484406252840381357e-02
2.049641307091356057e-01
-7.038072393445561625e-02
2.822569654221621094e-01
-1.459510716700633259e-01
1.370960619545274761e-01
1.327991298928454245e-01
7.544852388393304132e-02
2.337636073545073245e-01
-8.340171642059290846e-02
2.763611057484346434e-01
-1.450196153161896206e-01
1.300379369804806617e-01
1.465060002579963438e-01
-2.207107614959574055e-02
3.173316451441420272e-01
-1.347273783793493940e-01
2.246110848530250281e-01
-1.210823818063190283e-01
2.645568220332055187e-01
-1.366637672366497192e-01
1.486519948760024190e-01
8.174339268076707965e-02
1.858157384113361676e-01
-6.347941836169826435e-02
2.854857012909328140e-01
-1.462917516801237883e-01
1.414110157578195581e-01
1.158117593393956229e-01
1.277757268389546896e-01
1.260008537607332224e-01
1.290055707840783716e-01
1.162088214419366439e-01
1.657584133187925135e-01
-5.482156749864820072e-02
2.863398203573446765e-01
-1.454232464274534675e-01
1.473292623191090056e-01
9.280519548574672761e-02
1.647127034453899075e-01
-5.362141203345770213e-02
2.864852791425649414e-01
-1.469350563660592190e-01
1.484525955970760203e-01
9.269051743002293398e-02
1.660427278262676942e-01
-5.401663380458814057e-02
2.867428337509677627e-01
-1.463258191071488135e-01
1.461269909979500126e-01
9.880809572013440900e-02
1.617249827916635574e-01
-5.388874755701996561e-02
2.874929967011792820e-01
-1.453629469034215804e-01
1.481198629805233757e-01
8.668889751643107933e-02
1.710809299906211611e-01
-5.647525397363979682e-02
2.858480382613133308e-01
-1.450125536456975672e-01
1.463582158840818770e-01
1.004176376455230557e-01
1.544913808653373688e-01
-4.985537651280932958e-02
3.213297776457363919e-01
-1.519658430498437018e-01
1.804927577800199967e-01
-6.806430406140642764e-02
2.962623342122144843e-01
-1.201526228852479034e-01
2.460741289310431068e-01
-1.329778156626592045e-01
1.543550880093167155e-01
-1.100033105446150336e-02
2.909246887298322370e-01
-1.149796777473335030e-01
2.507923540997341605e-01
-1.351975883513173993e-01
1.667761788301329873e-01
-6.690006670479234363e-02
3.230287545818634753e-01
-1.454277413058095159e-01
1.999518749971979648e-01
-1.072501416546618319e-01
3.222476340866141653e-01
-1.463731933335811752e-01
1.951938642812401925e-01
-1.044767643350520414e-01
3.214153055165248629e-01
-1.427571776429769623e-01
2.061758626640656789e-01
-1.096796500602987973e-01
3.172234020037147384e-01
-1.507702131477485219e-01
1.766289950341755066e-01
-5.996049519558778462e-02
2.917807295439246440e-01
-1.169462959623816523e-01
2.495944877704085185e-01
-1.345475165390200289e-01
1.601627894469753732e-01
-4.637096714976207679e-02
3.144156821012333847e-01
-1.324249709260116870e-01
2.277341881434912230e-01
-1.228570184271306903e-01
2.470643764638284223e-01
-1.285107932669231623e-01
1.535037962920100529e-01
5.198191274085851854e-02
2.186053335701810263e-01
-7.757192048200906020e-02
2.802974604344417031e-01
-1.461257400420893360e-01
1.329055184633506637e-01
1.396843336146872672e-01
3.072302384732745334e-02
2.852197909697242184e-01
-1.118464070097338059e-01
2.561516511241584415e-01
-1.376907322907390263e-01
1.695763631249123660e-01
-7.069890550379541450e-02
3.224296136002955393e-01
-1.502829136338603710e-01
1.836875553469646816e-01
-8.292180916644195654e-02
3.072628792287903643e-01
-1.275359135479269546e-01
2.343696685800367718e-01
-1.268753405096093578e-01
1.995155520520231485e-01
-1.019862010906684990e-01
3.130789427237158917e-01
-1.505687068215264268e-01
1.685501901444038664e-01
-2.344975539935367781e-02
2.647441641955251557e-01
-9.946401835621890286e-02
2.647605711020042385e-01
-1.408938888620401841e-01
1.650227666324049769e-01
-6.169396793246642585e-02
3.218243570400579068e-01
-1.417237438838596653e-01
2.089989359175372374e-01
-1.127956245054622386e-01
3.147995527548382855e-01
-1.500911689998482013e-01
1.724620213738967400e-01
-4.313233491774825373e-02
2.782123908120675004e-01
-1.071136853182578508e-01
2.580657264345154744e-01
-1.380594687712877466e-01
1.688783941035841840e-01
-6.901895195781364289e-02
3.227945284579707419e-01
-1.479515033172059124e-01
1.909453048438821132e-01
-1.002591649102303195e-01
3.179738963290332232e-01
-1.363437048843815225e-01
2.191575804680023498e-01
-1.194835719086129733e-01
2.880246005266952070e-01
-1.451090670673117478e-01
1.512621968296153363e-01
6.804091487490744605e-02
1.907121684931484817e-01
-6.474909609980315783e-02
2.837876048634047632e-01
-1.458171854533908129e-01
1.406144355166671078e-01
1.215687080187341784e-01
1.171662321904954895e-01
1.562487567607580563e-01
-5.097510301528697385e-02
3.189613084921418262e-01
-1.509783277705847859e-01
1.758510960281520208e-01
-5.485463835605209476e-02
2.851803423245908853e-01
-1.118578998878093506e-01
2.532364868229970423e-01
-1.378129255538328990e-01
1.675960069309112843e-01
-6.602198776155447646e-02
3.235583270483537444e-01
-1.473913153840154533e-01
1.995506870227561624e-01
-1.058036508938596104e-01
3.212826358783806846e-01
-1.449068635705853814e-01
1.981689835858357063e-01
-1.053104539095005843e-01
3.209681578939040936e-01
-1.443562818403989756e-01
2.004720465658615114e-01
-1.073872609583160082e-01
3.222526070198526438e-01
-1.468673569626340880e-01
1.934200953887162400e-01
-1.031321696852739167e-01
3.204459365939850701e-01
-1.406825394258263695e-01
2.109681735646602996e-01
-1.126297597038045106e-01
3.094470861391059313e-01
-1.507922182106109510e-01
1.652553485582173298e-01
-2.368823430402502636e-03
2.546990709275447906e-01
-9.516170146123807683e-02
2.696685334326044403e-01
-1.431063840599203218e-01
1.571537411757906455e-01
-2.885244648216216817e-02
3.039464492560139952e-01
-1.237200004475722259e-01
2.402172489756032592e-01
-1.296167214901527420e-01
1.513345255303761294e-01
6.471029863751832922e-02
2.035914706614129488e-01
-6.983585593791755142e-02
2.822491829139979758e-01
-1.473794127475764604e-01
1.378284055597147062e-01
1.339051559936833280e-01
7.867687533348136086e-02
2.309855311572776015e-01
-8.189372212020136488e-02
2.772162826488223653e-01
-1.467397894817060178e-01
1.311917329933536547e-01
1.466275402692385210e-01
-1.546391253235821633e-02
3.138947868122849982e-01
-1.317258912164776530e-01
2.287473486643615272e-01
-1.248482882872962996e-01
2.459710786629186186e-01
-1.267720565807041733e-01
1.550246409990824747e-01
4.087548132695185965e-02
2.240279426348923131e-01
-7.887063481765621553e-02
2.782348466855315561e-01
-1.450499251016985069e-01
1.326337746817292107e-01
1.423721697711605172e-01
1.043166478455892845e-02
2.975589139741243172e-01
-1.186490402609722272e-01
2.469567616505099206e-01
-1.329669379098449289e-01
1.632954188269703510e-01
-5.474587596390453198e-02
3.189552942067962471e-01
-1.374284717741171280e-01
2.180140614195492654e-01
-1.183321768715622502e-01
2.921213253080956473e-01
-1.464315297615338962e-01
1.537903306754792587e-01
5.821908881101116318e-02
2.016958366055824903e-01
-6.886791372078160389e-02
2.825554901714102951e-01
-1.480111171135176373e-01
1.381732659894495119e-01
1.309894143920886656e-01
8.773024189295008934e-02
2.178330895471654594e-01
-7.560766761935312774e-02
2.802354496812632934e-01
-1.479345796770878962e-01
1.341765006548199801e-01
1.398362801292313551e-01
3.244881028679655333e-02
2.805299879986416500e-01
-1.076711631243981726e-01
2.584580565936046015e-01
-1.407504040695924941e-01
1.718085042420968434e-01
-7.039757962079604137e-02
3.188482512092338794e-01
-1.503453715124982992e-01
1.776255198131300173e-01
