2.371002737170863295e+00
2.946428424951076375e-01
-6.334871592640519689e-01
9.946768544092643438e-02
4.690153339350581763e-01
3.711631665287482562e-01
8.532461956910347700e-02
3.654529186459959944e-01
3.098450771404854809e-01
2.613104961999328513e-01
3.123803419378212709e-01
2.924153558880995263e-01
2.899202689582263126e-01
2.977816489633504649e-01
2.936072989578295545e-01
2.947271229971111794e-01
2.955204555847836811e-01
2.950940586631968232e-01
2.935366327529457808e-01
2.937022373657596774e-01
2.940771906082472742e-01
2.940585882430030717e-01
2.943759565117151089e-01
2.947803253194721806e-01
2.947399268650331972e-01
2.950843286988845682e-01
2.952841247928816304e-01
2.935105985435503273e-01
2.937008202189600459e-01
2.938305132319488089e-01
2.944713774953742202e-01
2.940965556088822597e-01
2.946465479221028749e-01
2.948431641237428402e-01
2.949376494228180268e-01
2.953426497982328258e-01
2.934160261202369835e-01
2.936062631779115528e-01
2.940188145129639108e-01
2.939432582050807152e-01
2.945605576987456176e-01
2.943629449536225851e-01
2.947515584452776172e-01
2.950942661725214911e-01
2.953574071551540725e-01
2.931580748287063720e-01
2.937353964119240324e-01
2.939244912157910061e-01
2.940368415545343006e-01
2.941918457776031559e-01
2.946683997098210606e-01
2.947232722402972072e-01
2.947621779986859258e-01
2.953667469274787183e-01
2.931127928592189291e-01
2.936538299439876432e-01
2.939254789486040464e-01
2.939844353144792644e-01
2.942980379685792847e-01
2.943513543570321356e-01
2.948551263909417464e-01
2.949404124079581524e-01
2.948649763134624791e-01
2.954970392649049482e-01
2.936053427603437238e-01
2.938429393290179492e-01
2.938869690094350062e-01
2.941111179278397270e-01
2.946587783211885303e-01
2.945588438425538746e-01
2.947969910964616802e-01
2.951797505334291527e-01
2.953045671199533428e-01
2.933606210618555088e-01
2.939583592016304925e-01
2.939057832517407154e-01
2.942293273129480413e-01
2.943894038754039100e-01
2.946538943748864270e-01
2.948412605242156093e-01
2.949694846698678319e-01
2.954105122263546712e-01
2.933611796520917969e-01
2.937068418970483763e-01
2.940942956679054587e-01
2.939392213928677111e-01
2.943693323219735980e-01
2.946267668370789461e-01
2.948331535683110238e-01
2.944792316893812822e-01
2.957412451362416150e-01
2.933350976216717587e-01
2.935588196128590677e-01
2.940504710826513102e-01
2.939976508627329399e-01
2.944000105329900308e-01
2.945442735466080597e-01
2.947958890912758534e-01
2.948703443811363512e-01
2.953003092728192502e-01
2.934007976572184373e-01
2.938404829841785859e-01
2.937148516832965850e-01
2.941269025227924994e-01
2.943571724092320929e-01
2.944081231046591918e-01
2.947908009838165477e-01
2.950166898786695802e-01
2.951778811629293120e-01
2.932914743547578862e-01
2.937015823993467944e-01
2.938643496889763451e-01
2.939232772459245413e-01
2.943232113326564314e-01
2.944509673980530984e-01
2.947468212471885951e-01
2.948107109427849926e-01
2.952351211307402412e-01
2.953874208408742708e-01
2.935281156691120219e-01
2.937361220821873009e-01
2.940351191630037886e-01
2.942666596340291485e-01
2.943136509180077076e-01
2.947039015642982651e-01
2.949458709737829420e-01
2.950037569306468987e-01
2.954816755681944351e-01
2.933599906875592467e-01
2.937835384950419071e-01
2.940044321235872893e-01
2.940850042248541185e-01
2.946614539162495383e-01
2.943170685088363769e-01
2.950514351257885193e-01
2.950151923688090760e-01
2.952994794447042493e-01
2.934620681066306691e-01
2.937630070986224085e-01
2.939087532761098243e-01
2.940546888780549706e-01
2.945258284779318503e-01
2.944180709016719355e-01
2.949378596292249188e-01
2.950110809996281391e-01
2.951791427114207056e-01
2.934690416094843934e-01
2.937717381953781626e-01
2.937496698189965283e-01
2.941602054002211419e-01
2.943830134937480136e-01
2.945483279865526716e-01
2.945821549146243057e-01
2.951767881558932660e-01
2.952229402416267634e-01
2.933196052163680179e-01
2.938178892485233673e-01
2.937692382487253617e-01
2.940871595585598519e-01
2.942971102324525856e-01
2.944998704534671496e-01
2.948057707632331659e-01
2.949071448984522115e-01
2.952435434421608607e-01
2.932872165612183668e-01
2.935936920356450042e-01
2.939168374607119549e-01
2.940169576209108460e-01
2.942832449448156695e-01
2.945186744780536880e-01
2.946813655405993160e-01
2.948831912721839865e-01
2.952219614050107799e-01
2.955172261151654545e-01
2.933709267693361267e-01
2.938929310256126470e-01
2.938558721621937764e-01
2.941847773632228491e-01
2.946264150113490632e-01
2.945099006783786777e-01
2.949631149700518984e-01
2.952326526888819358e-01
2.951706923247052194e-01
2.935368360877493865e-01
2.937559370411981785e-01
2.939713759662543890e-01
2.941613205652033880e-01
2.946119197114387411e-01
2.944232178015915302e-01
2.949070573219697011e-01
2.947293133357190564e-01
2.955839662839424564e-01
2.934913966371447414e-01
2.936337368561224848e-01
2.940602224463353953e-01
2.940035020494766727e-01
2.945176271848001792e-01
2.945459882190704648e-01
2.948343538813654741e-01
2.950351787731241293e-01
2.953015366201767189e-01
2.933540544469457334e-01
2.937910098623235378e-01
2.938975409096983293e-01
2.940038846077962509e-01
2.943459789774459656e-01
2.946867308911100269e-01
2.947055791190765772e-01
2.950643755423139059e-01
2.952221047841077639e-01
2.934628754869978429e-01
2.934741061962535813e-01
2.940142567088429026e-01
2.939938800607263536e-01
2.943329781654910882e-01
2.945611546078209519e-01
2.948021464115764267e-01
2.948512952331487913e-01
2.954741702783519886e-01
2.930426571133513125e-01
2.937603100404040934e-01
2.937899248678765285e-01
2.939470728175046510e-01
2.942456186671298934e-01
2.946328673215661831e-01
2.944365194660817919e-01
2.951410428219312654e-01
2.951563087604567315e-01
2.953181462112847155e-01
2.935845291616205888e-01
2.937102629659854580e-01
2.941049475809655589e-01
2.940464038232991628e-01
2.945783964438247748e-01
2.946621570828107939e-01
2.948292280458379433e-01
2.950639440115592205e-01
2.954234696121136317e-01
2.929529765863728152e-01
2.942437622803771857e-01
2.938431376471986045e-01
2.942774401858267441e-01
2.943449749767907964e-01
2.946115637986435054e-01
2.948490639694573701e-01
2.950847961589223023e-01
2.952798246420679229e-01
2.935336165882735937e-01
2.937350220483770924e-01
2.938711064934163564e-01
2.941672941046363787e-01
2.944311321171524387e-01
2.945137024210122689e-01
2.949350283253781568e-01
2.950259508880304637e-01
2.951672730474395046e-01
2.936095114516577564e-01
2.935381627434683893e-01
2.938687998635999832e-01
2.941403269035292589e-01
2.943620764045004057e-01
2.945160915665714363e-01
2.948599934574568371e-01
2.949765642577567570e-01
2.952732390891159575e-01
2.933310557410876984e-01
2.937361994294020451e-01
2.938639746018744670e-01
2.940976059836969969e-01
2.942590490589496177e-01
2.945225223516769186e-01
2.947087635582245069e-01
2.950719684050486236e-01
2.951861337932529250e-01
2.933718981190035491e-01
2.936091301792570496e-01
2.937864397517479520e-01
2.941145723540474211e-01
2.942517009674973649e-01
2.945004252900717545e-01
2.946762500718797528e-01
2.948607240160661114e-01
2.952561493437870777e-01
2.953945901480750091e-01
2.935511332345186464e-01
2.936722962839358186e-01
2.941367411982192537e-01
2.939822633596612111e-01
2.945759676716018793e-01
2.946917063463595499e-01
2.946736849660557822e-01
2.952124650622820479e-01
2.953362944369495868e-01
2.935642482508861728e-01
2.936607809518718137e-01
2.939972513445890945e-01
2.943127437441139804e-01
2.943789276083458861e-01
2.946680062880022155e-01
2.948735101072604281e-01
2.950221615432676026e-01
2.952871748491147641e-01
2.935969818793496278e-01
2.930980414747502705e-01
2.945148851314736138e-01
2.939363271271091538e-01
2.943647672523258541e-01
2.947140544380724148e-01
2.947849646120455636e-01
2.949140812079963370e-01
2.954330719495102398e-01
2.933757886206379562e-01
2.931072605406420672e-01
2.947303466068134647e-01
2.936938908182369357e-01
2.943448052870591969e-01
2.946432175285579880e-01
2.947918106337719668e-01
2.949997789693093453e-01
2.952435040890666884e-01
2.936144918904932122e-01
2.935028972260637636e-01
2.939015180240843739e-01
2.940259959532360856e-01
2.943612514147161408e-01
2.944911140063755650e-01
2.947206947437865932e-01
2.949485016326763298e-01
2.951772056853989579e-01
2.933640686372248063e-01
2.937267197695215271e-01
2.937077531561904098e-01
2.941297489808777921e-01
2.942499574187190658e-01
2.945269807139467289e-01
2.946689666387417583e-01
2.949506521692004668e-01
2.946225257490857063e-01
2.959000607377854086e-01
2.933613960941793830e-01
2.937359311757767877e-01
2.941899469447443738e-01
2.943464242941754572e-01
2.943159028753720152e-01
2.946753374082009547e-01
2.949629370059165812e-01
2.950769358605480064e-01
2.953469633180239584e-01
2.935573747797309840e-01
2.936595501556699128e-01
2.940787529375013531e-01
2.941563560653570608e-01
2.943247066860796290e-01
2.947134038690170099e-01
2.947920554307011942e-01
2.951959452904378001e-01
2.952791884047451521e-01
2.934942725808625807e-01
2.938002190123920609e-01
2.939202476789949392e-01
2.940687308193368210e-01
2.943734363272627053e-01
2.945290189151210103e-01
2.950079664817085168e-01
2.948226340683169910e-01
2.955813980085991166e-01
2.932888519911683867e-01
2.936697474686097431e-01
2.939967910737935619e-01
2.941416423813661418e-01
2.943809303162589486e-01
2.945280620005504280e-01
2.947859529999115602e-01
2.950375541648983524e-01
2.952533018404848719e-01
2.933928425270041496e-01
2.935675043577887222e-01
2.939780097510220069e-01
2.940939340424705839e-01
2.942073387445586219e-01
2.948930533003893961e-01
2.944504813439293156e-01
2.951458930720293750e-01
2.951601872936014392e-01
2.933209897009887990e-01
2.937650066698031526e-01
2.937843716801675775e-01
2.940793778959418514e-01
2.944824343879330897e-01
2.943095445608621130e-01
2.948024793307499891e-01
2.949058691521131426e-01
2.951348870360033239e-01
2.953988428071063210e-01
2.935450643542616422e-01
2.938251535144437709e-01
2.940231969052298222e-01
2.941364084554632941e-01
2.946343754379071589e-01
2.945422556641237311e-01
2.949981088470609025e-01
2.950855298589796782e-01
2.953491234925086917e-01
2.936105913618705099e-01
2.938023654674918328e-01
2.939730285138111299e-01
2.941628172414956222e-01
2.945308057632246013e-01
2.945805482881123649e-01
