2.767764830491236339e+00
-1.698799708919439766e+00
-1.892988821007023370e-01
5.804677701186816696e-01
-2.306579619672760872e-01
-1.017751400455070288e-01
2.637000276819497779e-01
3.124319049964839889e-01
-1.207921351116753167e-01
3.211027433783916751e-01
2.375236316107304790e-01
-3.058738509742669337e-02
3.582165798901262299e-01
-1.636971790986639641e-01
3.313247750136924519e-01
-1.302295522864790889e-01
3.416282872367577550e-01
-1.504380086346098766e-01
3.404643610833150702e-01
-1.451206839022341488e-01
3.410739781666586312e-01
-1.499145562036366119e-01
3.401001295848501416e-01
-1.470733169979674682e-01
3.405262215364836531e-01
-1.440498612469642281e-01
3.397329932939196495e-01
-1.490962797609249879e-01
3.402250745825393108e-01
-1.461515078712445626e-01
3.409333434405383834e-01
-1.434652836192854830e-01
3.398563152685676325e-01
-1.480235890944496535e-01
3.404411828765489534e-01
-1.453861792705273270e-01
3.412277902578106925e-01
-1.500222288783353286e-01
3.399625151534040879e-01
-1.471165708437837949e-01
3.408554073502071402e-01
-1.445931277183553076e-01
3.395756028087198453e-01
-1.488680785287836983e-01
3.401530994858992796e-01
-1.461240305292408059e-01
3.408194016590530562e-01
-1.432370524519244459e-01
3.398078055275343679e-01
-1.482065140496841571e-01
3.406955479582303714e-01
-1.457517705728820501e-01
3.411776045914164945e-01
-1.500209369327170084e-01
3.399670451057817400e-01
-1.471496852725866500e-01
3.405538836568973160e-01
-1.441790856221231709e-01
3.395961593334425044e-01
-1.491998336677378689e-01
3.403944171469431290e-01
-1.465230591643309488e-01
3.407090836063271233e-01
-1.431829258165390195e-01
3.397095380967530276e-01
-1.479728694778250919e-01
3.405878084208637802e-01
-1.457148664045551656e-01
3.410746631142927421e-01
-1.499334315455661537e-01
3.399472447141592135e-01
-1.471025546054340327e-01
3.406908674007427806e-01
-1.444678646974235925e-01
3.393026383157700110e-01
-1.486461954707128941e-01
3.401391221953055100e-01
-1.462833408474251695e-01
3.408300381680370306e-01
-1.434626471093823630e-01
3.397383640966639695e-01
-1.481460789969304415e-01
3.404982440521171494e-01
-1.455636663464021097e-01
3.411479877047262077e-01
-1.501975628420309794e-01
3.398879386321330132e-01
-1.471631570754921292e-01
3.405193786313758242e-01
-1.443473664388560396e-01
3.396013672517441684e-01
-1.491972998459686062e-01
3.401229351436361181e-01
-1.462924212691141812e-01
3.408134286037968752e-01
-1.436991955239541596e-01
3.398301543298097860e-01
-1.482646095863257574e-01
3.402810938189030354e-01
-1.453534015092625142e-01
3.409609480147411387e-01
-1.499496713463630282e-01
3.399617064740766414e-01
-1.473295889571969719e-01
3.405903852246195407e-01
-1.446027810402729097e-01
3.395758206894550768e-01
-1.491661125575237390e-01
3.398483988633318464e-01
-1.459289251592883752e-01
3.407970911324950114e-01
-1.436036584022145068e-01
3.398331389789729928e-01
-1.483819942337506470e-01
3.403581012784135384e-01
-1.454497364846533969e-01
3.410768796521087554e-01
-1.503091854737935440e-01
3.400093168440741498e-01
-1.474406408720075057e-01
3.406398597696156938e-01
-1.446287518669693850e-01
3.393966723700558297e-01
-1.490454144407130643e-01
3.401201084415567122e-01
-1.465443072134371139e-01
3.408538175557944139e-01
-1.438627153961883343e-01
3.395768832351924726e-01
-1.480159406460891114e-01
3.402947260097584636e-01
-1.456016848292904231e-01
3.408983110698309837e-01
-1.499478942519620051e-01
3.397274758958348517e-01
-1.471513369279069949e-01
3.405804867260903146e-01
-1.446244734650608821e-01
3.412587815746567776e-01
-1.494120372836926502e-01
3.402064796853564443e-01
-1.465772133826124257e-01
3.409156693238325486e-01
-1.438786603796116947e-01
3.396341779508970649e-01
-1.483354658293631889e-01
3.402885797209553864e-01
-1.455924251597345842e-01
3.410912501704936317e-01
-1.502066193020384910e-01
3.399589372021132871e-01
-1.477016843364366838e-01
3.406576436078831982e-01
-1.447843059127329746e-01
3.409640130102130073e-01
-1.491269553564093520e-01
3.401392990296280838e-01
-1.467158688127355448e-01
3.407726979678664114e-01
-1.437553645314242623e-01
3.397052974022866656e-01
-1.484154696167089005e-01
3.403702283691940056e-01
-1.458359486124697624e-01
3.410920005380095321e-01
-1.505217634268610771e-01
3.398630490475892385e-01
-1.475218289468453181e-01
3.406291209332856229e-01
-1.449300324396797512e-01
3.411650711611664555e-01
-1.494544198122283174e-01
3.401360271546030045e-01
-1.468332485209834226e-01
3.408191561143824599e-01
-1.438950412474372109e-01
3.396533758215258270e-01
-1.485161665526661123e-01
3.402527965523561848e-01
-1.457318476899601423e-01
3.410070400966508930e-01
-1.503999643447790358e-01
3.399833421689252844e-01
-1.478518189735523458e-01
3.406614147031659656e-01
-1.451453785819343811e-01
3.412799215299849309e-01
-1.496699922884714984e-01
3.400134418597964281e-01
-1.464551985109736887e-01
3.408570926275142909e-01
-1.441726721247717224e-01
3.398200122640648857e-01
-1.489015249661193030e-01
3.404857421610095747e-01
-1.461088665947674059e-01
3.409985971349089318e-01
-1.504273220227925756e-01
3.398730261311091461e-01
-1.476293939478237893e-01
3.404626070509877978e-01
-1.449350662557365443e-01
3.411785711538198873e-01
-1.496051896213291821e-01
3.400868125451614876e-01
-1.466515390053910461e-01
3.406996653984546986e-01
-1.439509462930437800e-01
3.396999173340403688e-01
-1.488114873186351939e-01
3.404086803535762429e-01
-1.460376547175184225e-01
3.409370811321893457e-01
-1.505074940397485295e-01
3.398181754560551937e-01
-1.477348262514193156e-01
3.405298723619051282e-01
-1.451370379697800306e-01
3.411657501069046972e-01
-1.496295873035588253e-01
3.400299136868829564e-01
-1.468864629675239453e-01
3.407842939042348696e-01
-1.441759282601050018e-01
3.397772821533659449e-01
-1.488440972248644134e-01
3.402830907145902306e-01
-1.458811959728445184e-01
3.408338218489790905e-01
-1.504293630772040868e-01
3.398750909618443727e-01
-1.478160890046190667e-01
3.407007976500276980e-01
-1.455041484339227309e-01
3.412680297732935686e-01
-1.498426693658621300e-01
3.400402094432314337e-01
-1.468502982365612330e-01
3.406793700792334345e-01
-1.441416909753562847e-01
3.396792459087377147e-01
-1.488305580364332470e-01
3.402999783165436276e-01
-1.462062640433134386e-01
3.408706586185833998e-01
-1.503334067516713668e-01
3.397034564657477884e-01
-1.474875295890170634e-01
3.405188941416357751e-01
-1.452012248782358350e-01
3.410443268490293556e-01
-1.494969379159443168e-01
3.401470973706825496e-01
-1.472249577451652802e-01
3.408217341216259189e-01
-1.442847899874298290e-01
3.394737477825314209e-01
-1.485259676436793963e-01
3.402465386240151046e-01
-1.460449662164819695e-01
3.407894337046696864e-01
-1.431753195135416212e-01
3.397613010151921409e-01
-1.479138642759661448e-01
3.406873053661160222e-01
-1.456126913384161170e-01
3.411939668944187209e-01
-1.499316166451304388e-01
3.399750968043400157e-01
-1.469565987922916150e-01
3.405516700663566154e-01
-1.439756278463325545e-01
3.395097480769687093e-01
-1.487941016714583453e-01
3.402398611959638886e-01
-1.461167565915308941e-01
3.408751331882716729e-01
-1.431978391296662156e-01
3.396433397566395174e-01
-1.476391657343611719e-01
3.404918858595936126e-01
-1.453667764729912881e-01
3.411021116101884965e-01
-1.501046838373784331e-01
3.402759502777088496e-01
-1.474018353812395210e-01
3.403882884050540292e-01
-1.438690159203037389e-01
3.395713898481949600e-01
-1.488359203825205257e-01
3.402751284566458145e-01
-1.461755461913756826e-01
3.406300013385961112e-01
-1.430380124061044755e-01
3.399032211796564340e-01
-1.483271411865182132e-01
3.407342442463148213e-01
-1.458442018396806650e-01
3.411599683827392093e-01
-1.500753502630422509e-01
3.401218485476937836e-01
-1.473455965535122592e-01
3.406337717048447677e-01
-1.443039953947372334e-01
3.395771325006511909e-01
-1.484710861133443083e-01
3.406403727541065796e-01
-1.468057514902929017e-01
3.407239935355753646e-01
-1.431982356043780269e-01
3.397504436780947046e-01
-1.480611046248968554e-01
3.404484338289989753e-01
-1.453755741612839103e-01
3.409740362070337594e-01
-1.498275301853435881e-01
3.400838052535593015e-01
-1.474200493752313157e-01
3.405151729753382872e-01
-1.441091552880010562e-01
3.394955892288143429e-01
-1.490584042246217988e-01
3.403043310755119455e-01
-1.463969869509407495e-01
3.407470332192267248e-01
-1.433645821695944123e-01
3.398468079402374165e-01
-1.483280058437675408e-01
3.404322338225177491e-01
-1.454138331810909679e-01
3.409778945239316794e-01
-1.500181767619208073e-01
3.400791145262577753e-01
-1.474578623578083059e-01
3.406390347442417865e-01
-1.444655174221666782e-01
3.394707067861948979e-01
-1.489447042341595917e-01
3.403431348254669087e-01
-1.467394223369434259e-01
3.409170228472637176e-01
-1.436214078298454211e-01
3.398239144955290114e-01
-1.484568450708341758e-01
3.403019571457211456e-01
-1.452619725444760646e-01
3.409154061675770953e-01
-1.501830767800903799e-01
3.400480809514258018e-01
-1.474081330970292425e-01
3.405733225575914846e-01
-1.445363733579783094e-01
3.397986368217081887e-01
-1.494413762379242505e-01
3.401321350805084354e-01
-1.463698145630361602e-01
3.408598761742024918e-01
-1.436386093132158148e-01
3.397683261265846411e-01
-1.483353485869729760e-01
3.402353100825047938e-01
-1.452018877509597683e-01
3.408662600654164265e-01
-1.500613589590206465e-01
3.400728407979016210e-01
-1.475888588915275079e-01
3.405772390021190033e-01
-1.445871146393297446e-01
3.395775223489567729e-01
-1.492997398175534285e-01
3.401083241314439287e-01
-1.464216606048641400e-01
3.408650168507148526e-01
-1.438353823042118895e-01
3.398055140464094070e-01
-1.485054881642478564e-01
3.402165931925763553e-01
-1.453878560868736847e-01
3.411841786526728648e-01
-1.505056796039235534e-01
3.399450379794092258e-01
-1.474018497799565730e-01
3.406049423151955025e-01
-1.449057437750781441e-01
3.414170331485839038e-01
-1.495230943567153192e-01
3.398749865851097840e-01
-1.462309518752751558e-01
3.405891630195562736e-01
-1.434512118168781158e-01
3.398306964557489263e-01
-1.486767140872917170e-01
3.406211053240559283e-01
-1.460435615345187788e-01
3.408751599602498072e-01
-1.500434898048911558e-01
3.397354442689439202e-01
-1.471252877231444822e-01
3.407556309352497426e-01
-1.449988467091384292e-01
3.411426275909797412e-01
-1.493185592255807381e-01
3.400458982637708516e-01
-1.464495120944613871e-01
3.408622314549126786e-01
-1.440424253477320948e-01
3.398269835490822510e-01
-1.487712496513673432e-01
3.403454092268825559e-01
-1.456834878210470363e-01
3.408885431417927880e-01
-1.502983580342694414e-01
3.400104879421443349e-01
-1.477578067843164089e-01
3.404711041383650105e-01
-1.446471698999970967e-01
3.411404752146187103e-01
-1.494252780414294379e-01
3.400592870066089790e-01
-1.466478813266206827e-01
3.406880466217910297e-01
-1.438490671555179845e-01
3.397268722775831362e-01
-1.486155704123009735e-01
3.402847117308585023e-01
-1.457055970557331881e-01
3.408711677232897364e-01
-1.502614594654150537e-01
3.397618369787995252e-01
-1.474228305082507517e-01
3.405403240721168179e-01
-1.449893885130147109e-01
3.412168147363981996e-01
-1.496089791479514319e-01
3.398786845545352930e-01
-1.463285334792900350e-01
3.408106503882505356e-01
-1.439991092064465683e-01
3.396530118681516108e-01
-1.486083244035253104e-01
3.403179315322582554e-01
