2.578572532612676493e+00
-1.689605908842054083e+00
-4.235118398076627155e-01
3.174194899500143996e-01
5.278781930510463294e-01
-2.400440343397325094e-01
3.547524418841311311e-01
3.145848010971490361e-01
-8.835719401134103923e-03
3.620503433265022109e-01
1.577491136890946111e-01
2.545578767715063195e-01
2.505879973016064688e-01
2.447078572113841333e-01
2.520979229998134286e-01
2.444775067679557101e-01
2.517744217417376973e-01
2.450168309285674084e-01
2.496818943431481364e-01
2.469907146096971817e-01
2.501012275299899779e-01
2.466018709079682847e-01
2.488773796788596449e-01
2.480586894921503194e-01
2.476662819499814150e-01
2.476070946887105328e-01
2.484565353380367991e-01
2.489712767299763208e-01
2.475185471863412257e-01
2.479998750291769749e-01
2.486236205940761668e-01
2.492715102366579449e-01
2.476708811144674172e-01
2.483341390474813892e-01
2.488906049337693549e-01
2.473773235446623253e-01
2.479856390767508356e-01
2.485597426443209301e-01
2.491690891035779898e-01
2.476423761596411866e-01
2.482377363713643148e-01
2.488347430495574941e-01
2.473106996152210635e-01
2.479091665857724447e-01
2.485012267592764668e-01
2.490946697494983986e-01
2.475770185643106913e-01
2.481702510694303310e-01
2.487647962616316433e-01
2.472448519654795729e-01
2.478396313825131092e-01
2.484338974711679526e-01
2.490269718313388447e-01
2.475084652259426643e-01
2.481028123913120165e-01
2.486965553561709674e-01
2.471768913325640693e-01
2.477716600277340975e-01
2.483658425478771359e-01
2.489592465368227758e-01
2.474403263615000681e-01
2.480348639530355614e-01
2.486286708704654180e-01
2.492217908697922646e-01
2.477036678165520089e-01
2.482978824676299323e-01
2.488913932284750608e-01
2.473722632196734550e-01
2.479668706955109603e-01
2.485607725908552945e-01
2.491539633891678429e-01
2.476356383091624092e-01
2.482299329732750026e-01
2.488235222465380592e-01
2.473041899369306518e-01
2.478988743614237988e-01
2.484928582538833142e-01
2.490861310167432341e-01
2.475675980135957632e-01
2.481619734907084818e-01
2.487556436578334806e-01
2.472361060605094141e-01
2.478308696604055172e-01
2.484249344474504517e-01
2.490182888835167363e-01
2.474995491382395996e-01
2.480940044186882854e-01
2.486877559963590334e-01
2.471680128641655649e-01
2.477628561142162233e-01
2.483570010206980760e-01
2.489504377773325838e-01
2.474314907404796815e-01
2.480260265047369295e-01
2.486198587056709930e-01
2.492129784154144545e-01
2.476948333153098369e-01
2.482890584862707806e-01
2.488825768738066879e-01
2.473634238352656889e-01
2.479580387011065534e-01
2.485519526530674261e-01
2.491451537653119053e-01
2.476268014492577496e-01
2.482211069226595845e-01
2.488147064657491025e-01
2.472953476976050002e-01
2.478900422825633665e-01
2.484840364952956571e-01
2.490773203372508016e-01
2.475587600938821964e-01
2.481531460899659147e-01
2.487468267671374411e-01
2.472272624086421233e-01
2.478220365627369637e-01
2.484161114544236604e-01
2.490094770592176654e-01
2.474907097964547109e-01
2.480851759588354466e-01
2.486789379343581075e-01
2.471591678965220362e-01
2.477540219957850842e-01
2.483481768715317395e-01
2.489416244091399444e-01
2.474226506054964803e-01
2.480171966531430350e-01
2.486110393909107819e-01
2.492041698059696553e-01
2.476859975460169450e-01
2.482802335961831197e-01
2.488737620225909553e-01
2.473545826035798423e-01
2.479492077580844056e-01
2.485431319621696777e-01
2.491363440600825041e-01
2.476179645434412879e-01
2.482122805978722035e-01
2.488058906285378347e-01
2.472865051552675109e-01
2.478812099496620069e-01
2.484752150544312366e-01
2.490685088993800644e-01
2.475499222502439145e-01
2.481443185765765391e-01
2.487380096775113347e-01
2.472184186991317478e-01
2.478132031674622482e-01
2.484072885341844783e-01
2.490006646048817940e-01
2.474818708360928543e-01
2.480763470279880034e-01
2.486701196747673759e-01
2.471503231517242494e-01
2.477451871298760322e-01
2.483393530341425071e-01
2.489328105802413871e-01
2.474138105747424876e-01
2.480083663145488393e-01
2.486022201446517199e-01
2.491953609641180956e-01
2.476771618567181754e-01
2.482714081313862620e-01
2.488649474500865266e-01
2.473457408688181369e-01
2.479403767932506775e-01
2.485343110242336784e-01
2.491275342225458267e-01
2.476091274836041412e-01
2.482034541049100151e-01
2.487970745531521699e-01
2.472776624991613048e-01
2.478723775943929564e-01
2.484663931939376791e-01
2.490596976273150021e-01
2.475410842841322956e-01
2.481354906003166994e-01
2.487291925101348666e-01
2.472095750938483050e-01
2.478043692447103596e-01
2.483984657560201481e-01
2.489918520394978074e-01
2.474730314164037548e-01
2.480675183007470253e-01
2.486613010617751973e-01
2.471414782761513496e-01
2.477363524686754803e-01
2.483305285009265728e-01
2.489239972131620515e-01
2.474049697143833604e-01
2.479995365341475244e-01
2.485934003525721581e-01
2.491865520253284394e-01
2.476683259628589262e-01
2.482625826376120282e-01
2.488561325148700987e-01
2.473368992322700077e-01
2.479315452958734678e-01
2.485254904672511700e-01
2.491187238285290373e-01
2.476002904397901216e-01
2.481946273335884634e-01
2.487882585199927832e-01
2.472688195698361235e-01
2.478635452357557112e-01
2.484575708809268757e-01
2.490508865296382768e-01
2.475322456662937265e-01
2.481266628986873446e-01
2.487203751940275653e-01
2.472007307708035395e-01
2.477955359699369475e-01
2.483896422244741276e-01
2.489830394911660694e-01
2.474641921199036698e-01
2.480586889002968087e-01
2.486524828472047033e-01
2.471326328032951714e-01
2.477275175083318015e-01
2.483217044089253978e-01
2.489151829696568397e-01
2.473961293170643394e-01
2.479907061449253269e-01
2.485845806217195642e-01
2.491777428793462978e-01
2.476594899007214523e-01
2.482537568775554648e-01
2.488473176028384859e-01
2.473280571842566000e-01
2.479227141776678411e-01
2.485166690970329606e-01
2.491099136342593001e-01
2.475914533669879014e-01
2.481858001837142780e-01
2.487794424735622900e-01
2.472599764204838069e-01
2.478547125632775128e-01
2.484487488698346458e-01
2.490420746374033267e-01
2.475234075805304301e-01
2.481178346196756535e-01
2.487115577171321312e-01
2.471918867374305884e-01
2.477867019148560779e-01
2.483808189858294491e-01
2.489742264953097306e-01
2.474553525799747522e-01
2.480498597480695622e-01
2.486436638383868469e-01
2.492367547173306719e-01
2.477186824436334867e-01
2.483128795681057155e-01
2.489063691710679538e-01
2.473872884741816769e-01
2.479818756837645632e-01
2.485757606851737855e-01
2.491689335003751671e-01
2.476506538600981022e-01
2.482449309644249869e-01
2.488385022738908436e-01
2.473192154740988524e-01
2.479138821899419809e-01
2.485078482891708851e-01
2.491011030133905568e-01
2.475826158784458775e-01
2.481769733554450297e-01
2.487706257395671805e-01
2.472511336165807705e-01
2.478458793913880243e-01
2.484399266447041288e-01
2.490332629931300279e-01
2.475145687222744251e-01
2.481090066040438358e-01
2.487027400972660063e-01
2.471830422388477666e-01
2.477778681017195894e-01
2.483719953232950972e-01
2.489654135609051522e-01
2.474465128915667167e-01
2.480410302190217686e-01
2.486348451439101548e-01
2.492279464722029769e-01
2.477098471111342515e-01
2.483040550498954724e-01
2.488975548291458006e-01
2.473784475699785379e-01
2.479730449908470191e-01
2.485669406228589728e-01
2.491601242111911862e-01
2.476418171934232637e-01
2.482361053026764797e-01
2.488296867207421270e-01
2.473103732383373221e-01
2.479050507229678957e-01
2.484990266030556172e-01
2.490922926570718898e-01
2.475737780754320438e-01
2.481681464019905858e-01
2.487618091646183749e-01
2.472422900967830572e-01
2.478370467487954198e-01
2.484311038194966237e-01
2.490244512194909055e-01
2.475057301598403980e-01
2.481001779506647464e-01
2.486939225060726399e-01
2.471741976926839501e-01
2.477690338391035918e-01
2.483631717309051079e-01
2.489566003728669874e-01
2.474376730442049421e-01
2.480322006637294963e-01
2.486260259241633852e-01
2.492191383476622391e-01
2.477010116017120123e-01
2.482952300480753827e-01
2.488887407199721902e-01
2.473696062010860008e-01
2.479642144384657798e-01
2.485581203786280113e-01
2.491513145045977651e-01
2.476329808036989988e-01
2.482272789619408560e-01
2.488208714140046629e-01
2.473015307758838488e-01
2.478962187489616997e-01
2.484902054207157596e-01
2.490834814224886784e-01
2.475649406669627184e-01
2.481593189335433436e-01
2.487529924150156946e-01
2.472334465931002034e-01
2.478282137182971911e-01
2.484222811661890573e-01
2.490156391826514881e-01
2.474968912646987873e-01
2.480913494602906000e-01
2.486851044561391444e-01
2.471653531213956756e-01
2.477601996320092648e-01
2.483543476334622857e-01
2.489477872952911841e-01
2.474288329402722919e-01
2.480233707110314489e-01
2.486172071528935934e-01
2.492103294280348658e-01
2.476921761372029018e-01
2.482864053752163458e-01
2.488799256986978514e-01
2.473607653085436453e-01
2.479553834569197812e-01
2.485492996859607340e-01
2.491425050874837288e-01
2.476241439604673633e-01
2.482184527148542375e-01
2.488120555468132933e-01
2.472926887400559992e-01
2.478873863028658309e-01
2.484813838166196054e-01
2.490746707555266948e-01
2.475561024117138020e-01
2.481504917176382274e-01
2.487441753600781180e-01
2.472246031468336436e-01
2.478193801675920294e-01
2.484134586333137384e-01
2.490068267882598052e-01
2.474880521341701056e-01
2.480825209984576230e-01
2.486762861339477937e-01
2.471565083355683201e-01
2.477513651552595286e-01
2.483455236486575013e-01
2.489389739839079352e-01
2.474199924462112121e-01
2.480145411315089476e-01
2.486083876762039679e-01
2.492015206807473571e-01
2.476833407357048045e-01
2.482775797885748426e-01
2.488711111412147126e-01
2.473519242385524564e-01
2.479465518336054219e-01
2.485404797037125690e-01
2.491336948720437872e-01
2.476153069516978111e-01
2.482096266662414119e-01
2.488032393195381831e-01
2.472838463867456649e-01
2.478785538143703504e-01
2.484725623635151148e-01
2.490658592337173238e-01
2.475472647404094173e-01
2.481416637994463825e-01
2.487353583071732765e-01
2.472157594414639004e-01
2.478105467347200552e-01
2.484046354889075381e-01
2.489980146021287810e-01
2.474792128459774865e-01
2.480736922197618322e-01
2.486674677547907608e-01
2.471476635221345752e-01
2.477425303937232093e-01
2.483366995426896096e-01
2.489301602185701734e-01
2.474111522959747400e-01
2.480057108679899480e-01
2.485995681907709753e-01
2.491927119897940357e-01
2.476745047375267794e-01
2.482687544189026152e-01
2.488622966565484651e-01
2.473430821423265868e-01
2.479377211341228238e-01
2.485316585658428890e-01
2.491248850436883489e-01
2.476064699172014216e-01
2.482008000073556431e-01
2.487944234276766309e-01
2.472750034951169684e-01
2.478697216407832749e-01
2.484637401139731805e-01
2.490570482675378561e-01
2.475384262249387124e-01
2.481328362970112722e-01
