3.047279761881092064e+00
-1.564932971578245624e+00
2.742802280750883948e-01
7.525086325560661482e-01
-3.037747330051728256e-01
1.962492324773114361e-01
2.493592238126813576e-01
-8.546844350705501414e-02
2.642694284969677732e-01
-1.327630325206031747e-01
2.842869585564496426e-01
-1.173834042651107634e-01
2.036007561292738355e-01
1.621880014099715828e-01
3.526824245726542517e-02
3.087295764318630509e-01
-1.313623391760406489e-01
1.828680480877104830e-01
1.990187655395894983e-01
-6.751395509624588676e-02
3.258066296599224088e-01
-1.703365307523611316e-01
2.400440950327997203e-01
-2.861640544544635789e-02
2.328679641517806542e-01
-8.951092303650036441e-02
2.417077123893128510e-01
-3.297052584022051175e-02
2.336682291821599033e-01
-8.891621562054932704e-02
2.420051568108833318e-01
-4.172667918199783610e-02
2.316811089438215454e-01
-8.793722197260800399e-02
2.427759423591837329e-01
-3.965252518453796227e-02
2.332944593412859813e-01
-9.028986237614404498e-02
2.410269000612437484e-01
-3.247205739748222630e-02
2.317528566000835177e-01
-8.849131976402754840e-02
2.426907677278677400e-01
-4.907930789436260044e-02
2.366915103732134817e-01
-8.996573270029983860e-02
2.406819400703469891e-01
-3.092294238714140067e-02
2.264574893811166223e-01
-8.740558459033272165e-02
2.458736824900370488e-01
-5.473762653816430235e-02
2.442818906101479060e-01
-9.548220860653355846e-02
2.347821734713763930e-01
8.021729212673328613e-03
2.085392249304204026e-01
-7.672003272880638380e-02
3.302335143135925466e-01
-1.700725493896555474e-01
1.936031273754490190e-01
1.788261175998543673e-01
6.598849246750658482e-03
3.241380771366030866e-01
-1.441177814943230828e-01
1.591710340539532198e-01
2.210798292760705608e-01
-7.753228137323181501e-02
2.609503547013461988e-01
-1.245721000081883856e-01
2.857536742853694633e-01
-1.198635062852719257e-01
2.032632023774664787e-01
1.664825620229335723e-01
2.935847913343222343e-02
3.132768472100337376e-01
-1.362452117795154571e-01
1.758033938535676355e-01
2.049995329801545252e-01
-6.965230034015901239e-02
3.012961177178868355e-01
-1.624174913374062112e-01
3.308736157337796024e-01
-1.649209931876752799e-01
1.963028001683808088e-01
1.093278795590389985e-01
1.952477582299593784e-01
-5.572580978907504257e-02
3.379969095533387757e-01
-1.584864660171751427e-01
2.047845115070782707e-01
3.404032518092989235e-02
2.591769561260618970e-01
-1.034702555526759160e-01
2.278281923892640781e-01
5.614558454716616492e-02
1.739572496556248682e-01
9.062431041890695038e-02
2.612038158106721464e-01
-1.043966223143590333e-01
2.275987400513310166e-01
5.637537184079349784e-02
1.731880642136281179e-01
9.375195357653334782e-02
2.577681529480079226e-01
-1.002857408408648204e-01
2.297188406542973460e-01
4.219594281470412378e-02
1.811785187899913330e-01
3.711007499696807738e-02
2.974727745975165871e-01
-1.240709550587696525e-01
1.953427704172795987e-01
1.842000949610908822e-01
-3.479723807376922107e-02
3.375932748502826208e-01
-1.590760707535201490e-01
1.974615193552274606e-01
7.094442556689296853e-02
2.409846690288208748e-01
-9.319631489706453609e-02
2.385565710090512825e-01
-1.407285355113461339e-02
2.211531819199143434e-01
-8.282410151149968702e-02
2.633430591783799124e-01
-1.353162223450055657e-01
2.945612912694303143e-01
-1.237782221220213863e-01
1.934153832165303177e-01
1.864560084060188361e-01
-4.332302951354795317e-02
3.390166209374990691e-01
-1.594193179673657479e-01
2.067159690939305572e-01
3.323675870394757897e-02
2.574286409839868783e-01
-1.021426782081974044e-01
2.276218085865198693e-01
4.999550113414714253e-02
1.796989659410502815e-01
5.433349681071163173e-02
2.889713576031917031e-01
-1.201686078739086228e-01
2.050225374281069990e-01
1.632321125713245280e-01
3.940552610957364504e-02
3.086099262939047128e-01
-1.325698901392985130e-01
1.823595144978701899e-01
1.988777631641365229e-01
-6.624345179078451606e-02
3.291144450940371446e-01
-1.698577857757631870e-01
2.129123782661421493e-01
1.056521917052793136e-01
1.395532051173447585e-01
2.045187392220664258e-01
-7.432937805258765795e-02
3.347013836854608737e-01
-1.703441500200063019e-01
1.947824244529434146e-01
9.135174130016698868e-02
2.256936991466917675e-01
-8.511349380925692376e-02
2.474196842581784517e-01
-7.542663427502142859e-02
2.524920809846337710e-01
-9.846767324823743617e-02
2.306194373694292477e-01
2.812215826231835580e-02
1.879500673131560828e-01
-9.043938681442258154e-03
3.249336040279450777e-01
-1.439011639035830403e-01
1.584563847290335059e-01
2.206999879807510223e-01
-8.001979959773643236e-02
2.607522432404194568e-01
-1.198021862525098791e-01
2.844183730952288824e-01
-1.180143271395170390e-01
2.038077086530452886e-01
1.549792953819881247e-01
4.760660874548424543e-02
3.052217803044636191e-01
-1.294841675374280576e-01
1.874860349880251298e-01
1.920347582118782648e-01
-6.127156912160212215e-02
3.394581265361337197e-01
-1.681301655399757011e-01
1.564286153029820770e-01
2.010963147131247797e-01
-7.247776408628302247e-02
3.327683425289614805e-01
-1.691337812702478904e-01
1.719301292868324338e-01
2.033434437998189737e-01
-7.131289951771073443e-02
3.116103125403968388e-01
-1.645546195653471433e-01
3.146946940467371667e-01
-1.648635921831846929e-01
2.888356803524047001e-01
-1.570366783377663555e-01
3.355395006511458500e-01
-1.599787228130537808e-01
2.025840372232185771e-01
6.717997970321970547e-02
2.266984065990932384e-01
-8.469634954351407119e-02
2.470023263987599638e-01
-6.124952032333166874e-02
2.472179667114491608e-01
-9.720542359976520885e-02
2.327097246704750710e-01
1.916556199744572087e-02
2.003260578513350598e-01
-6.780795631776585786e-02
3.402104982772901631e-01
-1.653513848106202555e-01
1.927818193379904343e-01
1.269825521860317996e-01
1.777568810043798353e-01
6.345026360345837335e-02
2.830797979808387654e-01
-1.168024115788312278e-01
2.102430793682620869e-01
1.437541232804041003e-01
8.423350845203247950e-02
2.783438014955066375e-01
-1.134726970971346033e-01
2.133338056226741775e-01
1.248403626622413554e-01
1.192454400722250396e-01
2.426370535796716910e-01
-9.349484103696151238e-02
2.389966409557994498e-01
-1.550891068425828273e-02
2.216287860263664033e-01
-8.300946162443190168e-02
2.601657061146947503e-01
-1.258832315840280325e-01
2.865108274861074000e-01
-1.185533898253018220e-01
2.018968463211205377e-01
1.680374245478902240e-01
1.879561503489333985e-02
3.171309198899880388e-01
-1.374342939496661642e-01
1.710704404077686702e-01
2.107601663815815429e-01
-7.333326355525243700e-02
2.660908492164465455e-01
-1.426679910485337821e-01
3.018084786636350825e-01
-1.279484189037455866e-01
1.863905523079060489e-01
1.936046725391102064e-01
-6.531548719331206621e-02
3.374342371789257333e-01
-1.680049730723727208e-01
1.679880100427634526e-01
1.805947214345636487e-01
1.754018284918596599e-02
3.129914457117632387e-01
-1.345697830510932391e-01
1.767349634383540424e-01
2.050771630518674615e-01
-7.059602480239043909e-02
2.968601662327134405e-01
-1.614995670506477188e-01
3.348073852418988472e-01
-1.637909734917244731e-01
1.732295600198933694e-01
1.794812237847005498e-01
1.722436820944658886e-02
3.146800107434808425e-01
-1.351080722056879346e-01
1.761219217596018960e-01
2.049641055716421301e-01
-7.111613513841792689e-02
2.956415630615008006e-01
-1.588697086610716125e-01
3.349830639552150435e-01
-1.635873990509132403e-01
1.801826986821715715e-01
1.676609511592188906e-01
9.980238455072547310e-02
2.635049603147291974e-01
-1.035505753921594635e-01
2.261447106922624406e-01
5.467105634207970744e-02
1.685212541125786501e-01
1.181699214466549047e-01
2.371064722925869117e-01
-8.994303822687751970e-02
2.425640917955659559e-01
-4.459832176496393574e-02
2.321650975225136304e-01
-8.840167982454111284e-02
2.423141465499575875e-01
-3.832044089404537668e-02
2.318205310367301708e-01
-8.974794933340241032e-02
2.433549603730721933e-01
-3.786751714349304021e-02
2.343531015541944207e-01
-9.002388298931726651e-02
2.409648676479139717e-01
-4.065553441713078142e-02
2.310642190151496189e-01
-8.731500575785490492e-02
2.437435440678216159e-01
-5.003065409783476192e-02
2.375466857829830747e-01
-9.065214427480502990e-02
2.396724003510609380e-01
-1.949381801916037771e-02
2.214774911998168005e-01
-8.415744467489473524e-02
2.547320883033510897e-01
-1.014932865790929978e-01
2.750370407976368003e-01
-1.116844669333907775e-01
2.130351670628342631e-01
1.202151171840665361e-01
1.135242193012877543e-01
2.465154216798874920e-01
-9.436071160394636503e-02
2.375815467884554999e-01
-1.325160002256672159e-02
2.124628339013290568e-01
-7.845153290825941650e-02
3.114344006272935506e-01
-1.650456956127879238e-01
3.134245005564879061e-01
-1.651625727904009466e-01
2.929640565316726786e-01
-1.567548655194491991e-01
3.350807187791496333e-01
-1.638947660449561194e-01
1.788977694772815874e-01
1.695401923650041442e-01
8.930995540544596489e-02
2.726083287792083198e-01
-1.088336437068822271e-01
2.191052510259180464e-01
9.256208779859505242e-02
1.403465800162021770e-01
1.987791732509636700e-01
-6.410145388692536916e-02
3.405973132424524596e-01
-1.647726784090695618e-01
1.948404050614650218e-01
1.194619265125220070e-01
1.873689440327034883e-01
-1.667994647157541865e-03
3.200607122137990590e-01
-1.413628911288306034e-01
1.649477078253686058e-01
2.156141290844284797e-01
-7.488157931156810831e-02
2.640896375130811768e-01
-1.352271903950235110e-01
2.942713678038933467e-01
-1.255695324926579814e-01
1.941680286274315159e-01
1.858652434670375053e-01
-3.797331576834402783e-02
3.382994906359545473e-01
-1.599400578913960369e-01
2.037137179326311276e-01
4.291010752394502914e-02
2.572813394827842548e-01
-1.015153293271768009e-01
2.282238860699807859e-01
3.589578288062055672e-02
1.814818493111098052e-01
4.504381671574414492e-02
2.957370525226230007e-01
-1.239226348955156654e-01
1.969074481906027962e-01
1.808607585189797307e-01
-1.360078055187327432e-02
3.328232898508345361e-01
-1.517663143482134158e-01
1.406034690058174941e-01
2.338111921494462619e-01
-8.583398990766324954e-02
2.505512227618428289e-01
-7.817530478534169547e-02
2.546733262604715109e-01
-1.015655493972099088e-01
2.290757653644206193e-01
4.842674566221838450e-02
1.800868380072899178e-01
4.940399931290626045e-02
2.915223099953321295e-01
-1.220757300621110458e-01
2.021945884236319158e-01
1.704521760849659062e-01
1.519995583008294446e-02
3.201926756014425446e-01
-1.414958483852213067e-01
1.652992640048915329e-01
2.153112459205725748e-01
-7.492562655781812020e-02
2.642397542613517114e-01
-1.362943348681159295e-01
2.947983429918712428e-01
-1.236864309312401961e-01
1.932937680305659156e-01
1.868064038330141952e-01
-4.316697309451573983e-02
3.393821327163205614e-01
-1.619144797596256402e-01
2.069168643453949130e-01
3.430023613741123301e-02
2.572328720348410758e-01
-1.017755964645004479e-01
2.279589650899544739e-01
4.970183491136132697e-02
1.806922125563489301e-01
4.899813551748604529e-02
2.928425255080861489e-01
-1.223304015010269891e-01
1.996676429960457799e-01
1.740532589953633080e-01
8.658164471172784260e-03
3.238467589275911274e-01
-1.438714723210954283e-01
1.596596717268511101e-01
2.207093007918219663e-01
-7.729409226338138095e-02
2.613402521840890724e-01
-1.256002418803409959e-01
2.867101558254103733e-01
-1.203973324529787198e-01
2.024536084908142852e-01
1.689660460941486142e-01
2.190952545142603458e-02
3.169745216968967161e-01
-1.389716518394450151e-01
1.704111149150198956e-01
2.104413432222638491e-01
-7.237284704270541269e-02
2.668453588449951619e-01
-1.423302363049036012e-01
3.015107733846033589e-01
-1.281900722291744454e-01
1.854569241346313568e-01
1.957103067003690688e-01
-6.598620679310217285e-02
3.348591097593646704e-01
-1.707471863717358040e-01
1.943084320577053714e-01
9.201361741323249577e-02
2.246637891633152528e-01
-8.488961676437459247e-02
2.477100893986454166e-01
-6.638072521202448284e-02
2.539304934498572974e-01
-9.953385423974568658e-02
2.293535137421328363e-01
3.367040338149299150e-02
1.837539377856404199e-01
1.812268829073833409e-02
3.118552730719298949e-01
-1.341103018807782987e-01
1.785148318145884094e-01
2.016609620416127679e-01
-7.035530506629139591e-02
