3.172629109932403324e+00
-1.398116947506927499e+00
6.143986808070099892e-01
-6.354571477586637984e-01
-1.016090317175208785e-01
4.298619991735997958e-01
-2.292535317200704859e-01
2.085130952712439534e-01
-9.852566858184250154e-02
2.743001739638700198e-01
-1.437967353184815278e-01
1.734092168786161015e-01
-6.453702769636235348e-02
3.224821307563701112e-01
-1.415783892771338426e-01
2.001428723055275471e-01
-9.220166578602569107e-02
3.026454577705876003e-01
-1.244570782140868442e-01
2.286994304003648060e-01
-1.243654604406557729e-01
3.174707114569064736e-01
-1.543374681774124790e-01
1.524170455945224600e-01
1.281856135254196005e-01
1.031852049750061895e-01
2.062810258382411222e-01
-7.361459803316519612e-02
2.760152951904417673e-01
-1.451511500905002250e-01
1.956409927919103842e-01
-8.462031539933025093e-02
2.935127297877009878e-01
-1.498383226682648839e-01
1.521109250701627169e-01
8.107094356062230500e-02
2.139768607019667257e-01
-7.614935489281317305e-02
2.744072705074936946e-01
-1.462954160230900136e-01
1.948958875909987676e-01
-8.709983188003438126e-02
2.926219319088993465e-01
-1.491180698628742085e-01
1.517511091478898066e-01
9.040020084426328428e-02
2.059633239465670229e-01
-7.149906330858306347e-02
2.769738872433755716e-01
-1.460021274990480067e-01
1.945704112760979210e-01
-8.531076578601785865e-02
2.935566214709538491e-01
-1.509725188952406594e-01
1.481171346556830748e-01
9.904787432782827250e-02
1.856544458385138430e-01
-6.519147512002611278e-02
2.808984676110331535e-01
-1.456522433575088149e-01
1.888914951393234343e-01
-8.001685175563694186e-02
3.131988961575249975e-01
-1.549035483638389887e-01
1.416583618123860577e-01
1.542243610408869925e-01
-2.393356281051653434e-02
3.219535424167742632e-01
-1.411374708115053500e-01
2.040611623403461583e-01
-1.088605382384539716e-01
3.113366754407326242e-01
-1.316530448481325610e-01
2.171548242254353889e-01
-1.164349154654790996e-01
3.246262992542083281e-01
-1.470421564202512299e-01
1.852625274184314108e-01
-3.256201604312219944e-02
2.618270123210942879e-01
-9.999345695747410834e-02
2.566525221813398261e-01
-1.395841800239474018e-01
1.880691146449166851e-01
-7.263519038188510912e-02
2.979670223763358772e-01
-1.233477330059517263e-01
2.332173901120289661e-01
-1.257679604163061404e-01
3.109223440509217840e-01
-1.531656287243453041e-01
1.433254700887824917e-01
1.521678475592776192e-01
-6.490293916286587680e-03
3.142086209510179806e-01
-1.332457630107432012e-01
2.178985419652837430e-01
-1.191954717601114849e-01
3.238067978785963974e-01
-1.495770640615314562e-01
1.805665685310767488e-01
-8.607164527709071367e-03
2.494887157887091811e-01
-9.200293307460430392e-02
2.631509834105977275e-01
-1.409387618086775928e-01
1.739051089914541992e-01
-5.954296531170345103e-02
3.220661966789572506e-01
-1.413790414766338821e-01
2.021300913529304744e-01
-1.035475746256628582e-01
3.079521998368618951e-01
-1.304688701433342757e-01
2.208172942634151759e-01
-1.216743810328469594e-01
3.245858381609906806e-01
-1.505734075866040078e-01
1.719716153911060030e-01
4.540100137809095077e-02
2.070790184027615777e-01
-7.254079410419905782e-02
2.759552943942493730e-01
-1.458664478438502776e-01
1.944491732484393554e-01
-8.560650453600109067e-02
2.937923950868047696e-01
-1.513639447952004335e-01
1.482268675788643852e-01
9.651244846437759262e-02
1.908172718877688134e-01
-6.418600185683318027e-02
2.804831016300405322e-01
-1.459679874848001102e-01
1.906515735426375924e-01
-8.148444513210427453e-02
3.072467998290720481e-01
-1.541314818938940012e-01
1.357273359439384319e-01
1.623874441929727686e-01
-5.318467384987451974e-02
3.216168460448236011e-01
-1.567244706609631777e-01
1.521086050715523830e-01
1.266525003278237693e-01
1.053324738630053992e-01
2.104208664177105725e-01
-7.284011656931164980e-02
2.765354082600288144e-01
-1.455904915898280361e-01
1.953947098939567417e-01
-8.549883531320504049e-02
2.929573799211533380e-01
-1.504027212723083595e-01
1.516268196051323291e-01
7.873246874025489894e-02
2.137209994924177126e-01
-7.689595809370022850e-02
2.739465289699335449e-01
-1.469062842348086706e-01
1.964374793507822903e-01
-8.518526818634303277e-02
2.939948770354344210e-01
-1.497937567669319070e-01
1.500002655392345119e-01
9.634749399277410531e-02
1.950618186064192461e-01
-6.761996786061744147e-02
2.787183018356762521e-01
-1.470032078185994351e-01
1.915586962682229444e-01
-8.399551365564542071e-02
3.003947395612092119e-01
-1.537768908640939070e-01
1.325882648951039189e-01
1.694448424252245067e-01
-5.439452903434714021e-02
2.890721086824101227e-01
-1.485320371727084920e-01
1.716184168319489778e-01
-5.061904510510951971e-02
3.180987489016707803e-01
-1.372614572288417267e-01
2.101731899539606707e-01
-1.142500063572068209e-01
3.196494269589097437e-01
-1.415748928654425587e-01
2.008558531409816439e-01
-1.035243646348467939e-01
3.079880146343483838e-01
-1.278627003310687238e-01
2.234334095094349104e-01
-1.206431206825011315e-01
3.234655198905607154e-01
-1.520980465047490626e-01
1.675997740094095079e-01
6.303115126040234606e-02
1.887816040889430946e-01
-6.564064308188342911e-02
2.790950291663144567e-01
-1.472396703616453140e-01
1.888290922787700665e-01
-8.267002075213938928e-02
3.096683477980856081e-01
-1.534847896222547858e-01
1.383262121093679631e-01
1.607409479461605895e-01
-4.875510766201862634e-02
3.276316953979730995e-01
-1.534018670272151719e-01
1.691505895507327273e-01
5.503582195090928053e-02
1.946770342186998071e-01
-6.824458365968755214e-02
2.779769846698217362e-01
-1.471881595172604418e-01
1.911615010932721792e-01
-8.437246793852580529e-02
3.019904233898441648e-01
-1.517628605053918944e-01
1.324146309175336378e-01
1.689936868474616605e-01
-5.474152402748430624e-02
2.891401899677460419e-01
-1.490500152057754324e-01
1.704305860243725823e-01
-4.760005921263339018e-02
3.157172877684846224e-01
-1.356361268590628444e-01
2.134893144569809664e-01
-1.169443247199019598e-01
3.222878758087714957e-01
-1.437136013618101893e-01
1.930179098287926609e-01
-6.498908870400707527e-02
2.850995232588196537e-01
-1.125837728902374241e-01
2.436712690693458028e-01
-1.324410934099246595e-01
2.751861516590455858e-01
-1.431378479501583256e-01
1.654752294573942073e-01
-2.030049517166101700e-02
2.988550285378537286e-01
-1.229213785685393245e-01
2.327544296634755649e-01
-1.286444953182296069e-01
3.094745058354951284e-01
-1.525593116566052176e-01
1.419618955338572408e-01
1.550051583505938635e-01
-2.268717043163559835e-02
3.225931521566928195e-01
-1.406975997489512409e-01
2.040882158193719209e-01
-1.066486942419212908e-01
3.109880876031474450e-01
-1.325983942059946186e-01
2.171577540480039148e-01
-1.190748613226394331e-01
3.237334663023546666e-01
-1.474658359289583442e-01
1.826128693365251521e-01
-1.211048711235571118e-02
2.507881323768226811e-01
-9.311585091447602269e-02
2.623819253084580527e-01
-1.410704391698768823e-01
1.334264166927537076e-01
1.614646078335730262e-01
-5.247079351087938909e-02
3.256915220680357548e-01
-1.554142510685644074e-01
1.622444696822706034e-01
8.440611153519854415e-02
1.628709706623463482e-01
-5.364585674017419842e-02
3.253952287759493966e-01
-1.544978930096697622e-01
1.599811380583545661e-01
1.058361264360115628e-01
1.453118898736713849e-01
6.325168086028026826e-02
2.575291576244361225e-01
-9.713026577015250462e-02
2.600835225750740554e-01
-1.412508814523984468e-01
1.571488663019422471e-01
9.219540732025006957e-02
1.688179358843476252e-01
-5.854350132183021999e-02
2.944837821027739277e-01
-1.498700672823727598e-01
1.598977028108845844e-01
2.920650948919487067e-02
2.668311996517133688e-01
-1.017879755438843153e-01
2.555772531359429833e-01
-1.386806741380234298e-01
2.017681849591271559e-01
-1.043694566226797127e-01
3.217335362916883823e-01
-1.436314678613573315e-01
1.968051743251110763e-01
-9.186822266461790176e-02
2.991574973444459107e-01
-1.211715261460181714e-01
2.327953460348263226e-01
-1.259181878648297781e-01
3.111089903524593692e-01
-1.535008595182509872e-01
1.435305680117350269e-01
1.512213488551375218e-01
-2.369678968530457286e-03
3.111472570955562400e-01
-1.312066712976626692e-01
2.213064786933133243e-01
-1.216770327056059392e-01
3.232549559268153572e-01
-1.526452774835788950e-01
1.723261710350458276e-01
4.597747962646212688e-02
2.080051714891811288e-01
-7.254223501739384683e-02
2.759393280608937182e-01
-1.454945984270155368e-01
1.947595199847496628e-01
-8.535296762898643419e-02
2.938188016420645865e-01
-1.509964713912112511e-01
1.485881063776155475e-01
9.682948893714998784e-02
1.893065438339124607e-01
-6.658736284154062601e-02
2.805725178096465378e-01
-1.456452771614888397e-01
1.910336465152982499e-01
-8.127009460447294498e-02
3.068652576763561401e-01
-1.536707683243953571e-01
1.356686612965632421e-01
1.630626642894941192e-01
-5.305479187804165719e-02
3.205923182820979989e-01
-1.566195529091928274e-01
1.498744418506266496e-01
1.352288463156753884e-01
7.699360004638043653e-02
2.424718174929945125e-01
-8.850982952784326729e-02
2.668334479724361330e-01
-1.422658394383037039e-01
1.951273982503720084e-01
-8.638602169969809841e-02
3.077281824252849907e-01
-1.540593115220713349e-01
1.365299817911418689e-01
1.612448925260956678e-01
-5.229632339630888721e-02
3.249062434608971373e-01
-1.559425210297950282e-01
1.596032721098944451e-01
9.619280607711327979e-02
1.517535432493476444e-01
2.065630379314692400e-02
2.966730932696412526e-01
-1.189176293232016568e-01
2.373772108928471902e-01
-1.290307006191266925e-01
2.999379422251584049e-01
-1.516016122696139945e-01
1.336430533241197427e-01
1.648622242166643548e-01
-5.431660127123343756e-02
3.111465944641597092e-01
-1.562360747877285516e-01
1.374519536045563650e-01
1.581504724555324870e-01
-4.522700576412486823e-02
3.286474793314582699e-01
-1.515079889304231653e-01
1.749984315580698224e-01
2.782733040502718969e-02
2.198466953369882237e-01
-7.857162703006329019e-02
2.726399972922963211e-01
-1.452473196736341898e-01
1.953492446867286514e-01
-8.704815171267860086e-02
2.948062398238372461e-01
-1.518588514853655425e-01
1.417026361986906680e-01
1.340410777827220346e-01
1.263840354219707418e-01
1.577052180811058801e-01
-2.837022122869279489e-02
3.237354708018744809e-01
-1.416361396346196566e-01
2.017264164872289156e-01
-1.003976898461516193e-01
3.064178201833065440e-01
-1.285118818047567557e-01
2.233473737765249711e-01
-1.224058707914870703e-01
3.221987682073417236e-01
-1.537230823058908791e-01
1.644695799772601941e-01
7.915612335095392749e-02
1.791631622538957802e-01
-5.992715636280476071e-02
2.815937429105245249e-01
-1.460994692499646419e-01
1.836088634708865075e-01
-7.753677010696373439e-02
3.235992921028486013e-01
-1.550159210443983748e-01
1.591554080096952428e-01
1.020496683711212271e-01
1.449498965909582771e-01
5.556845048878872317e-02
2.612059543900326353e-01
-1.005400815276581289e-01
2.590223399402788451e-01
-1.389182831006990915e-01
1.789314500028071631e-01
-1.735219239134865726e-02
2.670546315940817150e-01
-1.022083860364589453e-01
2.545897813448363967e-01
-1.381394947297404363e-01
2.075628393430729579e-01
-1.080381109831553277e-01
3.247975768804719499e-01
-1.500120983262942520e-01
1.800936026135359636e-01
-1.559566568511037282e-02
2.475128102628708360e-01
-9.078245059358883151e-02
2.642100378238168013e-01
-1.412333670749285341e-01
1.934851680056812739e-01
-8.413457668649264309e-02
3.026201400687899001e-01
-1.530604496116725055e-01
1.323267774857724843e-01
1.669874050165202073e-01
-5.526076812392344273e-02
2.967722453640804781e-01
-1.527763932434074712e-01
1.456423591763714998e-01
1.109428779095442408e-01
1.671948335891956516e-01
-5.479299440483841044e-02
3.165854103943165354e-01
-1.553939091108179071e-01
1.439920948161613756e-01
1.516894426519532213e-01
-3.589234763021420527e-03
3.123219330346494460e-01
-1.318024591638178866e-01
2.200388394787350377e-01
-1.205146537164473175e-01
3.238920882597448037e-01
-1.515111315376419521e-01
1.743465948711560853e-01
2.605596842582060674e-02
2.247027555775085172e-01
-7.981469817546366086e-02
2.718042282327133297e-01
-1.440664700498210660e-01
1.959192780347281670e-01
-8.642970063978566708e-02
2.969192048204317702e-01
-1.516023443746912225e-01
1.318602757668868863e-01
1.636266030589969833e-01
-5.435600649819485874e-02
3.179397648994650716e-01
-1.571522462265833309e-01
1.456813021906590566e-01
1.476127364500963435e-01
3.633856008054193315e-02
2.883651143381362747e-01
-1.136406441349444851e-01
2.436846423048241450e-01
-1.324874600356804599e-01
2.767320754658210702e-01
-1.436742827445144366e-01
1.646751227074358948e-01
-1.442056474060535338e-02
2.951377616846917462e-01
-1.203213587701638110e-01
2.358536577808119095e-01
-1.302087258833918570e-01
3.016072393230447846e-01
