4.989076050610838031e+00
-4.672188150205879076e+00
6.880380524826876787e-01
5.200850325406587871e+00
-4.256786030970057588e+00
1.369687329039618540e+00
5.304559168050935192e+00
-3.757763380151307508e+00
2.037428320168038542e+00
5.304764270423596884e+00
-3.192251762969350537e+00
2.681525920904962668e+00
-8.797570682263308184e-01
-2.577491372380421364e+00
3.289281966923231160e+00
-5.311328751303487472e+00
-1.928714682160648231e+00
3.845041238515308990e+00
-5.294932216641724310e+00
-1.258105699400123401e+00
4.331398241700635587e+00
-5.173901287101529967e+00
-5.749485856604280576e-01
4.731536737792676917e+00
-4.944630859072116635e+00
1.135025712275316845e-01
5.032137380562536677e+00
-4.610057932543083936e+00
8.009413488325036745e-01
5.225704651975225268e+00
-4.179789029552299695e+00
1.480870501077213852e+00
5.311584543852880813e+00
-3.666945650542226876e+00
2.145476564530141683e+00
5.295181544837758381e+00
-3.091997241742848068e+00
2.784576216167893303e+00
-2.616149915583738217e+00
-2.470544465833081738e+00
3.384932527524205259e+00
-5.315594538531730251e+00
-1.817321901827773978e+00
3.930474867260493443e+00
-5.282095714004041653e+00
-1.144008369936261760e+00
4.403714297530238575e+00
-5.142968227697054751e+00
-4.594871385964638399e-01
4.788223201195064505e+00
-4.895624598425803775e+00
2.292267782767422879e-01
5.071514718732736959e+00
-4.544152162374085258e+00
9.158758084212528239e-01
5.247188258770147051e+00
-4.099155483925050802e+00
1.593820763156598153e+00
5.315728620964534024e+00
-3.576080029953357720e+00
2.254924543260749648e+00
4.974528650740237978e+00
-2.992345748425643492e+00
2.888512543710338942e+00
-4.008114009762047125e+00
-2.364736185480869946e+00
3.480846941898490421e+00
-5.317090508856719744e+00
-1.707506265304487014e+00
4.015483224716104083e+00
-5.266285970547627038e+00
-1.031811228757625987e+00
4.474890201533860079e+00
-5.108982960970520182e+00
-3.461546422604103723e-01
4.843129892394737013e+00
-4.843677878517227420e+00
3.426479482940248400e-01
5.108620903026700688e+00
-4.475608038484327977e+00
1.028356452425482015e+00
5.266078740661794377e+00
-4.016319042164194109e+00
1.704153963303510100e+00
5.317085800997716660e+00
-3.481814095145802757e+00
2.361551541111341468e+00
4.051022354642709544e+00
-2.889592655857116998e+00
2.989386918140226612e+00
-4.951472460865251612e+00
-2.256079438127813308e+00
3.573411715624676077e+00
-5.315785502118770545e+00
-1.595038119488876749e+00
4.096863492630387960e+00
-5.247813952561792838e+00
-9.171252251847260561e-01
4.543484400071276852e+00
-5.072647488520084735e+00
-2.304902878830663027e-01
4.895131256502252448e+00
-4.789851565419339430e+00
4.582312098811856527e-01
5.142668954705407636e+00
-4.405797036090556063e+00
1.142776880353730373e+00
5.281972184170216522e+00
-3.932934229682320204e+00
1.816133477056716794e+00
5.315634326357235651e+00
-3.387700331778022100e+00
2.469409234448395996e+00
2.636784328973001301e+00
-2.787603343898801711e+00
3.090947075173783087e+00
-5.294928693455178248e+00
-2.148710779108461200e+00
3.665992994422471174e+00
-5.311618026959722627e+00
-1.484252612053166054e+00
4.177527689294280755e+00
-5.225937467487436372e+00
-8.044150698239403985e-01
4.608223935815764172e+00
-5.032565596420044862e+00
-1.170147288102319771e-01
4.943266901618495801e+00
-4.732139690571303348e+00
5.714542678343282889e-01
5.173048113116514024e+00
-4.332161953524084730e+00
1.256876696292085427e+00
5.294625272341338729e+00
-3.845953566103292864e+00
1.927538108252502935e+00
5.311550520436838951e+00
-3.290301036241804145e+00
2.576374205163353803e+00
9.448974257347435568e-01
-2.682626078377664758e+00
3.191210903143378630e+00
-5.304444301168896203e+00
-2.038591354877763884e+00
3.756820577969710584e+00
-5.304762248824319570e+00
-1.370896953046496058e+00
4.255936675076595677e+00
-5.201540945745400712e+00
-6.892800771182241437e-01
4.671491843752883177e+00
-4.990287297690436219e+00
-1.262468008739753376e-03
4.989361274512766897e+00
-4.672749257861822159e+00
6.867738208042369896e-01
5.200982063736300454e+00
-4.257502509055540507e+00
1.368443797392728811e+00
5.304569298945962963e+00
-3.758642532716131690e+00
2.036231093081143140e+00
5.304639568702605779e+00
-3.191422222773334205e+00
2.680406393854017466e+00
-8.980807794826621837e-01
-2.576611882586895774e+00
3.288256823398902906e+00
-5.311369901141824279e+00
-1.927786538388813531e+00
3.844135541347162288e+00
-5.294831218458320166e+00
-1.257138612353994711e+00
4.330613918945755536e+00
-5.173633821280675171e+00
-5.739628242992939056e-01
4.730905020961555074e+00
-4.944219636195548162e+00
1.144893598249589611e-01
5.031669358454592178e+00
-4.609509300020365963e+00
8.019114978088381918e-01
5.225415815953340370e+00
-4.179121854221149235e+00
1.481812506377551353e+00
5.311487934725181326e+00
-3.667855506878786365e+00
2.146371026461531883e+00
5.295301046310473048e+00
-3.093023232037103387e+00
2.785408306177703519e+00
-2.595437647313134644e+00
-2.471657371562326233e+00
3.385692546681057902e+00
-5.315519741484902028e+00
-1.818508930212541452e+00
3.931149736698565711e+00
-5.281963514418897887e+00
-1.145243272674511203e+00
4.404295903943031831e+00
-5.142709598863646647e+00
-4.607454590734555988e-01
4.788680415630018672e+00
-4.895225108538597603e+00
2.279659401915766215e-01
5.071828555107451564e+00
-4.543616959897389229e+00
9.146277780865383900e-01
5.247347265932898353e+00
-4.098498102328049342e+00
1.592601876686601248e+00
5.315694406708807662e+00
-3.575296619633374640e+00
2.253747209388713202e+00
4.968072927984652054e+00
-2.991480064520541493e+00
2.887398695743938148e+00
-4.020185636217342484e+00
-2.363808421782379821e+00
3.479817746008481372e+00
-5.316999288306956117e+00
-1.706535453187986384e+00
4.014566962213748980e+00
-5.266386834110542203e+00
-1.030825996643913944e+00
4.474138307510614254e+00
-5.109306047889234037e+00
-3.451651357794553454e-01
