-3.040965369609569091e+00
-2.199858294794495350e+00
3.196782144572657636e+00
2.943709988747718054e-01
-2.863456075227928554e+00
-3.687556979908740651e+00
3.335618779976843307e+00
5.888903969864264232e-01
-2.667834834001604261e+00
-3.724716545210792873e+00
3.453230301580473505e+00
8.770803687021450079e-01
-2.457073052780736511e+00
-3.744444039599434504e+00
3.551606990689473164e+00
1.161449390913481539e+00
-2.229087737569490635e+00
-3.746040958516202668e+00
3.629692686001660729e+00
1.437989063374285115e+00
-1.986957314623581272e+00
-3.729301854002297301e+00
3.687196686707097104e+00
1.703035252323595428e+00
-1.734168084843324298e+00
-3.693100358570081898e+00
3.725728271008382997e+00
1.959168523654561067e+00
-1.468247649279920575e+00
-3.637257489111760389e+00
3.744991581330871622e+00
2.202777630058465164e+00
-1.194821947906608228e+00
-3.562272432552053392e+00
3.745364700454394846e+00
2.430642654982435591e+00
-9.112769159868333579e-01
-3.466297493127522777e+00
3.727735562387204826e+00
2.644959861505329801e+00
-6.214722188839311157e-01
-3.349942885817729810e+00
3.692500414965155464e+00
2.840962135245885367e+00
-3.295504851108416733e-01
-3.214593051028288517e+00
2.619546371570791621e+00
3.020646604721591189e+00
-3.306564347965265660e-02
-3.058235445869962543e+00
-1.781065238065953515e+00
3.181341012788780009e+00
2.636559273405752468e-01
-2.882699762385479314e+00
-3.682488200219885766e+00
3.321123319605908009e+00
5.562710485102378977e-01
-2.690570283770585380e+00
-3.721577371527714284e+00
3.442020738362202348e+00
8.472174123095929099e-01
-2.479863240540233882e+00
-3.743213049650972124e+00
3.542512955165270316e+00
1.132302897278097298e+00
-2.255255455588041524e+00
-3.746922291733224775e+00
3.621965636300943370e+00
1.407643844415785717e+00
-2.014623220837401529e+00
-3.731902587641131142e+00
3.682237650586658528e+00
1.675850497812144013e+00
-1.761143328560003107e+00
-3.697714011982459859e+00
3.722792323656205937e+00
1.931239351034455654e+00
-1.498391256814946226e+00
-3.644600127142083146e+00
3.743744164994575740e+00
2.176307185834486013e+00
-1.223802224706680652e+00
-3.571000366601053244e+00
3.746301942765235538e+00
2.407574144493767054e+00
-9.410167952716146367e-01
-3.477151759744507853e+00
3.730556572054485542e+00
2.621893571474912754e+00
-6.539970193811991406e-01
-3.364037382547183874e+00
3.697263660649106498e+00
2.821373173224973829e+00
-3.602115879786054742e-01
-3.229641315794907985e+00
2.944174087577550836e+00
3.002973519911761091e+00
-6.386897765310670105e-02
-3.076699015569996920e+00
-1.302104217195713121e+00
3.164354888362842733e+00
2.306805462073894253e-01
-2.903217485399757436e+00
-3.677403665436672853e+00
3.307517330669917932e+00
5.258338240915617634e-01
-2.711413661131548469e+00
-3.718219039738638543e+00
3.430499042810325250e+00
8.150742724219703916e-01
-2.504147826888245554e+00
-3.741743023979619664e+00
3.532238888125711185e+00
1.100903863457518783e+00
-2.279392860050386549e+00
-3.747308174938018599e+00
3.614675375275089309e+00
1.379275691313980756e+00
-2.040184715309808272e+00
