1.357352965690852509e+00
-1.692715215318570388e-01
3.674603087230040810e+00
-3.401489152775373781e-01
5.037243802051069252e+00
-5.141348186211234239e-01
5.308990577026539981e+00
-6.925372461553714887e-01
5.448266700756657421e+00
-8.764168747499085921e-01
5.608465535307280092e+00
-1.064073357843102086e+00
5.786611272758269919e+00
-1.260924762324051152e+00
5.979753805525729327e+00
-1.464822259132598337e+00
6.185207892176413758e+00
-1.675816641714911626e+00
6.399840430560828963e+00
-1.893788176175879689e+00
6.621261345724440694e+00
-2.115538797579001429e+00
6.847115575218438721e+00
-2.346491917020523843e+00
7.075310544124231882e+00
-2.583367970452410400e+00
7.304662881189930346e+00
-2.825655323543979414e+00
7.532081000927314918e+00
-3.072820093976517786e+00
7.756709880110670419e+00
-3.320849576318479546e+00
7.977168337320316382e+00
-3.575954070334373291e+00
8.192236434557132796e+00
-3.834175364895490823e+00
8.402177176512735102e+00
-4.094906227958254874e+00
8.603467350647267864e+00
-4.357528352438045260e+00
8.796456033385402051e+00
-4.617514186631204609e+00
8.980374985764244755e+00
-4.881976310753786130e+00
9.154551039574029048e+00
-5.146479745445891929e+00
9.320322520172362957e+00
-5.410407003910288282e+00
9.473377882860107846e+00
-5.673146181536264265e+00
9.615073424323643536e+00
-5.929846465370094855e+00
9.744994887053966437e+00
-6.188347322799664596e+00
9.862771196640723659e+00
-6.443856968640653271e+00
9.970646526555114519e+00
-6.695781279454103618e+00
1.006339039540009317e+01
-6.943560570603695581e+00
1.014320873180926696e+01
-7.182167032448736776e+00
1.020994963694830915e+01
-7.419921335852385447e+00
1.026350325809168496e+01
-7.651872169266474621e+00
1.030689041152755081e+01
-7.877464126317171633e+00
1.033386159947493255e+01
-8.096147170488755762e+00
1.034744677151205750e+01
-8.302938609530649217e+00
1.034769133115417183e+01
-8.506347441451080016e+00
1.033456635611854502e+01
-8.701334132990810488e+00
1.031189175808276026e+01
-8.887508424672052598e+00
1.027254435547443023e+01
-9.064388110517745289e+00
1.022022135732999359e+01
-9.227172261035725853e+00
1.015509924183480095e+01
-9.384238036255094784e+00
1.007736942520685197e+01
-9.530775335865566689e+00
9.987241771944868063e+00
-9.666393373154155810e+00
9.889167958373475287e+00
-9.790814763124686237e+00
9.775203959109022733e+00
-9.903670572146531015e+00
9.649691772171481219e+00
-1.000059645700678068e+01
9.512980263241944456e+00
-1.008949570797006956e+01
9.365389753283409391e+00
-1.016596886311731573e+01
9.211704332335225232e+00
-1.022982268049780075e+01
9.043602666938786783e+00
-1.028086674277024137e+01
8.865819475740979172e+00
-1.031527819119837375e+01
8.678777274684817300e+00
-1.034026386854380242e+01
8.482972355283862953e+00
-1.035204221364350374e+01
8.283334549166522010e+00
-1.035050147549976884e+01
8.071346940982314422e+00
-1.033556110925105109e+01
7.852049740138976830e+00
-1.030416253530497528e+01
7.625897576034739167e+00
-1.026261025059178245e+01
7.393441286333053419e+00
-1.020775983393835773e+01
7.159636628009883097e+00
-1.013966711871436388e+01
6.916148390140238078e+00
-1.005850696936918354e+01
6.668005861314428628e+00
-9.961912296057771954e+00
6.415761775968862324e+00
-9.855288864396266391e+00
6.159997666925794313e+00
-9.736235133404985476e+00
5.905560396872391316e+00
-9.605088202249845608e+00
5.644497443945443393e+00
-9.462206109410029597e+00
5.381696833447044526e+00
-9.306058590707937839e+00
5.117771678754630571e+00
-9.141128548006832943e+00
4.853332926608304732e+00
-8.965898842191048601e+00
4.592895995669293185e+00
-8.780985037680190786e+00
4.329189607690037356e+00
-8.587064273152973826e+00
4.066820096645714422e+00
-8.383607429916740017e+00
3.806400171212616534e+00
-8.174241606616051925e+00
3.548545187986452465e+00
-7.958497442400905619e+00
3.297303187245870237e+00
-7.737453877424944615e+00
3.046315610739653401e+00
-7.512406236088502887e+00
2.799675724543618127e+00
-7.283898316650241789e+00
2.557973877767008020e+00
-7.055131568031015377e+00
2.321735212398375658e+00
-6.826944090379248209e+00
2.094389421822870911e+00
-6.601254371284864142e+00
1.870407042637368011e+00
-6.380236748247842371e+00
1.653170867858917203e+00
-6.165991203896848738e+00
1.442927251643637998e+00
-5.961651294211133489e+00
1.239776516926121896e+00
-5.769644558518617572e+00
1.043643995815993541e+00
-5.592883833479555200e+00
8.566633727744163984e-01
-5.434393372750074391e+00
6.733866822340185410e-01
-5.297041701460454277e+00
4.954910361768592453e-01
-4.949187810605786275e+00
3.218879841211332860e-01
-3.461366593712159379e+00
1.512479493703945688e-01
-1.072743050311617319e+00
-1.569650028762187288e-02
1.598889245983082130e+00
-1.850470796137838048e-01
3.849021332574389831e+00
-3.561484315961608305e-01
5.092650078172966666e+00
-5.304882800299743906e-01
5.320606090285715517e+00
-7.093536043205295183e-01
5.461910463649329195e+00
-8.913552155359055762e-01
5.623838132069483464e+00
-1.082039244562167601e+00
5.803462692134274015e+00
-1.279534100296278121e+00
5.997963503787482331e+00
-1.484088427014187195e+00
6.204219957801714536e+00
-1.695736392816966420e+00
6.419567702507102958e+00
-1.911490708046040377e+00
6.641473256389853752e+00
-2.136696147559639325e+00
6.867611621523137089e+00
-2.368220606191066668e+00
7.096564886963585117e+00
-2.605624277986897219e+00
7.325213678249758331e+00
-2.848394865587597913e+00
7.552439185969181956e+00
-3.092634021361716279e+00
7.776726363832326072e+00
-3.344392773650332717e+00
7.996750520739106527e+00
-3.599829627876982574e+00
8.212499973964856537e+00
-3.858324446097140648e+00
8.420544665431712872e+00
-4.119253896602935505e+00
8.621084933790903904e+00
-4.378192742396236348e+00
8.813257322669540983e+00
-4.642094662286536888e+00
8.996298410297264070e+00
-4.906595423791754840e+00
9.171375578513057292e+00
-5.171080921788147933e+00
9.334332752048490889e+00
-5.434932662122830216e+00
9.486350196484693242e+00
-5.693343814535029246e+00
9.626966588328656371e+00
-5.954043109993611083e+00
9.755765672480430695e+00
-6.212293005581710936e+00
9.874863022440838023e+00
-6.467511136142721107e+00
9.979173989014279655e+00
-6.719110784418276694e+00
1.007076203762201416e+01
-6.962087357954661826e+00
1.014940255318316531e+01
-7.204673996232533462e+00
1.021491967377334653e+01
-7.441916930511757400e+00
1.027026372532383114e+01
-7.673296499916891555e+00
1.030936679919368615e+01
-7.898261591637072421e+00
1.033509169386804061e+01
-8.116280193187803249e+00
1.034747075050675846e+01
-8.322392734206397691e+00
1.034646747013771417e+01
-8.525040348085923370e+00
1.033215572284199979e+01
-8.719266750332254290e+00
1.030830155136018256e+01
-8.904630194721081082e+00
1.026775676288271910e+01
-9.080640552541579424e+00
1.021425058345650605e+01
-9.242519266535721201e+00
1.014797754452107093e+01
-9.398652394785342423e+00
1.006913056804118511e+01
-9.544235094934213848e+00
9.981968119119937199e+00
-9.678865896297116578e+00
9.878730319943255012e+00
-9.802229919245393219e+00
9.763663332771637116e+00
-9.909871845443312566e+00
9.637101719865839300e+00
-1.000979916804285885e+01
9.499407748538848395e+00
-1.009759945776337098e+01
9.355210622217720484e+00
-1.017295230968375641e+01
9.196260465341611123e+00
-1.023565318511684374e+01
9.027258648169611988e+00
-1.028179918232297574e+01
8.848618185928348367e+00
-1.031874273167609601e+01
8.660780074283078278e+00
-1.034254887055865701e+01
8.468686594694959879e+00
-1.035312056440609929e+01
8.263815342394371655e+00
-1.035033201272105430e+01
8.051163918448571266e+00
-1.033097469269693036e+01
7.831197523579341180e+00
-1.030154720302043714e+01
7.604440317011347261e+00
