3.325514065610310599e+00
-4.508692386897396043e-01
5.215412374755371339e+00
-9.101183875808588342e-01
5.383255662693814614e+00
-1.387212372968434471e+00
5.563439353324328707e+00
-1.884029998042606513e+00
5.732830117878761733e+00
-2.396876190871553014e+00
5.869802710244905519e+00
-2.917492032348463216e+00
5.956268592031080722e+00
-3.434491864615496493e+00
5.977242986307811812e+00
-3.937232590161037216e+00
5.926066156634969495e+00
-4.407035914723765657e+00
5.797095177959941559e+00
-4.833164063830930779e+00
5.589947619241387500e+00
-5.203677934361796709e+00
5.307917890292729979e+00
-5.508551225733854473e+00
4.957534435110308557e+00
-5.740286706197164079e+00
4.548054038786309761e+00
-5.894468747101756279e+00
4.090909854226263853e+00
-5.971683542348153573e+00
3.596507262614877298e+00
-5.972104720330444039e+00
3.083445248042188780e+00
-5.904906212823450851e+00
2.562664841374634683e+00
-5.782254608552428010e+00
2.046265915224587228e+00
-5.620901205422382141e+00
1.543661350616193584e+00
-5.441463321975113843e+00
1.060157992341178801e+00
-5.266890336421289120e+00
5.957305506947885299e-01
-4.689222060954208793e+00
1.424984129299737279e-01
1.285839884114780896e+00
-3.048749007354552010e-01
5.167333841750505918e+00
-7.596692143133412234e-01
5.326468238434022062e+00
-1.230501818258680657e+00
5.505194734608265250e+00
-1.721081037221913412e+00
5.680573085868462435e+00
-2.229442424420449154e+00
5.830228103204767365e+00
-2.748664590287933862e+00
5.934766040421157740e+00
-3.268207009424716425e+00
5.977805433145746861e+00
-3.777857085077581001e+00
5.951023760951168029e+00
-4.258979796912422344e+00
5.847482798106081958e+00
-4.700628851450754375e+00
5.665454234760568752e+00
-5.090342943698710876e+00
5.407095228235088591e+00
-5.417409652881527649e+00
5.077936902662672836e+00
-5.673444998760459157e+00
4.686434196697289778e+00
-5.853003069757065191e+00
4.243392302880987899e+00
-5.955545165616006109e+00
3.758776984318798142e+00
-5.979687610518460872e+00
3.251060002423816542e+00
-5.933278199038886314e+00
2.731372394740216425e+00
-5.826974847569768912e+00
2.212368655323867728e+00
-5.676066598876899683e+00
1.704492348198396900e+00
-5.500044862119379374e+00
1.214540059763209223e+00
-5.321377651756273863e+00
7.442954510445827232e-01
-5.162924313722668579e+00
2.876337592225163831e-01
-1.009637850244985868e+00
-1.596736680310148759e-01
4.784658647525910524e+00
-6.109371571437598458e-01
5.271734612121372621e+00
-1.075902333717494663e+00
5.446566644418021852e+00
-1.560029242718591114e+00
5.625577065774432839e+00
-2.063171198760763492e+00
5.785858568006307934e+00
-2.579875788180156615e+00
5.906897952294123399e+00
-3.100627617947450343e+00
5.970913133615787238e+00
-3.615756910368471022e+00
5.967938090145335828e+00
-4.106806953648128200e+00
5.889620847924441627e+00
-4.562645569854757888e+00
5.732950353279345101e+00
-4.970440904294689766e+00
5.498837337812721771e+00
-5.318811634181416004e+00
5.191815973292457365e+00
-5.598596554942046666e+00
4.819418835982011373e+00
-5.803308038013277326e+00
4.391765313694168782e+00
-5.931326920219603949e+00
3.918377248113841915e+00
-5.979854799219135764e+00
3.417445431974211800e+00
-5.955367562264443748e+00
2.900184096821429858e+00
-5.867015775540009415e+00
2.379679313221696457e+00
-5.728605639369826363e+00
1.867254969286343602e+00
-5.558382215901631618e+00
1.371040436019086428e+00
-5.378033953634385966e+00
8.945658260899059799e-01
-5.210664943437182117e+00
4.335286408554889226e-01
-3.104345996947695863e+00
-1.489947366304389745e-02
3.476853524926476258e+00
-4.636773948546610291e-01
5.219778814032399517e+00
-9.233520055661053050e-01
5.388356102928207214e+00
-1.401009425655191487e+00
5.568588591809322530e+00
-1.898353756546363291e+00
5.737381672491484785e+00
-2.411551403803868343e+00
5.873158577407100012e+00
-2.932221155149354885e+00
5.956896784316215943e+00
-3.451415577667937828e+00
5.976933876449490590e+00
-3.950948752106183459e+00
5.923548602436136790e+00
-4.419643441692016061e+00
5.792336639006863130e+00
-4.844326050787930882e+00
5.582993811921250327e+00
-5.213082875190678145e+00
5.298887492031044033e+00
-5.515925522137059112e+00
4.946681607344409315e+00
-5.745487437999568847e+00
4.535680106337252049e+00
-5.899047517793300166e+00
4.074899216920726097e+00
-5.972438107475791291e+00
3.582166003053700809e+00
-5.970804026737179804e+00
3.068697205035889830e+00
-5.901835238419526064e+00
2.547882594441046145e+00
-5.777837924938500791e+00
2.031763340906849624e+00
-5.615683068416808865e+00
1.529660929461354790e+00
-5.436100757667753136e+00
1.046740102616235069e+00
-5.262066924246265209e+00
5.805367544712172201e-01
-4.583414486045556124e+00
1.298355990962269946e-01
1.479991218726266933e+00
-3.175984497095530878e-01
5.171443241673483016e+00
-7.727524925054701788e-01
5.331495443857237504e+00
-1.244127377788269762e+00
5.510490086610093208e+00
-1.735267971655005459e+00
5.685474677199303883e+00
-2.244058093539720300e+00
5.834110846717345034e+00
-2.763444661280140657e+00
5.936141847802467453e+00
-3.285312428025866982e+00
5.978248207398701553e+00
-3.791886775628429351e+00
5.949338291881851148e+00
-4.272055794145630081e+00
5.843558847476063356e+00
-4.712377749908724489e+00
5.659306636708767435e+00
-5.100439222773627712e+00
5.398824776462366692e+00
-5.425571376652344568e+00
5.067747553697238061e+00
-5.679477175160063673e+00
4.674609687695241433e+00
-5.858499756937420422e+00
4.227798681731181674e+00
-5.957089985221775130e+00
3.744707982287052150e+00
-5.979124463314906990e+00
3.236443606297417563e+00
-5.930825446080104868e+00
2.716599908331980284e+00
-5.823027348394833602e+00
2.197778302648358828e+00
-5.671135163433405069e+00
1.690341405365710648e+00
-5.494758162859306516e+00
1.200952191211531295e+00
-5.316396912082635318e+00
7.289595374856780996e-01
-5.158341280067237022e+00
2.749230453081816794e-01
-8.112426636973909533e-01
-1.723438750498373639e-01
4.856275707667212949e+00
-6.238816406980983720e-01
5.276561696740905028e+00
-1.089346677246594730e+00
5.451887424516628222e+00
-1.574051187393783691e+00
5.630718728087157565e+00
-2.077684127854731333e+00
5.790184584821929548e+00
-2.594657959157497196e+00
5.908942706302243053e+00
-3.117850875935030963e+00
5.972048825903569558e+00
-3.630038812243888469e+00
5.966991761888333912e+00
-4.120254276121815273e+00
5.886473836180774910e+00
-4.574898411776781693e+00
5.727563315637661745e+00
-4.981146201487317349e+00
5.491287619481671989e+00
-5.327675249934757495e+00
5.182252176144859668e+00
-5.605369263102505606e+00
4.805782470485731928e+00
-5.809637529125951438e+00
4.376623907279698855e+00
-5.933655530911635445e+00
3.904599436493974451e+00
-5.980011055468614778e+00
3.402985022229104040e+00
-5.953535201846283265e+00
2.885441258931041641e+00
-5.863547418188700178e+00
2.365013631591348364e+00
-5.723976730547514435e+00
1.852952800670829125e+00
-5.553182110493053436e+00
1.357273999595970837e+00
-5.372974581985337394e+00
8.790634743331053880e-01
-5.206144626375469819e+00
4.207416451953567282e-01
-2.941191687612696448e+00
-2.754703655305286089e-02
3.622975150694127233e+00
-4.765078875308792483e-01
5.224391636525974825e+00
-9.366301007818884639e-01
5.393682154626216807e+00
-1.414867433510133443e+00
5.573948521374433085e+00
-1.912752501260795324e+00
5.742093099854145954e+00
-2.428760198739432941e+00
5.875837050364844494e+00
-2.949520180887825305e+00
5.958710806305671959e+00
-3.465912883192981742e+00
5.976748677503150198e+00
-3.964748888479487920e+00
5.921189552841341630e+00
-4.432370100869333029e+00
