-3.667216135295674473e+00
3.858105798787540675e+00
6.772482572502765974e-01
-3.375116969482063745e+00
3.946453040848347360e+00
1.334396859722022155e+00
-2.985619493237617217e+00
3.933609013797614740e+00
1.951037580419414663e+00
-2.506348687336758196e+00
-1.266607095171793512e-02
2.507412810082962462e+00
-1.949826501851453564e+00
-3.933799401807515306e+00
2.986484497765013124e+00
-1.333062615425157471e+00
-3.946434392997723251e+00
3.375778065835305153e+00
-6.758464085767861285e-01
-3.857891632512104430e+00
3.667711831300378034e+00
1.424424897754911733e-03
-3.666818667805399556e+00
3.858358546847576509e+00
6.786538112839549663e-01
-3.374460375731296757e+00
3.946479678904504240e+00
1.335735535820385955e+00
-2.984748542054926901e+00
3.933464885912259401e+00
1.952275760938743998e+00
-2.505300986653798745e+00
-3.802120631829931929e-02
2.508479553873464329e+00
-1.948604011927482116e+00
-3.933983174709003272e+00
2.987358871274477412e+00
-1.331725214906527066e+00
-3.946399559940601875e+00
3.376430552316916245e+00
-6.744414709409916053e-01
-3.857635354869438427e+00
3.668122774898288529e+00
2.848943418562045748e-03
-3.666336285177854482e+00
3.858561610635301342e+00
6.800523112053461494e-01
-3.373790834187551990e+00
3.946748482017025772e+00
1.339194576507580781e+00
-2.982341481124432647e+00
3.933175176617166979e+00
1.955465095337172166e+00
-2.502447438624424869e+00
-9.452549921852332337e-02
2.511319997048631958e+00
-1.945406598151435906e+00
-3.934277255981305732e+00
2.989784856314131378e+00
-1.328274203207791881e+00
-3.946185293315473075e+00
3.378383306063951874e+00
-6.708276218018256465e-01
-3.856875565329199063e+00
3.669576102319014765e+00
6.526188905535348569e-03
-3.665031933530946251e+00
3.859464486279522877e+00
6.836877369370941704e-01
-3.371930753072175158e+00
3.946825633319372084e+00
1.340553074657332200e+00
-2.981515048433174719e+00
3.933049053792252892e+00
1.956709796331717488e+00
-2.501412702339067540e+00
-1.198667020022086277e-01
2.512418811943879504e+00
-1.944207749929973472e+00
-3.934493463698613525e+00
2.990661361714702426e+00
-1.326937418005400549e+00
-3.946141752976939809e+00
3.379032395201199801e+00
-6.694224554008842976e-01
-3.856613367166150663e+00
3.669971984892203665e+00
7.948091906247706229e-03
-3.664529550648643497e+00
3.859659155814692877e+00
6.850821255105664642e-01
-3.371245367619378541e+00
3.946818229153857160e+00
1.341871127340942049e+00
-2.980612860783852014e+00
3.932837169468932803e+00
1.957917931910248210e+00
-2.498558004111095077e+00
-1.763132466201480231e-01
2.515234025333047629e+00
-1.940990482127667116e+00
-3.934739591498993327e+00
2.993056003943076693e+00
-1.323471982822601145e+00
-3.945887700996003389e+00
3.380949845256693287e+00
-6.658002744039044352e-01
-3.855799944127540346e+00
3.671382918804804163e+00
1.162413406696349329e-02
-3.663187431928531801e+00
3.860501610049220211e+00
