1.746685843226915225e+00
3.512509777095325969e+00
5.170542376017635888e+00
6.496560009759855703e+00
7.276755036249650921e+00
1.336449528347413374e+00
-7.317174904904463872e+00
-6.598162258529065127e+00
-5.316304700183469123e+00
-3.679950906006434153e+00
-1.916657642782871207e+00
-1.671475376801446477e-01
1.577029273563234746e+00
3.344129299321298099e+00
5.021671686311707461e+00
6.389815338498618935e+00
7.229951080016828513e+00
3.836283138062678510e+00
-7.351148611682633671e+00
-6.694480814888489562e+00
-5.458759750083303608e+00
-3.846282234024891888e+00
-2.086887915196072196e+00
-3.343683549203194105e-01
1.407708030649030384e+00
3.175005383882756771e+00
4.871708499152378025e+00
6.279349593157006026e+00
7.177328825116107147e+00
5.802001961870087321e+00
-7.378593545079480620e+00
-6.784476620366380217e+00
-5.596154293893476961e+00
-4.009309139469926286e+00
-2.255124049424579891e+00
-4.994768957997738346e-01
1.240969522191879060e+00
3.007396676974879224e+00
4.717357395591426084e+00
6.162962632349841208e+00
7.118157293796413931e+00
7.066769164990453156e+00
-7.399663581798714418e+00
-6.869882417243690753e+00
-5.731434944132507425e+00
-4.172863297903999680e+00
-2.425680157462715147e+00
-6.670356219103705797e-01
1.072377549714355949e+00
2.837290713320047786e+00
4.560572319829245380e+00
6.041994442713718882e+00
7.052853857728401898e+00
7.423889058365206850e+00
-7.414289275313941552e+00
-6.948807621015415492e+00
-5.861351988475886898e+00
-4.332774895915590285e+00
-2.594077843735330013e+00
-8.325994531130762599e-01
9.063582168276552720e-01
2.669030286910885508e+00
4.403417831619918843e+00
5.917967617159403559e+00
6.982211560393378313e+00
7.418802884392342811e+00
-7.422261152386179006e+00
-7.022645033744555398e+00
-5.988559089454764006e+00
-4.492671977710212872e+00
-2.764537630798646450e+00
-1.000704736968127673e+00
7.384161213489290887e-01
2.498473220782106985e+00
4.242378498768978545e+00
5.788352805215141395e+00
6.905010554683674862e+00
7.407125491476822532e+00
-7.325422214359346818e+00
-7.090014868125034120e+00
-6.110184043040815638e+00
-4.648638301222985270e+00
-2.932677580033564269e+00
-1.166920839759526540e+00
5.729962363724151464e-01
2.330080050556129656e+00
4.081518564606785304e+00
5.656282999010294077e+00
6.822940229662585843e+00
7.388914218089232655e+00
-6.453049292633453504e+00
-7.151957608277043299e+00
-6.228672662627890766e+00
-4.804118502971130411e+00
-3.102584577177406100e+00
-1.335718983967461249e+00
4.055540747915229449e-01
2.159578703462253113e+00
3.917112231231998365e+00
5.518939872123103108e+00
6.734470146621021058e+00
7.364261021932945184e+00
-4.734229023531490554e+00
-7.207735155756289203e+00
-6.342436288961100566e+00
-4.957015680284336590e+00
-3.269887343426196136e+00
-1.502657031171420465e+00
2.405314837953828055e-01
1.991447924198856745e+00
3.753336818448641310e+00
5.379592651522475677e+00
6.641471716693438943e+00
7.333218554738115458e+00
-2.458170379457229604e+00
-7.256890335704760275e+00
-6.450197063304542233e+00
-5.105431881577019659e+00
-3.438623993360570896e+00
-1.672168148441458335e+00
7.335723835747838539e-02
1.821354345017753396e+00
3.586364453679240949e+00
5.235246705043183901e+00
6.542164410075829828e+00
7.295638517796437128e+00
1.821923462463811150e-01
-7.300126313425398195e+00
-6.554077649311932596e+00
-5.252586759492339219e+00
-3.606502199988181001e+00
-1.842009694905842432e+00
-9.153893066173764137e-02
1.653754191530492745e+00
3.420419041976859642e+00
5.089408646776097278e+00
6.438763148673708692e+00
7.251969924549230839e+00
2.743692013895505433e+00
-7.336769506026299403e+00
-6.651761411751881958e+00
-5.394906524793546154e+00
-3.771304349849399884e+00
-2.009917729094218064e+00
-2.587217508206233196e-01
1.484269993514023334e+00
3.251608725076332806e+00
4.938954202866474574e+00
6.329336675530524481e+00
7.201755152756683209e+00
5.009301398964103313e+00
-7.367214620442499751e+00
-6.745114383833621829e+00
-5.535458367719888528e+00
-3.936934702613145820e+00
-2.180263300766929646e+00
-4.260084760529630477e-01
1.315145203509000105e+00
3.082134457170136788e+00
4.787504411978145136e+00
6.216202875840584063e+00
7.145719977172769966e+00
