3.822540204257707686e+00
5.674701188065396806e+00
-5.105476371665794488e+00
-1.903679645975338453e+00
2.095753882463062379e+00
5.200419964664683370e+00
-5.664296337301495399e+00
-3.660828112300644754e+00
1.984859561660209937e-01
3.982828846287389979e+00
5.675958744096460507e+00
-5.001567600617860876e+00
-1.708052392966531441e+00
2.286202865143745377e+00
5.287303485754579313e+00
-5.644801656268286116e+00
-3.491278993196045732e+00
3.991253468278609384e-01
4.137866641215721231e+00
5.668080364808783855e+00
-4.891016089169216485e+00
-1.513371905810354523e+00
2.476774625574928113e+00
5.366523780120493470e+00
-5.616025793718812054e+00
-3.317544589217015005e+00
5.995611790444153044e-01
4.285795453122748455e+00
4.837570626170501598e+00
-4.771909508953514845e+00
-1.315519164932249296e+00
2.665097192084722177e+00
5.437044063127022930e+00
-5.578031755765206157e+00
-3.141915633651322537e+00
7.974539308997120601e-01
4.429299467870122520e+00
2.489719443428875412e+00
-4.645615038117823836e+00
-1.116827379632264750e+00
2.850830419522330850e+00
5.498145490187241968e+00
-5.531275818123011945e+00
-2.960996607996192687e+00
9.971492881194384816e-01
4.566482930752552072e+00
-6.394292401247458901e-01
-4.513814116152309097e+00
-9.196946272920922816e-01
3.031766861518804479e+00
5.550852669118935268e+00
-5.475105586185262219e+00
-2.776974997169924020e+00
1.196270277710859808e+00
4.695726851608887920e+00
-3.532565579702973135e+00
-4.374165485454780011e+00
-7.198271527439298323e-01
3.211426306889694882e+00
5.594414998720976584e+00
-5.409947393182000575e+00
-2.592200371187250774e+00
1.392470894057634023e+00
4.819291828983668147e+00
-5.362127345202982731e+00
-4.228311059086645507e+00
-5.195651677137183011e-01
3.387485575061429444e+00
5.628523960098198664e+00
-5.336663756959086236e+00
-2.402981374343752918e+00
1.589967399238166657e+00
4.935523884249938931e+00
-5.672357086378809754e+00
-4.076610717653636584e+00
-3.212813997587609105e-01
3.557844834603051787e+00
5.653733289511607474e+00
-5.254134199427896057e+00
-2.211636486408460112e+00
1.786375635485394131e+00
5.044147182928268691e+00
-5.676500824877197537e+00
-3.921087851814494485e+00
-1.205918634028721598e-01
3.725726867464095537e+00
5.669678554611841115e+00
-5.163163790425264743e+00
-2.020533679396149029e+00
1.979354077783926247e+00
5.143959499126514956e+00
-5.671688384561679896e+00
-3.758892708755456891e+00
8.015944615032355447e-02
3.888961013709825387e+00
5.676485789341997545e+00
-5.065001622897307598e+00
-1.825761009219210695e+00
2.172929850905109372e+00
5.236631885442741385e+00
-5.657639908088485825e+00
-3.591941445491585228e+00
2.786245754506488370e-01
4.045543161229622875e+00
5.674081907510150735e+00
-4.957948802382317055e+00
-1.629603802600420037e+00
2.364687282887722120e+00
5.320883809048714497e+00
-5.634493152766692603e+00
-3.422402676710705194e+00
4.791981986745100230e-01
4.198360205525266231e+00
5.538260706390915722e+00
-4.843204048012681895e+00
-1.432308029999002308e+00
2.552328664776075229e+00
5.395865272776538824e+00
-5.601989970759278847e+00
-3.247105113313794700e+00
6.795270666936102932e-01
4.345415275213745154e+00
4.020331457966689115e+00
-4.722331290577007401e+00
-1.236279168509907489e+00
2.739655816733713056e+00
5.462829470218001582e+00
-5.560292865079000890e+00
-3.068152230239447498e+00
8.772664369298522891e-01
4.484967546346823042e+00
1.284790069534724744e+00
-4.593227900719756285e+00
-1.037298717127882242e+00
2.924272528357378498e+00
5.520836817787142969e+00
-5.509920943723012776e+00
-2.887845895928935480e+00
1.076748517651960002e+00
4.619494125789949557e+00
-1.885765554444893466e+00
-4.457373403194784700e+00
-8.377124070025377955e-01
3.103961273145039446e+00
5.569401693292621580e+00
-5.450110358186355697e+00
-2.702672746930666836e+00
1.275597203292762494e+00
4.747220274095949932e+00
-4.464583235426784924e+00
-4.316601539671668597e+00
-6.399034668352492350e-01
3.282243284666833461e+00
5.609305851448691982e+00
-5.381419454534533742e+00
-2.514875867978803470e+00
1.473649596153730590e+00
4.866669251145093078e+00
-5.637357228822891031e+00
-4.168384101297819555e+00
-4.395220428999622175e-01
3.456788945956364323e+00
5.639975642856074778e+00
-5.303966449609323064e+00
-2.326812931280456631e+00
1.668568979812128150e+00
4.979922903682158619e+00
-5.675151863460008883e+00
-4.014478820249449242e+00
-2.389147577950667400e-01
3.625503267384831307e+00
5.661304883443846414e+00
-5.218799081200072187e+00
-2.134688032423481374e+00
1.864481566446360317e+00
5.085446401282896822e+00
-5.675768031669424118e+00
-3.856902005369128528e+00
-4.043497682055353232e-02
3.791570919014497942e+00
5.673542054320866335e+00
-5.124509327429628058e+00
-1.940804287107382065e+00
2.058991949599623617e+00
5.182046260634725954e+00
-5.667182130987328037e+00
-3.692741540075846096e+00
1.603144936432224776e-01
3.952801820882480222e+00
5.676528209047563500e+00
-5.022092518599330369e+00
