5.216139372162411192e+00
-3.060030203038021757e+00
3.810038473383791313e+00
-5.040193502108935242e+00
9.010653009439149042e-01
5.218979149032661802e+00
-2.222736428992541757e+00
4.431606782558318969e+00
-4.676283008565605748e+00
1.794799084476993878e+00
-3.377556019491852357e+00
-1.340191261155099012e+00
4.885695139551601507e+00
-4.132849162215711303e+00
2.658613316160899576e+00
-5.237722045258570880e+00
-4.421540339630332661e-01
5.153227153712327535e+00
-3.439237260268421803e+00
3.457747140463075741e+00
-5.148969376172712664e+00
4.620443318159014323e-01
5.237691431057279523e+00
-2.638029825944012696e+00
4.148146918770785341e+00
-4.876804095479998935e+00
1.362121508026098438e+00
3.135873909489438560e+00
-1.775287394737112834e+00
4.687425860222570684e+00
-4.418259684990974989e+00
2.243953484748681948e+00
-5.220767762727228423e+00
-8.812188663089975948e-01
5.045982909545986494e+00
-3.792964289769453767e+00
3.079698034769177806e+00
-5.214035030756323685e+00
2.215198677122778501e-02
5.218156138679937328e+00
-3.040321077873010314e+00
3.828678120009907371e+00
-5.032822625470592115e+00
9.253522923500832054e-01
5.217047286306917719e+00
-2.201469567295600616e+00
4.444845152304316649e+00
-4.663870073048604681e+00
1.818587529554428261e+00
-3.666708039068389713e+00
-1.318247941751978347e+00
4.894452546572495066e+00
-4.117443617580279103e+00
2.681151213746260975e+00
-5.237510999168194736e+00
-4.177716388037960860e-01
5.157363068842005127e+00
-3.420655632457989537e+00
3.476162398163430645e+00
-5.144029078589132276e+00
4.864169515662410959e-01
5.237610885453835685e+00
-2.617378473310802534e+00
4.163309748973587965e+00
-4.867748839710177577e+00
1.386216973514868611e+00
2.813418315351743804e+00
-1.751435357791792047e+00
4.698430047098977269e+00
-4.404784108830614109e+00
2.265152144957463864e+00
-5.222635325398207407e+00
-8.569157389401355074e-01
5.053091071321179406e+00
-3.775805935569975347e+00
3.099296366788641066e+00
-5.211795336573177728e+00
4.655365612649632612e-02
5.220322343831675482e+00
-3.018636314525964259e+00
3.845581846142592575e+00
-5.026068011773016764e+00
9.474135655600174344e-01
5.214906295815120885e+00
-2.178111584438757742e+00
4.459328542750567337e+00
-4.652531991714592863e+00
1.840235382488091043e+00
-3.907650860624034550e+00
-1.294120928849964214e+00
4.904099696251977392e+00
-4.100498788746294032e+00
2.701689811917456385e+00
-5.237356518695735375e+00
-3.956387524865260796e-01
5.161926866976761730e+00
-3.400238210603792499e+00
3.496334930506799665e+00
-5.139565358514904148e+00
5.085493346730962649e-01
5.237476109154822090e+00
-2.594718799585520763e+00
4.179918693783739592e+00
-4.857680670365379427e+00
1.408131725818639213e+00
2.511452286022683555e+00
-1.729746080054969992e+00
4.710475061635106542e+00
-4.389886233171538699e+00
2.288408535878605932e+00
-5.224280985776857733e+00
-8.348390990459785277e-01
5.059377897771749844e+00
-3.756901994449102222e+00
3.120747870712314853e+00
-5.209151742716666256e+00
6.870531734334271723e-02
5.222111401922538754e+00
-2.998817215644233869e+00
3.864032539415731549e+00
-5.018427615482590198e+00
9.716907944213867276e-01
5.212820506386470321e+00
-2.156802180616393727e+00
4.472361618522707971e+00
-4.639881152391406083e+00
1.863991884325496784e+00
-4.155865962415663972e+00
-1.272165981384560496e+00
4.912640696353544278e+00
-4.084922236525651229e+00
2.724148658938036149e+00
-5.236942298395548256e+00
-3.712547475232835237e-01
5.165850431396854958e+00
-3.381535474485218629e+00
3.514623906649512186e+00
-5.134387984916962466e+00
5.329161681104308546e-01
5.237170480025419295e+00
-2.573990195100711365e+00
4.194885912165043251e+00
-4.848386580201311524e+00
1.432201073046917239e+00
2.160206670457880396e+00
-1.705858755566663110e+00
4.721224464871544235e+00
-4.376177046743138455e+00
2.309537422188619793e+00
-5.225912498814932583e+00
-8.105217115387475246e-01
5.066221576265411031e+00
-3.739579176816998363e+00
3.140235473233148333e+00
-5.206690222860485662e+00
9.310636364524289832e-02
5.224036365821537409e+00
-2.977018087029563276e+00
3.880772737882066448e+00
-5.011440592997162824e+00
9.937364981153701260e-01
5.210452324101182420e+00
-2.133374646686037046e+00
4.486569769957016618e+00
-4.628273317323094105e+00
1.885578266993244823e+00
-4.357770736532586398e+00
-1.247999915502352675e+00
4.921961015004334250e+00
-4.067717204146348742e+00
2.744569744466170746e+00
-5.236514877178231941e+00
-3.491120369418714842e-01
5.170102215376336297e+00
-3.360935968989240852e+00
3.534607984330010666e+00
-5.129639235184699331e+00
5.550428262965504400e-01
5.236818425116958942e+00
-2.551237171665354353e+00
4.211273455034830526e+00
-4.838049494704879550e+00
1.454092837562532825e+00
1.835635547537430412e+00
-1.684132745538014841e+00
4.733022719508864995e+00
-4.361054979580544888e+00
2.332720738837239072e+00
-5.227357729806147546e+00
-7.884321698221300467e-01
5.072244690081187279e+00
-3.720481961091736345e+00
3.161548017383497555e+00
-5.203775272988350409e+00
1.152566450833249906e-01
5.225600772193717880e+00
-2.957092988826239832e+00
3.899031852874451420e+00
-5.003531395334377407e+00
1.017998544103684067e+00
5.208182476046449239e+00
-2.112011903614262831e+00
4.499385893484658894e+00
-4.615376200239433402e+00
1.909286984700395262e+00
-4.559940261119487026e+00
-1.226025457575187660e+00
4.930265828458621158e+00
-4.051956524320195818e+00
2.766934987555642156e+00
-5.235873341418741944e+00
-3.247241511008651660e-01
5.173795866441633251e+00
-3.342103613341655066e+00
3.552760880085736872e+00
-5.124214443739728786e+00
5.794033563755099925e-01
5.236311522991283773e+00
-2.530444790766972929e+00
4.226060039130931756e+00
-4.828537911680875538e+00
1.478142286895624880e+00
1.462801097050030474e+00
-1.660222986611865181e+00
4.743581386369982944e+00
-4.347175083192683864e+00
2.353810786988311143e+00
-5.228829692898175452e+00
-7.641141182677843036e-01
5.078868162488973326e+00
-3.703029894845267123e+00
3.180954690338847701e+00
-5.201145885679040681e+00
1.396575644166911934e-01
5.227313914705089104e+00
-2.935198221524826678e+00
3.915613070191998890e+00
-4.996321509826078255e+00
1.040042540364208179e+00
5.205652731840525682e+00
-2.088542497934335884e+00
4.513413950235038108e+00
-4.603600609030965352e+00
1.930869303496095757e+00
-4.718817292456703782e+00
-1.201860861300720007e+00
4.939402926373343661e+00
-4.034612461749329526e+00
2.787314669548800694e+00
-5.235325144875446313e+00
-3.025843862270926055e-01
5.177869277106230683e+00
-3.321409935691916893e+00
