5.127255843496381971e+00
-4.035905495240945662e+00
2.162642901443849741e+00
-2.991797481011061050e-02
-2.158583455320700839e+00
4.038994587389481694e+00
-5.126174728051042351e+00
6.434709922182818218e-03
5.129510711919601285e+00
-4.031297590699435496e+00
2.168782690384039036e+00
-1.317485607472631270e-01
-2.152450434980643035e+00
4.043608544064638544e+00
-5.124509745696310681e+00
1.286946588191725457e-02
5.131171797200965834e+00
-4.025156779138299612e+00
2.177005431543150404e+00
-2.335297061265673990e-01
-2.146308468559863680e+00
4.048215808355774215e+00
-5.122835651222496622e+00
1.930419079339908833e-02
5.132813669246163890e+00
-4.020526426689617239e+00
2.183141213216182930e+00
-3.771346554304049192e-01
-2.138077952059462827e+00
4.052817594322130290e+00
-5.121154033826154972e+00
2.573891427923453643e-02
5.134439629924108850e+00
-4.015884141278598385e+00
2.189272082800636454e+00
-4.786381703615166794e-01
-2.131928350122691107e+00
4.058904646676099404e+00
-5.118836865490119514e+00
3.217360969835726670e-02
5.136043532133847123e+00
-4.011225169820274772e+00
2.195395220518349788e+00
-5.799610232449970981e-01
-2.125768014131152572e+00
4.063464812592667563e+00
-5.117101029361644571e+00
4.085804892561926277e-02
5.138210085548328365e+00
-4.006563879527782035e+00
2.201514559837656204e+00
-6.810652971004592660e-01
-2.119615114676143275e+00
4.068024714848067269e+00
-5.115364415102128248e+00
4.729278817630412635e-02
5.139813609131682171e+00
-4.000368636436000713e+00
2.207642649851842886e+00
-7.819157409843802142e-01
-2.113460778198388290e+00
4.072589583710636951e+00
-5.113633593874433281e+00
5.372734086248385360e-02
5.141411413577313461e+00
-3.995706421024581179e+00
2.215839217879360667e+00
-9.238567514469236963e-01
-2.107312007955940203e+00
4.077155844614386737e+00
-5.111904028368867259e+00
6.016214264515083732e-02
5.143000643225944302e+00
-3.991038000286332821e+00
2.221964850776539713e+00
-1.023933000847756070e+00
-2.099061340263504327e+00
4.083209221921078047e+00
-5.110158361811417471e+00
6.659677703221682232e-02
5.144571212796338777e+00
-3.986355636613774678e+00
2.228085752925491825e+00
-1.123627502823900226e+00
-2.092900194095334676e+00
4.087753739969440581e+00
-5.107782056612577115e+00
7.528109510389145720e-02
5.146123616717650506e+00
-3.981659762595290974e+00
2.234194484060204822e+00
-1.222892464624760533e+00
-2.086731417547661227e+00
4.092265659368535147e+00
-5.105982219673544265e+00
8.171547763990465174e-02
5.148207903672608943e+00
-3.975402046664904265e+00
2.240302144196693046e+00
-1.321698974921063252e+00
-2.080558255605586382e+00
4.096778183225009862e+00
-5.104182706449918783e+00
8.814952654094546092e-02
5.149737518250276480e+00
-3.970689806631079399e+00
2.248473419858513900e+00
-1.460406339161681277e+00
-2.074391788397951686e+00
4.101287114630252084e+00
-5.102378252820659377e+00
9.458414960860876686e-02
5.151274850829708818e+00
-3.965983885342152959e+00
2.254584914921943017e+00
-1.557955525295925403e+00
-2.066126357316415252e+00
4.105804322999315303e+00
-5.100583684342930191e+00
1.010183757958589557e-01
5.152801386387834803e+00
-3.961270147857334667e+00
2.260690656628954631e+00
-1.654922121427194970e+00
-2.059959118422279634e+00
4.111807081959022447e+00
-5.098151909303614282e+00
1.074530738113389644e-01
5.154321896064573139e+00
-3.956552240669619191e+00
2.266801141781309870e+00
-1.751263433940176029e+00
-2.053787186296235134e+00
4.116303978073530878e+00
-5.096330718695768702e+00
1.161370627680926026e-01
5.156350146125518563e+00
-3.951818093121446385e+00
2.272900926320371440e+00
-1.846946047412205028e+00
-2.047606354604734946e+00
4.120784482783403924e+00
-5.094488603779178781e+00
1.225706841764980237e-01
5.157820338163876528e+00
-3.945500086775401982e+00
2.281050207917483252e+00
-1.941923914803919349e+00
-2.041422083138078492e+00
4.125239990334370610e+00
-5.092614941127511230e+00
1.290046788173152270e-01
5.159291661944890528e+00
-3.940746352031670785e+00
2.287141862001947246e+00
-2.074834083719207189e+00
-2.033134305980891732e+00
4.129704206844503567e+00
-5.090751693162437697e+00
1.354382120333802175e-01
5.160753813446612881e+00
-3.935986140464178273e+00
2.293229082336802005e+00
-2.167998653425744493e+00
-2.026953871881846947e+00
4.135636808758931693e+00
-5.088883092651824036e+00
1.418723787384359725e-01
5.162218480751858962e+00
-3.931228274409895196e+00
2.299321458662643369e+00
-2.260348984886428880e+00
-2.020768525273067606e+00
4.140099279426976864e+00
-5.086362418291924037e+00
1.505555162034372119e-01
5.163679029125539444e+00
-3.926467729086323910e+00
2.305415604572884636e+00
-2.351860421933307688e+00
-2.014589665771321592e+00
4.144572199420387904e+00
-5.084508334082505243e+00
1.569901506611597886e-01
5.165648540748994932e+00
-3.920130224233785654e+00
2.311507561807573108e+00
-2.442478775879387332e+00
-2.008403596424273463e+00
4.149006345008827701e+00
-5.082605825559261881e+00
1.634238485869445590e-01
5.167068164846931211e+00
-3.915339957083145084e+00
2.319640805164470798e+00
-2.568895382277008643e+00
-2.002204719149870193e+00
4.153425981039155168e+00
-5.080684987750672121e+00
1.698563534321965995e-01
5.168463179183873990e+00
-3.910531718899431741e+00
2.325707769525758195e+00
-2.657225173395216355e+00
-1.993898766406333678e+00
4.159287041454292400e+00
-5.078741136179324656e+00
1.762898892777479409e-01
5.169871200427348157e+00
-3.905733697939957505e+00
2.331783934217669163e+00
-2.744568147748696507e+00
-1.987700472442947452e+00
4.163700850249927754e+00
-5.076141502148814766e+00
1.849715106640168749e-01
5.171261180625062792e+00
-3.900922653880192659e+00
2.337852508414899777e+00
-2.830880411621558679e+00
-1.981505634293977858e+00
4.168114324891051048e+00
-5.074211673275168977e+00
1.914053301775580640e-01
5.173158165127385466e+00
-3.896122616264092287e+00
2.343931511754274055e+00
-2.916133542765628750e+00
-1.975309799848538272e+00
4.172524166061204909e+00
-5.072276916830215754e+00
1.978387487031206260e-01
5.174548783463566615e+00
-3.889724759881599603e+00
2.352054851494625787e+00
-3.000296766762136080e+00
-1.969114177872856697e+00
4.176935567289985940e+00
