2.548791151645187547e+00
4.834531524673765013e+00
6.205590233221113472e+00
-6.363602802148663251e+00
-5.677548670984591261e+00
-3.758909545208705794e+00
-1.279144254179802820e+00
1.283887505798104289e+00
3.763299790752180574e+00
5.679281012302985765e+00
6.363579573419845481e+00
-6.204136236169159879e+00
-4.832227545024566417e+00
-2.544081520188648415e+00
4.731848460666673514e-03
2.555559625408671653e+00
4.839751593735771351e+00
6.207013119190357919e+00
-6.363832130495134187e+00
-5.673798610303569134e+00
-3.754486858247707559e+00
-1.272186566306601208e+00
1.288636145158982282e+00
3.769557020373674128e+00
5.683000467915800158e+00
6.363589140905708597e+00
-6.202317421578677603e+00
-4.827004233816113654e+00
-2.539395500374265424e+00
1.171319978810884781e-02
2.560266991093032463e+00
4.844979288567731857e+00
6.208836788933223438e+00
-6.363835422993930457e+00
-5.670071512299985628e+00
-3.748235225829341211e+00
-1.267439905704665914e+00
1.295588821419332959e+00
3.773962893124353624e+00
5.686704421953721500e+00
6.363306899330551936e+00
-6.200850936155130277e+00
-4.821748965581534208e+00
-2.532601011378125655e+00
1.869536107808734623e-02
2.567031740876938084e+00
4.848721791177148965e+00
6.210627811659864328e+00
-6.364042856647289526e+00
-5.667320252405660952e+00
-3.741982160348779729e+00
-1.260484393008454829e+00
1.302551401485861682e+00
3.780203606930568672e+00
5.689430543647875815e+00
6.362479069099153506e+00
-6.198996850515099410e+00
-4.817984176587843059e+00
-2.525829159886122444e+00
2.342614322868314877e-02
2.573812574503168804e+00
4.853934505904617502e+00
6.212045918513978471e+00
-6.364258446528220148e+00
-5.663575667696639115e+00
-3.737560666093317607e+00
-1.253531505580124827e+00
1.307292067596114382e+00
3.786432861850283604e+00
5.693122019473899620e+00
6.361264420596819846e+00
-6.197154723270111631e+00
-4.812744727771594455e+00
-2.521130759800445098e+00
3.040793423279660249e-02
2.578511399398220938e+00
4.859151977427736746e+00
6.213854354126874924e+00
-6.364254724444210254e+00
-5.659821415517920506e+00
-3.731295216191808262e+00
-1.246563822000787969e+00
1.314245800274736808e+00
3.790820270340327092e+00
5.696775561902124529e+00
6.357123472684927279e+00
-6.195646744183764376e+00
-4.807454258031492955e+00
-2.514332955001348680e+00
3.739100258577569835e-02
2.585270539861364902e+00
4.862859690388939171e+00
6.215583146571123763e+00
-6.364398203214233440e+00
-5.657022150655715009e+00
-3.725018063524880851e+00
-1.241819950922100624e+00
1.321199220932313123e+00
3.797046319536987458e+00
5.699470263942074233e+00
6.350873955882891053e+00
-6.193732786864275752e+00
-4.803655416563109348e+00
-2.507533813241601628e+00
4.212120585328847644e-02
2.592026900920237686e+00
4.868038438065892315e+00
6.216962536228350267e+00
-6.364564285437070090e+00
-5.653249802928485224e+00
-3.720591389815999683e+00
-1.234861839511842918e+00
1.325948274161657947e+00
3.803288614325029293e+00
5.703166766341469796e+00
6.346580262665609595e+00
-6.191892872086429911e+00
-4.798419334274176329e+00
-2.500768414731411760e+00
4.910392069516935493e-02
2.596747007983628563e+00
4.873259311514709147e+00
6.218773338508238879e+00
-6.364572244926609557e+00
-5.649499951602082959e+00
-3.714340175226533702e+00
-1.227908506258612586e+00
1.332904476621650680e+00
3.807662172162091796e+00
5.706787694307563719e+00
6.336971724865042788e+00
-6.190375677534621701e+00
-4.793121914104686354e+00
-2.496050432200513036e+00
5.608487854328664951e-02
2.603494498643318611e+00
4.876963100699727605e+00
6.220478258508379987e+00
-6.364691300690661357e+00
-5.646675049583500972e+00
-3.708030642326708648e+00
-1.223155636264348756e+00
1.339851596052770821e+00
3.813873085248638439e+00
5.709480749103026831e+00
6.325249307936971377e+00
-6.188443250019965092e+00
-4.789319502084135927e+00
-2.489260233013323553e+00
6.081663109169208048e-02
2.610262677984734658e+00
4.882133803043637421e+00
6.221853691447283730e+00
-6.364843792323725324e+00
-5.642898628647673220e+00
-3.703610870531629295e+00
-1.216197031065448186e+00
1.344599292949651970e+00
3.820086981974195606e+00
5.713115988355056629e+00
6.317827796556851006e+00
-6.186523314326312750e+00
-4.784023352798922879e+00
-2.482458044006582210e+00
6.779934021952330192e-02
2.614945620687632477e+00
4.887289674198691536e+00
6.223578912025104160e+00
-6.364772676695474196e+00
-5.639079898146391656e+00
-3.697325612908645365e+00
