5.354225708952129459e-01
-3.142195995450660639e-01
1.752122431436091421e-01
1.081759125888531320e-01
2.713463040416052019e-01
-1.297662891810481001e-01
1.455172123473805756e-01
2.368735562988183718e-01
-9.882980410536358618e-02
1.752723793611762892e-01
1.878107820728396604e-01
-6.724034395411379594e-02
1.961170010079590353e-01
1.381404254679254595e-01
2.088748967909501986e-01
-8.574820257427363812e-02
1.776651209573359980e-01
1.800655802494804947e-01
-6.296829752629400090e-02
2.669380387642628638e-01
-1.682228971760269809e-01
1.622087640591149960e-01
1.687588915402727929e-01
9.928025863578798793e-02
2.821014808654788153e-01
-1.393545658193919567e-01
1.368799978730185218e-01
2.481788117078948808e-01
-1.072507923397830326e-01
1.688149845239637070e-01
2.007400717420269598e-01
-7.502721741466224226e-02
1.920129238399614358e-01
1.494417412515570420e-01
1.737566829703490467e-01
7.785605043901165645e-02
2.984463201360679774e-01
-1.576126107641052099e-01
1.182483916606050373e-01
2.664199903714996598e-01
-1.231452884704190565e-01
1.538438758770345471e-01
2.252089265520036965e-01
-9.064196787460801485e-02
1.812728702783679702e-01
1.754960821507101365e-01
-6.017577621811372873e-02
3.014558960467065840e-01
-1.751481830739058110e-01
1.777035268776201438e-01
1.382348483383114279e-01
2.111962080604476988e-01
-8.681901034132162576e-02
1.769801484472235953e-01
1.815195333050342030e-01
-6.390967634763108918e-02
2.362168703215725696e-01
-1.513538449373688644e-01
2.846706964743877522e-01
-1.733516773678464296e-01
1.642348293667052206e-01
1.561032615484309605e-01
1.564786170896956541e-01
1.579545524607534057e-01
1.519783363072348681e-01
1.741364092799699559e-01
7.423727740180817436e-02
3.006297500321064575e-01
-1.604888335381310926e-01
1.151075497932259883e-01
2.682317004848536190e-01
-1.253221356797691866e-01
1.514419362190345952e-01
2.293910456141223797e-01
-9.347591084131970374e-02
1.793599715986233245e-01
1.793864688357643400e-01
-6.257282016513976419e-02
2.745573190856597789e-01
-1.714474396360025632e-01
1.479517179179030417e-01
2.055880491288152589e-01
-8.159932444709168398e-02
1.829956949550040624e-01
1.694019395175891951e-01
8.323489867625603889e-02
2.956826602170914975e-01
-1.537508948761264205e-01
1.226231792446749180e-01
2.620576792115862919e-01
-1.192695245739491955e-01
1.574733657815885479e-01
2.200801431363086369e-01
-8.722422515451241920e-02
1.838962846098172454e-01
1.693992721603062301e-01
8.277773532965759795e-02
2.964338571471242245e-01
-1.544295103863413954e-01
1.223394415286303272e-01
2.628178657596329515e-01
-1.198761439138247009e-01
1.570354481364365506e-01
2.208663643097776852e-01
-8.776807215403943652e-02
1.837417111560789018e-01
1.698384969861730653e-01
7.969051325227394234e-02
2.976965020369266024e-01
-1.564495494650852414e-01
1.199849599145989959e-01
2.653028928810161613e-01
-1.220716068945468386e-01
1.552529589609011051e-01
2.234107785418638914e-01
-8.952469405321469842e-02
1.820889519592896189e-01
1.733588441459005258e-01
-3.680610971595792841e-02
3.036565226598049727e-01
-1.700756521457133519e-01
1.974449413482154969e-01
-9.979973522881047110e-02
3.014747679083457088e-01
-1.730075137305184252e-01
1.865329066511249023e-01
1.063415012750618949e-01
2.727336200222386653e-01
-1.313262586352327010e-01
1.438706950434829046e-01
2.395273192220292169e-01
-1.007737966680864738e-01
1.737770532706381932e-01
1.908534183930610806e-01
-6.920721883866882973e-02
1.953166770158235310e-01
1.403142942305407037e-01
2.025823191074105079e-01
-8.163607847318543609e-02
1.801634392560731712e-01
1.746839105145071291e-01
-5.999525781770938260e-02
3.028210865315537625e-01
-1.728394518661643675e-01
1.903165294810245101e-01
-9.783631148519757181e-02
2.897084878753827808e-01
-1.475564811584439695e-01
1.286592201841849081e-01
2.568914172837154508e-01
-1.145566939990887434e-01
1.623491233152253022e-01
2.123091869425363099e-01
-8.224543479670026747e-02
1.871614737366542047e-01
1.615215669684758049e-01
1.250907901684268353e-01
2.447148116666764128e-01
-1.090284840021675389e-01
1.622896502873699687e-01
2.108595474158503624e-01
-8.150281367351336348e-02
1.877923011489327221e-01
1.603597392960703361e-01
1.303351009782084680e-01
2.335263984488531175e-01
-1.012513154942469573e-01
1.677252827420695203e-01
2.005930302319604563e-01
-7.517358195282314304e-02
1.912842547595315357e-01
1.509758891141396164e-01
1.687000716529593325e-01
1.066812493281720509e-01
2.734036839658505746e-01
-1.314566861528245756e-01
1.440978382789596390e-01
2.386737443554090010e-01
-1.001317189080478398e-01
1.740890428645512356e-01
1.901451304383666718e-01
-6.866484395471214586e-02
1.956088841478316465e-01
1.396621124003662728e-01
2.046999773930179289e-01
-8.309895781968851258e-02
1.793821475855601755e-01
1.762809030388237108e-01
-6.106876736201190259e-02
2.986597010565005261e-01
-1.757357476593321144e-01
1.673218575487854243e-01
1.685462740073723487e-01
9.773616483415917267e-02
2.843449457915102618e-01
-1.412485838521347348e-01
1.352744032037261901e-01
2.499998432670411663e-01
-1.086735948889335779e-01
1.672597210192062200e-01
2.027188440628605870e-01
-7.631399812771239022e-02
1.905735964791843151e-01
1.524187040944793570e-01
1.631917657973006863e-01
1.315752331054097224e-01
2.305837305764197320e-01
-9.930734801664216349e-02
1.691765337362949595e-01
1.977116807121950537e-01
-7.324781730802265578e-02
1.926254779677872842e-01
1.477703358874990769e-01
1.795188483819661618e-01
-6.788256763940822558e-02
3.008985278666140850e-01
-1.745565818772561451e-01
1.792161557868462707e-01
1.338187590762454082e-01
2.229238299266905476e-01
-9.444777460378768474e-02
1.723481506345086733e-01
1.915758915250786454e-01
-6.978665152977464592e-02
1.944859333130077583e-01
1.423182649953934065e-01
1.966650334680127010e-01
-7.809526477504441511e-02
1.823686908306248744e-01
1.692952149453292310e-01
8.472106400129113257e-02
2.944362743546041772e-01
-1.523824237101887025e-01
1.240580164571626481e-01
2.608617548047951207e-01
-1.181197057159736052e-01
1.586857847337558580e-01
2.182672345136644765e-01
-8.590326282980743910e-02
1.844983530058445509e-01
1.680419697779417243e-01
9.135603464731618939e-02
2.897979156362588959e-01
-1.469715847611758330e-01
1.296732488315258114e-01
2.556105952966661876e-01
-1.133484824075346870e-01
1.630659374148433760e-01
2.101308845990598473e-01
-8.082021406278888653e-02
1.880269006426722456e-01
1.595774514139446654e-01
1.341656990204690147e-01
2.245880932630761606e-01
-9.516666247742090745e-02
1.721039493896486250e-01
1.922831364195402015e-01
-7.001929915941146332e-02
1.942413152250041242e-01
1.426386350288333105e-01
1.960908909377630516e-01
-7.785165839720924186e-02
1.824386537229099603e-01
1.689643390684086588e-01
8.633570629904896432e-02
2.936372689305031813e-01
-1.514190087542572338e-01
1.253418712955171876e-01
2.601516998550199578e-01
-1.174392442464501085e-01
1.594210654754114331e-01
2.166478405591786283e-01
-8.485755097479204256e-02
1.855163289646677982e-01
1.658118470588261784e-01
1.033101076816808905e-01
2.784585888206235760e-01
-1.358318910721622030e-01
1.404198184811001893e-01
2.436446929366741232e-01
-1.039498207654460382e-01
1.714838372167820923e-01
1.953868336663262539e-01
-7.167135679539891890e-02
1.938212837474898587e-01
1.447092999457875173e-01
1.891500681473381185e-01
-7.356137008487045881e-02
1.850991559412164256e-01
1.622201547590021997e-01
1.227554062000167923e-01
2.489770370190453330e-01
-1.119661102164776489e-01
1.599072694268814099e-01
2.149754050637662506e-01
-8.393639041560624348e-02
1.859656705600880311e-01
1.640519872477104735e-01
1.130283421389982751e-01
2.649571742853510936e-01
-1.242761736194363670e-01
1.500962323588328207e-01
2.301943567835515458e-01
-9.411627994069021730e-02
1.788847060768266051e-01
1.806898760782612579e-01
-6.316876857538923640e-02
2.521985686727565290e-01
-1.607545662457336433e-01
1.946672207686304668e-01
1.396511045153752961e-01
2.049591375523031889e-01
-8.324055037600562590e-02
1.790229569615328087e-01
1.768330432160257204e-01
-6.137965669559149878e-02
2.959870797573513901e-01
-1.759270486688235269e-01
1.576413979369610530e-01
1.916006474103807145e-01
-7.238978167129299368e-02
1.894989337945721108e-01
1.535786438431336609e-01
1.589396761613370290e-01
1.489606383154039315e-01
1.834743050272953646e-01
-6.991019346910413990e-02
2.748881682854441011e-01
-1.715455673603037412e-01
1.499883477991215408e-01
2.016414047072352111e-01
-7.916496012296933560e-02
1.844156996391203285e-01
1.658932421046021011e-01
1.032503907560493872e-01
2.782011264968403674e-01
-1.355671087794868279e-01
1.407253429340081519e-01
2.434881838159485556e-01
-1.037286291252049741e-01
1.715759014535646332e-01
1.954184921704771594e-01
-7.186892069833880625e-02
1.936955804418508675e-01
1.448067086959837213e-01
1.893903595986242139e-01
-7.359793344706963558e-02
1.850688677396658266e-01
1.629241555553420373e-01
1.191529219253291416e-01
2.552960291490477540e-01
-1.167480728107923582e-01
1.562164087821321656e-01
2.209944937000134779e-01
-8.790810555008979343e-02
1.830557260741084158e-01
1.714311017526193581e-01
7.011472764136278402e-02
3.013091749155702437e-01
-1.625294204108128082e-01
1.437449608791149247e-01
2.112503341434061599e-01
-8.552606747307552049e-02
1.795479540105519023e-01
1.768126730167207394e-01
-6.109305637416837659e-02
2.959551489560858784e-01
-1.757988364501889833e-01
1.573530146910178951e-01
1.919370271901406910e-01
-7.251769997765977749e-02
1.893113906537398361e-01
1.541363527945033562e-01
1.571719527567220220e-01
1.561032317826873683e-01
1.591582417926826754e-01
1.478572888164215449e-01
1.872459780940445850e-01
-7.189996006716525834e-02
1.864437717292747321e-01
1.591224843976644099e-01
1.363101444042661425e-01
2.194379039570677759e-01
-9.171682123489226235e-02
1.742267402267748955e-01
1.876852692432842418e-01
-6.735974009668675710e-02
1.960587380911931188e-01
1.381054870799244272e-01
2.085647742157466511e-01
-8.546232660554090033e-02
1.778760588880916316e-01
1.793650249387462869e-01
-6.278916740865225776e-02
2.769422038586658030e-01
-1.720293375149978543e-01
1.582113432623421800e-01
1.824661516005191553e-01
-6.753116272578230106e-02
2.704926584357481012e-01
-1.695643667059425486e-01
1.619668032644606959e-01
1.643096873831281224e-01
1.227161886359439680e-01
2.488248082242867365e-01
-1.119442993960209354e-01
1.598888913108805765e-01
2.150460025594133628e-01
-8.400720775080026959e-02
1.859881371737944211e-01
1.644938745720427309e-01
1.108595869542801093e-01
2.685465886092029963e-01
-1.271436623579138003e-01
1.479685918898914487e-01
2.336733338336805521e-01
-9.648718594791411141e-02
1.772612358727059800e-01
1.845093529905821872e-01
-6.525652133688787659e-02
1.972383190138680131e-01
1.341175328822603319e-01
2.195862608731070365e-01
-9.258280179023216372e-02
1.731941903895591606e-01
1.895769589885273887e-01
-6.842248284262306135e-02
1.952692575422492194e-01
1.404002444069860356e-01
2.023767370732967030e-01
-8.152187963164077289e-02
1.799707997830965467e-01
1.744662711650918907e-01
-5.994449661785036104e-02
3.031108631688648192e-01
-1.723038108699432303e-01
1.922065691779333285e-01
-9.867888870553920277e-02
2.959767960141471144e-01
-1.552524016255378836e-01
1.204956148556483031e-01
2.646704374534092352e-01
-1.215687767085560644e-01
1.554717680670942015e-01
2.224840306661231282e-01
-8.876501336209033366e-02
1.823856591821249873e-01
1.724800005889593202e-01
3.920281156082747881e-02
3.031508407829216489e-01
-1.672733316982378815e-01
1.953875818116837526e-01
-9.489110504011939728e-02
2.988905417627686356e-01
-1.747797107164057728e-01
1.723913491419868105e-01
1.543691271726123082e-01
1.613894942696158796e-01
1.387204217228995007e-01
2.126387808123568202e-01
-8.747760367779405799e-02
1.771769253187034932e-01
1.815584125552470451e-01
-6.389156898388448358e-02
2.343479170420009194e-01
-1.501977280354318545e-01
2.891254018025962158e-01
-1.737465069638005344e-01
1.453018435826006205e-01
2.160344489017649028e-01
-8.770483966947548171e-02
1.795505089386165154e-01
1.775726325803524130e-01
-6.147394164067591926e-02
2.917774185816882637e-01
-1.755788645238142709e-01
1.445071726127000744e-01
2.173830390829334658e-01
-8.859478761321028240e-02
1.788900880743204969e-01
1.787196287198882239e-01
-6.222044718352229276e-02
2.812039983056151549e-01
-1.732898005903122096e-01
1.711291816373450014e-01
1.446400828457627963e-01
1.944096697894023007e-01
-7.634659285613612512e-02
1.836091075209142220e-01
1.663817586320016639e-01
1.013655498415192147e-01
2.800775002379210510e-01
-1.373123966387617134e-01
1.388167732937795051e-01
2.460591589091059572e-01
-1.055015736491281830e-01
1.698462539155732032e-01
1.983476118512056963e-01
-7.353460767817747434e-02
1.924112656410615352e-01
1.482349616618852117e-01
1.781250479544397858e-01
-6.703869508005870503e-02
3.030969218534740328e-01
-1.721359590605359702e-01
1.932598072359550667e-01
-9.926776648645774248e-02
2.990235643507136998e-01
-1.591975099887085743e-01
1.159116477280896507e-01
2.675490915853115936e-01
-1.246066670852343378e-01
1.519712230876388293e-01
2.276987608718701595e-01
-9.238617312823857453e-02
1.800381416545802638e-01
1.779497224575094516e-01
-6.167931104711389667e-02
2.884086240002930457e-01
-1.752078898457585243e-01
1.345377109023984663e-01
2.330624226904062235e-01
-9.963751535846143703e-02
1.703882632503680439e-01
1.957906395998565696e-01
-7.214562555538937827e-02
1.932022333694490557e-01
1.454796826855348502e-01
1.873818702974140438e-01
-7.241051241419291240e-02
1.855741264522389744e-01
1.611027020141758692e-01
1.277268006912762599e-01
2.389795440726460440e-01
-1.050896728851586914e-01
1.652854383935721538e-01
2.053513135750614227e-01
-7.785833190777963209e-02
1.897651399864697108e-01
1.551264786786704375e-01
1.524722777700505683e-01
1.728029197300910980e-01
8.195815433207649658e-02
2.958750253327305235e-01
-1.544158871929585397e-01
1.218242150026669357e-01
2.628064386634857974e-01
-1.200521308420225836e-01
1.565733960651772561e-01
2.213813053272298270e-01
-8.813961769875214292e-02
1.831752385728485089e-01
1.709886039163235893e-01
7.217026752843273829e-02
3.013425853483032713e-01
-1.617926324361975143e-01
1.138152344803619598e-01
2.696665676079205154e-01
-1.267684730041487018e-01
1.498990830381722872e-01
2.307355510467557769e-01
-9.464362384165567188e-02
1.783866664237423461e-01
1.814404325685664565e-01
-6.353030329979031388e-02
2.301730462106021669e-01
-1.474920877141064623e-01
2.970592097744290672e-01
-1.734252041064340000e-01
1.733837076881130090e-01
1.516660221863694313e-01
1.707971478935487175e-01
9.438889654385038130e-02
2.869909817550041486e-01
-1.442463690752902872e-01
1.324443736734572941e-01
2.531329643150482811e-01
-1.113407258198244876e-01
1.650815758994194915e-01
2.074194968667933403e-01
-7.918779882749826804e-02
1.890843853336891534e-01
1.566627855601843144e-01
1.464634262067936177e-01
1.924806952816925654e-01
-7.506942922650786110e-02
1.850551329854867588e-01
1.631527989290947611e-01
1.175480205991505100e-01
2.576883206754265188e-01
-1.186639995381407603e-01
1.547886267243546721e-01
2.236548119093878517e-01
-8.970494088494500307e-02
1.819665692097540977e-01
1.739065552618292709e-01
-5.948995154957657794e-02
3.031013919260869272e-01
-1.713279818026209600e-01
1.951377038568091193e-01
-9.978690139070513221e-02
3.017367813449791658e-01
-1.653459289437258783e-01
1.907065443059063059e-01
-9.008547595103304217e-02
3.027564809381769195e-01
-1.709769859759432686e-01
1.948502149755733104e-01
-9.968456946732620616e-02
3.020640025546118546e-01
-1.653423403668410063e-01
1.903616516018993843e-01
-8.975752313749985056e-02
3.031469764194426597e-01
-1.706400927704866122e-01
1.960290520632570754e-01
-9.989495001597939461e-02
3.022745028973153336e-01
-1.686391559665994522e-01
1.977326724184866602e-01
-9.937685074336856383e-02
3.002413226066815155e-01
-1.745113645932687696e-01
1.774252987490001210e-01
1.390433436817852531e-01
2.094449723549776099e-01
-8.559732167162156791e-02
1.779690364272555059e-01
1.797225129394470766e-01
-6.276096171911854649e-02
2.707306332836382223e-01
-1.698046073827995106e-01
1.591935304932199924e-01
1.721850522112925441e-01
8.073392150181867011e-02
2.975264507372532563e-01
-1.559601145508043296e-01
1.205706918333363104e-01
2.644909928518008879e-01
-1.214204683235599602e-01
1.555698395786652144e-01
2.225890088218914209e-01
-8.903047403768762913e-02
1.824776843625396383e-01
1.726613383018399672e-01
2.749959637117415159e-02
3.041409415532339011e-01
-1.684085157189920690e-01
1.968386606631499225e-01
-9.668642048208246631e-02
2.980724373883330558e-01
-1.754658675132058643e-01
1.665124489601809699e-01
1.702176331124433950e-01
8.756096256506978870e-02
2.926231748338662397e-01
-1.501358664105908181e-01
1.265018978545220663e-01
2.595827055015907381e-01
-1.165642656676249278e-01
1.601329385119001358e-01
2.154886990044182216e-01
-8.419071065656470731e-02
1.857293431968391750e-01
1.649284836824300993e-01
1.087634601573614912e-01
2.714026267618291355e-01
-1.295391510656024592e-01
1.457528103311569456e-01
2.367148185946842676e-01
-9.866183741914891225e-02
1.754961709474964215e-01
1.876456260029805145e-01
-6.709728458141446528e-02
1.964741626105793171e-01
1.374890900053299947e-01
2.106257601881146024e-01
-8.684391653699582991e-02
1.767314277236012865e-01
1.821173650262551680e-01
-6.436200724535089124e-02
1.994479158730788348e-01
9.452321643290081954e-02
2.308578823610541175e-01
-1.000362551299534553e-01
1.676109183678998471e-01
2.005153750139651025e-01
-7.502357493102612684e-02
1.912331589099705575e-01
1.508290724971608210e-01
1.691330550027039803e-01
1.037699416652722167e-01
2.775572320642236690e-01
-1.351251420368426992e-01
1.410247125744438501e-01
2.430771994589039642e-01
-1.034513854829408885e-01
1.717735263626617714e-01
1.948025044732619171e-01
-7.129960589006739680e-02
1.939605370608696033e-01
1.442831047876416972e-01
1.908099767699431015e-01
-7.450274889734931349e-02
1.842320725693286365e-01
1.644768037633466407e-01
1.117072506410833471e-01
2.664001803090234599e-01
-1.256539941374935077e-01
1.488404837425457983e-01
2.318020549350474357e-01
-9.526478638117955033e-02
1.776147391144772547e-01
1.827423988617715989e-01
-6.437717926154790105e-02
1.975560057800342662e-01
1.330755268897858001e-01
2.220659704335102846e-01
-9.400206767333812996e-02
1.718525878118060957e-01
1.922252023890258510e-01
-7.002448153364146388e-02
1.941556576593189976e-01
1.429286945603665260e-01
1.947934971070023891e-01
-7.694716818503750944e-02
1.832435987874875827e-01
1.671909018413895720e-01
9.699113627160887985e-02
2.850637217384747180e-01
-1.419400173040008262e-01
1.346391918455823178e-01
2.501415463822319052e-01
-1.089226278076541737e-01
1.669854127320099524e-01
2.038281830015593044e-01
-7.686704944681566065e-02
1.905215010966205269e-01
1.530252293676469255e-01
1.609032100096247919e-01
1.412011777043789273e-01
2.067067605398936747e-01
-8.383205749397985851e-02
1.792992033656129469e-01
1.766158429879937930e-01
-6.099959344154928798e-02
2.970852856625810778e-01
-1.762817818417456439e-01
1.593265999386783704e-01
1.879684058977290073e-01
-7.023876110286911278e-02
1.909592444892247165e-01
1.498486453260454432e-01
1.727752365665587986e-01
8.308176814095970253e-02
2.955231877195191315e-01
-1.537006678367703327e-01
1.225753147262378384e-01
2.627554640712266854e-01
-1.196085108297218619e-01
1.574573688353461953e-01
2.200171046213227344e-01
-8.712708933047801085e-02
1.839886018107709797e-01
1.694447442783150182e-01
8.289362423852046635e-02
2.962454257329569796e-01
-1.542258257628467133e-01
1.223595737435349273e-01
2.630329186754000736e-01
-1.198620834679982872e-01
1.571596437222019249e-01
2.204672913935675216e-01
-8.734748117087706709e-02
1.835130212411256734e-01
1.696885515840004799e-01
8.147787970824613146e-02
2.971525858723266245e-01
-1.553761674033485862e-01
1.210394302584494458e-01
2.634996679919551221e-01
-1.206063018188282820e-01
1.560524317944483319e-01
2.220286712821699926e-01
-8.843298584424884312e-02
1.829739515260659088e-01
1.709984077028484650e-01
7.290225793710307378e-02
3.005348447564306635e-01
-1.609399982292026854e-01
1.140989235249941780e-01
2.691548863706301198e-01
-1.261768955870939124e-01
1.504519027611688209e-01
2.306984653629042537e-01
-9.429402632785924276e-02
1.789053656327022346e-01
1.805683427167117938e-01
-6.313819976091082642e-02
2.561781129781858790e-01
-1.629008213263785088e-01
1.601316634308804776e-01
2.089786709709428869e-01
-8.078066615886159152e-02
1.868890758107572270e-01
1.614983366134095655e-01
1.255564194053978844e-01
2.435267238302168402e-01
-1.081072576868292723e-01
1.630737531494769188e-01
2.089258836862310786e-01
-8.018482545870393718e-02
1.879014953563373780e-01
1.592865900419390135e-01
1.357207625927703276e-01
2.210655784116450639e-01
-9.280574183596726479e-02
1.735343524996217912e-01
1.889837867766635537e-01
-6.810584817172159189e-02
1.956679408667361397e-01
1.393349473767255264e-01
2.055499667750882997e-01
-8.365605722803556854e-02
1.789746823749257809e-01
1.770448743510672773e-01
-6.126326542135517722e-02
2.949718441904957134e-01
-1.761575374295034913e-01
1.532472438214000365e-01
2.010498044972110210e-01
-7.819092189214463251e-02
1.858252386771721276e-01
1.626377622392930489e-01
1.200232241684337925e-01
2.536635648069270332e-01
-1.155826246507846988e-01
1.575206503252302159e-01
2.192750050797762917e-01
-8.681688653394792343e-02
1.842534109108290574e-01
1.687794552623512745e-01
8.633328745792244463e-02
2.942835063419255159e-01
-1.516944073673194004e-01
1.254424892125595159e-01
2.597408959545177698e-01
-1.171472176350440153e-01
1.595684228697817897e-01
2.165703178086174630e-01
-8.499286302933745096e-02
1.855708424409456825e-01
1.654002062950547525e-01
1.054982013693467197e-01
2.755621978999096000e-01
-1.332918493670407489e-01
1.426967083569653794e-01
2.407296221587825191e-01
-1.017440145896504056e-01
1.729791818681425952e-01
1.924351698756142370e-01
-7.014001600087144128e-02
1.945090825717133154e-01
1.422520375238895129e-01
1.970879946760972223e-01
-7.825050631158557424e-02
1.822627282781217883e-01
1.690257569996351794e-01
8.647635364802598590e-02
2.940696263663570287e-01
-1.515136531479058524e-01
1.252999952810623374e-01
2.602258706743417194e-01
-1.172803012514406912e-01
1.593993012877562843e-01
2.167063951350070294e-01
-8.494538469694323801e-02
1.851167766902931389e-01
1.661582129669244012e-01
1.018649191192363967e-01
2.797350002898492116e-01
-1.369919822420883615e-01
1.391882205077975554e-01
2.456179883795994445e-01
-1.051422891701683099e-01
1.702344312770733004e-01
1.978758659474632031e-01
-7.320177485778533999e-02
1.926324114388066888e-01
1.468046541386864856e-01
1.829449972799790936e-01
-6.980523038272987146e-02
2.832617869056053839e-01
-1.743032714718616982e-01
1.740692877221254597e-01
1.336986153333795113e-01
2.233124633649300472e-01
-9.458536129054775921e-02
1.720799290586056962e-01
1.921402874795379301e-01
-6.992670057444499987e-02
1.941576557051414575e-01
1.428823124799181166e-01
1.954130825658172976e-01
-7.740014691945446001e-02
1.829593275279516318e-01
1.679605209168743285e-01
9.219561086778210734e-02
2.889743464189378219e-01
-1.461731543153662605e-01
1.306716467683588512e-01
2.544669981555844340e-01
-1.126110801375008047e-01
1.637634229601671598e-01
2.093910020180757003e-01
-8.046920082134162433e-02
1.884958661738613539e-01
1.579946537766913905e-01
1.410233209098931129e-01
2.073513040939722329e-01
-8.419641058953683532e-02
1.794916502747245790e-01
1.762843404556024840e-01
-6.106220463494246159e-02
2.986968327617890440e-01
-1.757229966883916972e-01
1.675295604652163317e-01
1.679914660821620609e-01
1.005148627015892832e-01
2.813820955176113414e-01
-1.384296877079023158e-01
1.380559675764677086e-01
2.461531522112887782e-01
-1.057876034103609197e-01
1.697915483490351485e-01
1.988380969160020162e-01
-7.381184713402375031e-02
1.928038578597479347e-01
1.477170973945917398e-01
1.797197592907986141e-01
-6.798681984550559998e-02
3.005231159004700392e-01
-1.755148246634492537e-01
1.745470456729544817e-01
1.482282884345795526e-01
1.822007901447733336e-01
-6.914986907855154297e-02
2.877188239833254890e-01
-1.749383294129028543e-01
1.333046543711590703e-01
2.354259848047759729e-01
-1.012688743151921311e-01
1.693346452343658659e-01
1.980524979987639544e-01
-7.340384670367941511e-02
1.924692552684995617e-01
1.478977342543873752e-01
1.794864395876668572e-01
-6.798103482247824791e-02
3.005148238152633988e-01
-1.743933481033674293e-01
1.786090090429959254e-01
1.346917334536231747e-01
2.205771114951097789e-01
-9.275701709188108324e-02
1.730429898790653287e-01
1.897764944264418441e-01
-6.860507643727460636e-02
1.949255241418764717e-01
1.408600839805735083e-01
2.008919665014133327e-01
-8.067886740024608760e-02
1.807270631070206079e-01
1.731405414679144938e-01
-8.514919901775729744e-03
3.037564502915309217e-01
-1.688090462498079425e-01
1.974516561087897026e-01
-9.826701034020490777e-02
2.982301330337975287e-01
-1.746999801346673931e-01
1.717549618238122799e-01
1.561919180148667319e-01
1.539355936348786313e-01
1.676247946675692990e-01
1.099285457570068764e-01
2.693547246089383895e-01
-1.279792516015210990e-01
1.472590879736231373e-01
2.347918309586019825e-01
-9.729461896455887659e-02
1.764634264953850451e-01
1.856441037166146890e-01
-6.610442491581049185e-02
1.971478011253680052e-01
1.354690597255975570e-01
2.154180993696446222e-01
-8.982301979364543110e-02
1.748960226837357468e-01
1.862161695669337091e-01
-6.648849668225227660e-02
1.963109805255864038e-01
1.370838906025492743e-01
2.118665608868420258e-01
-8.761010154827192364e-02
1.765329713481550156e-01
1.827698602492529856e-01
-6.472954300799001193e-02
1.973067181375484369e-01
1.341251697157055944e-01
2.192320999727714603e-01
-9.219464562934122365e-02
1.733901045978664401e-01
1.893534162853268421e-01
-6.836473229028752763e-02
1.951811819526330372e-01
1.398448166847991447e-01
2.041551482127282324e-01
-8.257169298334800234e-02
1.795444646078178108e-01
1.759639594924711781e-01
-6.068550845144051603e-02
2.996461094402480541e-01
-1.756901145790260299e-01
1.709069803072227611e-01
1.585213935500680571e-01
1.447723499372974565e-01
1.972191571507228014e-01
-7.790939070627699026e-02
1.833205713258280467e-01
1.676411134401990521e-01
9.409163435084751115e-02
2.878975943518025660e-01
-1.447888465455987039e-01
1.319572440295858629e-01
2.539414164407396424e-01
-1.118355448332626623e-01
1.650046689870155459e-01
2.079527373814454849e-01
-7.942439662618680507e-02
1.890896026687597098e-01
1.568516025957180371e-01
1.455978435488980982e-01
1.944349357009184098e-01
-7.620215954929204782e-02
1.842494006546201435e-01
1.655072939364576334e-01
1.059024828464958656e-01
2.745750995357341129e-01
-1.324281332711531867e-01
1.433322730158928804e-01
2.402106647175826781e-01
-1.011724060863853636e-01
1.734234422920173380e-01
1.915642016610839549e-01
-6.955648300152297847e-02
1.952123003060338702e-01
1.410922595211871466e-01
2.004205574712571158e-01
-8.032474880035866960e-02
1.809936879778754337e-01
1.724802868528360900e-01
4.398878084775797309e-02
3.037933267548721950e-01
-1.671583214517761151e-01
1.942902759516587918e-01
-9.368547591772367900e-02
3.003583995731402001e-01
-1.746606175978799858e-01
1.771788828204511612e-01
1.399948890041319005e-01
2.070255460194863062e-01
-8.406432873665585503e-02
1.790461637475957712e-01
1.774798331735172041e-01
-6.150574562708736176e-02
2.917390572609906418e-01
-1.757659612195484056e-01
1.443656098162969803e-01
2.177344649982259905e-01
-8.900423960315037575e-02
1.787640756842654166e-01
1.794159124997206090e-01
-6.249474882739970705e-02
2.729955115622947903e-01
-1.706182191355727351e-01
1.468851664610656693e-01
2.080284138469535582e-01
-8.324411170086951084e-02
1.817158142495874096e-01
1.721586864815912443e-01
6.302361014161803054e-02
3.026930056634460353e-01
-1.656763157319984525e-01
1.890119537159500318e-01
-8.839114645855189467e-02
3.026405789698246585e-01
-1.680614894770039724e-01
1.974394285005200422e-01
-9.792749543123949185e-02
2.983245277326449507e-01
-1.751489346360926014e-01
1.693592847208109375e-01
1.629599101810280115e-01
1.253698608282785010e-01
2.436615138751373200e-01
-1.082309742442389422e-01
1.628493163213671768e-01
2.096375270928641232e-01
-8.066124441942595924e-02
1.877652100239715627e-01
1.598371886225072036e-01
1.328769266144741446e-01
2.278222468672587708e-01
-9.725299060343320368e-02
1.705721852295717100e-01
1.949704684254284781e-01
-7.170963954042569588e-02
1.933598287276871441e-01
1.455666001447886437e-01
1.870529760098184890e-01
-7.224045654418932705e-02
2.062121294228602963e-01
-1.304607579598478506e-01
2.625984936043029294e-01
-1.235758958422305959e-01
1.498956214290746991e-01
2.308988522336669902e-01
-9.465846195131052965e-02
1.786142582416853641e-01
1.813680669362059961e-01
-6.366574122975923733e-02
2.322455487434557653e-01
-1.487239391324619298e-01
2.937976679731156837e-01
-1.744906338873212504e-01
1.579562885400739303e-01
1.906202145169591522e-01
-7.168583416420702681e-02
1.897429267028291899e-01
1.526826449355616344e-01
1.626696253882994603e-01
1.341068656485037702e-01
2.243222889452029800e-01
-9.503961814469226443e-02
1.720586132224339593e-01
1.918094175694723402e-01
-6.993256582905560403e-02
1.942822224113756047e-01
1.427236458378883521e-01
1.954313092331516066e-01
-7.731759463026059709e-02
1.827494589098953015e-01
1.685471663334552339e-01
8.947944497569729205e-02
2.913236803936660735e-01
-1.485799180006234232e-01
1.281925725576549546e-01
2.576290828596035642e-01
-1.149457769711403343e-01
1.619660647059564806e-01
2.127066231229218785e-01
-8.239355363947212241e-02
1.871608571945693744e-01
1.614861714102465706e-01
1.256675089820460389e-01
2.429732262148920352e-01
-1.077433200972753025e-01
1.631308970481250009e-01
