-9.744648704108299642e-01
3.719146762648601889e-01
-8.136010820815802180e-01
6.778506905305233810e-01
-5.419982552904041295e-01
8.705737949396903375e-01
-1.982523740593342965e-01
9.291228462575775726e-01
1.637050093152729591e-01
-8.565749243099639587e-01
4.890588566578902840e-01
-6.558112367743098581e-01
7.318010183174066263e-01
-3.660676292051167069e-01
8.571325215461456093e-01
-2.925839341515196201e-02
-8.552396867570009054e-01
2.994886644915987217e-01
-7.294083363052977775e-01
5.739628124138398402e-01
-4.990283708235394577e-01
7.548885918396146533e-01
-2.016808247581725888e-01
8.169532505002785605e-01
1.168820726654505177e-01
-7.597608584279018640e-01
4.055871176440096759e-01
-5.930841222171407967e-01
6.256441327389576923e-01
-3.445513659176095977e-01
7.463440889023212899e-01
-5.140926697094513192e-02
-7.564889102002468890e-01
2.394230027468096100e-01
-6.538459229101561965e-01
4.859990349909124041e-01
-4.581745795003552835e-01
6.511571534274921413e-01
-1.996848277008070882e-01
7.112084034064966032e-01
7.839700069508903635e-02
-6.701770221014692330e-01
3.335792422254533762e-01
