4.844071854019499357e-01
4.687585940012469754e-01
-2.093650662545750718e-01
3.322390142056927953e-01
3.927306654989430879e-01
2.332618542725553301e-01
3.253530781869251598e-01
3.120042394186554602e-01
2.867248138281676129e-01
3.068946391258525752e-01
3.018834551462823423e-01
2.979801605412788490e-01
3.024619626629467817e-01
3.011337153733981697e-01
3.004026700475644351e-01
3.005574685594393780e-01
3.020230224236147842e-01
3.003047078127843439e-01
3.009814528648483423e-01
3.005061713165456116e-01
3.013689434758434205e-01
3.008829283005916011e-01
3.006305979003306983e-01
3.002223585438030251e-01
3.007598784432343741e-01
3.013389769313400413e-01
3.002758144000126639e-01
3.015449772548753904e-01
3.008035858058988321e-01
3.008376348384119159e-01
3.008410499972267726e-01
3.012296143895503708e-01
3.012373565056616909e-01
3.008093690729940484e-01
2.999399819995755556e-01
3.019807869397314604e-01
3.002281994884004601e-01
3.009226098145206252e-01
3.005096434330940536e-01
3.005619271825883398e-01
3.009350440455004772e-01
3.003575591048471272e-01
3.008846726317035425e-01
3.013916491569586520e-01
3.006790841266952508e-01
3.004725447784050707e-01
3.015859802153594282e-01
3.006254340826714500e-01
3.001884844643624151e-01
3.011036088302763702e-01
3.010255037254437327e-01
3.002913806646267947e-01
3.017523543677564923e-01
3.010167699859671031e-01
3.006993090178391448e-01
3.001546978435515323e-01
3.010296126843386433e-01
3.011424023903850888e-01
3.003806809745865891e-01
3.004260646565616311e-01
3.009928639614324886e-01
3.010810508136743113e-01
3.003738211349762377e-01
3.006151106928245387e-01
3.006464705481016186e-01
3.015408588698726966e-01
2.997545884910370884e-01
3.020715498738754112e-01
3.005665353342481527e-01
3.011625259729573956e-01
3.007676676124212967e-01
3.003439816231812665e-01
3.008749011525254091e-01
3.015083707931948132e-01
3.000117222142392737e-01
3.015329726376477226e-01
3.002342956203983282e-01
3.013377887369301233e-01
3.002275957410177609e-01
3.007619230194989446e-01
3.016229496818045863e-01
3.007380790739453413e-01
3.010322908173289069e-01
3.005421502563143665e-01
3.005504713910376879e-01
3.017959394380652083e-01
2.997767823699264977e-01
3.017638397920652249e-01
3.001944358512729227e-01
3.007970290756052933e-01
3.013007519409470203e-01
3.010283735333472710e-01
2.999591388339393760e-01
3.015151072202795768e-01
3.002452390087054224e-01
3.004795103370176967e-01
3.010384486807487492e-01
3.012008787450476954e-01
3.009594007477221500e-01
3.009546660830279552e-01
2.997841949757583113e-01
3.018969542755152169e-01
3.009184758963911466e-01
3.002180862095428782e-01
3.010960046300438231e-01
3.010166928854999258e-01
3.012403190019600219e-01
3.000960207796591339e-01
3.006570548286772726e-01
3.004332495468176600e-01
3.013511144995531521e-01
3.007787002543581001e-01
3.009336586034678240e-01
3.001524833820757299e-01
3.017751318772233793e-01
3.004046481542152480e-01
3.002937368677424668e-01
3.015245781565880634e-01
2.997525435771721258e-01
3.012406400956814667e-01
3.014036707754427780e-01
3.002917668982132415e-01
3.010326204891283775e-01
3.013090942673171124e-01
3.002514652890781455e-01
3.012786639526160992e-01
3.013562747416131948e-01
3.002028480137843292e-01
3.006849791908126623e-01
3.005740096598135680e-01
3.007219307129606611e-01
3.008448042246679166e-01
3.002427298241872600e-01
3.017271180974566147e-01
3.000418408594517361e-01
3.007196329621811826e-01
3.013843781419124346e-01
3.009621307051627004e-01
3.006298536132316901e-01
3.011883883753852520e-01
3.004161539227188649e-01
3.009611211445374912e-01
3.002552955850373850e-01
3.013680986329940747e-01
3.009338333676864208e-01
3.001259087504844492e-01
3.014905169181777422e-01
3.000749027459414520e-01
3.012518589019290705e-01
2.998951420527595779e-01
3.017608108985601612e-01
3.007171480267449293e-01
3.006485321466250138e-01
3.011887082264238513e-01
3.010389955350187274e-01
3.009553331332432413e-01
3.009766550837854604e-01
3.001238040652809969e-01
3.018156214746799959e-01
3.000884404008610229e-01
3.011603258521113324e-01
3.001469578533118576e-01
3.020101055146518498e-01
3.007028303798727209e-01
3.004162750743748500e-01
3.006294762840172607e-01
3.010936282824765997e-01
3.011165136327786929e-01
3.005422183831059080e-01
3.010993162373541421e-01
3.010968310942205295e-01
3.002637803332052768e-01
3.010075548468998941e-01
3.014607501946691692e-01
3.005440702189625668e-01
3.013569782480521320e-01
3.001366483859559953e-01
3.016864296536558299e-01
3.001176169888312151e-01
3.016286824714236592e-01
3.002270361326857540e-01
3.008043613606615208e-01
3.012197129321227962e-01
3.009688784859014810e-01
2.997137334510419082e-01
3.018982658329169011e-01
3.007430019578417046e-01
3.007176238967635418e-01
3.013088049334865515e-01
3.009928641031676677e-01
3.000728353860858122e-01
3.013547148480053006e-01
3.006070229077313360e-01
3.003865558654564838e-01
3.016110535180721031e-01
2.999913192018495156e-01
3.018209032034357975e-01
3.008122970205127644e-01
3.002829226644438965e-01
3.016031981129951300e-01
2.996151293542115290e-01
3.018712803916745457e-01
3.005034409347661084e-01
3.011215491347957740e-01
3.010406578166006097e-01
2.998510585627026659e-01
3.017226297943053637e-01
3.001481571740234333e-01
3.006091038731972809e-01
3.008277106251495137e-01
3.007035889262693051e-01
3.015754508316250693e-01
3.007302608724282678e-01
3.004395586310227850e-01
3.016367694999027016e-01
3.000231648159275011e-01
3.013560533282343412e-01
3.003351613628142958e-01
3.012061425343529608e-01
3.009265062920210010e-01
3.002055747241361150e-01
3.011573278848679869e-01
3.012369546316928104e-01
3.006816863137755091e-01
3.008629651955175288e-01
3.003531429051072843e-01
3.016791477601425409e-01
3.010656278565491673e-01
2.998548095335176744e-01
3.019459261022309216e-01
3.004937804649279176e-01
3.007914185826675024e-01
3.014575869077354420e-01
3.009112611865145115e-01
3.002790806156070968e-01
3.003679154857277211e-01
3.009273720344147751e-01
3.006342149558620114e-01
3.015978410724463599e-01
3.004142517767951492e-01
3.004177754012400947e-01
3.011075665321030770e-01
3.008169885381837272e-01
3.010155263525501335e-01
3.007314985650825778e-01
3.006154300372572141e-01
3.005104354623792107e-01
3.008480080677042867e-01
3.016859920507868331e-01
3.003261943173225479e-01
3.008811972196550055e-01
3.002993997628586320e-01
3.018789864051879546e-01
3.009257610599986310e-01
3.004703434342377855e-01
3.014925878712512164e-01
3.008190154776601011e-01
3.007070253995843268e-01
3.009213402031837847e-01
3.008502500844542071e-01
3.004263537124559069e-01
3.013919881929644773e-01
3.002502154614471452e-01
3.013966176535735064e-01
3.010754056281013114e-01
3.001819832110782515e-01
3.009507354036787818e-01
3.006377594654064955e-01
3.011044816596500917e-01
3.010381748470816188e-01
3.012447064126601015e-01
3.009109208734598306e-01
3.001539082367252198e-01
3.013035764690887852e-01
2.998073129978003348e-01
3.019804943706950184e-01
2.997145111356227520e-01
3.012219991720859191e-01
3.012239888370217833e-01
3.006776312201785428e-01
3.010938031761610234e-01
3.003866429440237851e-01
3.007838629042475231e-01
3.008912196827193131e-01
3.004537110758575547e-01
3.013207749015073822e-01
3.011173715228266934e-01
3.010318467459961456e-01
3.002062414785234834e-01
3.010974279076828464e-01
3.014204181532398885e-01
3.000252175150473488e-01
3.006001431120691181e-01
3.017509406519405246e-01
2.997002075138138211e-01
3.017263289259758952e-01
3.011621005690869324e-01
3.006196309458762372e-01
3.012910798975372284e-01
3.010518723593870183e-01
3.008650673193957736e-01
3.000887023279083521e-01
3.010759526312678513e-01
3.016878313496945685e-01
2.996824635659424141e-01
3.013900541240132624e-01
3.015769128320787140e-01
3.005776312674636186e-01
3.007856216287427276e-01
3.012987255395590536e-01
3.009015518354224983e-01
3.009723366709505799e-01
3.003114745803754371e-01
3.008831397183494571e-01
3.011723694030756793e-01
3.001550046101179592e-01
3.010669689798263771e-01
3.011302700861691606e-01
3.002475639879690350e-01
3.012480822239381184e-01
3.005914644409930503e-01
3.004911352255470458e-01
3.007253272766340912e-01
3.013911046650675218e-01
3.001414061188140692e-01
3.011601254683898277e-01
3.011676686118600621e-01
3.005309757867831166e-01
3.008225180693527290e-01
3.003921277028787640e-01
3.007852961793608393e-01
3.014629927486214833e-01
3.006269328661512197e-01
3.004090249550781522e-01
3.017386645388897559e-01
3.006497471763150964e-01
3.003482618712382535e-01
3.008886464135286931e-01
3.007772599477914199e-01
3.005025381840348286e-01
3.014285664060886716e-01
3.010368568014615276e-01
3.005714850743493871e-01
3.003653156026450666e-01
3.014471850126962948e-01
3.004139779971181090e-01
3.013749564126185776e-01
2.999405946584204341e-01
3.016441805687570810e-01
3.010482019755656991e-01
3.001244243329894701e-01
3.005355318556078847e-01
3.017980797292641459e-01
3.002360785278476718e-01
3.012316810544241052e-01
3.009924482767081244e-01
3.005775167120885993e-01
3.006369993015749476e-01
3.007301236254039667e-01
3.008282489705171869e-01
3.015045091218737650e-01
3.005570134729117493e-01
3.006236610675061538e-01
3.012547087313424132e-01
3.009958311054877211e-01
2.999267418343411484e-01
3.015590710506575456e-01
3.008737417738870934e-01
3.010299999677761296e-01
3.010070495048405292e-01
3.002645774858556105e-01
3.015108963947067400e-01
3.003002586578176203e-01
3.014229404540423318e-01
3.001402173952723573e-01
3.007950341877211331e-01
3.008294717577104094e-01
3.011920375526531135e-01
3.010183827023433234e-01
3.002948963871846511e-01
3.011158074832286924e-01
3.006179160877958112e-01
3.013982419039296645e-01
3.005202380092237835e-01
3.006649220539142631e-01
3.013554948197565420e-01
3.001815438119505020e-01
3.007031839033879050e-01
3.013496519411906216e-01
3.008529709127055751e-01
3.006421076563957628e-01
3.007010247034239137e-01
3.011376876191210750e-01
3.012681316546317878e-01
3.010525590548731589e-01
3.007039073023539122e-01
3.009597337390375604e-01
3.002917065918827011e-01
3.015589628477911011e-01
3.000956134097628736e-01
3.017225574328469273e-01
3.007289150046659754e-01
2.998554393250958960e-01
3.018056733516691348e-01
3.007510085024844848e-01
3.008701177582021602e-01
3.012646552886115159e-01
3.008224536270429073e-01
3.008545918163633703e-01
3.009300857128826556e-01
3.005362993718848630e-01
3.007003977184910526e-01
3.012352603480267788e-01
3.005542112493633233e-01
3.014033056197216731e-01
3.006238759419154194e-01
3.004025477330359295e-01
3.011409707537738289e-01
3.002815168395129852e-01
3.007270728864140374e-01
3.009737323890099847e-01
3.012096479006984850e-01
3.003409921234991287e-01
3.007125764264490519e-01
3.015766214258556177e-01
2.999227625681536447e-01
3.019802751976990440e-01
3.000581637577660610e-01
3.014192397566085035e-01
3.005445979546686464e-01
3.013454371801584375e-01
3.006968990374346840e-01
3.009097801228529101e-01
3.004875625682591478e-01
3.011312202321308473e-01
3.003931489622950757e-01
3.011175480981030383e-01
3.005383932607719744e-01
3.009291958251960608e-01
3.007705647437529661e-01
3.012713515436735157e-01
3.006639965358215982e-01
3.012366226384901591e-01
3.007786622719917924e-01
3.002893325554594206e-01
3.009105625096401559e-01
3.008665029327527440e-01
3.011913828609054100e-01
3.000974400073841419e-01
3.017884812028673314e-01
3.010740589695183322e-01
3.008182380617340779e-01
3.004160453420067212e-01
3.015763471526948791e-01
3.007258319669419144e-01
3.005786580753543880e-01
3.013400550323800386e-01
3.007116418703444927e-01
2.997363403884830135e-01
3.013466583324397319e-01
3.011608781461977968e-01
3.002368671173222259e-01
3.011851055312920744e-01
3.004802316305959509e-01
3.016989637160987781e-01
3.003160207353504640e-01
3.008764610409722096e-01
3.012745989705918337e-01
3.009409236978959901e-01
3.009597456958855721e-01
3.007120678717882800e-01
3.008787979348344632e-01
3.004525189946390396e-01
3.009166697536083679e-01
3.003833211952954829e-01
3.012201686573191539e-01
3.009363012294785644e-01
3.006319036246193344e-01
3.004915899128221546e-01
3.012072129604516646e-01
3.006037103197924387e-01
3.005354520399029505e-01
3.009646948056450277e-01
3.005668666793074317e-01
3.016677654288854038e-01
2.999122180990640985e-01
3.013934466318285432e-01
3.006777315150496177e-01
3.003905639894679513e-01
3.017462657235994716e-01
3.007977350060066501e-01
3.008533110901024932e-01
3.010368426369225969e-01
3.006743678194255809e-01
3.006844172182898123e-01
3.010277768165687262e-01
3.012488820024668557e-01
3.003853583765723201e-01
3.010083702507357906e-01
3.007771084113979865e-01
3.014164928506152807e-01
3.006114857390977946e-01
3.003889571745455012e-01
3.010731683094935440e-01
3.001537768319357258e-01
3.017401926772367848e-01
3.003894937887517380e-01
3.014956329628531995e-01
3.002563088271811287e-01
3.012988380388228471e-01
3.000065948495566071e-01
3.017072725468349370e-01
3.001088098614637101e-01
3.011841811273085479e-01
3.004412777181449390e-01
3.010605609723525089e-01
3.010575500034973762e-01
3.002886743680693860e-01
3.008074108099890176e-01
3.015413642865160115e-01
3.001215814312814811e-01
3.012647580996480334e-01
3.000055507279821843e-01
3.018584975144682492e-01
3.010945150508508861e-01
3.006745229586831880e-01
3.007685114824391048e-01
3.008613216555476311e-01
3.001382046008088667e-01
3.010380201481493434e-01
3.010548641621026977e-01
3.010822725727085869e-01
3.007597197455851856e-01
3.011301559952694884e-01
3.005958011469148095e-01
3.008654197188882495e-01
3.009840239073855450e-01
3.004322490820143243e-01
3.008766020791034390e-01
3.009028305586623486e-01
3.010260046242830279e-01
3.003181743848713503e-01
3.010972029212684586e-01
3.011925524820033284e-01
3.002617071982074393e-01
3.013946147867982983e-01
2.999175297815744878e-01
3.009069087386123109e-01
3.007791022865722308e-01
3.004443507743078667e-01
3.009498543402507331e-01
3.007820735910921583e-01
3.010969646537494659e-01
3.002542253240413350e-01
3.009191564797316087e-01
3.013238631423766911e-01
3.008372471584148666e-01
3.001912223299653126e-01
3.009791780869420785e-01
3.014660081513201306e-01
3.006802982825671489e-01
3.008946976681269314e-01
3.012760215186077728e-01
3.006851384106408731e-01
3.006514772518524281e-01
3.013779844276257003e-01
3.008865059600176473e-01
3.000633350786525710e-01
3.012341980461701318e-01
3.014341397822855595e-01
3.001514798514475779e-01
3.013235739790772194e-01
3.007698691483639553e-01
3.002286948817644574e-01
3.009398696353691727e-01
3.014070398089262470e-01
3.005369127614743729e-01
3.012667000853099242e-01
3.003568503579097104e-01
3.011555652108119374e-01
3.008167912444223990e-01
2.997929944645043587e-01
3.013311990411069452e-01
3.012329387353361310e-01
2.998428671862051753e-01
3.008962065933324381e-01
3.015407449553246799e-01
2.997606985868145890e-01
3.012980880460078281e-01
3.009953656357226559e-01
3.000002587162210466e-01
3.020045830140118959e-01
3.006304981678930566e-01
3.002886420534031653e-01
3.010877168414179406e-01
3.006738764260851737e-01
3.010630212211022894e-01
3.000631935937064787e-01
3.019019227218978640e-01
3.000197703454756670e-01
3.008837887340317652e-01
3.013678584501084945e-01
2.997832639669726906e-01
3.009713947124589839e-01
3.008278305712123180e-01
3.013174849792529253e-01
2.999986404142219731e-01
3.008802119460312618e-01
3.016489641646442066e-01
3.004518099738720527e-01
3.010616647212934760e-01
3.001655061784528344e-01
3.011390641707383797e-01
3.004811763282103643e-01
3.012200479398796094e-01
3.004184716457991011e-01
3.013361388038754973e-01
3.002500861154165368e-01
3.014900274637308253e-01
3.000622329883926298e-01
3.013656973300362640e-01
3.002696436017225912e-01
3.005787419708965125e-01
3.009948661579437967e-01
3.003913763017414529e-01
3.015142241562803749e-01
3.002961591926260887e-01
3.009330774000406050e-01
3.005124451636327354e-01
3.011484952890534639e-01
3.011902391412574209e-01
3.007796293143286670e-01
3.004207081107445054e-01
3.010393800997241964e-01
3.015062511613412766e-01
2.998634728877625499e-01
3.008955001001151763e-01
3.017278877311445062e-01
3.005574827912425029e-01
3.006053534097627433e-01
3.006461584787878949e-01
3.016179469900166499e-01
3.006041955917102548e-01
3.002228780339863956e-01
3.017361829620506253e-01
3.008233222768132431e-01
3.004019915695982923e-01
3.008262870585499682e-01
3.016623860270065682e-01
2.997285154477397073e-01
3.020727052098538534e-01
3.007175700154002262e-01
3.007629947191402531e-01
3.004629826008900495e-01
3.015178651708667057e-01
3.005396339489775914e-01
3.007232256547884286e-01
3.013817195493497803e-01
3.003692108589756105e-01
3.012700388732935664e-01
3.005287848402183881e-01
3.002250937164214206e-01
3.013134216904290175e-01
3.012275882184465847e-01
3.004116860125047306e-01
3.005163276792072180e-01
3.013315949710779207e-01
3.011320498148422065e-01
3.000964583268994623e-01
3.010883855310437784e-01
3.005461448890787701e-01
3.012318545437793760e-01
3.008808974948701809e-01
3.005892945725574528e-01
3.004144694333792387e-01
3.012726862867509126e-01
3.010305017288997798e-01
3.007010245921154512e-01
3.008099594383346620e-01
3.004961804219807853e-01
3.011692780651147872e-01
3.002843875669266027e-01
3.006336057083192070e-01
3.015587241032649524e-01
3.000718535483461458e-01
3.008880138373544733e-01
3.015284266645025246e-01
3.005545792813300032e-01
3.006155026660006779e-01
3.007184121594216886e-01
3.015535445378123014e-01
3.005402488424893659e-01
3.007814171067042519e-01
3.003762552872624170e-01
3.014119044622854404e-01
3.008650069859483134e-01
3.006867546511111655e-01
3.012889491701866151e-01
3.009405618413679151e-01
3.009108989212830321e-01
3.003896590602459504e-01
3.009533512437755354e-01
3.007875984043837936e-01
3.015124863224041829e-01
3.004249527566818512e-01
3.006897595548513880e-01
3.007929934444160680e-01
3.011410327176977653e-01
3.002646664874071836e-01
3.013851889516540594e-01
3.011910855225241601e-01
3.004200401012802057e-01
3.012298101283189533e-01
3.007880328523134805e-01
3.004129694432006725e-01
3.005998433052591290e-01
3.012200403924065739e-01
3.003964195301078721e-01
3.007474750592752377e-01
3.012096059965221340e-01
3.010174188661163264e-01
3.004985499783386915e-01
3.014038021283578228e-01
3.009701340263151725e-01
3.010173379847946307e-01
3.012412188091874166e-01
3.005063098270197575e-01
3.009979506538295602e-01
3.003801449441579896e-01
3.016443422206760427e-01
2.997884746399644973e-01
3.018897159453058920e-01
3.010083179729512448e-01
3.004266047902834358e-01
3.011981499300088738e-01
3.002294276323435596e-01
3.005482156060124144e-01
3.009097714544754498e-01
3.018079449779842993e-01
3.001961989444536516e-01
3.010838975065293632e-01
3.012891359733870233e-01
3.010172045846836730e-01
3.011282178458435932e-01
3.010929061803919726e-01
3.003685656264485360e-01
3.003883394506078330e-01
3.012409971581493373e-01
3.011158392146113250e-01
2.999189747931049754e-01
3.016451472123994337e-01
3.010126020419897075e-01
3.005260830524433824e-01
3.008887398685595183e-01
3.006925183460601447e-01
3.015115896213433344e-01
3.000267212406869111e-01
3.015596117102514184e-01
3.008019835315054458e-01
3.001375125299283186e-01
3.017018161872452864e-01
3.003633358260232034e-01
3.014911998683395544e-01
3.008288485994531913e-01
3.008906278288824288e-01
3.010150745396250604e-01
3.008822715009192850e-01
3.008202905259611537e-01
3.002313686815501481e-01
3.008500046646027659e-01
3.015669410554507324e-01
3.002653018314300204e-01
3.009480344332808865e-01
3.006339149045106351e-01
3.006747510536635914e-01
3.013225491721930327e-01
2.999775679067263612e-01
3.021128086199423302e-01
3.007034069798341092e-01
3.010004643382024891e-01
3.007981203770181966e-01
3.002417235327678458e-01
3.016602726745106211e-01
3.008604063883883462e-01
3.004721246421835357e-01
3.013396185660231485e-01
3.009086033625664180e-01
3.003061502313459363e-01
3.012426473467755272e-01
3.001922404104369613e-01
3.007337440188209698e-01
3.014648826883656874e-01
3.010813003016835632e-01
3.006983160193987814e-01
3.012528680224074162e-01
3.010248776505031754e-01
3.008702633245541880e-01
3.011112987147867015e-01
3.009139354679964407e-01
3.000959497778174501e-01
3.007630646541344377e-01
3.008346589070005073e-01
3.005935809761350330e-01
3.007302103956967509e-01
3.005870999078659178e-01
3.011516010273281307e-01
3.010744347380573394e-01
3.007754986906955308e-01
3.002272835140832319e-01
3.011403022804844398e-01
3.016626319502703768e-01
2.999601144275901854e-01
3.015528999909257157e-01
3.002693286326968414e-01
3.006450270202924990e-01
3.018473098638577157e-01
3.002112754991765886e-01
3.013219254298021843e-01
3.005597130626704305e-01
3.005456154768366139e-01
3.002722465207134928e-01
3.009076490478309052e-01
3.005991779477988346e-01
3.016824426716899765e-01
2.997956185313178645e-01
3.010957730513043606e-01
3.012287550992049368e-01
3.003213446271069675e-01
3.012171992862046621e-01
3.009000514278926675e-01
3.009875793646300535e-01
3.013037217163090919e-01
3.005901808140724052e-01
3.010107980508293091e-01
3.013383184766569300e-01
3.003263720592574959e-01
3.006768302951484118e-01
3.013581394869518926e-01
3.004485069018695831e-01
3.001714377383900012e-01
3.011607059645491913e-01
3.004610933415048368e-01
3.008440022438860217e-01
3.014674520462030660e-01
2.996851752843087136e-01
3.017362886969893188e-01
3.009831584343920508e-01
3.000314390523541319e-01
3.011761028456749201e-01
3.011949336999670268e-01
3.011165401230637695e-01
3.000315400822148315e-01
3.019876433422763462e-01
3.007715749329974986e-01
3.005052151360739776e-01
3.010837799769913170e-01
3.007193668875801640e-01
3.003706719315086815e-01
3.004008938111998317e-01
3.016842953297977359e-01
2.997183832153194061e-01
3.010721197790012793e-01
3.015359385501131251e-01
3.000168024335174155e-01
3.008204695447445620e-01
3.010127642325668984e-01
3.010374972946650018e-01
3.011911422318684917e-01
3.001637747030105885e-01
3.011703466181637201e-01
3.009033769689132831e-01
3.002225236058044811e-01
3.006070661808138422e-01
3.013059721189278450e-01
2.999545601971164155e-01
3.008925994009404858e-01
3.008422039636967082e-01
3.013211661119177820e-01
2.995308090578863158e-01
3.016234570211775989e-01
3.005864427503516789e-01
3.002272176366587164e-01
3.014947368476902367e-01
3.010505404086978309e-01
3.005586587273365584e-01
3.011551839928711116e-01
3.002759898946806838e-01
3.013757844610275849e-01
3.001473550204717955e-01
3.016975158922333700e-01
3.008137161926294767e-01
3.005167654687171952e-01
3.003693118126579686e-01
3.014906527746801235e-01
3.006504369656761155e-01
3.008648960778201320e-01
3.008307504069037686e-01
3.001687543872860742e-01
3.015723420148355705e-01
3.000872255778222475e-01
3.013516496381196674e-01
3.002938705933541619e-01
3.014423164974178726e-01
3.004178347048436781e-01
3.005716624713250518e-01
3.009023568106898860e-01
3.008348051882515639e-01
3.004267978685727924e-01
3.009520208285292875e-01
3.005362449072622177e-01
3.014299820386656670e-01
3.001041347356283584e-01
3.014419153793584938e-01
3.002134717519334695e-01
3.005862656756772555e-01
3.009707517104190377e-01
3.005451877203464961e-01
3.016893013989916938e-01
3.003710379374753270e-01
3.009596512049294570e-01
3.004262948927434729e-01
3.008659471940035579e-01
3.008635160455180313e-01
3.014615994018170486e-01
3.006894839623817650e-01
3.007362904226870137e-01
3.004775689852673404e-01
3.012729919511773491e-01
3.002234558940298781e-01
3.010418653336572881e-01
3.012641500254001903e-01
3.005573807628442728e-01
3.004550184527680079e-01
3.013451783693781305e-01
3.002470171758696571e-01
3.013651869473155664e-01
3.006246818436267843e-01
3.004958629574656648e-01
3.014942353493113569e-01
2.999589599996480560e-01
3.012417559524462884e-01
3.007960041795257333e-01
3.012860420102502212e-01
3.001152518575425088e-01
3.008261166480728499e-01
3.006910308884985783e-01
3.013117236429506129e-01
3.009096926088639656e-01
3.008671063511438315e-01
3.008544414330566186e-01
3.013946816428080266e-01
3.006696957426475691e-01
3.008577811310437777e-01
3.004110813370067801e-01
3.009992127196985945e-01
3.007801138447969147e-01
3.006146071303472667e-01
3.010000426903642889e-01
3.006392152714281174e-01
3.007467378031152827e-01
3.007435969552882393e-01
3.010308293409676428e-01
3.012354951919599122e-01
3.001616410075143015e-01
3.013139794335578103e-01
3.003769452699913689e-01
3.009420270926517760e-01
3.001058142635172898e-01
3.013608836346504671e-01
3.004328386933693418e-01
3.003287577334176062e-01
3.020943607120287755e-01
3.006742787248818383e-01
3.006789721786420899e-01
3.006990070055022279e-01
3.005672525796642125e-01
3.015215235289865348e-01
3.006953639099450570e-01
3.012148047329231693e-01
3.005712822062630019e-01
3.012570305604856946e-01
3.000085879750041262e-01
3.008979786148610058e-01
3.014250124580557522e-01
3.006864786141736912e-01
3.008041841671706962e-01
3.010099697849568656e-01
3.010173744245259742e-01
3.005831785692345548e-01
3.005360078761975529e-01
3.012831732498059134e-01
3.010959919472183666e-01
3.004332209640293572e-01
3.011519432920950479e-01
3.000169518323501650e-01
3.019910219716810396e-01
3.004669730554126450e-01
3.013912382145351732e-01
3.008971855770340431e-01
3.007493151554637700e-01
3.011993574860835632e-01
2.995595400301754863e-01
3.015141020453830922e-01
3.005871201696805328e-01
3.011732319641434730e-01
