-8.361523749581867282e-01
8.945954377456747375e-01
1.470426848754031735e-01
-7.270899339669708583e-01
9.235805967168734254e-01
2.840061925665426923e-01
-6.070056130931441585e-01
9.288115780978637437e-01
4.084792664872205492e-01
-4.789211883484399412e-01
-9.168347300244839015e-01
5.185918867641594598e-01
-3.459792652361967646e-01
-8.842007125648334576e-01
6.122653209055485268e-01
-2.115808870456304946e-01
-8.303571933904996261e-01
6.854333044147629117e-01
-7.762310590109713915e-02
-7.603361352558556385e-01
7.423343475067635255e-01
5.208737665842130826e-02
-6.774769039626178380e-01
7.798769882028626643e-01
1.752966342710074732e-01
-5.826311343117789310e-01
7.946216600318090073e-01
2.876311189639122468e-01
-4.747465451677690962e-01
7.909008625332701881e-01
3.895455203743996009e-01
-3.640615329121990595e-01
-7.751817285665237867e-01
4.783422175180127578e-01
-2.498975602148902631e-01
-7.406645460681887672e-01
5.528788381169489341e-01
-1.344729858456964466e-01
-6.892361322012546809e-01
6.110273140120435764e-01
-2.084233731207557616e-02
-6.239700713157361189e-01
6.490200308747303692e-01
8.771912787297456160e-02
-5.434180867877630439e-01
6.692445944195513086e-01
1.893152647487129636e-01
