4.961858009890180998e-01
4.106528388361029291e-01
-1.691107977881897151e-01
1.977289751831706743e-01
3.977128962760851372e-01
2.454078362838971739e-01
2.809271989763633126e-01
2.857583664176697180e-01
2.703738034942861912e-01
2.821563339192740827e-01
2.761450638116992318e-01
2.784959956378735835e-01
2.773729088697124423e-01
2.784593300894485646e-01
2.772774072936063927e-01
2.775546425907147174e-01
2.782953042449103354e-01
2.770016845511861781e-01
2.785264420062702473e-01
2.772411800003241056e-01
2.785894412887114369e-01
2.776928538345459496e-01
2.780067275277500749e-01
2.777959239803309277e-01
2.773468587006461261e-01
2.781437908636053558e-01
2.781358518342076369e-01
2.774869160020848602e-01
2.781147728261663121e-01
2.779187400135694763e-01
2.780576690788684746e-01
2.782395792706347515e-01
2.779486832651550388e-01
2.781157116201614654e-01
2.777195057512075183e-01
2.775509800834563001e-01
2.787860513776352911e-01
2.776643041246542598e-01
2.774191114560303206e-01
2.781034055400718463e-01
2.781658759259811875e-01
2.777936445636187135e-01
2.778434078169693677e-01
2.777363554736390072e-01
2.776809074336278327e-01
2.786197769166849914e-01
2.768610213952002463e-01
2.789233684411768222e-01
2.766369852605881641e-01
2.782678525676732795e-01
2.777365339124797661e-01
2.784530889167633472e-01
2.766347803488324875e-01
2.792102301901228101e-01
2.768137793288498738e-01
2.788145631495199672e-01
2.777554277182119336e-01
2.782414508173272627e-01
2.778802617046081114e-01
2.780940852478004377e-01
2.779996800523717448e-01
2.780308508932513023e-01
2.780058885753624587e-01
2.777132571397136207e-01
2.783068003812758651e-01
2.775885750809000130e-01
2.779677386506609338e-01
2.773830393445652076e-01
2.787889953009020649e-01
2.768070764112966486e-01
2.788954468038560841e-01
2.767449003172237632e-01
2.783571011349376678e-01
2.775207460726207831e-01
2.773249401231958067e-01
2.790360146063565194e-01
2.766836721373972519e-01
2.792695947928105493e-01
2.768467829405640845e-01
2.789587916503137865e-01
2.771119119840642631e-01
2.778941699391160869e-01
2.782324888312052158e-01
2.780918093067408225e-01
2.778640976270654317e-01
2.777593613136986050e-01
2.776026382223805156e-01
2.781670858187694217e-01
2.774095678648492713e-01
2.780143260274325900e-01
2.784526346791229012e-01
2.767826942353677766e-01
2.791245934605280365e-01
2.775412897339856189e-01
2.773854088563773579e-01
2.789281015867366431e-01
2.765786437307213852e-01
2.792086167262837759e-01
2.762986068240025350e-01
2.783427046401676930e-01
2.783599229732163782e-01
2.777643833973711396e-01
2.783685329251960883e-01
2.779828270524473677e-01
2.772782262077569948e-01
2.783735202380840934e-01
2.775481344463631705e-01
2.775134138373376858e-01
2.789920670183115847e-01
2.774462453639219839e-01
2.774350496856793358e-01
2.787805404294564915e-01
2.770752828593049943e-01
2.787610085021023920e-01
2.777689933755329577e-01
2.770794068733904991e-01
2.792430056609467859e-01
2.770302830784731052e-01
2.775707047795727966e-01
2.787752614407669749e-01
2.767774168701742088e-01
2.783212702228149982e-01
2.773927309318117151e-01
2.786628337512185860e-01
2.766412546389609428e-01
2.792274922602980269e-01
2.769136376122214305e-01
2.782597192776947170e-01
2.774002146592298157e-01
2.780421521864370193e-01
2.783869819472151175e-01
2.770577720473531014e-01
2.782683938618997210e-01
2.778973763019177978e-01
2.776634444201789842e-01
2.787093340792007878e-01
2.767996838098208401e-01
2.784881884004828945e-01
2.778585221972858510e-01
2.776296789093822825e-01
2.786398720523857730e-01
2.765472872064353993e-01
2.790875128555921347e-01
2.768748561269310793e-01
2.780042338590720252e-01
2.785120504343224779e-01
2.768413216182447623e-01
2.779936874995005969e-01
2.777383076373999282e-01
2.784249131726963533e-01
2.778519690410829468e-01
2.781348048465520639e-01
2.773721876956671828e-01
2.787649495268272326e-01
2.770048060809898183e-01
2.782011893990148366e-01
2.783209698188469083e-01
2.777848615142050615e-01
2.778098278061225668e-01
2.775873184117325088e-01
2.782342048028679793e-01
2.782708223601859099e-01
2.771167233677109820e-01
2.789065540917576302e-01
2.769272636921525921e-01
2.784580689202068027e-01
2.776971467678122085e-01
2.781668693104178414e-01
2.772309039871693748e-01
2.786556150030085055e-01
2.767109542589824556e-01
2.785092117347842122e-01
2.775167948409217877e-01
2.777822031358601618e-01
2.781712180006424839e-01
2.773512366136748897e-01
2.784152528568802909e-01
2.776023643204553748e-01
2.778858799132107316e-01
2.785590512671209384e-01
2.777112839227200980e-01
2.776336781408182963e-01
2.784058684751913870e-01
2.771946611192743770e-01
2.786717496673500882e-01
2.766797281266244468e-01
2.783797329580210977e-01
2.785042309071880662e-01
2.767118872859523626e-01
2.785985879287635747e-01
2.773536349925155298e-01
2.777705217206387633e-01
2.779804794493967446e-01
2.772498217427881717e-01
2.781575488828220699e-01
2.775344707063955862e-01
2.778116459885047185e-01
2.784628121599228012e-01
2.774231481545056943e-01
2.784566493071313764e-01
2.772631907443894872e-01
2.787588866617716210e-01
2.777287926161826070e-01
2.781801415145470635e-01
2.780419930534531736e-01
2.774773723260369196e-01
2.786137343275421063e-01
2.767936106499276905e-01
2.781730871732405741e-01
2.779988691449588045e-01
2.782044781149560775e-01
2.772800540719642104e-01
2.780207998132649405e-01
2.778656017736991779e-01
2.785088616739397893e-01
2.776549171579408837e-01
2.772975351124932208e-01
2.780272242965073359e-01
2.782507820836755408e-01
2.771899050930564101e-01
2.780299770687747474e-01
2.779278568663149374e-01
2.778128635051308470e-01
2.774124069669527404e-01
2.786064726454112739e-01
2.768895803646372333e-01
2.790167173713407611e-01
2.769112317273261237e-01
2.790430223102249863e-01
2.775312204593722853e-01
2.783486586606148117e-01
2.772350175925072380e-01
2.779431565648062818e-01
2.781717349718636489e-01
2.774050287773207613e-01
2.786977725820853347e-01
2.773547444902486059e-01
2.778037403503711977e-01
2.786904258122239186e-01
2.768363952263630523e-01
2.790577672776169971e-01
2.767746410219373288e-01
2.789376502645614098e-01
2.775264196032721231e-01
2.780692245458770695e-01
2.774207362218882311e-01
2.785316407340764355e-01
2.775970941251169055e-01
2.775445576664042902e-01
2.786797877388339506e-01
2.768546299150475565e-01
2.791411977551332968e-01
2.767771472187172677e-01
2.785106619203592260e-01
2.783287421844754528e-01
2.776799345775725070e-01
2.776301283417400012e-01
2.781901101027433043e-01
2.781194946517753785e-01
2.776378998092819961e-01
2.783957710780046724e-01
2.775996080596397353e-01
2.783601118474295366e-01
2.776854454395558114e-01
2.783431561565985479e-01
2.777398381012630701e-01
2.780254288611437308e-01
2.776917825558367081e-01
2.772326650918751634e-01
2.790368575097271209e-01
2.763347976114845506e-01
2.787256132784100560e-01
2.773407889945058713e-01
2.785536029172582806e-01
2.769670630202156203e-01
2.788721667781156044e-01
2.770522312466148773e-01
2.778777966023655566e-01
2.780306246920354329e-01
2.784560651034857504e-01
2.771104188538052737e-01
2.786290161226346318e-01
2.779493827125302241e-01
2.774311730817959343e-01
2.782308578133599331e-01
2.779343661466827098e-01
2.774573565216715831e-01
2.786603880751980511e-01
2.768163414272248879e-01
2.783347749086128586e-01
2.783310764095721090e-01
2.776669386837185005e-01
2.781940269799722532e-01
2.771339254458151657e-01
2.782879860949393769e-01
2.770349055634822033e-01
2.782454779478785167e-01
2.782088967560499837e-01
2.769531249972985165e-01
2.789846036603411683e-01
2.763728133253420260e-01
2.791768504344491197e-01
2.776284618239386326e-01
2.780878327801190042e-01
2.778301106186727987e-01
2.784303145533040258e-01
2.778107004836732341e-01
2.780345179821735457e-01
2.775420539481352478e-01
2.780457001068376566e-01
2.777520768218507130e-01
2.776298307215128158e-01
2.780050052016768136e-01
2.777442441454845423e-01
2.778160287845560239e-01
2.785487577568689921e-01
2.769578270466429570e-01
2.780919836132884626e-01
2.773755788096310404e-01
2.777536994272449267e-01
2.785527711798552186e-01
2.768169546287810867e-01
2.784250855160924631e-01
2.779847208232452127e-01
2.774454266516737100e-01
2.776586447721767770e-01
2.780574297158596719e-01
2.777709981316460741e-01
2.780189415782294837e-01
2.784904462949300274e-01
2.777008583559913424e-01
2.772430896764570551e-01
2.793192216815943985e-01
2.768424367888702720e-01
2.787640251994660812e-01
2.771413508265303527e-01
2.781133427419348880e-01
2.781003718524697743e-01
2.770290217100274122e-01
2.788985858198681500e-01
2.768267922753724908e-01
2.782262521858378523e-01
2.781859275554230404e-01
2.767945360416756428e-01
2.791670893109240437e-01
2.774528034797484333e-01
2.773970320841188109e-01
2.787436609108869257e-01
2.769113337910796280e-01
2.781696572904210907e-01
2.776201982147731839e-01
2.778175076166588542e-01
2.787918791878213343e-01
2.769536670813957935e-01
2.783745592165112193e-01
2.777738579712183964e-01
2.776546101564553726e-01
2.787115338029831912e-01
2.766437847675329298e-01
2.790539923208044115e-01
2.768322766239886268e-01
2.790232098722531529e-01
2.767922227723612627e-01
2.791908603758258001e-01
2.765806718743752945e-01
2.792690848680447480e-01
2.766202426400493630e-01
2.789638446142427286e-01
2.772103617477165161e-01
2.776744196440338319e-01
2.779832840422798435e-01
2.782599563125853215e-01
2.772440594963233029e-01
2.778545888511034234e-01
2.786753073526847535e-01
2.768637719985208578e-01
2.788836368341031657e-01
2.775522051725868300e-01
2.783357397073198403e-01
2.768076292456609355e-01
2.788113434942421365e-01
2.779998045127340389e-01
2.771749834745307339e-01
2.783918785035868759e-01
2.776872352290219448e-01
2.777097972054426434e-01
2.785786564750699079e-01
2.771496975329865720e-01
2.779039648869869317e-01
2.782046345199122861e-01
2.772609648149514938e-01
2.788034494021306986e-01
2.768317428388646362e-01
2.784037297492932828e-01
2.775589048180485130e-01
2.774571329993294477e-01
2.788164881514528792e-01
2.773476673235317214e-01
2.775704618610720931e-01
2.780566687421156535e-01
2.776790908271488112e-01
2.779276646640728154e-01
2.782491134193565974e-01
2.775642438850087212e-01
2.776533133149625132e-01
2.787450258816962512e-01
2.777330755977040488e-01
2.775131828832345660e-01
2.783463229656568116e-01
2.772334621688422596e-01
2.788409983182099094e-01
2.777096105665364800e-01
2.780320110331976902e-01
2.780512103505556887e-01
2.773253709220431240e-01
2.788185682892347916e-01
2.775766832342507207e-01
2.781199778356148733e-01
2.774723854646312660e-01
2.780900439186291817e-01
2.775391042521798135e-01
2.777654113363048349e-01
2.778755546243502073e-01
2.784152252290906793e-01
2.776360259075394965e-01
2.780457102191873364e-01
2.779298268500018931e-01
2.774536332068376909e-01
2.778988221032087647e-01
2.782798620149421476e-01
2.776486961266944054e-01
2.779534902451171741e-01
2.782958270385562094e-01
2.770695185972639751e-01
2.784661852649728542e-01
2.776402416269006523e-01
2.778516314650090191e-01
2.778946249068027785e-01
2.776390472028451573e-01
2.786887889393376838e-01
2.777280077776133616e-01
2.772528523460767169e-01
2.789670733721876794e-01
2.768002079411879257e-01
2.781978509279840472e-01
2.781784756701107808e-01
2.771572788541891152e-01
2.787365819098779340e-01
2.776944362792393983e-01
2.779300261154855067e-01
2.774666014120003577e-01
2.783184770189829349e-01
2.773566456675285452e-01
2.782553961341369675e-01
2.780885866928967665e-01
2.778396668465615837e-01
2.777555554932134574e-01
2.785701140906343132e-01
2.770792830017781427e-01
2.788309824053669117e-01
2.767473585197610664e-01
2.792871877464472852e-01
2.766414543098952850e-01
2.790909089984320857e-01
2.774611627037819050e-01
2.781375440260346332e-01
2.780777257026930127e-01
2.776118532351427581e-01
2.776174836338540786e-01
2.787469199922495977e-01
2.766244129363276127e-01
2.786396423011256451e-01
2.777826964955741884e-01
2.774710509205560727e-01
2.786113003879611694e-01
2.774888541125787866e-01
2.782799643446293714e-01
2.776007974813980983e-01
2.786515667367750471e-01
2.770332387400439855e-01
2.783066527900968645e-01
2.783623971849890077e-01
2.778315364170182433e-01
2.782682913574179850e-01
2.779289572839458988e-01
2.780247085242020799e-01
2.773247947407534442e-01
2.789645765622346674e-01
2.774574514458300611e-01
2.773913905257371360e-01
2.780109637333110228e-01
2.779285436510706697e-01
2.777442471596611728e-01
2.784349942035713732e-01
2.777875459944619818e-01
2.772216005940120187e-01
2.789583460254523861e-01
2.773226755893196116e-01
2.774117867402606796e-01
2.788586728072619536e-01
2.765297271386920053e-01
2.792630276770873277e-01
2.767694777682695451e-01
2.792342175522969927e-01
2.767664469061302257e-01
2.783502345671666767e-01
2.775422334389291978e-01
2.786815518149087789e-01
2.771725682484615372e-01
2.786655580981638458e-01
2.771886126475134327e-01
2.780758507942286961e-01
2.779801352781763879e-01
2.773039617840929449e-01
2.783559289273180859e-01
2.780577016229465737e-01
2.778567709527702823e-01
2.780227690027295973e-01
2.777395011956417248e-01
2.775606915243975514e-01
2.785300433999635672e-01
2.775662104969848776e-01
2.776093210887750629e-01
2.779422867580520484e-01
2.772460280786961384e-01
2.789145710923581212e-01
2.775593685950760170e-01
2.776596544167913017e-01
2.780846164510522023e-01
2.776964507236812651e-01
2.786022165951657081e-01
2.774547627550237316e-01
2.777500483261007846e-01
2.779748376890657235e-01
2.778719576814792092e-01
2.773466031759332928e-01
2.785759725049292701e-01
2.778308026581685630e-01
2.780517453716794818e-01
2.781325621471385512e-01
2.778823975163252635e-01
2.774447285636691407e-01
2.779470826531532657e-01
2.776636657109491924e-01
2.786249515650300324e-01
2.774870007848012077e-01
2.781896262894819616e-01
2.775613624876855923e-01
2.783156323381635322e-01
2.769633019462667822e-01
2.783791196889804365e-01
2.776453461591845695e-01
2.784791322065124364e-01
2.772891293771186927e-01
2.786822216473640035e-01
2.776381054703677687e-01
2.782842711920621714e-01
2.779562116047280540e-01
2.780579236489342243e-01
2.779013947162928266e-01
2.782501612208154729e-01
2.772937270542294996e-01
2.781356577496160165e-01
2.777311089400220090e-01
2.785318945156448622e-01
2.772695310572164118e-01
2.778496023291687211e-01
2.781533834724232435e-01
2.777387550307604536e-01
2.774599185271249269e-01
2.783658455224929384e-01
2.778501412714167729e-01
2.779207976594955665e-01
2.775318704554267657e-01
2.782700207508059798e-01
2.770549084596273803e-01
2.790224552745337316e-01
2.770681833233244462e-01
2.785532111323544835e-01
2.782235302260306908e-01
2.770549397846400197e-01
2.783767936016219857e-01
2.783842207989963291e-01
2.777308521229052696e-01
2.781910922232745387e-01
2.779979544892016152e-01
2.779721803906102795e-01
2.781889850975843848e-01
2.775900768404878094e-01
2.784204139976818038e-01
2.771207608844968862e-01
2.782431574217290038e-01
2.775819234036917549e-01
2.784868949443279895e-01
2.777335701180863037e-01
2.777538146064378322e-01
2.783078601217628401e-01
2.778486073052040539e-01
2.780329507376940179e-01
2.770615639845551703e-01
2.782798764918033019e-01
2.774180639437712204e-01
2.780771393183862905e-01
2.776708363013867809e-01
2.780785779905239896e-01
2.781841096379556455e-01
2.780477139089571059e-01
2.778130480661042956e-01
2.775609236848009531e-01
2.782788485220599739e-01
2.776352230850863689e-01
2.786428038436291055e-01
2.769939040135853681e-01
2.781662490616942929e-01
2.781284627663566100e-01
2.778460636713581122e-01
2.781177255127409431e-01
2.773461097554265065e-01
2.781770675731830567e-01
2.782139185436856565e-01
2.777628765500703145e-01
2.774709088263087042e-01
2.786279584628787442e-01
2.770093514814531144e-01
2.785225781648943411e-01
2.770286720355929488e-01
2.787559338752180760e-01
2.772294467518076067e-01
2.782802963690784726e-01
2.777897696479411094e-01
2.784562192476804365e-01
2.772670511200635013e-01
2.781009512737842582e-01
2.781886610441055563e-01
2.773835759733215278e-01
2.784090380370177753e-01
2.770287374414619475e-01
2.788477955234338057e-01
2.776370314396884309e-01
2.781161761128496668e-01
2.772906527006415711e-01
2.788662061056779162e-01
2.768795982594895455e-01
2.781780723428742275e-01
2.784342197844570377e-01
2.771649074208171748e-01
2.779027724446029857e-01
2.776166008148146513e-01
2.785868109899120038e-01
2.774956072043610611e-01
2.781343957399108890e-01
2.779701006627591231e-01
2.768637827850304323e-01
2.787682602598997028e-01
2.774503311576364539e-01
2.787006599312157329e-01
2.776063436696559750e-01
2.784079662876090544e-01
2.774232431342705252e-01
2.785096444019913853e-01
2.778139434050062029e-01
2.780768865589385852e-01
2.778948562803375544e-01
2.782167823046486910e-01
2.780124838502662787e-01
2.771747718566913710e-01
2.786828799026472292e-01
2.777613986028298898e-01
2.771828024247425803e-01
2.783043432165919207e-01
2.782340223577672855e-01
2.776945163828645757e-01
2.776366537969493509e-01
2.781374127337236102e-01
2.771981092090436416e-01
2.779372689435107846e-01
2.771947648629672356e-01
2.784682303178798168e-01
2.775927773148310074e-01
2.778863249188271434e-01
2.784162730006636277e-01
2.780248406835890140e-01
2.780174030250331385e-01
2.772027984347406049e-01
2.790113532270296348e-01
2.768519154592434806e-01
2.782095531271332467e-01
2.785849027759558783e-01
2.774902615254745131e-01
2.777901790957350014e-01
2.785703979496341742e-01
2.775449365258253476e-01
2.776146028861555815e-01
2.782041084029522326e-01
2.773754581846632483e-01
2.787038292238450676e-01
2.774324542555941520e-01
2.779878188005799888e-01
2.774330878215409135e-01
2.786205861940256323e-01
2.770356737468995245e-01
2.787734093557746595e-01
2.777200378781398138e-01
2.773287772511495719e-01
2.787814347962865313e-01
2.777467999853873715e-01
2.782328369482497954e-01
2.779767076763360323e-01
2.772831484333238006e-01
2.780617706938867673e-01
2.779292620790986268e-01
2.775957343594164795e-01
2.781563967243083635e-01
2.773979024866720100e-01
2.787632407026638948e-01
2.775338288423228050e-01
2.775271032847540509e-01
2.788209723993336220e-01
2.772033978913509000e-01
2.784798020762194182e-01
2.772320113688608867e-01
2.788078125863263090e-01
2.765025135482884200e-01
2.793340145799225183e-01
2.772740539350347921e-01
2.775952208553522649e-01
2.784897079947795118e-01
2.775247655603054198e-01
2.784159054558349999e-01
2.774681205385844396e-01
2.785486951786752541e-01
2.770979370527693053e-01
2.786539028888214142e-01
2.771972401968386124e-01
2.782363244908724331e-01
2.775959176975908993e-01
2.779398416291741225e-01
2.783049873710660149e-01
2.778643095507814520e-01
2.774251656664959986e-01
2.788628764259756254e-01
2.766279906569554248e-01
2.792172035938875752e-01
2.768303420308549367e-01
2.788460309891511169e-01
2.776466833033035542e-01
2.773218867385849884e-01
2.789706021998142327e-01
2.764397696339594979e-01
2.784883869360905706e-01
2.781942715399562394e-01
2.769404306324230181e-01
2.786194889098437266e-01
2.777213704985345699e-01
2.776523431405336639e-01
2.786537239877042715e-01
2.770220324646837651e-01
2.790771725195019815e-01
2.766729528055749676e-01
2.787496288767191133e-01
2.775703187806015659e-01
2.777261572226116804e-01
2.786530564003943389e-01
2.774594982595492976e-01
2.783889419251533992e-01
2.776371287473377580e-01
2.775925242838065410e-01
2.786693953569608362e-01
2.765804051130267283e-01
2.791748610209277559e-01
2.769530903023842416e-01
2.782935517809037029e-01
2.774035787373236306e-01
2.786294267813947956e-01
2.775230062508721729e-01
2.775715088136702091e-01
2.778839594094305587e-01
2.778044229683981348e-01
2.780799466629840233e-01
2.781078729026368324e-01
2.775827206236566869e-01
2.780546044342878109e-01
2.785096138958942369e-01
2.776777717082974939e-01
2.782535670257074156e-01
2.778435164829955450e-01
2.781398586815772012e-01
2.775010062496023333e-01
2.785599798824520690e-01
2.772095729503367134e-01
2.783551230684664923e-01
2.773297045904510871e-01
2.780664346544566845e-01
2.782698447694385013e-01
2.777423684902470824e-01
2.774421357363136553e-01
2.783754732827859457e-01
2.771603091602091729e-01
2.780459975912352166e-01
2.775884241863207369e-01
2.778688190691421811e-01
2.776657475758196325e-01
2.778080507897062179e-01
2.781566970216850510e-01
2.775801377978128204e-01
2.788782673708558035e-01
2.769079253531001594e-01
2.782697869498281795e-01
2.784321543620595918e-01
2.775616692343415570e-01
2.785320111040066049e-01
2.776992652065468636e-01
2.774925587815975647e-01
2.787826731806015146e-01
2.774036237330579913e-01
2.777281969297112907e-01
2.779197451541547403e-01
2.774001681016477483e-01
2.788306508965398001e-01
2.775275165308656589e-01
2.780931018478730032e-01
2.776328996294938900e-01
2.777162606496015318e-01
2.777614135405469531e-01
2.785622077458743684e-01
2.772509312484810473e-01
2.777153230529255667e-01
2.783142470225090648e-01
2.774361132701348986e-01
2.788188170834270951e-01
2.770143864447949245e-01
2.788725689552836173e-01
2.769792451170569603e-01
2.785795557803348310e-01
2.780018609668665763e-01
2.775943640068369578e-01
2.778324171078144778e-01
2.785740512343355402e-01
2.769852849903671754e-01
2.786463753031909740e-01
2.773545368751222373e-01
2.786227486146484189e-01
2.776210360292880597e-01
2.782369548939975790e-01
2.772839732284355652e-01
2.779595246082112170e-01
2.776724225629018106e-01
2.774441544069325971e-01
2.789246367290949546e-01
2.772772605289648418e-01
2.782928624054206712e-01
2.772119472360404790e-01
2.778892478212509620e-01
2.781117566644141781e-01
2.776186574471609658e-01
2.786758864943129632e-01
2.776746188257077086e-01
2.782145671098185669e-01
2.778720776722094499e-01
2.779371210654105750e-01
2.774671017563976605e-01
2.787994133456517809e-01
2.776672909414710788e-01
2.780157189645479643e-01
2.778159817756311045e-01
2.776974277769758137e-01
2.778176238292762723e-01
2.780702634723203892e-01
2.780729081306356765e-01
2.772390845870559284e-01
2.788336796314754285e-01
2.774791475216089043e-01
2.779161349334329789e-01
2.771407543048693967e-01
2.783575320630485295e-01
2.779300091577241449e-01
2.771122835225886538e-01
2.792344252467045540e-01
2.766923875466848481e-01
2.783901456905695793e-01
2.785313599789154826e-01
2.770231308819133265e-01
2.787174888346234392e-01
2.778463674320180155e-01
2.773146146209123364e-01
2.790003521496682848e-01
2.767066073034475937e-01
2.791013280394083473e-01
2.774966494091211655e-01
2.775116455912866043e-01
2.789233245883372403e-01
2.766274518859078713e-01
2.786387873831331907e-01
2.774024750128918360e-01
2.779293901496182051e-01
2.782156099330527210e-01
2.779220615501294955e-01
2.777683352319589294e-01
2.782130682385307030e-01
2.772586269331550057e-01
2.787795577239513545e-01
2.773822666176236074e-01
2.778555149134000479e-01
2.784374527778052943e-01
2.778112838093950154e-01
2.776982989493351761e-01
2.775664345190782534e-01
2.783012733653292270e-01
2.774816709901516965e-01
2.785036360093499641e-01
2.767112203680220373e-01
2.788630179476413451e-01
2.773033938108683261e-01
2.778528769428290635e-01
2.786633877915277169e-01
2.772875643905976517e-01
2.779111858194014961e-01
2.778846232861114651e-01
2.782615949348780093e-01
2.775058187188751413e-01
2.779233264250470792e-01
2.774875815079604902e-01
2.775609581990274854e-01
2.787369954158251395e-01
2.767497723802363474e-01
2.788376752119088864e-01
2.774648059028503866e-01
2.782020468064164143e-01
2.773995352455546626e-01
2.779863715514529487e-01
2.780300394412513199e-01
2.778427944387993342e-01
2.785246253168251473e-01
2.770062691885343265e-01
2.780160691486762148e-01
2.782527247485414579e-01
2.772563311619267168e-01
2.789060203504025726e-01
2.764714177338094547e-01
2.795266992271409068e-01
2.770853081931122230e-01
2.777598013934264309e-01
2.778523143291684594e-01
2.777148856397431143e-01
2.784852148081361500e-01
2.771557563867815821e-01
2.784543575921687997e-01
2.775244696998465099e-01
2.779555579571981738e-01
2.783452541947050718e-01
2.767844763068910141e-01
2.784408203626898559e-01
2.781947350500486027e-01
2.771887671360672711e-01
2.789087254804385463e-01
2.772138381379838923e-01
2.779973631998234884e-01
2.778299172679386531e-01
2.784441015875263603e-01
2.771501973720916778e-01
2.789126816444872925e-01
2.775725744199314948e-01
2.781376051887274325e-01
2.774427545120085048e-01
2.788053368059291715e-01
2.768498469571818443e-01
2.778683474620652905e-01
2.780612481016118132e-01
2.780200700968242788e-01
2.772434324777412473e-01
2.787697782018920822e-01
2.775027317407458005e-01
2.771404333355394489e-01
2.791343225699776665e-01
2.768209832987986729e-01
2.775900593750482703e-01
2.783696659870265600e-01
2.776326390608943595e-01
2.772682200270837338e-01
2.784336684555009378e-01
2.772821326235965778e-01
2.778888681542426853e-01
2.784818091532983431e-01
2.768929438294565060e-01
2.785592092702005584e-01
2.782221390378231685e-01
2.777755376319211988e-01
2.781202036278821454e-01
2.775035347749872927e-01
2.776683234764798502e-01
2.779316908377595374e-01
2.785857712775454131e-01
2.776406176598741893e-01
2.782044290522558971e-01
2.779240837156043975e-01
2.773330755005076198e-01
2.788003239146755741e-01
2.775631347209214228e-01
2.780933333665972507e-01
2.779493289331166350e-01
2.773244971751431809e-01
2.784107784092814120e-01
2.772723519384652779e-01
2.787269561253428729e-01
2.777911291854532894e-01
2.781758449007519785e-01
2.779874206090269806e-01
2.780958077878288859e-01
2.779145668632268529e-01
2.774690621121998491e-01
2.781848550162246414e-01
2.777023404491490988e-01
2.778612052566081236e-01
2.777732052328404921e-01
2.774748429998573074e-01
2.788821984830548995e-01
2.765639767915214486e-01
2.792035860732176022e-01
2.765981640799544672e-01
2.790803218573081335e-01
2.766502599867914358e-01
2.791066888121241929e-01
2.766493063482216574e-01
