5.109843091957457784e-01
-3.423831169883778669e-01
-1.003066335221842464e-01
1.640937740190690219e-01
3.651269363810835666e-01
-1.886371579553612898e-01
3.129108567749242509e-01
2.106893497418111660e-01
2.788257685086272808e-01
2.217466064487869093e-01
2.723887299068880607e-01
2.252943940936559253e-01
2.689674862308985559e-01
2.285300218876648026e-01
2.660768878570609619e-01
2.301028449302155166e-01
2.651802455995105889e-01
2.311104774227549230e-01
2.638130400336335390e-01
2.327335470128895356e-01
2.625841076955719444e-01
2.333896135532632365e-01
2.624970562046725076e-01
2.331546608026459910e-01
2.628901777551753693e-01
2.330553935835816826e-01
2.628448193659987386e-01
2.334712390074069055e-01
2.621295825360459020e-01
2.341589329653656626e-01
2.609523307650425394e-01
2.353787588597539837e-01
2.604715120832191144e-01
2.356108676204773933e-01
2.598185111069137854e-01
2.358501083561711509e-01
2.603210752703392639e-01
2.356822097016888495e-01
2.600652340526732331e-01
2.357855404709723324e-01
2.592518274550769108e-01
2.374584076761164231e-01
2.574800162344044185e-01
2.385432293519693381e-01
2.569117020010940333e-01
2.390174720708577727e-01
2.571047492287656944e-01
2.385087570267489521e-01
2.573840109128651132e-01
2.387261529264657622e-01
2.571457897069776566e-01
2.382131104175788661e-01
2.574291432114246270e-01
2.384939938758413591e-01
2.570276643324195254e-01
2.391953854468767404e-01
2.561700906928992549e-01
2.392815711962680281e-01
2.571118699734675772e-01
2.385124509298398032e-01
2.572193729328073886e-01
2.387131182593865697e-01
2.572137512979900675e-01
2.385632423321276119e-01
2.575052834409685687e-01
2.375596553780732756e-01
2.583450434442308152e-01
2.378588270147294903e-01
2.579599701231466979e-01
2.377602611642901653e-01
2.578723535933264976e-01
2.383127959569808496e-01
2.569893562546766153e-01
2.389591891772088195e-01
2.565741221047266873e-01
2.391181815548578393e-01
2.565162913118347321e-01
2.392493698498064092e-01
2.563590779596944258e-01
2.397817188008857792e-01
2.562243498774870454e-01
2.396416214003879996e-01
2.565222102257282422e-01
2.388053524407046380e-01
2.570831845675911054e-01
2.391871435133209878e-01
2.567342592819022440e-01
2.392302200975472970e-01
2.563305508586335990e-01
2.396555600792737994e-01
2.556617561016613083e-01
2.404191946691302539e-01
2.550534516022787690e-01
2.401771371894664830e-01
2.548888475439281542e-01
2.409022876982674088e-01
2.548147424765607738e-01
2.411794840601319267e-01
2.544473051015929133e-01
2.406021164940302659e-01
2.554712477493799594e-01
2.396529514075663170e-01
2.559725406891426580e-01
2.395671153839157297e-01
2.558926705032835147e-01
2.403380984564465750e-01
2.552839535688370409e-01
2.408192871043921268e-01
2.545547136764533258e-01
2.414231802196559196e-01
2.543277167978706954e-01
2.412171561221088112e-01
2.543865396620249020e-01
2.412146015785111008e-01
2.548386830062217556e-01
2.403054068973208834e-01
2.559611373393720357e-01
2.392444539247397250e-01
2.568988519659077263e-01
2.383157833860327368e-01
2.577730889477522491e-01
2.377953401054299087e-01
2.581967946916936540e-01
2.380673509673369992e-01
2.570018011902170940e-01
2.390972284401348957e-01
2.567322240997232385e-01
2.385044111339778283e-01
2.577879779526326964e-01
2.381776063843872859e-01
2.569905332721322266e-01
2.390215780451826755e-01
2.569484012549561047e-01
2.391911591245865498e-01
2.558542447899253003e-01
2.401756258046752746e-01
2.556662716397329893e-01
2.402384702043590115e-01
2.556946682330399345e-01
2.404500549631032880e-01
2.548262700254918522e-01
2.410961713978639898e-01
2.550484310665578902e-01
2.405083703329707057e-01
2.550204101454517924e-01
2.407123847826060647e-01
2.553209546931593521e-01
2.399663668233537051e-01
2.558159046124455216e-01
2.400530828500945235e-01
2.560882698411647840e-01
2.396794784745220619e-01
2.564658425680019782e-01
2.394846467374193155e-01
2.562338294573888731e-01
2.392921180282142624e-01
2.564511612720531963e-01
2.391894467443408112e-01
2.564337040935187328e-01
2.393603520531957796e-01
2.568419791307298694e-01
2.384849208488585282e-01
2.577717883684971234e-01
2.382769567487854345e-01
2.577207129285963294e-01
2.386186640066216558e-01
2.572899327409512438e-01
2.384269126121300875e-01
2.576512604493587655e-01
2.382744522384487584e-01
2.578511776214269524e-01
2.379705054577749834e-01
2.582217227547974336e-01
2.374500594319171320e-01
2.587430109728873773e-01
2.374370562781944194e-01
2.583125953767542726e-01
2.373856952796846720e-01
2.585146159599786553e-01
2.376211199012184250e-01
2.569764716189436582e-01
2.386205107775817291e-01
2.574682343477226465e-01
2.378278944454481347e-01
2.574463953559101848e-01
2.382185321094331121e-01
2.576890985373513909e-01
2.383025486437929663e-01
2.567868287896850066e-01
2.388918646781780786e-01
2.565368146382445147e-01
2.392530093719593409e-01
2.565403681733330332e-01
2.393337513132606231e-01
2.563444442532040179e-01
2.386606776257650941e-01
2.571044531461018634e-01
2.388881156677316042e-01
2.560891490396271508e-01
2.402626466901315594e-01
2.546181897293234853e-01
2.416776421686963328e-01
2.531157675655131278e-01
2.430786803629439163e-01
2.525064038392340615e-01
2.436285249753399051e-01
2.515543797796548908e-01
2.441662967695663045e-01
2.517813744677707133e-01
2.437498304874982369e-01
2.522158307565875446e-01
2.437339772445754893e-01
2.520175153002439106e-01
2.436137352152107360e-01
2.518732209068905159e-01
2.434752998550821224e-01
2.521928239437568608e-01
2.433690150339426483e-01
2.528069097550494360e-01
2.427533896597423302e-01
2.533029608764063023e-01
2.423558626767758628e-01
2.532558657958982051e-01
2.425187489208934233e-01
2.532613730296124910e-01
2.427393126658868305e-01
2.531496915664714353e-01
2.425369119324208567e-01
2.532861598748452625e-01
2.422595912019217257e-01
2.538277216634131084e-01
2.419707162462801375e-01
2.534071680565702644e-01
2.425107020334966168e-01
2.532885429064923866e-01
2.427031907221728346e-01
2.530512953366000906e-01
2.428732116412722908e-01
2.520975924310962513e-01
2.443822766521305812e-01
2.509426199696713211e-01
2.453347590080570684e-01
2.505350194928311902e-01
2.454742208023554806e-01
2.501940087896300513e-01
2.459891494150825975e-01
2.495520153005325037e-01
2.468026122723559479e-01
2.486493163630661418e-01
2.472663355553186282e-01
2.486981265046485368e-01
2.468193089733476675e-01
2.494815449898012960e-01
2.460571962648829547e-01
2.502084751916150429e-01
2.453722396699163644e-01
2.510273317625670297e-01
2.445434454913064104e-01
2.509451007439907899e-01
2.445472466415257728e-01
2.514237059153780485e-01
2.440675173133452780e-01
2.523686101036637930e-01
2.433466578667952407e-01
2.528373772732392388e-01
2.423055293861872683e-01
2.533751789464073201e-01
2.430043810166243323e-01
2.528673572379409595e-01
2.427858929269360033e-01
2.527476363175851226e-01
2.428130563570998490e-01
2.529972295736898080e-01
2.426967429314102476e-01
2.525944678760146389e-01
2.425557410294375271e-01
2.530506325157132475e-01
2.424597894246309782e-01
2.534288554615305999e-01
2.420157689562430214e-01
2.533274054906690664e-01
2.424999059635865317e-01
2.528313502143665348e-01
2.427828948927454600e-01
2.527270603957129103e-01
2.434184111414848528e-01
2.518068961160849217e-01
2.437682687485452082e-01
2.517565457724365574e-01
2.442800658267487157e-01
2.513719502156783192e-01
2.442316741612822195e-01
2.507589286479732227e-01
2.455337771147240444e-01
2.502205880900836843e-01
2.456984299694894569e-01
2.502603242124508132e-01
2.450313362588512622e-01
2.506084476567140840e-01
2.449750635965645407e-01
2.510341171267827520e-01
2.444822044803864058e-01
2.514676678678695043e-01
2.436204402248123291e-01
2.526650990117758622e-01
2.431917480062238957e-01
2.521032611293474446e-01
2.439621067465951587e-01
2.513246134800217746e-01
2.448803499609650547e-01
2.505701228539566339e-01
2.448949919532984465e-01
2.509349559264127394e-01
2.446899444117833222e-01
2.506260341941656811e-01
2.452703432339127243e-01
2.507199555058259310e-01
2.449052918714802740e-01
2.506511298753270056e-01
2.451893817966627476e-01
2.509148683037534244e-01
2.450155908432111451e-01
2.504891829073612186e-01
2.452291865654989134e-01
2.507149703477833391e-01
2.451341375390703736e-01
2.502397308185344560e-01
2.459252719909245932e-01
2.499634008390062834e-01
2.455879848040380675e-01
2.506094397908753546e-01
2.448008059491180444e-01
2.513720708531099191e-01
2.445551813903761584e-01
2.510876972035747112e-01
2.448733655843471635e-01
2.509288018472256576e-01
2.448811942158729826e-01
2.508169626585994294e-01
2.452941310141143749e-01
2.507010937278392193e-01
2.453520997814224169e-01
2.497309377515226914e-01
2.461282829906440983e-01
2.499676435889983117e-01
2.459408469668739050e-01
2.496475032641669589e-01
2.461820888931821882e-01
2.497105532913088122e-01
2.458110032420515734e-01
2.499069323875342530e-01
2.464411429075546445e-01
2.486953955153999585e-01
2.473283471346192641e-01
2.488377155126190732e-01
2.471156892528388049e-01
2.484371411773800831e-01
2.477872675325894225e-01
2.477465506318990984e-01
2.476502875139514892e-01
2.479415426653736598e-01
2.472835612765368618e-01
2.483680483473548195e-01
2.475292767070910727e-01
2.482203467481257642e-01
2.470287622391519333e-01
2.485230716008610952e-01
2.469639611261159051e-01
2.489772523181535968e-01
2.467869739860469314e-01
2.485895945759880321e-01
2.475146861781667151e-01
2.476964743054522189e-01
2.475161923358787375e-01
2.485190278970205724e-01
2.471360743093005408e-01
2.488673259007676553e-01
2.464201414621636221e-01
2.496543947307688360e-01
2.460559922035034652e-01
2.498520385128575882e-01
2.456740765057199016e-01
2.497247936856628603e-01
2.460235161744807886e-01
2.492356379033902614e-01
2.466375775669533144e-01
2.491717913546822594e-01
2.465018437885279079e-01
2.492215089410199369e-01
2.463835240417910910e-01
2.491606021274292149e-01
2.470926589399360662e-01
2.480248482390040587e-01
2.481896062714120665e-01
2.472088806608841172e-01
2.485258159273578127e-01
2.474649343747767072e-01
2.478410398890068811e-01
2.483662473491021760e-01
2.472328474336931703e-01
2.488819891721570920e-01
2.469186465404233921e-01
2.481381324434058233e-01
2.476425461295168051e-01
2.477302351769329891e-01
2.476853521780481293e-01
2.480917977946069664e-01
2.481174979237998346e-01
2.472539632578175939e-01
2.490603177227319887e-01
2.467046233547176559e-01
2.492805342515998779e-01
2.464853276487648792e-01
2.492938467614822240e-01
2.468108836066729983e-01
2.490487702895490263e-01
2.469593698473696031e-01
2.488746067050962296e-01
2.465770032659381217e-01
2.497760592945252878e-01
2.462080856709706611e-01
2.496476277954567669e-01
2.461181900457556360e-01
2.497323754871775825e-01
2.463644859650672148e-01
2.488964900255009605e-01
2.471420587071130603e-01
2.488824539936037861e-01
2.470881932947523174e-01
2.482733657621818968e-01
2.481945875402253310e-01
2.472009580360734482e-01
2.491151830657747368e-01
2.463456455686318658e-01
2.499403493626609907e-01
2.459354856446362980e-01
2.501929346513341867e-01
2.452976584417101980e-01
2.506017923854357843e-01
2.457427684361332965e-01
2.501762094709832907e-01
2.461495851370716637e-01
2.496367674223879396e-01
2.464516211285878444e-01
2.497442442667894003e-01
2.462989380997731292e-01
2.493956981535021822e-01
2.462545089188776515e-01
2.494950889217385226e-01
2.467843876938306535e-01
2.486809884508541790e-01
2.472054981168799459e-01
2.482494827561270712e-01
2.477327706999290224e-01
2.475099978121898248e-01
2.483991706419980960e-01
2.473907786337198045e-01
2.483543697308960851e-01
2.473694480120732231e-01
2.479302565328407870e-01
2.481799333117486461e-01
2.474598160679322978e-01
2.480627743213571490e-01
2.479902325495478566e-01
2.470820391392624105e-01
2.485700075939719089e-01
2.474264170623094450e-01
2.477903766205088731e-01
2.484285550888649663e-01
2.473499463910314167e-01
2.485943157777504853e-01
2.467063728976423564e-01
2.492565617930758426e-01
2.460703381687777969e-01
2.495206932475667050e-01
2.460776872726173070e-01
2.499260922420128428e-01
2.453103269098934058e-01
2.508782576307291845e-01
2.447348488924891985e-01
2.502813185373823912e-01
2.455377771251636698e-01
2.499358085615299152e-01
2.460099983443177207e-01
2.492482765421331348e-01
2.464828588615190774e-01
2.490587073089162162e-01
2.466649550931033219e-01
2.495374905502967255e-01
2.461916945700579340e-01
2.497348886602298590e-01
2.461559813089224669e-01
2.492012050952132352e-01
2.465064721743638609e-01
2.496393003784478926e-01
2.463567016398291731e-01
2.495172728917874894e-01
2.455663451121765373e-01
2.503039862315170616e-01
2.457036201966515954e-01
2.497462502006439489e-01
2.460211004823523728e-01
2.497007106475403748e-01
2.458423196438246638e-01
2.502822316934558700e-01
2.455404426343632818e-01
2.504050272154232926e-01
2.455935742902441710e-01
2.502984770394648395e-01
2.453336885467400641e-01
2.501524692677173922e-01
2.460140950438466645e-01
2.494181923181758298e-01
2.469191240426956147e-01
2.490015767565321170e-01
2.466501356803831591e-01
2.490240249999375599e-01
2.472664189880606211e-01
2.481187973275871539e-01
2.480827288515466411e-01
2.477122121941439936e-01
2.482805777005670511e-01
2.478328078453023164e-01
2.479731433685812003e-01
2.477160618674603410e-01
2.480927005697359522e-01
2.477267903186037290e-01
2.475388385763857557e-01
2.484335335961656566e-01
2.472529209187382393e-01
2.485805244063074293e-01
2.476726462877115453e-01
2.483283050914261159e-01
2.476525554283056096e-01
2.479678370933408316e-01
2.479495082192254563e-01
2.479870101724143960e-01
2.481776146147919027e-01
2.476415257891225741e-01
2.479212302689288161e-01
2.481163929204179275e-01
2.470024464149644383e-01
2.488154753726010138e-01
2.471258703209003593e-01
2.485416938597271586e-01
2.473306677600361769e-01
2.482808420109019754e-01
2.474889162073134197e-01
2.479599814966480242e-01
2.476220484871611005e-01
2.477600383776690229e-01
2.483736916317634824e-01
2.473805073523587805e-01
2.484232061979486927e-01
2.473970471634799606e-01
2.477661151615027091e-01
2.479965988575940083e-01
2.474071729514341067e-01
2.483455167515463136e-01
2.477174489355155329e-01
2.475477781360587992e-01
2.486165649961344926e-01
2.470486391326368047e-01
2.482909812424494433e-01
2.472957162364284034e-01
2.489057293119214254e-01
2.469064983461813911e-01
2.485511342141418500e-01
2.471897330686079752e-01
2.485629036023755956e-01
2.473808255705141901e-01
2.485536578353074455e-01
2.467961193771234241e-01
2.488570030012658418e-01
2.470710765100466444e-01
2.487185810301986988e-01
2.472175992086967922e-01
2.487634629557286814e-01
2.471812530909458516e-01
2.487581971369183242e-01
2.471043460359504396e-01
2.484500897463111369e-01
2.474337433561963617e-01
2.477200354925968573e-01
2.485634302014509134e-01
2.470745192001671808e-01
2.491392573781834874e-01
2.467176380140692349e-01
2.487032703973267034e-01
2.476343599018834551e-01
2.480201912805388709e-01
2.474528814839060953e-01
2.488309758614389022e-01
2.466567767721704330e-01
2.496660841267715203e-01
2.456425102038027330e-01
2.506864846610915576e-01
2.449126599242876234e-01
2.503901743206669028e-01
2.454927611520372754e-01
2.501038374911223050e-01
2.461341528918010169e-01
2.498331619614994059e-01
2.462656268566037754e-01
2.496255217125930848e-01
2.459713347860409405e-01
2.502873996310821525e-01
2.451709692518543870e-01
2.505202767405686481e-01
2.452239954203456196e-01
2.507790074252638779e-01
2.452622513996301212e-01
2.507369228240234338e-01
2.443730488420574609e-01
2.517091638441673607e-01
2.442049676558178117e-01
2.518789365960386606e-01
2.441846995462593206e-01
2.513131923429803294e-01
2.450367355974502614e-01
2.507460781264669869e-01
2.449292693514258934e-01
2.514650311230847701e-01
2.439452170258866459e-01
2.520220719744771243e-01
2.432687921217258076e-01
2.527782107797056366e-01
2.433852205596038765e-01
2.525581181552228327e-01
2.432990141375736270e-01
2.523620931387121069e-01
2.435889201880333810e-01
2.519182846310317192e-01
2.437331978286597922e-01
2.518266731385546686e-01
2.431687068197457557e-01
2.531212412922506094e-01
2.414936927311587267e-01
2.548686306927585021e-01
2.402016900497974117e-01
2.553752517030502545e-01
2.400125143279679962e-01
2.554893357759649986e-01
2.402529127702367484e-01
2.555500085233194385e-01
2.397990384573598643e-01
2.557053073598904436e-01
2.404492876552330183e-01
2.546686404267173853e-01
2.413863048071969164e-01
2.541872917631490814e-01
2.414788702349969229e-01
2.545156978938271086e-01
2.413488687692412482e-01
2.543003846851577543e-01
2.417565355472289235e-01
2.536880944691974338e-01
2.424540891073594107e-01
2.532698711682814241e-01
2.423124732103206502e-01
2.535064392532704880e-01
2.419991910902750398e-01
2.539514271587638983e-01
2.421337088944134908e-01
2.529943077530388273e-01
2.433599698575589776e-01
2.518689232454230931e-01
2.441103081497537075e-01
2.516578858709469513e-01
2.439539242932681762e-01
2.517098787806693050e-01
2.443539509452196667e-01
2.514764509636593370e-01
2.441487389581544765e-01
2.519708769370315182e-01
2.434806810386371811e-01
2.525573483847143308e-01
2.427611709061766876e-01
2.529068885735397676e-01
2.432183804778003389e-01
2.525775786936328982e-01
2.433545535984365238e-01
2.516865616702426700e-01
2.443546983287744612e-01
2.516338548733856872e-01
2.445190156312968821e-01
2.509868983700826450e-01
2.449886202502624122e-01
2.504412998130778889e-01
2.453617850862052641e-01
2.507027565293136750e-01
2.449384418543592290e-01
2.512163230958959215e-01
2.447358210376007759e-01
2.513525221095686546e-01
2.446958785339512499e-01
2.508034058521934062e-01
2.454704988017966938e-01
2.499845306390651445e-01
2.462651558398066542e-01
2.495832332280663035e-01
2.462746520563404706e-01
2.497695644867826137e-01
2.458293390682887714e-01
2.500248960264397913e-01
2.457213095307215212e-01
2.502373232021155580e-01
2.453355430882695198e-01
2.511692321979090425e-01
2.447253699896135837e-01
2.512168926544019465e-01
2.449902655618253489e-01
2.504415159147819758e-01
2.459737543455126352e-01
2.489744440041403717e-01
2.466635518865467058e-01
2.496916443647485273e-01
2.464675458117534801e-01
2.492696201946255907e-01
2.460752207813056702e-01
2.496164640638520449e-01
2.460062286835787149e-01
2.493340814759531232e-01
2.458598836731137605e-01
2.499588238912645033e-01
2.454195910914730994e-01
2.501662289363635883e-01
2.453216307953061115e-01
2.507399825758570011e-01
2.450002157347527521e-01
2.508230505189433801e-01
2.450276485447898667e-01
2.499837405033337734e-01
2.460846729659498522e-01
2.492082206124401622e-01
2.465105946114931057e-01
2.492330787778074264e-01
2.461514316812336012e-01
2.499081552967257203e-01
2.453455089127738187e-01
2.507061047062901227e-01
2.447784091817660768e-01
2.509303579759024627e-01
2.449481312417619294e-01
2.509910686082028053e-01
2.449520517420608334e-01
2.507424553505404052e-01
2.452139974698018532e-01
2.505613825343355749e-01
2.454840021302975295e-01
2.496890511511990762e-01
2.455628142788811308e-01
2.503009855481641011e-01
2.452021260220473009e-01
2.500385511782408088e-01
2.453498596346248561e-01
2.510016057327034700e-01
2.446299476363574255e-01
2.512817184222298494e-01
2.442003057295972501e-01
2.519470093122253007e-01
2.439653129689754452e-01
2.520154843814089163e-01
2.440572808317545972e-01
2.518536051052659985e-01
2.437229794421637841e-01
2.520068624198856799e-01
2.438034026283032174e-01
2.521662121333843043e-01
2.438481685898437612e-01
2.511825170913538630e-01
2.452264428369906046e-01
2.504949405761429659e-01
2.447222586640381281e-01
2.512190485926282246e-01
2.444407779520397783e-01
2.512761791578566051e-01
2.442310667251825773e-01
2.514325863328499278e-01
2.446937218182489715e-01
2.505710764266869672e-01
2.453869877474667838e-01
2.507130884787067693e-01
2.449965192297759164e-01
2.505855815503690298e-01
2.451101672870140691e-01
2.502691670193766260e-01
2.459957080981292343e-01
2.498364715587742813e-01
2.456774246814788509e-01
2.506039183740824683e-01
2.445756210851712242e-01
2.518555786506643246e-01
2.434853741675586380e-01
2.528300158671324960e-01
2.431006700593254244e-01
2.530567926141656931e-01
2.429892413174943588e-01
2.529526679895819363e-01
2.430438721862850648e-01
2.525200184056336505e-01
2.438607125170130230e-01
2.516379548942936362e-01
2.445978601871177660e-01
2.507397699268545388e-01
2.449370497282468140e-01
2.509044106622601578e-01
2.445638982703042252e-01
2.507168348990791995e-01
2.446016289175617919e-01
2.515308302203674851e-01
2.441625266489316215e-01
2.510304955249246794e-01
2.451771200265867590e-01
2.500079891602790538e-01
2.455608231652791351e-01
2.503463836816408050e-01
2.449849601769054641e-01
2.506605453091209079e-01
2.454419971496932806e-01
2.501780524405001760e-01
2.456015032135895060e-01
2.502959620365792226e-01
2.455664654015819737e-01
2.495996877607428166e-01
2.457773041539656200e-01
2.502333574833996432e-01
2.455033227361432258e-01
2.498777533006217022e-01
2.461227451446039438e-01
2.491848448363671586e-01
2.461286400756489134e-01
2.500940783015528912e-01
2.453150307601884850e-01
2.500464493686154754e-01
2.457848916393190475e-01
2.502674220916871750e-01
2.457219872010390771e-01
2.494919254587464608e-01
2.463168771651175204e-01
2.496223876916461859e-01
2.459700449041453962e-01
2.499012445938302851e-01
2.459479504168368413e-01
2.493748770623131217e-01
2.458751260350697243e-01
2.505257186827233862e-01
2.446965475648716359e-01
2.510388803552865977e-01
2.452469303065587247e-01
2.501085681588414711e-01
2.461997519352334129e-01
2.496024311995632128e-01
2.463200665146809965e-01
2.495598570829688223e-01
2.459620564491401817e-01
2.501497949785008168e-01
2.455770689000481843e-01
2.504321560603458563e-01
2.447151379090553303e-01
2.517244903707369641e-01
2.441979080676948688e-01
2.516417496441922808e-01
2.438955419555842719e-01
2.520510144661076701e-01
2.439459910887918359e-01
2.519246579621574056e-01
2.437844060257919609e-01
2.520870028652285044e-01
2.435927431279209521e-01
2.520343165941519303e-01
2.436955406812509883e-01
2.522413215051897417e-01
2.434366381963498915e-01
2.522411234257009860e-01
2.430322157813067652e-01
2.530308654837326032e-01
2.423518725471768276e-01
2.541589401678660542e-01
2.410539516275212180e-01
2.549318404814159278e-01
2.413479025707147840e-01
2.545596070240986331e-01
2.413583341526015502e-01
2.546381400207560208e-01
2.410688824507089822e-01
2.550170139112469259e-01
2.406421183344223391e-01
2.547825010195970408e-01
2.412494742447227336e-01
2.542657206382009094e-01
2.417480702650086910e-01
2.539479118890851095e-01
2.422085246413277493e-01
2.537553424433558469e-01
2.416121784230224612e-01
2.549724118253829386e-01
2.405806818347286657e-01
2.555983945931600276e-01
2.401782628445404133e-01
2.555542705590242436e-01
2.401397455165099060e-01
2.550229404928883725e-01
2.404233416350445018e-01
2.551308201645759999e-01
2.403475319894970708e-01
2.554328686770416246e-01
2.399412645927474219e-01
2.555547924235608837e-01
2.399765195363049441e-01
2.559702242668941419e-01
2.398881016765278262e-01
2.553694041663621683e-01
2.404485285765642355e-01
2.553124233372615626e-01
2.402160558917355304e-01
2.557862464201087205e-01
2.397359809540006437e-01
2.560179015010202175e-01
2.396526866859702010e-01
2.557350366376656692e-01
2.400247381363304622e-01
2.559278277663643020e-01
2.398053170916898402e-01
2.560587795773487940e-01
2.393994748036913367e-01
2.562109881358998198e-01
2.390623022744579607e-01
2.565058613192857107e-01
2.388127163549029763e-01
2.572496236525205204e-01
2.378027345234958734e-01
2.584521392935368311e-01
2.375729870979718106e-01
2.580970231156182737e-01
2.370454824424324258e-01
2.587338800909195768e-01
2.365466355559048550e-01
2.596004680087017347e-01
2.365619435309838092e-01
2.585206253647626684e-01
2.375010946223611308e-01
2.581906384932806109e-01
2.380213260030027422e-01
2.572539550001674558e-01
2.381914162989013928e-01
2.574866396709283300e-01
2.383400093882312165e-01
2.576612204808007012e-01
2.382248469739917940e-01
2.578192333709193318e-01
2.380523585399656195e-01
2.572842096726851158e-01
2.390688539821983483e-01
2.563735033771832317e-01
2.389472284031745886e-01
2.565754109659780235e-01
2.388611250515948192e-01
2.572473113694293545e-01
2.388226029695630082e-01
2.565579055168458744e-01
2.390588717331039725e-01
2.565432959195740881e-01
2.390416045152148061e-01
2.565765639675935406e-01
2.389455607586598862e-01
2.568677179724755399e-01
2.391219774464852232e-01
2.568289636883085425e-01
2.391726241018108379e-01
2.567811198854270116e-01
2.387779244748196861e-01
2.572707607136759389e-01
2.387598042243421759e-01
2.568563343190677917e-01
2.391718041398116223e-01
2.569376012216582073e-01
2.387219094386080764e-01
2.570927750024661340e-01
2.390489893243897823e-01
2.563193467652451485e-01
2.394176833792724113e-01
2.567932840380188209e-01
2.393952848396472544e-01
2.566849837306162119e-01
2.391829659378298945e-01
2.564920973488428180e-01
2.393213525196388747e-01
2.561584906882042323e-01
2.390500099317521832e-01
2.564658601601460530e-01
2.388118827706589009e-01
2.565129338521949243e-01
2.386645953970237544e-01
2.568709097921904050e-01
2.391214478661491116e-01
2.564810939272690882e-01
2.389801260424484208e-01
2.568822768873966211e-01
2.389081085814016570e-01
2.562480464843795436e-01
2.394011989283117148e-01
2.566478905018202417e-01
2.389389342780134373e-01
2.568976429655627225e-01
2.389430611188297360e-01
2.565601243878483650e-01
2.395133168422405867e-01
2.553117286777118466e-01
2.402817124828736106e-01
2.552735130162011035e-01
2.403745568315614756e-01
2.550828751521487248e-01
2.404103105204140889e-01
2.549917488091867357e-01
2.405010546171516272e-01
2.551701819556348450e-01
2.400900749957452784e-01
2.555327721768153593e-01
2.400523664184186778e-01
2.558990750825588245e-01
2.396771889206923134e-01
2.562699271281358437e-01
2.392425319598343869e-01
2.568113339341011048e-01
2.391510227588182214e-01
2.564541116808892185e-01
2.397210303882677807e-01
2.560957047734099823e-01
2.394739933587813896e-01
2.564244860952817340e-01
2.393061282542519597e-01
2.565804301867893877e-01
2.394021300468822944e-01
2.564232534496192484e-01
2.395257071288962591e-01
2.558873673089634426e-01
2.399294030111217557e-01
2.557319335208430577e-01
2.404815118203832425e-01
2.545083476794895994e-01
2.419880489539740498e-01
2.533173643754714210e-01
2.428414296639802017e-01
2.520615829837382638e-01
2.438667960133625023e-01
2.513638930887002743e-01
2.448854605818311103e-01
2.505653018124744946e-01
