9.745646479825426090e-01
-3.119756177334403469e-01
8.599237505806391901e-01
-5.821660344716192981e-01
6.592993925805249456e-01
-7.801549646690412176e-01
4.002797608181760669e-01
-8.928143307770072257e-01
1.081190927728848394e-01
9.084866767100465701e-01
-1.842930359988839695e-01
8.366065996946976391e-01
-4.496286834714928737e-01
6.802891013000541554e-01
-6.574786672015179301e-01
4.590293732673220162e-01
-7.920390443370897149e-01
1.992601329862760118e-01
-8.412612211320172895e-01
-7.326410430168997512e-02
8.037603344299241170e-01
-3.290559236555498090e-01
6.846926920211713341e-01
-5.402459368553006458e-01
5.004232266349644132e-01
-6.895799786164621414e-01
2.721215752603688975e-01
-7.646959636176340336e-01
2.400718709734037115e-02
7.580848900757330977e-01
-2.194559742206746433e-01
6.768094889138832615e-01
-4.316503089585411734e-01
5.292946993645515352e-01
-5.929129620844078019e-01
3.299790543347186356e-01
-6.844231063928483128e-01
1.057256072314831236e-01
6.990424596384254841e-01
