-9.872080198828389053e-01
2.029780315320693085e-01
-9.255888954423816539e-01
3.920510213294514656e-01
-8.309233676373690702e-01
5.554636124028059507e-01
-7.015342825558811279e-01
6.908395282922984437e-01
-5.470763343357784025e-01
7.917646929351256357e-01
-3.747789889974876276e-01
8.563661960364117309e-01
-1.909199462030450323e-01
8.794330903370215502e-01
-5.501304081837132820e-03
-8.674663505458312107e-01
1.746273489636191445e-01
-8.181028830954405473e-01
3.414762851721023784e-01
-7.359363712292211757e-01
4.877961156677730337e-01
-6.240404076275914980e-01
6.093138516405618432e-01
-4.875515200808130389e-01
6.956915668529669583e-01
-3.339276444129540278e-01
7.522033087732112877e-01
-1.723293586685082923e-01
7.753915713136235732e-01
-8.943860850913615268e-03
-7.666711047678648194e-01
1.505259899435196780e-01
-7.243434765559653155e-01
2.981913036802469330e-01
-6.519688423156155821e-01
4.277906479503074122e-01
-5.533302671759744440e-01
5.327922768506639928e-01
-4.318059219559841067e-01
6.091953017003701731e-01
-2.965066041428002785e-01
6.586952384455703191e-01
