4.934845768154282886e-01
4.280412597913021977e-01
-1.809233285973412542e-01
2.481391501843834835e-01
4.092043718211998415e-01
2.239512064842860972e-01
3.074721847980633194e-01
2.878989148006060872e-01
2.734899206761006174e-01
2.914057369806609676e-01
2.815016708384096566e-01
2.834032974328356547e-01
2.843991563332780581e-01
2.840960158373537769e-01
2.830375778728964065e-01
2.850755364178979012e-01
2.824108305281003428e-01
2.850281489748786035e-01
2.830590180580949689e-01
2.844825747222217149e-01
2.834136944857514329e-01
2.846944768942142323e-01
2.829415810691983668e-01
2.848974528091364755e-01
2.837475940988276046e-01
2.832709618604090651e-01
2.840724501602422403e-01
2.841063227869445873e-01
2.835236085643081383e-01
2.839586391646582997e-01
2.841475578443894978e-01
2.835702354039403850e-01
2.846311133455858844e-01
2.824077498416715515e-01
2.854311443474915611e-01
2.834692592462421667e-01
2.835104920985683230e-01
2.838781802728646553e-01
2.845875927847411613e-01
2.836409657400711937e-01
2.842479186157709226e-01
2.831781856596292113e-01
2.847385402667737542e-01
2.835587075045957195e-01
2.841276790383768791e-01
2.841247181416466372e-01
2.834204576413831833e-01
2.846380212982014823e-01
2.827114834717026071e-01
2.844280298059329026e-01
2.843114463447585782e-01
2.831471231506050290e-01
2.849523880247912810e-01
2.836873115923363997e-01
2.837310014680481940e-01
2.835801701868774227e-01
2.843429362473567923e-01
2.832316055416580491e-01
2.841832623183939699e-01
2.843336451392663999e-01
2.831145246947882055e-01
2.849854805016412973e-01
2.837949799659205685e-01
2.839357498923585355e-01
2.840834410883072425e-01
2.834979436118621465e-01
2.841818224111387070e-01
2.835976060414127087e-01
2.843617815769352020e-01
2.835993368422442540e-01
2.836993407474604489e-01
2.846536658343980508e-01
2.829595483931127697e-01
2.843927266844551438e-01
2.843526718810023834e-01
2.829133769321952596e-01
2.851262349826849118e-01
2.825247438816000378e-01
2.851886837574203470e-01
2.829219060081736292e-01
2.846338966094081879e-01
2.839078614232669606e-01
2.837069586882172700e-01
2.842470535760400763e-01
2.835607713454364465e-01
2.843352476103695459e-01
2.835295849885506869e-01
2.837605756156755810e-01
2.845113151772531435e-01
2.836899264625043493e-01
2.835090578143056317e-01
2.838964036458853091e-01
2.846301029542329664e-01
2.833376026373071177e-01
2.839435829769687558e-01
2.839425190341371419e-01
2.842236868058777843e-01
2.828282107314294969e-01
2.851234837306826364e-01
2.825010734092477382e-01
2.840357396705107118e-01
2.843337569352669125e-01
2.831480045138952684e-01
2.848583989797388027e-01
2.828693991547551745e-01
2.839861087580015653e-01
2.845447453347585975e-01
2.830319755345524491e-01
2.847557091656967021e-01
2.833460542171359342e-01
2.845253047048671435e-01
2.826972106792021711e-01
2.847056199476349914e-01
2.834153832697339226e-01
2.840733698435733423e-01
2.843791932526112398e-01
2.835942107289053382e-01
2.837245032651735110e-01
2.840879767891005825e-01
2.833562599513474445e-01
2.840914462327948087e-01
2.836739584461603902e-01
2.841299924680441569e-01
2.841831734614015947e-01
2.837514217547928430e-01
2.843473381308867509e-01
2.839526188943447549e-01
2.834296523170480864e-01
2.844842213107656725e-01
2.830381994056141992e-01
2.840796524945444768e-01
2.836163142808579285e-01
2.844972390125686257e-01
2.831055526041636461e-01
2.848771530404183849e-01
2.837660252891017754e-01
2.836963556565012534e-01
2.838518037789938830e-01
2.845719202325935338e-01
2.828229359154991185e-01
2.845806835321083028e-01
2.840131118166475122e-01
2.830663774037902036e-01
2.851045844752426728e-01
2.824071517607570914e-01
2.848129360981905833e-01
2.836370664181515067e-01
2.837630036858390659e-01
2.846650779765720896e-01
2.836868475890778063e-01
2.835830768728148654e-01
2.837943308315786783e-01
2.844498801370022312e-01
2.832829263172773615e-01
2.842656786221965937e-01
2.840074714140335410e-01
2.837146625894754193e-01
2.839819419038824289e-01
2.845838836021088447e-01
2.837870848816720915e-01
2.833624031938630772e-01
2.839423155497132201e-01
2.838271097554237454e-01
2.836316802522899638e-01
2.843345654975676373e-01
2.839267312723801617e-01
2.840827076429423004e-01
2.832621086409854994e-01
2.843505038590659617e-01
2.843530313568917167e-01
2.830406186349097020e-01
2.851369169833767869e-01
2.827346284860557390e-01
2.848060792241253747e-01
2.838406917998831935e-01
2.837903294029391343e-01
2.842825829948446570e-01
2.839278798593277697e-01
2.836702220238063732e-01
2.844426834826399020e-01
2.831987579121912901e-01
2.846359477248914249e-01
2.836759437099391490e-01
2.841468173526141561e-01
2.831922119353600387e-01
2.848614452280548437e-01
2.835935633352153484e-01
2.837997325715507224e-01
2.841542641678842518e-01
2.833594589084496573e-01
2.848442795108975245e-01
2.829553141471108368e-01
2.850003169603677611e-01
2.827930367908601528e-01
2.843654726025631740e-01
2.833912621863257653e-01
2.840119491243994210e-01
2.845953948605437489e-01
2.825544239778147171e-01
2.845356178592907126e-01
2.838937327069137040e-01
2.843398785376314852e-01
2.828822625907141952e-01
2.845172488646242615e-01
2.841283651768234941e-01
2.826762542682316193e-01
2.853255382231236759e-01
2.834405511398299105e-01
2.833478287676781671e-01
2.846546475020067524e-01
2.832316778762863918e-01
2.841122403013582320e-01
2.838165874680549927e-01
2.843782041487248335e-01
2.838239765324357955e-01
2.836109561470419038e-01
2.837258120677118023e-01
2.845483644004775381e-01
2.830589397202252777e-01
2.846773847930282320e-01
2.830337084842106110e-01
2.845441606432566606e-01
2.841275244656031318e-01
2.831561719508170483e-01
2.841515884227057698e-01
2.841178958180577974e-01
2.833691085784504349e-01
2.848103844457269274e-01
2.835148018257723224e-01
2.833963994776648176e-01
2.850171499275616083e-01
2.828236823557626622e-01
2.844189402992602922e-01
2.835109135698833938e-01
2.838675832191780990e-01
2.844000504295864373e-01
2.836932472163445351e-01
2.842683063110693076e-01
2.839153341881739401e-01
2.837680685252381152e-01
2.836381685468856717e-01
2.840613992587872061e-01
2.844345356072801034e-01
2.832887664051241816e-01
2.840938587472308652e-01
2.837219052441170009e-01
2.844926807017711390e-01
2.828986533260228198e-01
2.847515085237222188e-01
2.838502000572888928e-01
2.838387424049972907e-01
2.840550024365411375e-01
2.834111414414270946e-01
2.846527369620692194e-01
2.831814771629918570e-01
2.840030075319662783e-01
2.841092482723724943e-01
2.827314693370830967e-01
2.841550905675486738e-01
2.842903919330805329e-01
2.838648044140928972e-01
2.838457783951731095e-01
2.841757743327563146e-01
2.834746121399702168e-01
2.847043390357913983e-01
2.836469454820683134e-01
2.837380932923667110e-01
2.845614180664104431e-01
2.832186940285376098e-01
2.842032187967923895e-01
2.835069932370816170e-01
2.845249631984918537e-01
2.831494607531244712e-01
2.840770027734769720e-01
2.838937143555266829e-01
2.844000939580034748e-01
2.840897954398685088e-01
2.839839198676320509e-01
2.841013506707392722e-01
2.836556148368433172e-01
2.842556239634899118e-01
2.839354876802211991e-01
2.833775183497426742e-01
2.845660633280682195e-01
2.835012722477292524e-01
2.844192900961832193e-01
2.840912295305481616e-01
2.832241421128867120e-01
2.849387689684825808e-01
2.835854628129501065e-01
2.839022206973632056e-01
2.839535113613976813e-01
2.836438463812520627e-01
2.842787686022657523e-01
2.832745646857800503e-01
2.840602477461294240e-01
2.846571562780146891e-01
2.835191214724574471e-01
2.837566315705657427e-01
2.846488647343944911e-01
2.834490397733592792e-01
2.834655495880130660e-01
2.849159578244990221e-01
2.829287006030721252e-01
2.840031509387498931e-01
2.841882034442985705e-01
2.836373543445793177e-01
2.837762818985848923e-01
2.845603571313141678e-01
2.837778882962794236e-01
2.834422115834958622e-01
2.835567290160023735e-01
2.841594766565532781e-01
2.844225762595878337e-01
2.828361058683627749e-01
2.851159433172922864e-01
2.829096038464011253e-01
2.843699445751138311e-01
2.834386782932221682e-01
2.847566121957764151e-01
2.831890305069572067e-01
2.837768733117089770e-01
2.837932531762482058e-01
2.846743591226921222e-01
2.830681671619728057e-01
2.847695390481236322e-01
2.836654851870597516e-01
2.839442035083530325e-01
2.837304679329779589e-01
2.844841621177678914e-01
2.834177377101543827e-01
2.838136794322937972e-01
2.837197848030793557e-01
2.842458329110050252e-01
2.833308579404007488e-01
2.847864099364382229e-01
2.830462022656919929e-01
2.844600554533965320e-01
2.841431962581540960e-01
2.830592130345380153e-01
2.847741984975137863e-01
2.837945588212216208e-01
2.841737363621959500e-01
2.839637236287795297e-01
2.834976752716841797e-01
2.838101718225889414e-01
2.845590208203621629e-01
2.826287932999046459e-01
2.842133285101713924e-01
2.839073594870790695e-01
2.841980535324779011e-01
2.840562658206641222e-01
2.833872261859262665e-01
2.841437274357501708e-01
2.834577089925855442e-01
2.843607547154495263e-01
2.832055717810240125e-01
2.840211291557899753e-01
2.838264943920013605e-01
2.840201431644597818e-01
2.835319181151818024e-01
2.846363197584855231e-01
2.830781166602836518e-01
2.840997383425541978e-01
2.836848372029350807e-01
2.838006076423246760e-01
2.836853308293698084e-01
2.843820594005987412e-01
2.828452865500271085e-01
2.852878505930708242e-01
2.828102387648278038e-01
2.849014891806983529e-01
2.832806123652212849e-01
2.840344477375110754e-01
2.835217640947662598e-01
2.842510920116700923e-01
2.834858014541287718e-01
2.843754198860198312e-01
2.840151748171402257e-01
2.841133514041144226e-01
2.833609518897348689e-01
2.848768550915422582e-01
2.836936176988335556e-01
2.835136083916495187e-01
2.848606771161800166e-01
2.825646604162856401e-01
2.845193951641228902e-01
2.831352416760676838e-01
2.845209314152757352e-01
2.840094335406903037e-01
2.832595326392127189e-01
2.842731477004716290e-01
2.831467873466156915e-01
2.845599787828217431e-01
2.840343433511733351e-01
2.838352103502387314e-01
2.842447689872644734e-01
2.829063574351991517e-01
2.852227476666340245e-01
2.833802634383006391e-01
2.833627742312772591e-01
2.851104189611113338e-01
2.826946745067384081e-01
2.841109027857983138e-01
2.840579018759002983e-01
2.839862827541060897e-01
2.842282864170765366e-01
2.837024585939528776e-01
2.840977016957759171e-01
2.836993219193659765e-01
2.842744687432313122e-01
2.836497090454814796e-01
2.835251480885826458e-01
2.848478045020239602e-01
2.829752064369465692e-01
2.849964134084302381e-01
2.830794739835331142e-01
2.846569722754758169e-01
2.837509270692629149e-01
2.838778690516549630e-01
2.842290633682221790e-01
2.831926585284582076e-01
2.849202041358971926e-01
2.834129806254840900e-01
2.845588588759933035e-01
2.834817752396462387e-01
2.844895460136674381e-01
2.832793767183885980e-01
2.840324177193133126e-01
2.843812977724210489e-01
2.825852720064286894e-01
2.844759087732743885e-01
2.839919454373411867e-01
2.835118851949935403e-01
2.843294031380134146e-01
2.841696600867873457e-01
2.835757354122997453e-01
2.845689035174562287e-01
2.829970195973219860e-01
2.840418932202436464e-01
2.839212132761002039e-01
2.840165850427396887e-01
2.835046920652122271e-01
2.845009027391836587e-01
2.832227110871284870e-01
2.846702980406191630e-01
2.826896517286367483e-01
2.847250963967524751e-01
2.837397967248697639e-01
2.835453852536504726e-01
2.844758333751908896e-01
2.838788361208815503e-01
2.835447001131570777e-01
2.844896984473855306e-01
2.835098310123139731e-01
2.839039132876877147e-01
2.835911675083329642e-01
2.842069108872509187e-01
2.835413009076248048e-01
2.839660883307509320e-01
2.844117383260720833e-01
2.830624056683194167e-01
2.842831879812555140e-01
2.835946940036725428e-01
2.844512112836255491e-01
2.833086536807081224e-01
2.840015572062410398e-01
2.845752233827535949e-01
2.837355781972314417e-01
2.840147731282949284e-01
2.843325578069216819e-01
2.825913772306949401e-01
2.852649241272199876e-01
2.833834969554788197e-01
2.841296304554049024e-01
2.838445204584540416e-01
2.832346202189010009e-01
2.846730877141048777e-01
2.838931848524178236e-01
2.840332685428307857e-01
2.841093011560235082e-01
2.833403961057466280e-01
2.840610884080226883e-01
2.842388917230654344e-01
2.836506658149837712e-01
2.831366769784848803e-01
2.852116493016543242e-01
2.835100353004324503e-01
2.840863649423263082e-01
2.842369261571218719e-01
2.829529642603313411e-01
2.854373830813358159e-01
2.830349335205445405e-01
2.843723894943591679e-01
2.831820278170648630e-01
2.836944153438021310e-01
2.845349146249226968e-01
2.826820487351240918e-01
2.842146176754672404e-01
2.839042931914336765e-01
2.837358623951568015e-01
2.839276879956385002e-01
2.844769379966118894e-01
2.829196801345824075e-01
2.842634930390643411e-01
2.835593161372164106e-01
2.846216258792086951e-01
2.828910295965361144e-01
2.851863164456720501e-01
2.833829988758904128e-01
2.835590116137801653e-01
2.845939990231514116e-01
2.833990020747393368e-01
2.838217405996771858e-01
2.843905446788396740e-01
2.836770828182367254e-01
2.841270633766125875e-01
2.834581295122503009e-01
2.837470419797492038e-01
2.840462724648773474e-01
2.840141190605793287e-01
2.834214289563043443e-01
2.846809988583930418e-01
2.828418156855790344e-01
2.849848564464012024e-01
2.837356253527573702e-01
2.837326168002204940e-01
2.835849869763557018e-01
2.837342715683502381e-01
2.842815404519723477e-01
2.837344988166308202e-01
2.843201001555209495e-01
2.839533550967147102e-01
2.832957403914246330e-01
2.850756951071340417e-01
2.826687871623612680e-01
2.843524414841625547e-01
2.842527347313428265e-01
2.828019799496438447e-01
2.844620411045544750e-01
2.842258541391187721e-01
2.835482876725711199e-01
2.839623052024213834e-01
2.838047667488032832e-01
2.837868452503224947e-01
2.845908237193874868e-01
2.827422042463727525e-01
2.842682882353790297e-01
2.836064508064242151e-01
2.837459119381629535e-01
2.842558657522544219e-01
2.839348514215612740e-01
2.838504267733144015e-01
2.838119513294651841e-01
2.843184821685939001e-01
2.837241344058064052e-01
2.843827214180290053e-01
2.829407682962031823e-01
2.847801608686139629e-01
2.827358282526483690e-01
2.850528631026971738e-01
2.836358742890083828e-01
2.829742352916704284e-01
2.854118992824169476e-01
2.825486989343751199e-01
2.841232645173986660e-01
2.843109093156053757e-01
2.837734709041201953e-01
2.842926303649414566e-01
2.829519828378467272e-01
2.849940252677874430e-01
2.830658665520819905e-01
2.843979451744666487e-01
2.833146676569145428e-01
2.848693237356727526e-01
2.832591183120607981e-01
2.845914431797054722e-01
2.837758632102599377e-01
2.837850244354065410e-01
2.834218379360235462e-01
2.835778340216733029e-01
2.849336752098975412e-01
2.827787291482375398e-01
2.847301389396488247e-01
2.832459639874775892e-01
2.839630174729299572e-01
2.840197677882857485e-01
2.845477059240214546e-01
2.835430873131601359e-01
2.839677325739088376e-01
2.835884543929317880e-01
2.843231438319453463e-01
2.838894482298790489e-01
2.834140424223796084e-01
2.845537119329522580e-01
2.833447188719967480e-01
2.846313776506603221e-01
2.839193260600405555e-01
2.834495636386985540e-01
2.836566542089409282e-01
2.842682180338251818e-01
2.838664906816420475e-01
2.834593942271952383e-01
2.844909442149499146e-01
2.838050016513285478e-01
2.839977160658907485e-01
2.841340753142561071e-01
2.838424388016195787e-01
2.843748393274793118e-01
2.839451440777671087e-01
2.840837778762580479e-01
2.838093109798258684e-01
2.839209587009250968e-01
2.840688601298022586e-01
2.836619386629578021e-01
2.839703819903284798e-01
2.832513249295047775e-01
2.848727062089498330e-01
2.830739691031822214e-01
2.844042922534619211e-01
2.840503760644129128e-01
2.827813763956066317e-01
2.854047318373296172e-01
2.830063816692383050e-01
2.838853420851549791e-01
2.839815917016884073e-01
2.842174137512935017e-01
2.833032370662894595e-01
2.848749490253403849e-01
2.837494989545061297e-01
2.842141176310496453e-01
2.832149631914088750e-01
2.849829982586120081e-01
2.834573685770021556e-01
2.831555397376114835e-01
2.851330130077857072e-01
2.833515827078300631e-01
2.838659525668085770e-01
2.837009688215516579e-01
2.843772948943859569e-01
2.839828462759317884e-01
2.840632563890838069e-01
2.834040555344320422e-01
2.839074013247465111e-01
2.842598047733204680e-01
2.837964403417456705e-01
2.833760620071452685e-01
2.846449976710973551e-01
2.836692113102254886e-01
2.834078532612753776e-01
2.843310412543679777e-01
2.835205345604250859e-01
2.845002196006263251e-01
2.829905019983872116e-01
2.845488187113593970e-01
2.833473133065742555e-01
2.841111574738681145e-01
2.835573862807105328e-01
2.844493388930065536e-01
2.839270936711216220e-01
2.837177156882621509e-01
2.843290029772282401e-01
2.834260883338601267e-01
2.847717795373069793e-01
2.826499938184859895e-01
2.845234423499093945e-01
2.831292255405666869e-01
2.841109855377609295e-01
2.838377143336792141e-01
2.838372359477192575e-01
2.844694390587069743e-01
2.834191077676695980e-01
2.839540063479425447e-01
2.838544543282546240e-01
2.841556417634701903e-01
2.831832778457242794e-01
2.846009825290892192e-01
2.828412343169657839e-01
2.842254149312970490e-01
2.837382038356116021e-01
2.845774373965220261e-01
2.830805374899525440e-01
2.842453803219531783e-01
2.837327274959864365e-01
2.844996163426910529e-01
2.831358866505541694e-01
2.839626689377531821e-01
2.843448734078508067e-01
2.834561060578095759e-01
2.837980506560959237e-01
2.846279240512795683e-01
2.826060012781142494e-01
2.846718550817563531e-01
2.840149637771447466e-01
2.841527989139383537e-01
2.832978717482951270e-01
2.847193083903156730e-01
2.836362075449684883e-01
2.841125276984254322e-01
2.840447023880883770e-01
2.837715568993487425e-01
2.841748979498252003e-01
2.832594776744299936e-01
2.841900057411664848e-01
2.839271885746210700e-01
2.837757322581881403e-01
2.842618683144115810e-01
2.839080190902611434e-01
2.837970575161976039e-01
2.834423675043445945e-01
2.845258950359710881e-01
2.833642036178324330e-01
2.839865218622903420e-01
2.837829451448350415e-01
2.844623439303431978e-01
2.834515540185283400e-01
2.838876816271260206e-01
2.838372265665674021e-01
2.841372585000399575e-01
2.841240837456920354e-01
2.834097416187895679e-01
2.847344005237555931e-01
2.837595755327574354e-01
2.832293040094160386e-01
2.841041727455030363e-01
2.846213885382721243e-01
2.838246825396439910e-01
2.833089506644159705e-01
2.846553223068647998e-01
2.836373437888357607e-01
2.834078704659910852e-01
2.846896181003168991e-01
2.836025195336251414e-01
2.842333371004301945e-01
2.831742110344788732e-01
2.847560288049705290e-01
2.833678299286642721e-01
2.842807625898124413e-01
2.838572101238023282e-01
2.840838203602598644e-01
2.832659839693718040e-01
2.846909357031147114e-01
2.828596747749966278e-01
2.850745788538566750e-01
2.836085194149410849e-01
2.840609384814109517e-01
2.839843949319861283e-01
2.841848482731980097e-01
2.838135391321303103e-01
2.842482646116284428e-01
2.833909467584124764e-01
2.833550200272689223e-01
2.843469039757593464e-01
2.840450892868875421e-01
2.839908275795686166e-01
2.834096682515523380e-01
2.841476963280672452e-01
2.840913893434916515e-01
2.833011465799128437e-01
2.848749446348187719e-01
2.830898892820323254e-01
2.833936368492587232e-01
2.842989377841001475e-01
2.835383565580941179e-01
2.846244139518557814e-01
2.825159196682675566e-01
2.853765353312025521e-01
2.835864374224289497e-01
2.839617784263675504e-01
2.837365302464203709e-01
2.845008797865075656e-01
2.830011534665144435e-01
2.840577857602610834e-01
2.837886534573914599e-01
2.836134163385633511e-01
2.838683200902785142e-01
2.847535356607099888e-01
2.828780773276494132e-01
2.849921519205044218e-01
2.826688955618931187e-01
2.852078622673772657e-01
2.836465250102593871e-01
2.829826921316832555e-01
2.844805749593703470e-01
2.835908813191513889e-01
2.837469337964109717e-01
2.841504902721243009e-01
2.839183215543087391e-01
2.831742632078674826e-01
2.850937782848916857e-01
2.832170592879680870e-01
2.837492092532605259e-01
2.845325281949818153e-01
2.827540140317694739e-01
2.852548814718589010e-01
2.828003551532692894e-01
2.848215222589860485e-01
2.832475358836562540e-01
2.838365634483169808e-01
2.839648823936503086e-01
2.838557659726504423e-01
2.845386391546680382e-01
2.836793090600462364e-01
2.843329747539515839e-01
2.830971875622204648e-01
2.847929529192996800e-01
2.837642577076819883e-01
2.832448863255286331e-01
2.849297990927929791e-01
2.836928730793965014e-01
2.833497845707348972e-01
2.850603835752575921e-01
2.829806208013073698e-01
2.844675355834688224e-01
2.833818274415945693e-01
2.842418568515420185e-01
2.841931992773082394e-01
2.830260584214928654e-01
2.850613091047705105e-01
2.832352504303272123e-01
2.844146510104434422e-01
2.832885694910082242e-01
2.840665978386450741e-01
2.843150178712485765e-01
2.834630100224110882e-01
2.844701601580901795e-01
2.829987431551642674e-01
2.841144858136849805e-01
2.837485265276542545e-01
2.843439982957877143e-01
2.828627652396844550e-01
2.853695225169878280e-01
2.835363565964066357e-01
2.836112050158284825e-01
2.845988342195493459e-01
2.829213935697907356e-01
2.846089223524878031e-01
2.831454646867532787e-01
2.835234384997646906e-01
2.849437925670127436e-01
2.832261158413187374e-01
2.839221235479184591e-01
2.833144990953983533e-01
2.846279481030021818e-01
2.839581257366530220e-01
2.836506320226635514e-01
2.840480423163482815e-01
2.834884243113429680e-01
2.846340826945777391e-01
2.827539552455358707e-01
2.845454419236581600e-01
2.836390425544727534e-01
2.843592430404778271e-01
2.833364606984499767e-01
2.847188276956983399e-01
2.837344837289808575e-01
2.833908566720717004e-01
2.844928469773748692e-01
2.839141547382809661e-01
2.835615220775968837e-01
2.845185465213951881e-01
2.830181782792073886e-01
2.848352663594325707e-01
2.832291990318773767e-01
2.846927152779516468e-01
2.832996925089523166e-01
2.837838036103660366e-01
2.837838206947092545e-01
2.842149190172082451e-01
2.832039892117630964e-01
2.841552927868695178e-01
2.836794228584297306e-01
2.838163866325867923e-01
2.837641791257826118e-01
2.841949398441209751e-01
2.836112087039354690e-01
2.845160805946406191e-01
2.837794360948838746e-01
2.833390510646922600e-01
2.848845325153434582e-01
2.829155142105291287e-01
2.841275706341972462e-01
2.837190034587672716e-01
2.842911219014343516e-01
2.835300478142226965e-01
2.845878455820035624e-01
2.832787980720032350e-01
2.848022216062978673e-01
2.827499786330481268e-01
2.843702995912305020e-01
2.836447635845440463e-01
2.845594625125394961e-01
2.828963473278013341e-01
2.843231095860834778e-01
2.845258244327213970e-01
2.836591350108361165e-01
2.836629306846854548e-01
2.839196134363354829e-01
2.844441690151284230e-01
2.831281215576441634e-01
2.848993762771399041e-01
2.829235413459648685e-01
2.839577545805114789e-01
2.842645695339019452e-01
2.841438011702058786e-01
2.838667506584388600e-01
2.841431382605931755e-01
2.840250097959501896e-01
2.838793290424287408e-01
2.842455001705353479e-01
2.830470187278266714e-01
2.849691744164553064e-01
2.831960068639631789e-01
2.843982294809521694e-01
2.839727350381185400e-01
2.841130263782454257e-01
2.832565285997679649e-01
2.850690891138092931e-01
2.828066227245476516e-01
2.842926543237624948e-01
2.839962759094030176e-01
2.839315563417254551e-01
2.832828751764374098e-01
2.835963453805768753e-01
2.845880237533134904e-01
2.830366148071620791e-01
2.850694552468046039e-01
2.827400081459562342e-01
2.844212465900535225e-01
2.844023197696171068e-01
2.834580666529718518e-01
2.837270074033600986e-01
2.843863878279615509e-01
2.837530620376520485e-01
2.832054522591023749e-01
2.851115790193079480e-01
2.833167877707505888e-01
2.843895128138488881e-01
2.834900069396958378e-01
2.839028360227101033e-01
2.841317675178324231e-01
2.842540732220689148e-01
2.829487463186672880e-01
2.842636189642954725e-01
2.831322170264361504e-01
2.841056808771270092e-01
2.838254382948225407e-01
2.844844834471425554e-01
2.831812449608309690e-01
2.843160992568531387e-01
2.840989457747617464e-01
2.840296730466689290e-01
2.840939907100739070e-01
2.831666507947650513e-01
2.846858781951736028e-01
2.837499765006115671e-01
2.832714399164750207e-01
2.848937232178119228e-01
2.835717050475536349e-01
2.843879806942611332e-01
2.833891209550944423e-01
2.833648368407664653e-01
2.852834163530097999e-01
2.833240682546149802e-01
2.835204242638669769e-01
2.842406824860841952e-01
2.841977794141645197e-01
2.837388299053871799e-01
2.836481425410103396e-01
2.847621325207617127e-01
2.830243321806139578e-01
2.843816294358672558e-01
2.835607651638794025e-01
2.844712886340805547e-01
2.831419290285414614e-01
2.841501395422325049e-01
2.842111707162991996e-01
2.827562661408400957e-01
2.852291755507886384e-01
2.828168415738301911e-01
2.846245453186093122e-01
2.841423144777023291e-01
2.836277432668710130e-01
2.843234095683028206e-01
2.832539245938634487e-01
2.847135569725566806e-01
2.827835462064778316e-01
2.851296243776128003e-01
2.826034637323255327e-01
2.839996974037320987e-01
2.840539608793013482e-01
2.843778681489293469e-01
2.840266845555537434e-01
2.832232780582665255e-01
2.848939372433845207e-01
2.834138555749176058e-01
2.840254805066567134e-01
2.834675177438950588e-01
2.838097912757586716e-01
2.845048359522130976e-01
2.831398530625102161e-01
2.840896885616226997e-01
2.837668575452705344e-01
2.843435002268274725e-01
2.836437154314947473e-01
2.846158783101374601e-01
2.832597939740712500e-01
2.846949882078917970e-01
2.836542729236574134e-01
2.837285769722311946e-01
2.836673739585053866e-01
2.843705199435119790e-01
2.833313614882396747e-01
2.843994755681948927e-01
2.840757403807616654e-01
2.829859607115760012e-01
2.849102491516540270e-01
2.829450064044380375e-01
