-9.373101121322842122e-01
6.168280095889487891e-01
-5.121525780037768927e-01
9.433662011592386376e-01
1.210943493647421432e-01
-8.497621899891302233e-01
6.805083819159680747e-01
-3.867472233637498924e-01
9.212504140868694735e-01
2.316608120559466577e-01
-7.587059117097104677e-01
7.274821171511720586e-01
-2.648808142059487780e-01
-8.916087328347778174e-01
3.301147421436159690e-01
-6.614399939138440043e-01
7.589819492254669120e-01
-1.477108429492686725e-01
-8.453795297550900090e-01
4.151530453289743461e-01
-5.604053856659132471e-01
7.773370154423109302e-01
-3.664781146805283496e-02
-7.916238859646115289e-01
4.874534708562952012e-01
-4.562205266516885516e-01
7.758950116395120222e-01
6.664263443320851688e-02
-7.223905789876281514e-01
5.430499594656114093e-01
-3.529074491490225562e-01
7.657098732087623816e-01
1.612168096055651145e-01
-6.517024494622170039e-01
5.884459704564317661e-01
-2.524110732215885666e-01
1.758445866466070984e-01
2.460812008467689049e-01
-5.729805011619226729e-01
6.172531713870782477e-01
-1.534180616020079935e-01
-7.065908111963923321e-01
3.166999516571215034e-01
-4.855605888639079049e-01
