-9.861001899572254814e-01
2.230210533798317185e-01
-9.160982729034314875e-01
4.277750255566956095e-01
-8.053440208297206748e-01
6.018458310917694787e-01
-6.549994427656794516e-01
7.394499085940408056e-01
-4.765545723439471026e-01
8.345133695121805806e-01
-2.791636824096755953e-01
8.838823198071239506e-01
-7.353099710195788730e-02
-8.871787621803427504e-01
1.291924391865489907e-01
-8.429181644975785037e-01
3.182898795636876499e-01
-7.579540688703946261e-01
4.850204807186312417e-01
-6.368078710246518614e-01
6.215296023710086271e-01
-4.861368715581974032e-01
7.216326102932378861e-01
-3.142105423082796056e-01
7.758896125260211774e-01
-1.312119332555355400e-01
7.912316713272321556e-01
5.138838360839534380e-02
-7.699943897519478941e-01
2.256341894676509030e-01
-7.080638126415277345e-01
3.829655213625081656e-01
-6.107774108802389579e-01
5.148609324462228853e-01
-4.844978101392429237e-01
6.159761405878749763e-01
-3.369510783268195864e-01
6.784678298567400345e-01
-1.757854240608239804e-01
7.021251504842188629e-01
-1.203149196029798529e-02
-6.945194427914224145e-01
