9.707963375782427962e-01
-3.542332219373357516e-01
8.270741237512230226e-01
-6.500719997821092777e-01
5.763090543335203098e-01
-8.456326248466718987e-01
2.597644136995106434e-01
-9.233048259622824716e-01
-8.159444166705787094e-02
8.770620889631217665e-01
-3.993226009023826961e-01
7.187007097065620798e-01
-6.551779233915292489e-01
4.692028214656395191e-01
-8.122298961882707946e-01
1.653230175157718862e-01
-8.576506452452237195e-01
-1.493787016069688944e-01
7.882987016339958464e-01
-4.349230954143951666e-01
6.194172268265880632e-01
-6.527362845979355344e-01
3.705295730393932119e-01
-7.718662454117620753e-01
8.327094851348156024e-02
7.861566369285066802e-01
-2.056765405718513351e-01
7.006641555581567538e-01
-4.573769900674657940e-01
5.241779683363467779e-01
-6.401648802906072522e-01
2.829745104408137868e-01
-7.308050810511793616e-01
1.170833890597139382e-02
7.199774868093732350e-01
-2.504694763995943263e-01
6.145510954911785895e-01
-4.684049490370822966e-01
4.331497367530945386e-01
