-8.419683241185843547e-01
8.856394669987650570e-01
1.152605101678285948e-01
-7.543883612845030395e-01
9.083560237724869202e-01
2.235983588477175321e-01
-6.607792566036350124e-01
9.158798800507510496e-01
3.240595549692418809e-01
-5.632779293425745903e-01
9.108518668008396268e-01
4.157762260240038810e-01
-4.618403357748812610e-01
-8.976294602884881124e-01
4.978299052962559257e-01
-3.591826300355824841e-01
-8.680562561825863055e-01
5.674016241634480817e-01
-2.549507553440576446e-01
-8.282439845277395074e-01
6.278917117261044734e-01
-1.521797626257476443e-01
-7.799686889623849151e-01
6.771143346492656256e-01
-5.156851832569837868e-02
-7.226717249079684935e-01
7.115298112002865771e-01
4.540186734869672280e-02
-6.527157775831917697e-01
7.347931396147487915e-01
1.373281743292164292e-01
-5.808453022731273618e-01
7.489582376887160553e-01
2.234356774775088650e-01
-5.041637806472201166e-01
7.511726152456086325e-01
3.027697307692279738e-01
-4.229311647860761747e-01
7.428556697732867642e-01
3.744254728359265316e-01
-3.389029478878151092e-01
-7.254633423135370407e-01
4.354117274822653094e-01
-2.519755218944801367e-01
-6.922633510484200725e-01
4.862947572795894291e-01
