9.181026313723100740e-01
-6.759161892887578515e-01
4.067710917775505530e-01
-9.605471515322041576e-01
-3.078694622065473729e-01
7.163242756080916429e-01
-8.284984996145793312e-01
9.609685568136210054e-02
8.808945018700526930e-01
-5.561811147418901369e-01
4.607886731752264264e-01
-8.823623896648939979e-01
-1.969791559794364932e-01
7.209445249326185134e-01
-7.232980968396897081e-01
1.776192813313502150e-01
8.379111886984345059e-01
-4.442116343234404074e-01
5.006280553141424505e-01
-8.036889835692597739e-01
-9.901497687416131732e-02
7.138539099163645485e-01
-6.215476441608903668e-01
2.448605247601560730e-01
7.867920660353147078e-01
-3.403128665242766138e-01
5.265679879337906710e-01
-7.208745973229565562e-01
-1.251990484242100632e-02
6.980445342111594176e-01
-5.268830547927985108e-01
3.007986133713244081e-01
-7.367537750088800630e-01
-2.468526219289417234e-01
5.404467832610034828e-01
-6.370952055597224328e-01
6.160224217959968385e-02
6.666147360075174166e-01
