-7.211427811070544314e-01
9.779760425513959188e-01
6.406330540593885292e-01
-9.030320021524906871e-02
-7.569843981841848368e-01
9.423057202867973770e-01
5.531636441050808983e-01
-1.743389390760343716e-01
-7.846336736566100756e-01
9.007135079439408942e-01
4.667834970040126708e-01
-2.516159217045945140e-01
-8.054192807109902263e-01
8.546883017332876920e-01
3.802687770595280514e-01
-3.235036732582899366e-01
-8.172990330464067199e-01
8.003506865276189819e-01
2.940874450456996692e-01
-3.875467874972822191e-01
-8.203501144834528525e-01
7.435700795116984008e-01
2.119466057351062915e-01
-4.449441035866405492e-01
-8.178061066086701469e-01
6.840908171170687613e-01
1.312908034744454111e-01
-4.953698575666310999e-01
-8.047232784278514073e-01
6.170722865599328477e-01
5.315979556354291646e-02
-5.362770929569020684e-01
-7.862729414372258141e-01
5.520591026760999220e-01
-1.978788769166259232e-02
-5.723037952148299912e-01
7.622400239405795475e-01
4.849382888137842018e-01
-8.950269913526066878e-02
-6.014018788867755427e-01
7.339060987049238483e-01
4.174772303960251341e-01
-1.546188053451851563e-01
-6.220900955956860656e-01
6.965691743671150737e-01
3.463316977771201399e-01
-2.121079405432986509e-01
-6.304310628483393852e-01
6.541408269868259628e-01
