5.353368765942358998e-01
-3.331005311617225573e-01
1.757783663827463816e-01
2.542846432296932413e-01
-1.071865270079760124e-01
1.549911355559394910e-01
2.830128098921087521e-01
-1.284654880790179199e-01
1.370133579739586105e-01
2.917821721807710711e-01
-1.386331506505709410e-01
1.253323050400274863e-01
2.956119605900202063e-01
-1.442963659505383800e-01
1.730163790898469889e-01
2.218390034009469491e-01
-8.930957318308604953e-02
2.569262492953364729e-01
-1.639445709936733775e-01
2.513819039302901404e-01
-1.128033043725321649e-01
1.413395636897275820e-01
2.892123069394482715e-01
-1.357358722849542343e-01
1.284670378885167941e-01
2.947437083079542663e-01
-1.427361195054567822e-01
1.197220541006583650e-01
2.951492137535964289e-01
-1.458006428415564160e-01
1.940447668456414532e-01
1.852465719400135935e-01
1.559136543549885512e-01
2.356694557582694749e-01
-1.004615435255645506e-01
1.532607787183328796e-01
2.818574691299309265e-01
-1.281462714768573652e-01
1.365096297783154333e-01
2.928436619444361178e-01
-1.392606852263990058e-01
1.247396899735922771e-01
2.952075821684518875e-01
-1.442909195722577864e-01
1.748907832722076949e-01
2.187450393490046885e-01
-8.718918614881633611e-02
2.810590723282714865e-01
-1.755809251812654459e-01
3.083845764131747935e-01
-1.709937573786807496e-01
1.701378559256312983e-01
2.372487483953371057e-01
-9.853552174030162647e-02
1.583017202815803215e-01
2.789283792637974879e-01
-1.252890463838889357e-01
1.397940190873881161e-01
2.908205321802879162e-01
-1.372833770803654208e-01
1.270878561976306054e-01
2.952479691842486154e-01
-1.435284447421255605e-01
1.493098250151386752e-01
2.608811975865084065e-01
-1.167285345330180274e-01
1.416346656938588799e-01
2.896993520909020847e-01
-1.358139283828168620e-01
1.283742319609801341e-01
2.948508780820199848e-01
-1.429033003867515583e-01
1.195288841127729873e-01
2.954255370430368122e-01
-1.460989044568009043e-01
1.941083361612649383e-01
1.851924609571813374e-01
1.556851506516679640e-01
2.364555755567114281e-01
-1.010726317599922597e-01
1.527730542891724552e-01
2.827464594979542944e-01
-1.288458006471441819e-01
1.358893129001219890e-01
2.927036643955950868e-01
-1.393766660498834686e-01
1.245721600589719258e-01
2.956674425842702458e-01
-1.445060124549347735e-01
1.792555750753887511e-01
2.106063420946757414e-01
-8.204777363775336840e-02
3.106130804783644450e-01
-1.798945343476324732e-01
1.958409923670382524e-01
1.903098425700104346e-01
1.370362433050451578e-01
2.683327945494496380e-01
-1.242840281099155259e-01
1.326285617644879233e-01
2.922699045694800435e-01
-1.401399189213490826e-01
1.228391277855564317e-01
2.950536911651584493e-01
-1.447167082105791092e-01
1.846945040881601829e-01
2.005670331694798525e-01
1.004945295369575747e-01
3.046555136305511002e-01
-1.584209892721947510e-01
1.819782207745903324e-01
2.262484028264165892e-01
-9.035259854289620640e-02
1.664180151524355111e-01
2.726733479049682773e-01
-1.197364016507973250e-01
1.452849758333239760e-01
2.890466009942610492e-01
-1.344906141664697907e-01
1.304277441781203639e-01
2.941161466283545023e-01
-1.419094881572753319e-01
1.210434467555899091e-01
2.959828304691283218e-01
-1.458705753632769941e-01
1.920271304376264809e-01
1.878550272256908904e-01
1.478736216000940684e-01
2.511607796991979225e-01
-1.112273831511190192e-01
1.440659936036153277e-01
2.873111815454728046e-01
-1.338984423314775185e-01
1.304874558812814112e-01
2.945249969164327464e-01
-1.419988793754479450e-01
1.208845494218119404e-01
2.954719172510367198e-01
-1.456280102243525110e-01
1.919725993744339221e-01
1.877995027987644783e-01
1.477502063171919344e-01
2.511340373694488370e-01
-1.113348686348460126e-01
1.441484945806381923e-01
2.873593125060477371e-01
-1.337854673120641713e-01
1.302497632078143674e-01
2.946527479164920971e-01
-1.421478283493889383e-01
1.206653291650364584e-01
2.949121718275770077e-01
-1.454436266655471377e-01
1.913509181351707722e-01
1.891009918745827634e-01
1.432805674003808372e-01
2.585012493829908498e-01
-1.167106939234506535e-01
1.393383479625754928e-01
2.899767199048068345e-01
-1.367453985897335023e-01
1.270771079402710224e-01
2.947292128000468248e-01
-1.432566434966122404e-01
1.455003638548749423e-01
2.659453156108065874e-01
-1.206014039138362248e-01
1.379355485843304363e-01
2.908935744005832769e-01
-1.376379912066094668e-01
1.259415309818673057e-01
2.953520334841953088e-01
-1.440098413209427997e-01
1.673506245091605504e-01
2.322583147916714719e-01
-9.615354076610047040e-02
1.589597488710354223e-01
2.789462894859897624e-01
-1.250782168425043916e-01
1.401251540389842898e-01
2.915088004842830705e-01
-1.374889777626537857e-01
1.271981625587327580e-01
2.946944107165270221e-01
-1.431122143350489762e-01
1.496071018487938886e-01
2.601038220902485709e-01
-1.161801633622173702e-01
1.419392695642955893e-01
2.889121955059545943e-01
-1.355053186790330377e-01
1.288159387099485076e-01
2.949717988012063863e-01
-1.428060165279031457e-01
1.197542081056168495e-01
2.959668942831431004e-01
-1.463087485697802115e-01
1.940549257496139712e-01
1.850097019849353264e-01
1.566298834996903144e-01
2.343497206819517009e-01
-9.958072828027003665e-02
1.540281262801122542e-01
2.818553679123090849e-01
-1.279801254401901067e-01
1.366991399309784860e-01
2.927549288065860456e-01
-1.391211012958953608e-01
1.249619150683327073e-01
2.952602999862679045e-01
-1.443767835314080927e-01
1.769815381558063061e-01
2.143340627642459917e-01
-8.445298209685045410e-02
3.020695496496746957e-01
-1.812498712148515045e-01
2.444943435621606265e-01
1.661545697413261968e-01
2.002405691071610649e-01
1.135199708607671915e-01
2.949364353938039862e-01
-1.478967591518651759e-01
1.987143211221378825e-01
1.834480270289409742e-01
1.598651836747461974e-01
2.273680008506051009e-01
-9.478725786011403531e-02
2.251713201819227073e-01
2.039489623850010425e-01
-7.193838344408073904e-02
3.105091330341283595e-01
-1.800997424365331223e-01
1.901660577973460220e-01
1.925187707987876251e-01
1.312904112746359764e-01
2.755723604216666622e-01
-1.303226540815135004e-01
1.271736960304510611e-01
2.936319742725257420e-01
-1.426812745767859214e-01
1.425299570097232071e-01
2.704649439825163038e-01
-1.241214722425726807e-01
1.347837806955579643e-01
2.925258733607548622e-01
-1.395753820692260116e-01
1.240444662540724080e-01
2.955533860178197192e-01
-1.445988597488369609e-01
1.814720249541618147e-01
2.064125001474487187e-01
-6.830383222220455519e-02
3.124484579134259588e-01
-1.730946847486927453e-01
1.711723842322280531e-01
2.354757698636950614e-01
-9.735541179281598234e-02
1.594907299948515600e-01
2.782061195698369294e-01
-1.247277091224790052e-01
1.405776777161314717e-01
2.913149716729014349e-01
-1.371599720132112288e-01
1.273473089214726128e-01
2.954103168460665563e-01
-1.435607512177626832e-01
1.472264410921985400e-01
2.636112815127450992e-01
-1.187631189188863012e-01
1.393491589415315479e-01
2.899847095095675065e-01
-1.367522330072103998e-01
1.269199887064484666e-01
2.947158200620083601e-01
-1.432912086830952503e-01
1.454265734289202638e-01
2.661683514154233876e-01
-1.207540251412733967e-01
1.376920700308174872e-01
2.906337698227345889e-01
-1.376225393204642822e-01
1.259095086741889025e-01
2.948847418205209348e-01
-1.437033582725864844e-01
1.653015460348181420e-01
2.357265550669608023e-01
-9.851094731730650200e-02
1.569457760322553741e-01
2.803297974077235133e-01
-1.263707657281612773e-01
1.385192433795911782e-01
2.916019263820780472e-01
-1.379973555740114100e-01
1.262074786932897708e-01
2.950850630616865256e-01
-1.436477482001022876e-01
1.646870063347503077e-01
2.364081246767625044e-01
-9.907395539396367246e-02
1.564220653698680241e-01
2.797920830738879205e-01
-1.263342526696902002e-01
1.386092119693223546e-01
2.920479222343327907e-01
-1.381165201198845671e-01
1.260316488049089134e-01
2.954686432537416141e-01
-1.439792267623869193e-01
1.638715932618091398e-01
2.382434926716118229e-01
-1.004537528213620412e-01
1.557066337210589180e-01
2.807604665204944117e-01
-1.269595777557381289e-01
1.380049160145288001e-01
2.912095535695224946e-01
-1.378574753020388455e-01
1.261632267901472704e-01
2.954295573006734954e-01
-1.440928854511524249e-01
1.635810814870282126e-01
2.383711967677787924e-01
-1.004507553616801746e-01
1.552744294502086952e-01
2.809748561056256699e-01
-1.272283218080322853e-01
1.378122410151643717e-01
2.915998245523522825e-01
-1.380565234917298933e-01
1.257836199027624058e-01
2.952691197881382457e-01
-1.439639474192289659e-01
1.688325357115871006e-01
2.294292461836255903e-01
-9.437057746067942232e-02
1.607720991131732502e-01
2.775453982442762091e-01
-1.237800402106231240e-01
1.414033546623307269e-01
2.906874221742027364e-01
-1.365887819119521174e-01
1.279646897364272173e-01
2.953502741798024744e-01
-1.433572626444766240e-01
1.194141021787734347e-01
2.961182523565643043e-01
-1.464605061830178967e-01
1.947625377892725218e-01
1.840746604730452707e-01
1.598339301918243749e-01
2.280182955729407601e-01
-9.520932762465826593e-02
2.110314327911003707e-01
2.245444699186328885e-01
-8.486408928867666956e-02
1.759047445724502556e-01
2.647956376426824909e-01
-1.131376815966329413e-01
1.515603000163831537e-01
2.851825069480591890e-01
-1.306365425142056447e-01
1.346557691500235021e-01
2.929059639098308132e-01
-1.398910209271881366e-01
1.238344688033745783e-01
2.956773724308622286e-01
-1.447366085758848564e-01
1.814466443812918217e-01
2.066839758807977601e-01
-7.363282110899038724e-02
3.132092197695212077e-01
-1.738729969460869051e-01
1.686168796357698230e-01
2.397467753953375358e-01
-1.003099790901914867e-01
1.570323533283071171e-01
2.799756684759303615e-01
-1.261335516988110472e-01
1.387368065156721342e-01
2.919957767475271360e-01
-1.381205322065676699e-01
1.261478943226541916e-01
2.948323239736814760e-01
-1.436081124335275294e-01
1.638336784212766073e-01
2.379673503974311377e-01
-1.000960782302077468e-01
1.555917968753622871e-01
2.803124624582091218e-01
-1.266999138178722117e-01
1.381143674691570622e-01
2.922544360469842561e-01
-1.384933791087711585e-01
1.259306167688185873e-01
2.956647806837561787e-01
-1.440971896113542317e-01
1.684909958921506357e-01
2.298187462428536165e-01
-9.459033767491656364e-02
1.604191849409034587e-01
2.766653943477593858e-01
-1.235567392734018832e-01
1.415288120593905519e-01
2.897566427966800084e-01
-1.359697980765736669e-01
1.282553093538303934e-01
2.949387245437117278e-01
-1.429583476281940380e-01
1.196709435971908819e-01
2.958594048114505104e-01
-1.464367065800709078e-01
1.943462343931971759e-01
1.848595850014793096e-01
1.567613950639402398e-01
2.342782887652778978e-01
-9.938687329988420138e-02
1.540332527080787717e-01
2.821052517085066436e-01
-1.281225328269768038e-01
1.367628881951714059e-01
2.927831603976257524e-01
-1.392070164103567653e-01
1.250430645898474580e-01
2.957198830780558563e-01
-1.444383133233014815e-01
1.773067424836672623e-01
2.143108348404661467e-01
-8.437009372609483027e-02
3.030739513135903285e-01
-1.818280237556536838e-01
2.401073411126640744e-01
1.753675322574658191e-01
1.732863090437324893e-01
1.975418485725053130e-01
1.201647963928782481e-01
2.882608619293045571e-01
-1.415071550569028114e-01
1.858936263339452111e-01
1.989530056921210155e-01
1.068900692252764267e-01
3.003569556456139877e-01
-1.535616448738485462e-01
1.935444906217109462e-01
2.025377400180527476e-01
8.456023674394602674e-02
3.114754442985586125e-01
-1.686377398603002564e-01
1.444374062072779630e-01
2.723509192654778310e-01
-1.246918547533974603e-01
1.352197485229992835e-01
2.925096557941180841e-01
-1.394778703126658137e-01
1.242872844486462985e-01
2.952770700818421190e-01
-1.443833651893983161e-01
1.792423012452666053e-01
2.105243181888037385e-01
-8.195096280168948089e-02
3.109576239221989447e-01
-1.795491010907292462e-01
1.684050676407050084e-01
2.456872690951358296e-01
-1.037831663776916519e-01
1.550450799377590394e-01
2.822845234812760840e-01
-1.279653232962807419e-01
1.371352474749870098e-01
2.926296189810149717e-01
-1.388939085663343231e-01
1.251334842547743298e-01
2.955333657290151184e-01
-1.443781361285041975e-01
1.725753810594543025e-01
2.225357086491573932e-01
-8.972853180828622988e-02
2.486574600299659710e-01
4.733438551243609321e-02
2.139634280374258235e-01
-8.716629879213382004e-02
3.109947189335829365e-01
-1.796758798145194902e-01
1.697962647832279848e-01
2.439678475590013051e-01
-1.024346718673980333e-01
1.559274652196948885e-01
2.816554335429782840e-01
-1.274275277709117915e-01
1.380208602851240030e-01
2.921052474100315210e-01
-1.385187298809899548e-01
1.256244743044348799e-01
2.953071688547472817e-01
-1.440237839568942468e-01
1.686111339385407137e-01
2.296098923302416495e-01
-9.447855759228633576e-02
1.606593794795699304e-01
2.767088549540951403e-01
-1.235900771483527949e-01
1.415616147493367338e-01
2.907218183748997431e-01
-1.365319779720555182e-01
1.279426313859468034e-01
2.951662050048275976e-01
-1.432231747558296298e-01
1.194643155683247915e-01
2.959470240748228731e-01
-1.463220729573822543e-01
1.946568929213456089e-01
1.844759494071908923e-01
1.578339269872889306e-01
2.319887169110672609e-01
-9.787843287130713887e-02
1.552026725407719687e-01
2.812187468557267311e-01
-1.273438247664183953e-01
1.377220459637958916e-01
2.918700669368839984e-01
-1.384871140640125953e-01
1.256727442538881634e-01
2.953828319729731589e-01
-1.440523225050451273e-01
1.700516000436053388e-01
2.273875140368035175e-01
-9.296718928138644755e-02
1.619014738259667296e-01
2.766148574060152132e-01
-1.229571957807574500e-01
1.420694489449479958e-01
2.904312160429570744e-01
-1.362344768601964629e-01
1.282863025096600829e-01
2.946441323179659344e-01
-1.428231274164352693e-01
1.198075767868905239e-01
2.954423785608866204e-01
-1.459169137201694610e-01
1.938210234151161171e-01
1.849545431112007976e-01
1.568535762186454852e-01
2.341496721101817835e-01
-9.933380144971751258e-02
1.542679175713560502e-01
2.814548828374627831e-01
-1.277518101770093173e-01
1.372676731169353292e-01
2.924184349019799956e-01
-1.386688297390091251e-01
1.251995556082330929e-01
2.953596183562737787e-01
-1.442072680730127066e-01
1.721177828795509845e-01
2.235147543359460032e-01
-9.042884455813973710e-02
2.366009566003662579e-01
1.839601097416776743e-01
1.441238194482673263e-01
2.577004141528466685e-01
-1.162591812358381993e-01
1.400534321593112363e-01
2.894721939235376795e-01
-1.362148948362449929e-01
1.275017660005269005e-01
2.951017505064257307e-01
-1.433203138032754231e-01
1.339049098441036645e-01
2.806389183514305663e-01
-1.325503758805303689e-01
1.268513242064999713e-01
2.940398601836877179e-01
-1.428596781689409623e-01
1.496236509082053412e-01
2.600713433900454508e-01
-1.161992723851709708e-01
1.420815926936181972e-01
2.891730367826390036e-01
-1.353950678004482988e-01
1.286963263603141394e-01
2.944748770514304947e-01
-1.425989806523740577e-01
1.198562026834596034e-01
2.958137816497379835e-01
-1.462573046200107418e-01
1.940147313969190490e-01
1.847206867755838700e-01
1.576489992322736844e-01
2.320608436262494856e-01
-9.788706010776013211e-02
1.553550624763252452e-01
2.805285323700910105e-01
-1.269430619251709913e-01
1.379048922969527968e-01
2.922726369778096411e-01
-1.385299878111354577e-01
1.258393014051570058e-01
2.953768869276942599e-01
-1.439317796236734281e-01
1.699020479235875403e-01
2.274492333241765196e-01
-9.305061367636005554e-02
1.613303228847964843e-01
2.768395914938076574e-01
-1.233617821866116182e-01
1.419388835287477557e-01
2.903718676828881406e-01
-1.361655398060451494e-01
1.283410973699322943e-01
2.950243022047430164e-01
-1.429545832509353243e-01
1.195734816983927973e-01
2.958576860363888450e-01
-1.463891157271612897e-01
1.946002326681030570e-01
1.843848549957162186e-01
1.582651263347333304e-01
2.311031523233917084e-01
-9.721371403457856886e-02
1.559050947736114745e-01
2.805575130532603212e-01
-1.268305322424081449e-01
1.379782510447010169e-01
2.922759586098768181e-01
-1.385237542015843593e-01
1.257841352298368076e-01
2.945746117033106737e-01
-1.434704332126526538e-01
1.652540717228674072e-01
2.358564734738190505e-01
-9.860485841871451107e-02
1.570747606663817908e-01
2.802696008294040531e-01
-1.263988663895846964e-01
1.388354729024937617e-01
2.914924843302806878e-01
-1.377326097168742880e-01
1.262577570664803472e-01
2.945878683270798937e-01
-1.433529950447942347e-01
1.591824247492308608e-01
2.455582882586078153e-01
-1.055711419434815918e-01
1.513531147667332433e-01
2.842066813610720222e-01
-1.300367633013539970e-01
1.349244979529830579e-01
2.933874200498206020e-01
-1.400159297006461911e-01
1.237852941631796266e-01
2.956465076352133847e-01
-1.449443552054444639e-01
1.825863146073522791e-01
2.045608480131790863e-01
6.703854656115378063e-02
3.118052205842311020e-01
-1.695298697412774280e-01
1.402134735605210514e-01
2.749535732960742829e-01
-1.274104186643784387e-01
1.322367405124476314e-01
2.927063699959495668e-01
-1.405113855947775769e-01
1.224609029878500621e-01
2.948488225990348877e-01
-1.447211494063571635e-01
1.860173167612836909e-01
1.983079118485616688e-01
1.101160686032928299e-01
2.976162531208651485e-01
-1.506118793802288802e-01
1.970412494500463074e-01
1.921685564572763738e-01
1.288697523090782393e-01
2.793035199371817767e-01
-1.333378814480921659e-01
1.246826745947155479e-01
2.939704730714666758e-01
-1.434198335612506259e-01
1.743579125817700803e-01
2.196942846287926465e-01
-8.789880076400337361e-02
2.733974371411703741e-01
-1.722188044681297048e-01
3.006606011698925718e-01
-1.567815057558918368e-01
1.794852867315800127e-01
2.306319444587310030e-01
-9.311774301956890487e-02
1.642356385103057315e-01
2.754603101978784219e-01
-1.219706296887284602e-01
1.436564382110917804e-01
2.896741047920458612e-01
-1.353305911647924853e-01
1.294442367328090815e-01
2.947969586818586785e-01
-1.425262153665985410e-01
1.203558236699247275e-01
2.954070981149902186e-01
-1.459561544132941813e-01
1.927459618510371231e-01
1.867198432100072858e-01
1.511265695245764540e-01
2.452375809875316781e-01
-1.069963453477145998e-01
1.476633796855925385e-01
2.860230989573417926e-01
-1.320822526512936412e-01
1.327287950873294042e-01
2.935699847621021652e-01
-1.409399226645122738e-01
1.224817048166991496e-01
2.951107443539949249e-01
-1.448875026833081336e-01
1.861859887484645648e-01
1.978626598746626164e-01
1.116973417425524695e-01
2.967306981045972347e-01
-1.495319956373878378e-01
1.980018277764487300e-01
1.882107019637925538e-01
1.435777713660546795e-01
2.577616743817640610e-01
-1.163138970799702521e-01
1.399154287681474429e-01
2.902775869267827935e-01
-1.366500076587767731e-01
1.272594638582889570e-01
2.945799420246817402e-01
-1.430181008232856155e-01
1.395947544049107869e-01
2.736491820162592625e-01
-1.268890891077204541e-01
1.323748803195406998e-01
2.933574351227601351e-01
-1.407176210085181456e-01
1.221708344398464152e-01
2.958237299565203982e-01
-1.454029315568997893e-01
1.879844637222223558e-01
1.948499618627340668e-01
1.226523005825252699e-01
2.856994521276842725e-01
-1.391760534857260367e-01
1.642678814806280141e-01
2.375850017448004337e-01
-9.978800495480187605e-02
1.560233411906257195e-01
2.807579081416528566e-01
-1.268461577757268310e-01
1.380170346150602634e-01
2.918761632649120585e-01
-1.382999487605725553e-01
1.258460713801873854e-01
2.952098596629688654e-01
-1.438617299312378028e-01
1.688051648657751813e-01
2.296726282087144799e-01
-9.444197135372064955e-02
1.605433770460762966e-01
2.777324015572700810e-01
-1.240966070699102003e-01
1.411072283409618711e-01
2.905948971613269149e-01
-1.365549313864935221e-01
1.277680037818862413e-01
2.953561018984197650e-01
-1.433630147173818314e-01
1.329358278684935335e-01
2.817503449973707275e-01
-1.337415484132549737e-01
1.261114222387525741e-01
2.949079468186093234e-01
-1.436041183620632433e-01
1.609861196961593077e-01
2.428700627643390342e-01
-1.035459638040516772e-01
1.529400574628948795e-01
2.824968678546006529e-01
-1.288196058590093118e-01
1.360644478482886666e-01
2.928469403999492959e-01
-1.393658352480600104e-01
1.244761544272137005e-01
2.951135113606384031e-01
-1.442757646196243249e-01
1.770781109470756509e-01
2.141127856779935779e-01
-8.423003926143590725e-02
3.035276428446411767e-01
-1.819043794479839049e-01
2.349005290426029180e-01
1.850225537898819717e-01
1.401021200625288676e-01
2.639242723825823700e-01
-1.207956739792632739e-01
1.356631452678316863e-01
2.913572818491800831e-01
-1.385771388254325442e-01
1.245337006522679313e-01
2.949250269858685880e-01
-1.442074593628197843e-01
1.754122691072004248e-01
2.177423353563936737e-01
-8.655391778383253465e-02
2.870297650489448404e-01
-1.779631723901044515e-01
3.067243138269192815e-01
-1.777567872879745048e-01
1.418709531866784168e-01
2.873490590280134982e-01
-1.344550269231335471e-01
1.292018797327521840e-01
2.941796704094148951e-01
-1.422345265462695574e-01
1.204316859634030762e-01
2.955991146649406542e-01
-1.457847703100563219e-01
1.930161594638092337e-01
1.865658564080465154e-01
1.511925744403773419e-01
2.448168645927890075e-01
-1.067877404417580806e-01
1.479463413970720786e-01
2.854507723054299784e-01
-1.316995201921511982e-01
1.330800831749612834e-01
2.940021539743779555e-01
-1.408534467646119226e-01
1.225428239384642043e-01
2.957610156992580008e-01
-1.453048591813895229e-01
1.867070106552487507e-01
1.969177727281870294e-01
1.152362591206291809e-01
2.930227384244403765e-01
-1.460441019807874330e-01
1.979049813954497083e-01
1.824701991694829828e-01
1.633523574084099206e-01
2.203373803481288584e-01
-9.021459676928346438e-02
2.868151282818920955e-01
-1.778832823620936643e-01
3.061029963742123439e-01
-1.775106338603489875e-01
1.452619395243438249e-01
2.857505108025872320e-01
-1.324804643986467745e-01
1.313083911814723337e-01
2.941899131665624001e-01
-1.415956343127186545e-01
1.214691390485547889e-01
2.960603424618816204e-01
-1.458508453855868747e-01
1.900723853327921931e-01
1.907318591371945093e-01
1.378344405049744814e-01
2.664200958561266375e-01
-1.231312944652667440e-01
1.337606603337895272e-01
2.924598601862470337e-01
-1.398118378387686600e-01
1.233058620986993842e-01
2.957706149257350869e-01
-1.450552244295097992e-01
1.847082182230194436e-01
2.002513981280763522e-01
1.021625181189888404e-01
3.038297397112623144e-01
-1.574941480577919939e-01
1.851428649372992008e-01
2.206005589292960312e-01
-8.660229609821194774e-02
2.353946461141914470e-01
1.861340644375685527e-01
1.362966020653978982e-01
2.698727322120665906e-01
-1.254101263650080345e-01
1.318120512128785060e-01
2.930819498375639709e-01
-1.408457293558834922e-01
1.220500682021001954e-01
2.956267344198225677e-01
-1.453200918916735807e-01
1.888022952762541951e-01
1.930953467732361706e-01
1.297320756138879982e-01
2.782197591585226504e-01
-1.323450062361876678e-01
1.253637492258416752e-01
2.944175328754197740e-01
-1.436064172630842073e-01
1.705506675615587331e-01
2.265873047917514871e-01
-9.235627123920886472e-02
1.621191190986276398e-01
2.757370989652545568e-01
-1.224856015643658314e-01
1.424760767920016380e-01
2.897862100718330280e-01
-1.358141231913698455e-01
1.288234158374289562e-01
2.943591227268857469e-01
-1.424204273588963177e-01
1.200200815863335102e-01
2.954138953923888256e-01
-1.458866903964171624e-01
1.936672085047658198e-01
1.858942302614604303e-01
1.535856002533318165e-01
2.399554692395194921e-01
-1.034778919249713797e-01
1.506928748708887822e-01
2.835938404216288844e-01
-1.298238950351942034e-01
1.346285742452433265e-01
2.935570231683646281e-01
-1.401826348925862276e-01
1.234454140964691832e-01
2.956460014928082303e-01
-1.449925500617067764e-01
1.820660594912488495e-01
2.053597418349721593e-01
1.323305816410283789e-02
3.122272847814303587e-01
-1.709704281727453534e-01
1.777235326978192920e-01
2.186852380016214570e-01
-8.670348643129362209e-02
2.778804341083019325e-01
-1.742657265632519548e-01
3.069345245746452622e-01
-1.660658760871265849e-01
1.451544863587601597e-01
2.715586448136215747e-01
-1.240753875394867978e-01
1.359910246767004616e-01
2.920868986996780214e-01
-1.391012731550834991e-01
1.246876838304850077e-01
2.957078686913461874e-01
-1.445612460173855973e-01
1.775060837053721308e-01
2.136413684101658994e-01
-8.400176346457791099e-02
3.050755461120803758e-01
-1.819223816512521297e-01
2.208400323255605147e-01
2.089695089020046082e-01
-7.531260083687069118e-02
2.933079566347578382e-01
-1.799565651873937244e-01
2.927169083230464763e-01
-1.778746358253898707e-01
2.874479216163333128e-01
-1.768838737216574530e-01
3.038729390423122734e-01
-1.789918660635843595e-01
2.001459487373950519e-01
2.373992203725845684e-01
-9.356377397366792692e-02
1.689968616679132507e-01
2.717971000331395603e-01
-1.186600263004241318e-01
1.466960974791731431e-01
2.886470266082284408e-01
-1.339069082376194431e-01
1.312991905905692702e-01
2.943600842263333628e-01
-1.418405223088335942e-01
1.213760715306862054e-01
2.951953877598852971e-01
-1.452981683723533202e-01
1.899241051126190627e-01
1.916970786447767527e-01
1.344536646424218385e-01
2.716217238010508184e-01
-1.269888333453192963e-01
1.300081289474609159e-01
2.929898242626081117e-01
-1.413414925514659692e-01
1.211334323070867164e-01
2.951127098010521976e-01
-1.453177559923825857e-01
1.905900982789425768e-01
1.902965015633448775e-01
1.393382394228042664e-01
2.645660897376069243e-01
-1.213844300433894741e-01
1.350717592417359780e-01
2.913832507401717398e-01
-1.388553926195198185e-01
1.244729082656380603e-01
2.950001634056546584e-01
-1.441535874591721722e-01
1.774075167513346485e-01
2.143040623124126964e-01
-8.432321412704502084e-02
3.025409200980771485e-01
-1.814631799846309901e-01
2.416248700967147389e-01
1.726129284787531470e-01
1.816362038981695626e-01
1.751884138127640100e-01
1.909591414446365487e-01
1.441229734553938213e-01
2.572378440586308157e-01
-1.157056337053324058e-01
1.402484780657821950e-01
2.899391407167412615e-01
-1.364301936927753700e-01
1.275310905354573587e-01
2.948130671136733327e-01
-1.431313052690557919e-01
1.271458399689263108e-01
2.884953440263096636e-01
-1.393346662772198263e-01
1.206779875152906578e-01
2.948676834570728711e-01
-1.453710646930535810e-01
1.922016899582347504e-01
1.873837032386332924e-01
1.494172771131601629e-01
2.479989069115778044e-01
-1.090680674424614749e-01
1.462420203091198134e-01
2.863978845082248426e-01
-1.325968184905931824e-01
1.316439170934088909e-01
2.941587095457899870e-01
-1.414722408502929185e-01
1.216607410667568251e-01
2.958109296005396738e-01
-1.456255999126787326e-01
1.900987735344741580e-01
1.915012256634318066e-01
1.350543388434226610e-01
2.711306187017498148e-01
-1.267099131186434913e-01
1.307437791027346308e-01
2.935921370569148925e-01
-1.413861570692393765e-01
1.213165864393517812e-01
2.954073086997867637e-01
-1.454741252013343478e-01
1.899697369836561289e-01
1.913703586527928380e-01
1.354417063427210965e-01
2.701756599537147308e-01
-1.260208618855162555e-01
1.311410854697918071e-01
2.926209549951661049e-01
-1.406880401206565268e-01
1.216859867969465880e-01
2.958585197913615183e-01
-1.455972045026407979e-01
1.895473981696699228e-01
1.922154426773282354e-01
1.325710606926892021e-01
2.738181519182971702e-01
-1.289713868080824000e-01
1.285566747941287169e-01
2.941448067171063552e-01
-1.423618024549705985e-01
1.198694745691363112e-01
2.952789332825849211e-01
-1.458509358582639193e-01
1.937808531062701900e-01
1.856489073094168274e-01
1.544266991338675565e-01
2.388557743526970312e-01
-1.026340683868949000e-01
1.516376560893368253e-01
2.828789381156447402e-01
-1.291674090491723437e-01
1.354331586664867804e-01
2.932777514596979218e-01
-1.397861398469217586e-01
1.239869866609088073e-01
2.952139915266214776e-01
-1.445349467540147925e-01
1.810615026571456287e-01
2.075711333088426369e-01
-8.001279876149063053e-02
3.130890872653206425e-01
-1.755745284412931206e-01
1.475945711581126418e-01
2.652784689534798956e-01
-1.196969296554950130e-01
1.390473294046648822e-01
2.906494559356995189e-01
-1.372589865847177459e-01
1.268370615687481329e-01
2.947015165895878197e-01
-1.432021799170003218e-01
1.510570772825289010e-01
2.585248794326501232e-01
-1.148468812290677626e-01
1.430632278031770954e-01
2.889491956955175800e-01
-1.351236631725653559e-01
1.294483747174030586e-01
2.947521778989252716e-01
-1.424603310538156142e-01
1.202783681519576930e-01
2.959751923243815197e-01
-1.461290237936426484e-01
1.934749879258581273e-01
1.863039384614421923e-01
1.522309797885316174e-01
2.423136484159938708e-01
-1.051586946231385378e-01
1.492203646669116313e-01
2.843907907316344796e-01
-1.306878257010396227e-01
1.337166448473501856e-01
2.927758242794501475e-01
-1.400101970541021701e-01
1.231561378762466574e-01
2.952397525395524247e-01
-1.448201238531475754e-01
1.844287124240987230e-01
2.013272291474078879e-01
9.705097117373771842e-02
3.066125806792937558e-01
-1.608868415873387081e-01
1.744735853112270030e-01
2.387755373378070423e-01
-9.855004491561326907e-02
1.596349740489723668e-01
