4.662698293325167609e-01
2.724608388755734856e-01
1.769396506568275684e-01
3.574800957138744850e-02
9.538480217942752609e-03
2.898440781695096891e-01
1.582469559596491257e-02
1.775579542825822532e-01
7.615884093089159146e-02
1.231500096710028552e-01
1.316350101835918329e-02
7.474729172962930879e-02
2.580724665224575290e-02
1.557436377617655576e-01
8.361566110315518663e-02
5.748462209684164492e-02
1.498115474040356554e-01
9.203329948309851849e-02
6.300126593342098014e-02
1.399828393519720326e-01
9.868419505579330286e-02
6.642744224801212793e-02
1.308736942393220748e-01
1.030166871540336981e-01
6.734414407702024596e-02
1.253667510766240112e-01
1.061125535872733255e-01
6.862709729360204347e-02
1.209754377671748982e-01
1.083462739201824926e-01
6.946090136414170835e-02
1.186047028833489975e-01
1.102844631182818558e-01
7.048342153821522682e-02
1.156454453157639145e-01
1.116380418415650888e-01
7.083131568354036900e-02
1.136706165963433657e-01
1.126120528848055941e-01
7.121252983008526105e-02
1.129369744575405843e-01
1.133001704173323132e-01
7.124682280514205157e-02
1.123601756440801708e-01
1.136152978480977765e-01
7.154795072956954272e-02
1.111311501600228402e-01
1.139243226181096691e-01
7.150641584328808198e-02
1.104321623450928991e-01
1.140947068633145350e-01
7.102957836254215895e-02
1.105776083179240421e-01
1.141769366704642880e-01
7.140004917054612599e-02
1.107600118478262174e-01
1.140648818824710475e-01
7.112878686920268145e-02
1.106983188446363786e-01
1.141735970222487878e-01
7.160368776325073958e-02
1.095635960290090166e-01
1.146595694951989958e-01
7.167631960071474406e-02
1.104282798855938108e-01
1.145006534943250609e-01
7.172427055447860855e-02
1.091149238038078978e-01
1.146418425611785141e-01
7.157345416914133451e-02
1.100665324088165170e-01
1.148296292506734290e-01
7.174179676094591396e-02
1.093391543490992712e-01
1.145273284983735346e-01
7.116412159587913455e-02
1.094633859737857567e-01
1.142158874879383446e-01
7.088213280628677393e-02
1.107118767861858810e-01
1.144826795241060263e-01
7.162146638686053834e-02
1.095584916967544675e-01
1.145857070033756281e-01
7.156790381300801029e-02
1.104787135143644877e-01
1.141715709465656314e-01
7.110458446608532157e-02
1.108146730352066039e-01
1.140997319580613345e-01
7.143112341382884534e-02
1.102776765708522455e-01
1.140324308284293708e-01
7.084346674994804194e-02
1.111491627059740250e-01
1.141938482824172152e-01
7.172853312880228538e-02
1.106730270008141059e-01
1.137907341553563295e-01
7.073470470204859528e-02
1.111672849707713850e-01
1.139765917299526005e-01
7.119634353844815633e-02
1.104873361486012479e-01
1.141741380068645867e-01
7.147726880905286295e-02
1.098607774440802098e-01
1.143622012763906848e-01
7.136720281333899796e-02
1.103745524596635996e-01
1.139480780547116601e-01
7.086595912408542863e-02
1.107917051202017417e-01
1.141862430390848948e-01
7.139319656052828256e-02
1.102545488822511965e-01
1.139600500516881054e-01
7.083057409561520357e-02
1.109351495340477195e-01
1.138479766287316397e-01
7.110202844938615097e-02
1.102124475890339100e-01
1.143315717636424894e-01
7.150312484329510165e-02
1.109238546373147588e-01
1.139490939249852841e-01
7.096368409131553756e-02
1.110564620527500074e-01
1.140760390944526442e-01
7.152856225879854202e-02
1.110639305553434292e-01
1.140576489912130398e-01
7.107248480892626452e-02
1.101883385690164974e-01
1.143066079410644253e-01
7.154261699298251898e-02
1.108217285881114983e-01
1.143203103823405842e-01
7.154841904976885769e-02
1.095990808270445455e-01
1.139778511479883905e-01
7.065256529443635081e-02
1.100810095740191591e-01
1.142032883226130890e-01
7.110767598944421619e-02
1.100332677607784165e-01
1.140889798515934001e-01
7.108665563999834458e-02
1.107963464666480297e-01
1.141190451055910243e-01
7.148752042796768791e-02
1.103983127686043314e-01
1.143041751137788137e-01
7.122915167194186770e-02
1.099626663687592737e-01
1.143113926612778358e-01
7.130905005137705421e-02
1.100618328055270601e-01
1.144027963447843826e-01
7.154740059909470151e-02
1.096932094824820264e-01
1.147483058898457753e-01
7.167102735828081994e-02
1.101377962442203762e-01
1.145902540222695359e-01
7.161110412297283512e-02
1.089469073851167952e-01
1.148677818795367234e-01
7.170502917222416894e-02
1.095739368592158758e-01
1.146561912980184617e-01
7.160791322744664011e-02
1.100944936674498331e-01
1.144255695109100690e-01
7.116440814858042418e-02
1.097184573608477876e-01
1.145080745431127228e-01
7.160613796534297248e-02
1.097693641942535797e-01
1.140940088878014125e-01
7.083226979815451796e-02
1.107783024556561469e-01
1.140554305246272854e-01
7.103026451224962734e-02
1.103324698663448594e-01
1.142312169135753508e-01
7.154386632593896789e-02
1.107792805318899843e-01
1.143150468299527767e-01
7.159455079475338102e-02
1.104318064639151220e-01
1.143482775077817315e-01
7.114109227740285368e-02
1.098312013869205406e-01
1.143749001634473822e-01
7.138543449145072495e-02
1.098358673785364559e-01
1.144521743271110364e-01
7.149038978478253203e-02
1.105979065085512941e-01
1.141273882081547120e-01
7.126901889638487253e-02
1.106689245720741399e-01
1.140056562592782902e-01
7.086636824053621497e-02
1.109130745235237386e-01
1.140162871868636296e-01
7.125925532264333617e-02
1.110614175978612006e-01
1.140249388574357536e-01
7.144741266736491514e-02
1.110323761713372520e-01
1.140045282088106016e-01
7.104652593127111504e-02
1.102765740056564636e-01
1.137155720149617133e-01
7.057233892162842470e-02
1.107170741684913307e-01
1.136361439181918648e-01
7.076306793172339182e-02
1.113899320286277916e-01
1.137787014232709698e-01
7.141334339775493034e-02
1.111772799302066794e-01
1.139725476235868423e-01
7.119925174292750236e-02
1.113560637448388901e-01
1.140216363501143360e-01
7.137607717948371566e-02
1.108902078893385795e-01
1.138822849503960261e-01
7.101584433895280490e-02
1.100674188845394003e-01
1.139156587413621413e-01
7.065237807295146610e-02
1.105940568830162812e-01
1.141425240795592294e-01
7.151415807870235841e-02
1.107866891364890916e-01
1.142133236170633503e-01
7.153695557418028594e-02
1.101174081046753933e-01
1.142744217836372395e-01
7.107315907353863038e-02
1.097670282580843898e-01
1.143992687986419982e-01
7.142012637703441802e-02
1.105150264167353846e-01
1.142998763155031877e-01
7.133868377829277740e-02
1.106992993570501127e-01
1.142138031771901679e-01
7.158785608410309087e-02
1.108323953655878935e-01
1.143627822560664559e-01
7.153262411225336237e-02
1.108012042079247056e-01
1.143953290280109031e-01
7.174426382887340303e-02
1.097786427077000887e-01
1.142017089024266047e-01
7.110389620905321895e-02
1.106324669798797455e-01
1.141136911309613144e-01
7.103024860312631694e-02
1.101995193185028726e-01
1.140530578855595695e-01
7.109200955307623526e-02
1.109472340053174189e-01
1.141255489699008058e-01
7.150512207846435042e-02
1.100171787495109604e-01
1.142674437834268752e-01
7.106508474718950530e-02
1.098329884247618154e-01
1.141647452971220056e-01
7.105780304749084730e-02
1.107913245756442511e-01
1.139355528590680344e-01
7.104989206985423689e-02
1.105569703563576700e-01
1.138884860525490317e-01
7.112179157613188196e-02
1.109885277953195359e-01
1.139950872091042428e-01
7.104374286484925471e-02
1.103298146081647252e-01
1.138948409252146937e-01
7.094441629410633277e-02
1.106877370906121094e-01
1.136254450222993206e-01
7.067376136084010940e-02
1.112536917319391361e-01
1.140335968418677015e-01
7.143206362895634931e-02
1.101637640291248388e-01
1.143125607553561046e-01
7.161353185191143833e-02
1.100096285623957809e-01
1.141216958964153122e-01
7.101259053132830124e-02
1.099330683189617686e-01
1.142247395574978036e-01
7.094808614850758866e-02
1.107613654074587478e-01
1.141620635269200157e-01
7.129457060540714264e-02
1.103073609897308877e-01
1.140061436231320224e-01
7.091876995239390635e-02
1.107720299454156843e-01
1.141193834924197487e-01
7.149011497837684526e-02
1.098657058168325956e-01
1.145733468380869258e-01
7.159352442739025379e-02
1.107037188088259849e-01
1.145133246471326943e-01
7.174647414050619454e-02
1.104055829160170560e-01
1.140687619703630445e-01
7.090005913083972933e-02
1.106921654427851093e-01
1.141826927225320781e-01
7.116821779286827687e-02
1.097043422644306682e-01
1.141974746037570931e-01
7.106111656291992651e-02
1.107250997907669177e-01
1.139920811737391015e-01
7.113528110093308987e-02
1.108796475135016973e-01
1.135220983530947636e-01
7.057879547467635351e-02
1.107467930255296162e-01
1.138500586693997618e-01
7.097894598164983249e-02
1.105861712086658455e-01
1.138314572339595571e-01
7.090910508959179237e-02
1.103631374514329744e-01
1.137142087459176165e-01
7.077829143380991173e-02
1.113488334557707626e-01
1.137220878666099638e-01
7.088899267796661130e-02
1.114246119026017778e-01
1.137649915455363342e-01
7.123868674426606096e-02
1.107838687742304512e-01
1.139763995251305978e-01
7.136360617116346838e-02
1.106674734207856725e-01
1.144779049227922230e-01
7.170349470367037847e-02
1.094938105877023143e-01
1.141301843733428245e-01
7.071072954277522749e-02
1.102823643504205753e-01
1.141824871032522670e-01
7.123183648217944197e-02
1.093436424593236256e-01
1.142057132903703254e-01
7.104381391207791052e-02
1.100975898544362674e-01
1.144815998431511633e-01
7.152540746399338456e-02
1.103379443813723576e-01
1.142565867949607988e-01
7.123817808298091303e-02
1.106937885287049284e-01
1.142397875906658172e-01
7.159387269820617627e-02
1.098813954809881310e-01
1.143318399203657326e-01
7.111753170975949889e-02
1.099863502481739364e-01
1.144645688634301495e-01
7.164715632284385238e-02
1.098921181310032469e-01
1.141937359267769098e-01
7.101522359985841526e-02
1.100172554191462815e-01
1.145397977032569514e-01
7.154820345764199840e-02
1.102009521462768565e-01
1.145838721382886755e-01
7.176324485817615895e-02
1.096277519468034228e-01
1.146145611033018291e-01
7.157325781293294442e-02
1.094550746270386565e-01
1.141251912497671661e-01
7.075022243986553439e-02
1.103531702219775895e-01
1.140727851969774720e-01
7.092487929574434191e-02
1.109998896693578235e-01
1.139521324953164105e-01
7.118846077855572885e-02
1.109673671288789049e-01
1.141681811809903135e-01
7.167502175408194121e-02
1.106403210203990573e-01
1.144757266297848214e-01
7.170664220560693525e-02
1.107247814046721096e-01
1.141768491416361719e-01
7.129528896815401362e-02
1.109079322096160058e-01
1.140087146123302531e-01
7.117216033734088954e-02
1.110250910344287023e-01
1.139524118016068677e-01
7.135791020177364996e-02
1.108259846583087710e-01
1.144440833607397595e-01
7.179641246732747228e-02
1.097785987892401366e-01
1.143625762103445548e-01
7.122731633537979223e-02
1.107487140191174974e-01
1.140200563945777124e-01
7.120229863499777379e-02
1.107885745141008460e-01
1.143419452156542726e-01
7.157559885020989277e-02
1.102939221972595168e-01
1.143989125247516780e-01
7.164255660025434236e-02
1.100815023838508239e-01
1.143806291032936351e-01
7.135323959823994255e-02
1.097798677553458446e-01
1.143132768360675539e-01
7.087505381048295194e-02
1.105963602312114435e-01
1.140746068232641741e-01
7.117492644725061102e-02
1.108096773643164473e-01
1.142238160955449111e-01
7.157098742056622331e-02
1.102949072107354683e-01
1.138455133216291215e-01
7.079589048696202647e-02
1.101997854805828181e-01
1.142822854213360328e-01
7.143382986321128447e-02
1.099737079658781591e-01
1.140783556639895918e-01
7.089537065206819033e-02
1.107596845745086322e-01
1.138933307323815036e-01
7.108271520901279783e-02
1.101541631644209762e-01
1.140999941278545565e-01
