6.782401693837292189e-01
4.828860045771647680e-02
7.413350973282896161e-01
9.616489540103889677e-01
5.743652554497793439e-01
1.540516012169454441e-01
7.845936379664755211e-01
9.143818117975947013e-01
4.687062633047345273e-01
2.511037208256291509e-01
8.158813711700023674e-01
8.603846436201859627e-01
3.640616235828671443e-01
3.410086896307581439e-01
8.346557704369250708e-01
7.988500974269144850e-01
2.602557665768888140e-01
4.201569450035315678e-01
8.393579304704174016e-01
7.276404536006116919e-01
1.593376467713920608e-01
4.903658615461294334e-01
8.362215201136974363e-01
6.528928407628470376e-01
6.140992610996837131e-02
5.506084844291463387e-01
8.221396933841561561e-01
5.727452657606063591e-01
1.936561141608449804e-02
5.966844250746795586e-01
7.921534672806872512e-01
4.878690060920739535e-01
1.073684608746832275e-01
6.361571254694760036e-01
7.589594560709206350e-01
4.034721038732436149e-01
1.889039508659625666e-01
6.646415944114900665e-01
7.168338831584067927e-01
3.179953842966694588e-01
2.640795218341333017e-01
6.827143483624211751e-01
6.672997741579751452e-01
2.322527727507741335e-01
3.299675319953517261e-01
6.854130653770701409e-01
6.056757622071460290e-01
1.477838254377443483e-01
3.865553678310867380e-01
