5.887995726579482447e-01
1.102835902423517644e-01
1.518243969349734046e-01
2.790202155038436606e-04
1.781017703228701121e-01
1.216533888081211892e-02
2.483897853703241898e-01
9.893487653976433191e-03
1.844585291885896816e-01
1.079427196057494015e-02
2.385838262859112935e-01
1.163096006270211875e-02
2.007873431853775537e-01
1.193486176879379052e-02
2.315413606447161432e-01
1.230234494334330950e-02
2.091077880799836752e-01
1.248698876394861018e-02
2.284727213788111111e-01
1.236081382345427526e-02
2.121279385427015662e-01
1.264035879932802475e-02
2.259806715615545469e-01
1.202371376588863908e-02
2.126247589109804825e-01
1.263591078953962138e-02
2.256654019068707884e-01
1.194368709114088795e-02
2.116579114490796387e-01
1.230030694882437194e-02
2.253208359047989273e-01
1.263991101434699948e-02
2.159731505303753019e-01
1.250978541887122659e-02
2.222702553457679975e-01
1.236503469851142969e-02
2.169392580627370337e-01
1.226990021389933599e-02
2.220352244844894518e-01
1.270525700906931926e-02
2.185778496202765153e-01
1.230819243298712957e-02
2.196041344271192075e-01
1.262332627151352415e-02
2.207185927116397939e-01
1.248063496003200268e-02
2.192977865885054056e-01
1.274962931016700163e-02
2.216533523301252862e-01
1.264473961990422723e-02
2.183631434468363830e-01
1.215682787155617992e-02
2.191283323993238885e-01
1.245112545992188222e-02
2.198592470687517064e-01
1.238741386937171340e-02
2.197270611046815980e-01
1.275849636561914024e-02
2.207987414756829581e-01
1.230335417768546429e-02
2.173992209096858863e-01
1.194533851764112073e-02
2.189102077585231010e-01
1.275442172133714469e-02
2.219391823922315654e-01
1.266108985261767822e-02
2.180592510859977184e-01
1.220352728215124902e-02
2.185406805674118269e-01
1.226065631184908820e-02
2.192381924593599651e-01
1.245626189838653676e-02
2.199926374155061759e-01
1.242566551218112630e-02
2.181834424672548789e-01
1.206932162358741525e-02
2.182224734184717296e-01
1.218438727855400590e-02
2.199836840453663900e-01
1.241073335552960594e-02
2.194902908401659691e-01
1.264750829352797451e-02
2.206143066712948353e-01
1.238863098305253811e-02
2.187708939818419629e-01
1.270953774813832898e-02
2.219544828624897825e-01
1.249132341602157172e-02
2.171830540442538371e-01
1.210324299787768690e-02
2.200423307798614614e-01
1.237227347479941987e-02
2.191180239919739980e-01
1.257401782105820737e-02
2.213166137953497259e-01
1.225983738816312230e-02
2.173708079196036425e-01
1.249195840096107776e-02
2.215037636120302245e-01
1.262617420468541835e-02
2.183808336863761745e-01
1.233253864859853305e-02
2.195981131099862260e-01
1.220492994578070874e-02
2.197207297118085323e-01
1.266815697830017684e-02
2.196972807234064407e-01
1.196542485731503375e-02
2.174309902392865257e-01
1.273585913243787532e-02
2.228560278976775555e-01
1.251883310294772678e-02
2.179001199339355432e-01
1.262971726322826421e-02
2.222530165763990373e-01
1.260983668452713563e-02
2.185691391692694829e-01
1.275630183088465736e-02
2.220575110917482331e-01
1.256700925457558682e-02
2.181113368753682946e-01
1.206666277437085967e-02
2.193942128122791380e-01
1.267767273783421828e-02
2.208601404920587097e-01
1.252251383616528879e-02
2.184785123816429253e-01
1.209168858037422759e-02
2.195958015774500394e-01
1.250939427355805822e-02
2.199114859998850813e-01
1.251469172382265599e-02
2.199033484296100682e-01
1.226160861165583732e-02
2.186939210669602285e-01
1.242843198709698421e-02
2.201320805015256621e-01
1.245059660319848722e-02
2.187771814949772964e-01
1.232790064579566969e-02
2.197072907148098220e-01
1.242321212662040805e-02
2.191654760707648641e-01
1.234691133781395597e-02
2.185583279103462118e-01
1.206927190754355020e-02
2.180401872210049607e-01
1.222834924938904881e-02
2.199776544080277452e-01
1.263195190191024331e-02
2.200834238084145023e-01
1.235256362966642707e-02
2.197469746432423598e-01
1.266098401998892037e-02
2.202512947922319331e-01
1.208053960962569839e-02
2.174235507031246351e-01
1.265754820982236545e-02
2.220104114200475987e-01
1.248979236704996464e-02
2.168333452944802009e-01
1.189179315340153052e-02
2.197553819881006287e-01
1.273680315995956436e-02
2.211923060691035059e-01
1.260168913667846641e-02
2.187052880634382523e-01
1.217126572663042826e-02
2.182799682323445511e-01
1.238615796022791982e-02
2.205677796649746225e-01
1.253183815469447598e-02
2.195972644350969727e-01
1.240082322164773321e-02
2.194970257772740907e-01
1.259137797643006783e-02
2.205471099782059519e-01
1.258583080323141812e-02
2.196550550235039645e-01
1.262817895456087164e-02
2.200050537397302830e-01
1.210715183890583024e-02
2.167326150240229121e-01
1.225024963642068476e-02
2.207055726330082179e-01
1.268316921783163576e-02
2.195437436995920644e-01
1.228598676139927570e-02
2.194757124293774120e-01
1.263171164525854484e-02
2.201993182545471106e-01
1.242897612697285020e-02
2.195066293490837983e-01
1.278226100629893669e-02
2.213919627725211559e-01
1.247545678800807134e-02
2.184370374282570415e-01
1.222076839357896620e-02
2.194031904383800524e-01
1.264938905484878223e-02
2.207115257424468457e-01
1.239942945327819797e-02
2.182378691222578715e-01
1.236416225567713544e-02
2.195154214048753161e-01
1.209557108804998511e-02
2.175789588854432077e-01
1.220052845502638331e-02
2.206626636551970999e-01
1.260236041633094189e-02
2.194716228299557759e-01
1.245073053122246892e-02
2.198215838712900272e-01
1.267467764917511175e-02
2.206351379710952687e-01
1.236167397404165300e-02
2.175858753683281577e-01
1.222576191552093329e-02
2.203685550637054513e-01
1.219470532173443783e-02
2.176516727412531049e-01
1.215837652955015225e-02
2.208182135870762897e-01
1.235842239226279948e-02
2.178842782831292291e-01
1.241059746736365710e-02
2.203191439128973916e-01
1.224967948603012183e-02
2.175572787562118915e-01
1.212144247539410566e-02
2.204467713933525586e-01
1.261026321087432150e-02
2.197122072522539327e-01
1.232496298425748288e-02
2.200611588379497441e-01
1.268677517074020406e-02
2.202477045536965494e-01
1.239568473952677545e-02
2.183532210769703885e-01
1.263071894389703603e-02
2.216652594196595605e-01
1.229069456013669182e-02
2.171645671244035736e-01
1.234060675845333882e-02
2.206310480786400074e-01
1.224819084338444122e-02
2.170361551898248031e-01
1.227744416641217244e-02
2.211062027787925044e-01
1.258249372986156023e-02
2.192991332197432031e-01
1.262411480676196851e-02
2.205334374453558066e-01
1.251581216068744541e-02
2.189048982744467020e-01
1.252854839456071789e-02
2.213623896389110557e-01
1.264546008751893380e-02
2.197059535342273939e-01
1.262378440564755622e-02
2.206181516583812230e-01
1.223619943528602219e-02
2.169589307170537162e-01
1.215071845206755138e-02
2.208422572077650692e-01
1.214269496591092665e-02
2.175201061600142705e-01
1.264448906396029720e-02
2.233120989411688517e-01
1.253920826539703381e-02
2.171889739149832910e-01
1.258915236875471008e-02
2.220627312786943031e-01
1.224438742577771758e-02
2.168030678830908664e-01
1.253986096178603959e-02
2.227743670734731729e-01
1.260010233717494960e-02
2.170987580990671184e-01
1.211937506053598415e-02
2.200937072749080681e-01
1.265575977972541871e-02
2.202968485854794323e-01
1.250039488810259641e-02
2.184759840661228969e-01
1.213774939509071338e-02
2.194387436479238174e-01
1.276525581288707328e-02
2.214573641423543959e-01
1.247414242941680823e-02
2.178898719453752075e-01
1.209333452898704933e-02
2.190618354542185342e-01
1.265551410518179348e-02
2.212622021939694150e-01
1.222144847954315452e-02
2.179446023580556835e-01
1.241812414647810482e-02
2.211642373525659344e-01
1.228247090618115982e-02
2.180080078060545601e-01
1.266460300204887840e-02
2.225805270601320385e-01
1.228276794916127214e-02
2.166732159172616301e-01
1.271208435363582051e-02
2.222946328098084345e-01
1.196511246007096047e-02
2.146606101407860234e-01
1.223195067403211149e-02
2.218070416963082991e-01
1.203160503093730037e-02
2.161640712524365571e-01
1.271075970056537857e-02
2.230914473810215459e-01
1.210626797612546213e-02
2.156595784448216979e-01
1.260804407297373003e-02
2.234177407375188273e-01
1.262456665211850182e-02
2.165813794167156248e-01
1.220423420220972596e-02
2.201881832646018500e-01
1.206989538470951834e-02
2.175897678183905670e-01
1.210032134443662574e-02
2.191389813307555723e-01
1.250189441739481440e-02
2.201004563470799757e-01
1.241454083923844952e-02
2.192978916809402989e-01
1.256858762779963778e-02
2.213500493177991413e-01
1.214847448617753338e-02
2.170908129108040652e-01
1.263465796768219879e-02
2.220027233985897852e-01
1.218647812903219871e-02
2.162580230299840645e-01
1.268209699814980274e-02
2.229191366840374278e-01
1.232449084201595220e-02
2.167451455289005346e-01
1.274541493800317171e-02
2.234322149040051941e-01
1.219349193698257214e-02
2.161366816430639048e-01
1.256625690451151217e-02
2.229300866036424411e-01
1.248246984482982887e-02
2.167940944185777208e-01
1.204298677905990891e-02
2.200569165322557585e-01
1.280355478830114135e-02
2.203266062557167060e-01
1.218029996615715461e-02
2.171190202230679767e-01
1.224296569993598045e-02
2.200037745718758375e-01
1.191743134518458667e-02
2.178874944483549791e-01
1.269510172569435907e-02
2.221757336680456885e-01
1.259282272160109489e-02
2.178989359929945913e-01
1.255427900260461076e-02
2.210773982742732513e-01
1.255219580294369974e-02
2.190158195160760157e-01
1.235423305847778430e-02
2.195955752592913812e-01
1.246113386258948866e-02
2.192561235856423374e-01
1.220400077762762159e-02
2.174854597790245037e-01
1.207448620772914871e-02
2.197151388563682584e-01
1.259882072591424207e-02
2.209509387383079282e-01
1.235074634398283105e-02
2.182272983230066632e-01
1.230111457778721232e-02
2.196951891729765627e-01
1.257283478370578578e-02
2.204613013796568044e-01
1.243942517915832408e-02
2.188855981851356436e-01
1.265450251156826494e-02
2.209463147842855579e-01
1.241518311140801453e-02
2.178754357952896459e-01
1.233836480358031090e-02
2.214905507741863622e-01
1.230646259506049806e-02
2.173910235367658150e-01
1.249137208705897693e-02
2.215431764546171856e-01
1.265047470859396311e-02
2.186775980731598401e-01
1.230695008465003230e-02
2.196150800637910461e-01
1.267297589544957859e-02
2.210209108789404353e-01
1.256529385551579531e-02
2.190158575498994120e-01
1.232666841249320522e-02
2.196645126618374244e-01
1.270196987942033562e-02
2.204565839149330575e-01
1.227044398855336137e-02
2.179067530242211892e-01
1.249373143542892133e-02
2.213025348172085460e-01
1.251771638527138242e-02
2.189706131113214882e-01
1.271164850450143269e-02
2.214045755611609434e-01
1.236284641823248709e-02
2.176470201437996077e-01
1.214423232146704182e-02
2.198699087919292472e-01
1.242094933876433487e-02
2.193649729589376984e-01
1.268037204745433091e-02
2.199748406975993720e-01
1.204880674257338170e-02
2.179665130355767089e-01
1.255704266577892247e-02
2.213668818535225180e-01
1.238498926336620114e-02
