6.484853539373015563e-01
5.074198896647022505e-03
3.125061723178882561e-02
1.235095909818897109e-01
2.577381349727915216e-01
6.259828244570334738e-03
1.149672674855740234e-01
4.987446334705288031e-02
8.697685834663176907e-02
6.095077172210862371e-02
7.987306767262312979e-02
6.547713293952180102e-02
7.700883899236080077e-02
6.664846730384910156e-02
7.593568066250508397e-02
6.762388632833872537e-02
7.536318705822157848e-02
6.793340039341057290e-02
7.490196334848887860e-02
6.822823991475018834e-02
7.452331430426471781e-02
6.971839160195585083e-02
7.259343820726665841e-02
7.088364654069359561e-02
7.247281834118257660e-02
7.040858960854225190e-02
7.286324317508305337e-02
6.984103417338197173e-02
7.322194940293393073e-02
7.061079511046172708e-02
7.150939211208841295e-02
7.199597559818941839e-02
7.076795909205746415e-02
7.220043322726245327e-02
7.058883601489204795e-02
7.209751256706514733e-02
7.137863232069197039e-02
7.158300755253198255e-02
7.193672702340120351e-02
7.050047877036721977e-02
7.308916292464665010e-02
7.003739085412119536e-02
7.295216016307319584e-02
7.029173612258697579e-02
7.300528691570860873e-02
6.989798123078042047e-02
7.277710409144731718e-02
7.058479714437489172e-02
7.227136663617883539e-02
7.120890977366459151e-02
7.117552073123134537e-02
7.220588784982800989e-02
7.120576971530287458e-02
7.212179327368151149e-02
7.053410783667546369e-02
7.210650344523256150e-02
7.147853940467417677e-02
7.093228945309418276e-02
7.247909891755720257e-02
7.034113753716469963e-02
7.222933887631617644e-02
7.036836008963455458e-02
7.338411547052499373e-02
7.018649193448585344e-02
7.200657960550968517e-02
7.157024766673131255e-02
7.107010223780152458e-02
7.164318624725979356e-02
7.158704382013886258e-02
7.103935316268017441e-02
7.244450427321540154e-02
7.009174333982408356e-02
7.243260559489463069e-02
7.105151665504116920e-02
7.208343436498446111e-02
7.088277318902627688e-02
7.288644752175517383e-02
6.977093827589872510e-02
7.271118842138116212e-02
7.039148978223155884e-02
7.294647729839165429e-02
6.972263988968369075e-02
7.288771445129776927e-02
6.989085020073979027e-02
7.334610352131326616e-02
6.967302520723359094e-02
7.326793514841198340e-02
7.016565854275992609e-02
7.293473374663722586e-02
7.032100456809631250e-02
7.291108660776432493e-02
7.009506257581689381e-02
7.259772456004043306e-02
7.062036547855546353e-02
7.235368298060390613e-02
7.106204940099281053e-02
7.232396508618277320e-02
7.077028234014884345e-02
7.223951383460414100e-02
7.113605903554483245e-02
7.176645929505559574e-02
7.151427267009710653e-02
7.101343489928388375e-02
7.185403931707526337e-02
7.151956655526460482e-02
7.125304904191913369e-02
7.193617316528333472e-02
7.167228798787034227e-02
7.088121729832783102e-02
7.227883701318336962e-02
7.117773338913641057e-02
7.194207145280531734e-02
7.126651864824147531e-02
7.150447332104803433e-02
7.175775208867253563e-02
7.142902324204977726e-02
7.191730097584854431e-02
7.062377340480109622e-02
7.287374286922965183e-02
7.030590695384615618e-02
7.253623361718404550e-02
7.111936221872425246e-02
7.148990823273787543e-02
7.100083056935282966e-02
7.250433291185796880e-02
7.025043404868740182e-02
7.316814812888287889e-02
7.001128333739756182e-02
7.307691011482160548e-02
6.995564811786901538e-02
7.255538481618914459e-02
7.107178401288145875e-02
7.193185524637857320e-02
7.143675175817759682e-02
7.143292257345039420e-02
7.160576421271490355e-02
7.088758101257248978e-02
7.283228750343723190e-02
7.057702538650410806e-02
7.201966457820374590e-02
7.095105816261733367e-02
7.197673383757251242e-02
7.074112425879730548e-02
7.259530516912220122e-02
7.036607141691016143e-02
7.236253980548604248e-02
7.095441952527895002e-02
7.205580775961256679e-02
7.073792543916224140e-02
7.248172808072683715e-02
7.039011333500341805e-02
7.223677992022024819e-02
7.084409930936481914e-02
7.247966302389846627e-02
7.085443433102861510e-02
7.188259081211617607e-02
7.093811185471471381e-02
7.251767149965809844e-02
7.041327460179799824e-02
7.284596466920204016e-02
7.050300819322502521e-02
7.211878770311309916e-02
7.092555472660472260e-02
7.143548870425209252e-02
7.184623750920160479e-02
7.151594914089759447e-02
7.171103239592298284e-02
7.113091536581139795e-02
7.182249193844814084e-02
7.080068364213072674e-02
7.271978082847024849e-02
7.002305336302167005e-02
7.244486924289068874e-02
7.098287805752345747e-02
7.228643539543395946e-02
7.047551472603394429e-02
7.301676823798974869e-02
6.962044824069819893e-02
7.354328704795286276e-02
6.968252537998932683e-02
7.288175022902623756e-02
7.028679784563469923e-02
7.215196937225948348e-02
7.099411230087367131e-02
7.192422050357845376e-02
7.092346843006172574e-02
7.255437719973124866e-02
7.062317331837246470e-02
7.251291778212688721e-02
7.032128121115881203e-02
7.244924839936697780e-02
7.083350321375411762e-02
7.195424447858013439e-02
7.110853068298721158e-02
7.169341425487744945e-02
7.147371508035171850e-02
7.185715078355461860e-02
7.139449213242268777e-02
7.163314581722179941e-02
7.154464157773511579e-02
7.149950190479434364e-02
7.093171359294042633e-02
7.234370902322370678e-02
7.036109477828328407e-02
7.298211207784008336e-02
6.984873189335612242e-02
7.256988610703071774e-02
7.143833847421636463e-02
7.082987650811488345e-02
7.276886018636721798e-02
7.051708508490289740e-02
7.292054196079351958e-02
7.041784602086322009e-02
7.250236962946873809e-02
7.069258882691425994e-02
7.295913133893641711e-02
6.978670623130658890e-02
7.332333314314862238e-02
7.024775135738624277e-02
7.196645523739672590e-02
7.178710058970202978e-02
7.139518645501924388e-02
7.188159647480690806e-02
7.110157223192756226e-02
7.160023064061872555e-02
7.128449225126309852e-02
7.152319318625272038e-02
7.154621284915159418e-02
7.108495279171112013e-02
7.233912071636454388e-02
7.036637666704761984e-02
7.227201202079777675e-02
7.067369535825472615e-02
7.171853474232621484e-02
7.184395655397921021e-02
7.098863172621291961e-02
7.259723527296949031e-02
7.022625188102087079e-02
7.261829345663484148e-02
7.026060499538923365e-02
7.300452174434522712e-02
6.999747355285040884e-02
7.233748057458673497e-02
7.124872508683935401e-02
7.130116221173998792e-02
7.154526859431252495e-02
7.107167158460010736e-02
7.236790041526150463e-02
7.048940201898390434e-02
7.281073374951801958e-02
7.031717886045321664e-02
7.259868440259238664e-02
7.143768327297966847e-02
7.099963240815271304e-02
7.175760811270612272e-02
7.101814523232959087e-02
7.266067519538843555e-02
6.992117351039509043e-02
7.317070894246534285e-02
7.055117344949995983e-02
7.200197424066505369e-02
7.097387371650842880e-02
7.185355426826886549e-02
7.154292623613089930e-02
7.155105517288312678e-02
7.105876273035437174e-02
7.199412561088096296e-02
7.081139835390105886e-02
7.276724695080660776e-02
6.993776320826561310e-02
7.318987370430830863e-02
7.015942004679764921e-02
7.213505587805958685e-02
7.168989335006042962e-02
7.144700200222728337e-02
7.155976575954223207e-02
7.159026803247905968e-02
7.121866089574133141e-02
7.179992605236075465e-02
7.162484914914878098e-02
7.094096221392004464e-02
7.195839404670803519e-02
7.170814507398080850e-02
7.111523341278702670e-02
7.241607998399771096e-02
7.004379166066332374e-02
7.296052558695695356e-02
7.043045616643028861e-02
7.265852715393907035e-02
7.023101898220832084e-02
7.270075205558482190e-02
7.010205384604602241e-02
7.311043289165991554e-02
6.994128063749502355e-02
7.221499511618074962e-02
7.148891213097535724e-02
7.126675471800654471e-02
7.215615926051674456e-02
7.063027315103409531e-02
7.254568030896360598e-02
7.064532595443516472e-02
7.285636575308372664e-02
6.990642040469073615e-02
7.315530483536879236e-02
7.023189588166232900e-02
7.287021048126428313e-02
6.991272235395171175e-02
7.264832314960578685e-02
7.133641035506656236e-02
7.132659275339120475e-02
7.158167238527482490e-02
7.132749159804135930e-02
7.151475318001396242e-02
7.107532694536315698e-02
7.214323501467871658e-02
7.123741361996953347e-02
7.143627365750360170e-02
7.136908235182294613e-02
7.160353008264394581e-02
7.104591624342684875e-02
7.218364637765660452e-02
7.112045122112112261e-02
7.201627646661880322e-02
7.116671921696127168e-02
7.120228245748240481e-02
7.201855001910556497e-02
7.092878768317793792e-02
7.141013726076200774e-02
7.211243764021131597e-02
7.121205096941345125e-02
7.225601470779291491e-02
7.099754224578018469e-02
7.216115309459338045e-02
7.102382160119331822e-02
7.204136584050939429e-02
7.102280022533276338e-02
7.219204348782978786e-02
7.101551520926902006e-02
7.207026160028809358e-02
7.158210571018620849e-02
7.070013583227817422e-02
7.307512769659674223e-02
7.004259418229907830e-02
7.360006447155455211e-02
6.917135631725837563e-02
7.307563934050823051e-02
7.102566430762061178e-02
7.128262122977316317e-02
7.243704772568033967e-02
7.017932693891135165e-02
7.322999148240258438e-02
6.960460911534607775e-02
7.356553754081901486e-02
6.948742420187259405e-02
7.359977803827617848e-02
6.952078360816055236e-02
7.289094125737799468e-02
7.015288436840050323e-02
7.307546305503105633e-02
6.979734958693709079e-02
7.328130489995880736e-02
6.957852892892113505e-02
7.381441033979888044e-02
6.908508474046182180e-02
7.371115110737558318e-02
6.908266185707669094e-02
7.412198369295576461e-02
6.904360705681820976e-02
7.316857258253038621e-02
7.058432578578942296e-02
7.156901897275319557e-02
7.205626732247848165e-02
7.075037632715681923e-02
7.198487347593042485e-02
7.080689993033642549e-02
7.245414469505737087e-02
7.097917067124477619e-02
7.206241633860403784e-02
7.089948323197985125e-02
7.216134846994735896e-02
7.125009651900293672e-02
7.161748442452518792e-02
7.200232641544548895e-02
7.064250645858442812e-02
7.272484303794925220e-02
7.027194932910513225e-02
7.215542657402981841e-02
7.160980471149898385e-02
7.092322249707826154e-02
7.154204989446888430e-02
7.229147990691911496e-02
7.076647505193581211e-02
7.245187035069973469e-02
7.092024630632844107e-02
7.184222175694884860e-02
7.090838363379739495e-02
7.185408146470817492e-02
7.101050782917717186e-02
7.209538052334418801e-02
7.118855277154466366e-02
7.131946208003425713e-02
7.180857706291511600e-02
7.100632843129903171e-02
7.192877931824676052e-02
7.093007131817569144e-02
7.236520432010512538e-02
7.097666243825877241e-02
7.165411603391089179e-02
7.126589632596180834e-02
7.129966462062195531e-02
7.154324133207105862e-02
7.126809573367769157e-02
7.131373561091755575e-02
7.253691745188588225e-02
7.009992780363619169e-02
7.230997880395906297e-02
7.185519620713111399e-02
7.046680974263351549e-02
7.246475400561575020e-02
7.090549574396828869e-02
7.239971124616020881e-02
7.101904664714933646e-02
7.221437220182173877e-02
7.078478845870955771e-02
7.179427483332857796e-02
7.177872133651755360e-02
7.084014918503495073e-02
7.184889286374911144e-02
7.177988764661397125e-02
7.053794990677988985e-02
7.285502435998009174e-02
6.997228112709306946e-02
7.326497803100531780e-02
6.998996574948723737e-02
7.363056532734550685e-02
6.932763225517400707e-02
7.375106217976121203e-02
6.921489037459199745e-02
7.389655930045936627e-02
6.917653727407228892e-02
7.297851797528515094e-02
7.079288288012690333e-02
7.193342859511561715e-02
7.158471749791871230e-02
7.143902394578985349e-02
7.211655770885663785e-02
7.053692280475007403e-02
7.274324141571800184e-02
7.027098877360750395e-02
7.288636837697359816e-02
6.974944143936526175e-02
7.336889879007638116e-02
7.044127905491086306e-02
7.265053441711769033e-02
7.043077452757134926e-02
7.214914955539597496e-02
7.111740753675768745e-02
7.147100344242023062e-02
7.174297243738664287e-02
7.145986213940347387e-02
7.173638798809862938e-02
7.188194574132616976e-02
7.073295686263428306e-02
7.260718815292446782e-02
7.074711829720642386e-02
7.207927305522873751e-02
7.067337598781556207e-02
7.260982370596834323e-02
7.015454052717821909e-02
7.314789571356383746e-02
6.957996999419456541e-02
7.308227310273683608e-02
7.087815750712977980e-02
7.229813160253734106e-02
7.035351996979044564e-02
7.281833084306488235e-02
7.044914558554880857e-02
7.309067521351796104e-02
6.965402076064099168e-02
7.286458041080906556e-02
7.064839222387195306e-02
7.183115899679816396e-02
7.146741729774412633e-02
7.170991861470782380e-02
7.190736232150610197e-02
7.120085437941711670e-02
7.213982405139721110e-02
7.072469082792588735e-02
7.195031305058396942e-02
7.084880705615143048e-02
7.206306898732675603e-02
7.102780403385688945e-02
7.222518387922419181e-02
7.040319234198633147e-02
7.271985596428541532e-02
7.018939593940545785e-02
7.261613633406555079e-02
7.108385993395960334e-02
7.142240392939570859e-02
7.196680204205641029e-02
7.047909225951809464e-02
7.300182013306255602e-02
7.000686163872246737e-02
7.265941757064381390e-02
7.070422726770972388e-02
7.239834345815165939e-02
7.087331908600505437e-02
7.233109128138603960e-02
7.096138959008929659e-02
7.208258727518269959e-02
7.082989052277967323e-02
7.175972512268653791e-02
7.169957881496677454e-02
7.101008391012547660e-02
7.191554666928166861e-02
7.139407721937396367e-02
7.145106696349229347e-02
7.141547303685230608e-02
7.158725911760149829e-02
7.101430230524220788e-02
7.234851204096010013e-02
7.051415124701435055e-02
7.293206865844725773e-02
6.969730014611966173e-02
7.362750429410308550e-02
6.996915164047368130e-02
7.286674568910042615e-02
7.072603762884220602e-02
7.257182050487739899e-02
7.005043033125930851e-02
7.322249499969767095e-02
6.989628753445206732e-02
7.297498661068413384e-02
6.994971870113542156e-02
7.327273356174289487e-02
6.943634875219302505e-02
7.403129538852162850e-02
6.894306040130009083e-02
7.371126774031146189e-02
6.961205727906905061e-02
7.274925869438589321e-02
7.024021933987778521e-02
7.285134591681832750e-02
6.990849123803891119e-02
7.339382829628648963e-02
7.020193309748702648e-02
7.208147214282710491e-02
7.193428696281420343e-02
7.059931252688927961e-02
7.223167975985547717e-02
7.049205652615593565e-02
7.274972502562021548e-02
7.041330520480437727e-02
7.253780554008261439e-02
7.053231183860918241e-02
7.235461275254416458e-02
7.064930727371028507e-02
7.183805618661330550e-02
7.174323944105898132e-02
7.146956873095908214e-02
7.109257258831856718e-02
7.214093490678846754e-02
7.047633178005563437e-02
7.215914292832176224e-02
7.119491116335560643e-02
7.206030154894435547e-02
7.088385052830373234e-02
7.214752660251391725e-02
7.050047602852338446e-02
7.302698247959643618e-02
6.983663840637806264e-02
7.281545090115845720e-02
7.026089154181895668e-02
7.211891566709420498e-02
7.078454790908865479e-02
7.256741627173905751e-02
7.032120866400877468e-02
7.235995170037386182e-02
7.094133957425595438e-02
7.151923662728634778e-02
7.197772967011152601e-02
7.102347229246774862e-02
7.185822372039472883e-02
7.158335341377555783e-02
7.180128560482332278e-02
7.109667061558710976e-02
7.198266547594020515e-02
7.127848529673347366e-02
7.229648368469494824e-02
7.047399306514237627e-02
7.214503699255923885e-02
7.117660569809605708e-02
7.194640625978433734e-02
7.121662458335153989e-02
7.220530426528937173e-02
7.044378545910141842e-02
7.243265257106774879e-02
7.096741038738954566e-02
7.156708567466352200e-02
7.127710665334091589e-02
7.209622709533203277e-02
7.059624213091836298e-02
7.269061088455992803e-02
7.044005605860106933e-02
7.204307398361434189e-02
7.111125721409293499e-02
7.230395498895317297e-02
7.054523039920572447e-02
7.224405421325837129e-02
7.046283308591161365e-02
7.305986594832894476e-02
6.970615469076160697e-02
7.281211310924748381e-02
7.037579804541511941e-02
7.298643303016748296e-02
6.951772434774024234e-02
7.362599752009263421e-02
6.970980640998933331e-02
7.349200687246840169e-02
6.969611778878545549e-02
7.378307475954448691e-02
6.895452577357222279e-02
7.406743355780959215e-02
6.951259117674535304e-02
7.331956272256701101e-02
6.999735204170880187e-02
7.285949667115480810e-02
7.056065613473706810e-02
7.246219196825989806e-02
7.091566781506493389e-02
7.176016914690622195e-02
7.134779684059935900e-02
7.217365895233249229e-02
7.021875821079498481e-02
7.292953625990009070e-02
7.042953624399356238e-02
7.288847520986713180e-02
7.026076864745151029e-02
7.227275343412298270e-02
7.117064744334711257e-02
7.133741814506594503e-02
7.201296664667283798e-02
7.161983920440921636e-02
7.101403612351728234e-02
7.142729287804483462e-02
7.228067007576226277e-02
7.094497639756505714e-02
7.198066973117715761e-02
7.138507474462381375e-02
7.119056089479636196e-02
7.187331640452462866e-02
7.087415356484361162e-02
7.232536183636070759e-02
7.069532671216838260e-02
7.282909232783474351e-02
7.010989926090875624e-02
7.329340213062082721e-02
6.948290646160891482e-02
7.389882418411074239e-02
6.927297148354391587e-02
7.302354903423929899e-02
7.070240895797820502e-02
7.208266770716874328e-02
7.106279620000413577e-02
7.158021036880420074e-02
7.118049196983287918e-02
7.200645185995049880e-02
7.154311008683571227e-02
7.101199682834913318e-02
7.191783448460487005e-02
7.132196846778207644e-02
7.179766353805752677e-02
7.120432406464489994e-02
7.230301841318044487e-02
7.027025214858542701e-02
7.295582707738851314e-02
7.049113972795965910e-02
7.187704188554738804e-02
7.188508771368232186e-02
7.115938546521606567e-02
7.223366730570340843e-02
7.066583553976285570e-02
7.197339636900164372e-02
7.088369873378051744e-02
7.224004489605861945e-02
7.050660346458251238e-02
7.222922322302517684e-02
7.153034643753250488e-02
7.093529201494638836e-02
7.251948366665882106e-02
7.024231991624615978e-02
7.232000205583960506e-02
7.131044163265157221e-02
7.198859419976777474e-02
7.117926696235429840e-02
7.191808932474882954e-02
7.126316681581690293e-02
7.172829169454950082e-02
7.162842256188138579e-02
7.161173294176635673e-02
7.129095553158307230e-02
7.126419106931862479e-02
7.198415516050529761e-02
7.065916639173672187e-02
7.215791137906142627e-02
7.064940560756365062e-02
7.247685233760658985e-02
7.093266303967166175e-02
7.222827372482837349e-02
7.114310120211145283e-02
7.155432714706902453e-02
7.140009077201620036e-02
7.182522661275707321e-02
7.099483000135158040e-02
7.197054487023381297e-02
7.080136460594160797e-02
7.190888013631259457e-02
7.109038183213269024e-02
7.166620260175465829e-02
7.198798069428255508e-02
7.055881486620604881e-02
7.226249473120696654e-02
7.116246108724749719e-02
7.137394471357827452e-02
7.183735963732165719e-02
7.072378614206795144e-02
7.252202324444233239e-02
7.056403620470863558e-02
7.254812263985757625e-02
7.061861684472889311e-02
7.300810998486922943e-02
6.977148572762373324e-02
7.280453220842994511e-02
7.086260975799177353e-02
7.152472369716102174e-02
7.194614208680996659e-02
7.091441743556797794e-02
7.186705595051305628e-02
7.160695718286391731e-02
7.086202678694759893e-02
7.230340813454073923e-02
7.107881686702187396e-02
7.206478247760669809e-02
7.083911026552952572e-02
7.196498155938599317e-02
7.082197701814899049e-02
7.234233996897138086e-02
7.066906669899858384e-02
7.236617481808962915e-02
7.051278239186346830e-02
7.310171812351042020e-02
6.975854186789032241e-02
7.300080296383425205e-02
7.000460715985934446e-02
7.254456848267970548e-02
7.082902616310270127e-02
7.201144827921496239e-02
7.135525723504368423e-02
7.145830904341275713e-02
7.209317086492393611e-02
7.098753367779232770e-02
7.177220719047285036e-02
7.112288299479051223e-02
7.234254897224734471e-02
7.007710655892283869e-02
7.304661495500416879e-02
7.046762124970583352e-02
7.240577879285546581e-02
7.049464978447718411e-02
7.218179468692330347e-02
7.062666654923102638e-02
7.232236004677705665e-02
7.114190618958396439e-02
7.134924603687121947e-02
7.168689375273862296e-02
7.179676934608131278e-02
7.136623288056025138e-02
7.122809498450585752e-02
7.198050654622706324e-02
7.126020680220804260e-02
7.192443627663772099e-02
7.117516977830554148e-02
7.210488766864439625e-02
7.041660939194348268e-02
7.300209757754438922e-02
6.952790603133988945e-02
7.417946199678708552e-02
6.862334685650732513e-02
7.397316084847999074e-02
6.908549028477396770e-02
7.341621025416111834e-02
6.957558179797343478e-02
7.362688112527562834e-02
6.984183309497918324e-02
7.294391462135563220e-02
7.071523502692714236e-02
7.170170050992533128e-02
7.173620396510183017e-02
7.117503018417947747e-02
7.133137831704371157e-02
7.239123348604420416e-02
7.150403349007000697e-02
7.101920455649167463e-02
7.182376436303690437e-02
7.135515288046896665e-02
7.195079494972342338e-02
7.079674406151593991e-02
7.199682511961753850e-02
7.064565152191008834e-02
7.248274933914157503e-02
7.096953993548001105e-02
7.195493588483531378e-02
7.098852620408252490e-02
7.236645700175153850e-02
7.003395885561598810e-02
7.373760244975584299e-02
6.935105411971592693e-02
7.380414142166627500e-02
6.922396978003003687e-02
7.316213991888524670e-02
6.997842654526309492e-02
7.319058804480263469e-02
6.991024740151222105e-02
7.322486690606452853e-02
7.033234388581820207e-02
7.212369620355761624e-02
7.087040600975903770e-02
7.173282829505367442e-02
7.186671006723038824e-02
7.057860179547174873e-02
7.278824749148878059e-02
7.001415191234464097e-02
7.235503553186337089e-02
7.151895464279092729e-02
7.100440741615166029e-02
7.175848914677418477e-02
7.110989795749168840e-02
7.222728410261475274e-02
7.070141372676769231e-02
7.182737593301799506e-02
7.150289260193290475e-02
7.170572396830891815e-02
7.174451290972690132e-02
7.105688024197068242e-02
7.149071523329894595e-02
7.201163511342384416e-02
7.082008193485953007e-02
7.216180957345044722e-02
7.072554226193625282e-02
7.186635730762533369e-02
7.093288359589147718e-02
7.241406304014608164e-02
7.093890479579634256e-02
7.199289674734196676e-02
7.147393840786719910e-02
7.143005113961439778e-02
7.153288418300102203e-02
7.185093818697907420e-02
7.057098010686513323e-02
7.262260948924391391e-02
7.069998181774175827e-02
7.155187768522683345e-02
7.165408738827372392e-02
7.169156205346594035e-02
7.140862915471772598e-02
7.196345419890849693e-02
7.117030924899697686e-02
7.218932227130350765e-02
7.035175160269115102e-02
7.291689714929701360e-02
7.009409933623965416e-02
7.290581178213655089e-02
7.032127139853457110e-02
7.249497836648907678e-02
7.023925893569910039e-02
7.321345097373280209e-02
6.943932079602768703e-02
7.408819768961663610e-02
6.926238233512489739e-02
7.380644123958385316e-02
6.922973211680910621e-02
7.311627495291925238e-02
7.086922223802923082e-02
7.159038677552645447e-02
7.137323550415081153e-02
7.165019697398605780e-02
7.134420211786415833e-02
7.127867426069697809e-02
7.202468273211348748e-02
7.140821127820964898e-02
7.142563295322072736e-02
7.120523611258497421e-02
7.132047733647045584e-02
7.231394173793190272e-02
7.109588964341709283e-02
7.172473323728560668e-02
7.109721828522319598e-02
7.174298559888657445e-02
7.122045081737195249e-02
7.197126414644296200e-02
7.123531700374891029e-02
7.167996652510995326e-02
7.175390396385679381e-02
7.063620263978498404e-02
7.283459574754291843e-02
7.068134631941688784e-02
7.159039630826792566e-02
7.196929930302600753e-02
7.134241481228831283e-02
7.089866759463708812e-02
7.296567401429863986e-02
6.997632603149957220e-02
7.315344294990587526e-02
6.955244077964663207e-02
7.362201382610628064e-02
6.940651981333560705e-02
7.353349915809044568e-02
6.997818178929390842e-02
7.251124271047734715e-02
7.116847047665791903e-02
7.115841757695487435e-02
7.188963781300684863e-02
7.185048450821646115e-02
7.063164965964284503e-02
7.305336819189553466e-02
6.963031971439768986e-02
7.356293289348811437e-02
6.954837452924111929e-02
7.290866950079949449e-02
7.028227758793226254e-02
7.210405171719333484e-02
7.189290831655308078e-02
7.040186292646111177e-02
7.252005772812217255e-02
7.049333986707574662e-02
7.263662546128052400e-02
7.068592411842671008e-02
7.240440714763923813e-02
7.118862420802858637e-02
7.112015897049706048e-02
7.211385945034159972e-02
7.118647075842969574e-02
7.193059087009476271e-02
7.084283886476716585e-02
7.185172323620012125e-02
7.086268612292684344e-02
7.282747684903378982e-02
7.027936918305582870e-02
7.303032046505913977e-02
6.993091753722724402e-02
7.233144216842116170e-02
7.134050869762620373e-02
7.131493116272608068e-02
7.131596589779706785e-02
7.182264923346314001e-02
7.070529091075677952e-02
7.294010393244994284e-02
6.984449834707852356e-02
7.285846090284875398e-02
7.015439902406478412e-02
7.284207254005690968e-02
6.984296031502733315e-02
7.321312786202334444e-02
7.021070446809647703e-02
7.351857592658009311e-02
6.937080206312902508e-02
7.325622147759586200e-02
7.029976583940805712e-02
7.300630358939111386e-02
7.029584425929841229e-02
7.267443715554240680e-02
7.044974259105261927e-02
7.252605672553241734e-02
7.090713764998593516e-02
7.154014576170417139e-02
7.206141997294840396e-02
7.083094583746539497e-02
7.182178589451321260e-02
7.165147953913125756e-02
7.103221184358478324e-02
7.224788383935325242e-02
7.094009766728667787e-02
7.222293853060518520e-02
7.107421168143006340e-02
7.136163893782324075e-02
7.163016598383961653e-02
7.147465643323205886e-02
7.183564716350634982e-02
7.085363735448139966e-02
7.234642035674362925e-02
7.087348348337521586e-02
7.235422743840551341e-02
7.033831008384472394e-02
7.240263366452676097e-02
7.090339374061656319e-02
7.194915814387210784e-02
7.145085287497073001e-02
7.161768643643998122e-02
7.167301579626708663e-02
7.149398858667981027e-02
7.123987680949715739e-02
7.167921826478215741e-02
7.099380718952466585e-02
7.188899016237960959e-02
7.151501270971799551e-02
7.164903383521784019e-02
7.195029909128330958e-02
7.067179809801790724e-02
7.207847347996371168e-02
7.152716447333894167e-02
7.080824284989867268e-02
7.270813475293991246e-02
7.014630627328670431e-02
7.230443627870586365e-02
7.124968207067199077e-02
7.123793586064092187e-02
7.176243431608156365e-02
7.118836422888610849e-02
7.213199831643318793e-02
7.062985849779995773e-02
7.232842396942720797e-02
7.044014883432471452e-02
7.264955823584098860e-02
7.013474206712147496e-02
7.305087165203690003e-02
6.965204156900556276e-02
7.364290332777842507e-02
6.978883207732475280e-02
7.351735183810767515e-02
6.934688419273862814e-02
7.317222569503611940e-02
7.047198702417281635e-02
7.233827903696740669e-02
7.045364357891026330e-02
7.281835888346338548e-02
6.962080468988607329e-02
7.390364669265045428e-02
6.880900949339172068e-02
7.469026733918227023e-02
6.902180935018403796e-02
7.348064799482081910e-02
7.008081258650029899e-02
7.296733274802399971e-02
