1.621443847982981801e-01
9.203685131491695648e-01
4.726936288595725566e-01
7.438449683802772494e-01
7.195727989002220770e-01
4.843988924081643055e-01
8.735305512878415168e-01
1.790511894505399382e-01
9.225108160374828614e-01
1.229996992199514222e-01
8.635557859063719421e-01
4.149869669203347100e-01
7.067177331453806666e-01
6.511514045365908165e-01
4.724318781351536933e-01
8.019051980881940489e-01
1.914871479053689984e-01
8.561047109156372237e-01
8.915740404967102684e-02
8.102778092931225418e-01
3.649378902066167663e-01
6.717834859491553789e-01
5.895781171703811108e-01
4.592279548939464107e-01
7.355823101023161170e-01
1.998926001086801518e-01
7.921534672806872512e-01
6.007470198033078301e-02
7.570933066225333796e-01
3.175258993238398442e-01
6.360369485884381779e-01
5.303279655239111490e-01
4.447531716654851697e-01
6.748390941940543009e-01
2.077947978076392921e-01
7.369845850748608651e-01
3.417121034322286033e-02
7.100098702649448867e-01
2.748257740250974468e-01
5.997894879788479017e-01
4.735579021216980156e-01
4.256739560141479806e-01
