4.633770383300783724e-01
5.325669706718686447e-01
9.641304594957595953e-01
3.731417060197840807e-01
5.856749103302049120e-01
9.238681348251596148e-01
2.851341498858098733e-01
6.314592918890722384e-01
8.808925397734734819e-01
1.999587995881583757e-01
6.711867676350833367e-01
8.334872351028004278e-01
1.180587740829462107e-01
6.999611489740314996e-01
7.793780198591959696e-01
3.944923078998015253e-02
7.231427780740902200e-01
7.241492945663929870e-01
2.308862318666833266e-02
7.402428430538281479e-01
6.649287463201252191e-01
9.387062602193455008e-02
7.446219520321937235e-01
6.008655490154594103e-01
1.599394387760277036e-01
7.476107799215805372e-01
5.380678236614344634e-01
2.214314430806862688e-01
7.435840163294175076e-01
4.742473238374783073e-01
2.776760145953828252e-01
7.336730078965132407e-01
4.089055830990083740e-01
3.273268835298749901e-01
7.122673791257440046e-01
3.410087272190241992e-01
3.700372711993060726e-01
