7.360074740640868418e-01
1.989059430267715034e-01
2.116251347569751001e-02
2.571119896695485685e-01
1.429887223083979864e-01
7.239526706708748760e-02
1.364152144747731721e-01
1.229205070283917872e-01
1.115906221326747189e-01
1.183230362618553771e-01
1.201484374225964824e-01
1.163130322259846861e-01
1.182493441467840356e-01
1.182203392454530683e-01
1.176165823945815453e-01
1.177352553516880784e-01
1.183962288101532978e-01
1.168130150134415873e-01
1.187686613740053937e-01
1.178069067894686739e-01
1.181335809224642874e-01
1.173221063964090261e-01
1.183007359409963821e-01
1.186048535770433676e-01
1.172701973910140194e-01
1.175804757601972284e-01
1.178018846637360340e-01
1.177294804165033154e-01
1.185164708706349379e-01
1.172407698690549616e-01
1.174944937003660206e-01
1.189388639450824348e-01
1.170177905516971151e-01
1.176670836164561973e-01
1.191404824953957720e-01
1.169673852296484740e-01
1.179871710029456872e-01
1.177800417309825265e-01
1.181736444302168010e-01
1.174772177462055367e-01
1.177379658982536936e-01
1.170578613893526881e-01
1.191319706388749844e-01
1.170877223753245266e-01
1.176376818245290778e-01
1.180771925110273707e-01
1.183114281650559096e-01
1.171781854290632197e-01
1.183336045778954626e-01
1.185797304412714581e-01
1.171620359625628605e-01
1.183902345819729529e-01
1.173508605533869487e-01
1.179832713596151994e-01
1.185051422664226417e-01
1.172657572366695988e-01
1.185247262489548536e-01
1.172694736390048897e-01
1.176603131448144962e-01
1.188669120818287295e-01
1.168175822805803954e-01
1.179375115046327194e-01
1.187125570908798833e-01
1.169796762591886474e-01
1.186031020758629984e-01
1.175083229023268228e-01
1.177708823020352097e-01
1.175107112158537276e-01
1.174446465441466719e-01
1.181078663125838812e-01
1.181932910321526614e-01
1.181054990223193990e-01
1.175870958646937359e-01
1.176332760582709247e-01
1.177514955664501622e-01
1.183066875456107725e-01
1.177175887595675596e-01
1.168025663811765869e-01
1.190094169377908517e-01
1.170906575740037481e-01
1.177095827924394267e-01
1.183386480046513534e-01
1.176001476824810044e-01
1.182984162429936981e-01
1.176117784274430117e-01
1.175992336916919928e-01
1.172574291858707457e-01
1.190849873271004888e-01
1.168650674226146546e-01
1.184976812711578537e-01
1.174026920975675403e-01
1.177875985926836178e-01
1.184684468268638047e-01
1.174163972076667922e-01
1.185694686813283938e-01
1.170067400620244807e-01
1.189340123163698526e-01
1.173605980263645598e-01
1.176804339563174567e-01
1.180015380160798211e-01
1.176338606039638579e-01
1.176665368755091673e-01
1.178069304404811279e-01
1.182328383290190271e-01
1.181155060010169872e-01
1.169849334344981451e-01
1.182755522651773167e-01
1.177627204109542580e-01
1.172569212727766208e-01
1.180003508468974449e-01
1.173589693352833641e-01
1.181293057091849508e-01
1.178306150526359231e-01
1.171937521372832802e-01
1.183096812146060411e-01
1.184962136635953067e-01
1.166106221148515837e-01
1.184611355606931954e-01
1.180303117739350816e-01
1.178958213397998944e-01
1.176957353838982423e-01
1.183262460801458027e-01
1.181516006114864681e-01
1.173656156107190374e-01
1.173495474693953822e-01
1.180912762235961921e-01
1.184683871710933423e-01
1.172991703021908083e-01
1.183100178504261774e-01
1.183455902867064924e-01
1.166181361076998324e-01
1.181246077869175654e-01
1.185902112342997194e-01
1.170166653998926665e-01
1.183612187361145901e-01
1.184289866018702064e-01
1.178047894484475777e-01
1.170092281472573104e-01
1.188025749828280908e-01
1.178406573825319936e-01
1.175011591903915020e-01
1.184941111401071057e-01
1.182083409538222940e-01
1.170700297558895792e-01
1.179616671263712946e-01
1.182563272963343959e-01
1.177382299723942760e-01
1.171569146340450812e-01
1.182409874291859009e-01
1.183783580613317343e-01
1.175104444247486446e-01
1.173640073355011193e-01
1.190230797065434526e-01
1.169454757634239561e-01
1.187957199742059461e-01
1.168917259412532994e-01
1.181816884732164175e-01
1.174393104005410082e-01
1.179051634540383836e-01
1.185983262449599590e-01
1.174396982444642357e-01
1.174767060438028921e-01
1.188195153771945400e-01
1.173425280791615954e-01
1.180874405058674192e-01
1.184769377897468556e-01
1.170666459444680563e-01
1.181010304902779806e-01
1.181924131596306660e-01
1.174412377899059223e-01
1.174164830101745577e-01
1.181325047386280469e-01
1.178447160053147924e-01
1.171629394693043946e-01
1.184958893061185681e-01
1.180803335664136478e-01
1.184015078658482711e-01
1.172270006981241675e-01
1.175934163428997981e-01
1.178994895623537986e-01
1.174171110249120908e-01
1.180963013518248755e-01
1.183146477927255746e-01
1.175777097150135925e-01
1.177475438888968690e-01
1.176524498281472098e-01
1.183290786590503463e-01
1.177000287451282490e-01
1.185394407350016388e-01
1.175627397942297925e-01
1.174891616641454417e-01
1.178405757071606663e-01
1.177753788395076440e-01
1.176596481878499911e-01
1.174077673734855165e-01
1.185898026934414790e-01
1.170143461820711828e-01
1.186310540934538693e-01
1.172341264377739778e-01
1.178850285690055538e-01
1.185369696630322600e-01
1.172116205174154602e-01
1.183874742016086945e-01
1.182746167239006052e-01
1.179234643295137830e-01
1.173228387735871930e-01
1.180751804793061244e-01
1.179915958462335879e-01
1.175139436010921856e-01
1.178324136519657284e-01
1.178782840359053896e-01
1.181032728415989941e-01
1.177056040332806336e-01
1.187145141223880096e-01
1.168505158009026101e-01
1.186649679683190461e-01
1.170798756943100677e-01
1.183823056972065496e-01
1.176531949110648928e-01
1.185099336274517273e-01
1.172400496905596501e-01
1.182004225901469446e-01
1.177595444720809931e-01
1.180474650427211641e-01
1.172363195032881528e-01
1.183805140602479794e-01
1.180074837695684470e-01
1.176128097333812711e-01
1.184774120232821443e-01
1.177044763733799820e-01
1.177314142180752032e-01
1.173128573521249884e-01
1.184576983437234665e-01
1.180047931686043217e-01
1.174749877630401063e-01
1.182544977468703296e-01
1.169194191005313299e-01
1.180786664534558272e-01
1.186435515844246336e-01
1.166964663674407710e-01
1.183917776527926291e-01
1.182408289093404979e-01
1.182880415939153440e-01
1.168425574700731467e-01
1.184701969156596313e-01
1.179996627422670585e-01
1.183299061204157454e-01
1.171318800127571502e-01
1.182234268226436957e-01
1.187661797670529484e-01
1.164782379467434598e-01
1.185931871181266084e-01
1.176512558306861966e-01
1.182834770592995632e-01
1.178739860028558961e-01
1.174545960547594137e-01
1.173402631663355566e-01
1.190106901222884594e-01
1.169712910687542573e-01
1.185433575375839099e-01
1.172601925872060191e-01
1.185105311546034157e-01
1.176247749298552636e-01
1.173654269826679697e-01
1.175611838991421770e-01
1.178535745341305618e-01
1.184256348732197206e-01
1.177381631665935791e-01
1.174283514927986355e-01
1.176285433073286646e-01
1.184032746756852744e-01
1.175086147473025783e-01
1.181935707684672043e-01
1.179754876534193087e-01
1.175682556104676035e-01
1.183168861261987281e-01
1.169862049965260942e-01
1.187926056944927367e-01
1.169895364184194569e-01
1.182291074706872946e-01
1.180691191591738132e-01
1.183396612892394506e-01
1.172407782572658097e-01
1.188761955276421284e-01
1.169052795566917491e-01
1.184357133575450055e-01
1.181464559398227032e-01
1.170515383175941421e-01
1.184850373174489713e-01
1.175763591612785930e-01
1.182984956386753522e-01
1.179131240774286271e-01
1.174983601282975354e-01
1.177554692307007655e-01
1.175177034825735517e-01
1.183651855226789396e-01
1.175464256174159755e-01
1.185280484273914803e-01
1.175647791394767994e-01
1.171758009563362846e-01
1.183508619934454248e-01
1.180494571342306787e-01
1.179533523193037337e-01
1.184215517462363920e-01
1.169578059612795123e-01
1.177639097216371111e-01
1.187958548930131142e-01
1.172413538118742549e-01
1.175434089334927157e-01
1.178065860893006689e-01
1.188932631829165143e-01
1.165723471181744908e-01
1.178391199804562778e-01
1.190876510168478453e-01
1.168553655796918112e-01
1.178044451070807963e-01
1.175197175267544691e-01
1.182011769070785978e-01
1.178193792651076599e-01
1.185469629838065975e-01
1.168019175518733022e-01
1.186914462446341245e-01
1.179647580843257992e-01
1.172178505818282090e-01
1.182098328366502638e-01
1.170416776437696038e-01
1.186143480736692180e-01
1.175824374044119325e-01
1.178608371952215711e-01
1.181021411842891194e-01
1.178558827782901358e-01
1.176720798621422731e-01
1.182167939318749250e-01
1.183704890426166834e-01
1.174667255128047094e-01
1.175646400983392792e-01
1.182237345101200821e-01
1.185691359860602256e-01
1.171442406837479855e-01
1.176516164011489896e-01
1.182601468006161949e-01
1.170105475400362999e-01
1.188284979944771308e-01
1.175888422005802042e-01
1.179117828225171305e-01
1.174317983853356145e-01
1.175914593397395513e-01
1.180237080744759304e-01
1.179887982413913017e-01
1.185848126454832618e-01
1.170825628591562750e-01
1.174381363504561487e-01
1.183691750693127570e-01
1.177479892921878546e-01
1.170835361255068152e-01
1.190105524036571966e-01
1.169541662574231505e-01
1.179255348412933113e-01
1.178880059851274698e-01
1.185062136295533530e-01
1.170199563600431286e-01
1.184989559479282806e-01
1.180676053275366427e-01
1.182330449298665959e-01
1.169468646252789096e-01
1.182830431770720142e-01
1.183396759035938994e-01
1.179316108466696711e-01
1.174214472923375829e-01
1.186662679256594854e-01
1.170404506483411072e-01
1.177587792310376552e-01
1.190911290094674446e-01
1.170720449013911979e-01
1.176434340350293040e-01
1.177995804915754480e-01
1.185402807672123748e-01
1.171502587200591583e-01
1.178838363402669454e-01
1.173409761966103526e-01
1.183624079996191403e-01
1.184014985803811537e-01
1.171603863133861140e-01
1.173358346444687283e-01
1.184338623940624224e-01
1.180240965895111432e-01
1.182581776775308846e-01
1.174273104101567905e-01
1.173812637292635241e-01
1.181224937223536997e-01
1.181405340468303644e-01
1.181093403392210195e-01
1.171940836570428413e-01
1.180104983381737027e-01
1.181141240840710566e-01
1.183188779618230824e-01
1.170116812174510634e-01
1.178588613111890560e-01
1.185409596009613931e-01
1.174097463539214431e-01
1.182248501673208163e-01
1.180810839893027542e-01
1.176943280963065747e-01
1.176345889697653357e-01
1.177562922924666328e-01
1.178820796545036464e-01
1.183064479714837219e-01
1.171960793727582495e-01
1.177057795120231010e-01
1.175019857356620068e-01
1.186136270520016522e-01
1.176387765883750158e-01
1.180199885520832326e-01
1.172951542252006485e-01
1.188683699649071279e-01
1.170524452724822223e-01
1.180787150293614168e-01
1.183691886380435904e-01
1.167709967959439099e-01
1.185308899903234903e-01
1.177874362554739152e-01
1.183887274809546364e-01
1.168435629838261991e-01
1.184678040923646536e-01
1.180987467221748660e-01
1.184967214462819551e-01
1.171007925649778236e-01
1.174387246088412773e-01
1.186694475880261390e-01
1.172378393241320094e-01
1.172643027999443061e-01
1.185022343327619965e-01
1.176162455275095442e-01
1.178122225478869245e-01
1.177293892635899175e-01
1.183020367548492935e-01
1.175035148896553805e-01
1.171714490988992330e-01
1.189354840051099205e-01
1.169556660331089876e-01
1.183252886078514643e-01
1.188507527364814631e-01
1.168439308346838207e-01
1.176465065349541483e-01
1.189893923653617958e-01
1.168355478937370129e-01
1.183650296013382397e-01
1.173733414243097462e-01
1.185407343014133474e-01
1.177210724706213851e-01
1.175070716825803718e-01
1.172436571022895252e-01
1.190739352133341200e-01
1.170701318422857073e-01
1.181305882547526998e-01
1.183438620072778946e-01
1.179617378218244528e-01
1.173854778603478366e-01
1.177783815758233488e-01
1.176438652310383415e-01
1.184334537567976881e-01
1.173191780857679722e-01
1.179393426966419273e-01
1.176404337800627947e-01
1.174638007849502508e-01
1.183723836232067617e-01
1.179776379594839053e-01
1.180281944725328214e-01
1.173222130538365826e-01
1.182383310534596971e-01
1.176922327094531151e-01
1.175778376267935521e-01
1.175082478100048095e-01
1.185059423654437200e-01
1.172431690701407903e-01
1.180341546422635779e-01
1.172127554922256787e-01
1.184321170370872811e-01
1.179420846390338840e-01
1.176523763561796165e-01
1.182542821890762014e-01
1.181882134415459390e-01
1.174857580117761591e-01
1.170142431835328456e-01
1.187386212499989130e-01
1.181381801342823584e-01
1.176702131755398839e-01
1.177563368443511616e-01
1.177787418028359845e-01
1.176239260259438202e-01
1.182255142685774973e-01
1.174566155468107220e-01
1.181725939765487232e-01
1.183395652448263891e-01
1.180786083562436750e-01
1.171916180351981196e-01
1.174954355411998580e-01
1.189373878725702993e-01
1.166776782222036513e-01
1.182782976347261511e-01
1.184313482545207713e-01
1.182360112779498179e-01
1.167824053183415672e-01
1.185342674475905189e-01
1.184095423264642510e-01
1.178897315980798610e-01
1.174289579268032457e-01
1.180504276956039628e-01
1.181924406424631480e-01
1.179614801841372962e-01
1.173610252952924926e-01
1.185239907687107852e-01
1.173708861248453916e-01
1.178615077113615156e-01
1.179831364152338635e-01
1.177714245817799155e-01
1.176001496083031450e-01
1.189536773029636618e-01
1.171879242522456677e-01
1.175782151083971105e-01
1.172320917616120617e-01
1.187839369043648952e-01
1.174139426327070607e-01
1.174253427106095593e-01
1.176745384541912631e-01
1.184017717168039663e-01
1.172536967263417412e-01
1.185749462621775718e-01
1.174279409284909037e-01
1.186308966802277209e-01
1.175807652935414449e-01
1.176066107151239604e-01
1.181624843061779701e-01
1.174410102894347385e-01
1.178205781812791397e-01
1.184701590159156492e-01
1.175656565957235444e-01
1.177701890313515576e-01
1.179743502350756867e-01
1.186398971409382275e-01
1.167536087143740964e-01
1.184037976470833642e-01
1.177160647661264492e-01
1.179982149586237955e-01
1.176915059269230124e-01
1.175279791043133681e-01
1.177067567807955767e-01
1.185862404447393659e-01
1.169989721832280227e-01
1.184486137185137566e-01
1.184842675584473481e-01
1.166267219082006146e-01
1.180015481909994501e-01
1.186476032295977062e-01
1.181958339958053827e-01
1.173611565696142112e-01
1.174927703391483724e-01
1.187158561668851808e-01
1.179200750352244198e-01
1.169034058043370294e-01
1.180350500293943228e-01
1.189042251640771430e-01
1.166285144331546397e-01
1.184788769125805358e-01
1.182196908655456236e-01
1.180985207489365085e-01
1.174213100661971598e-01
1.186667637903154049e-01
1.170501609482239441e-01
1.183754357918252731e-01
1.174040669114654323e-01
1.185951073114073495e-01
1.171720032324574667e-01
1.178067793283102682e-01
1.186443698309725681e-01
1.176512000906605737e-01
1.180116534846594040e-01
1.172832153083474827e-01
1.183962934262451361e-01
1.177571578888213094e-01
1.179554107540364827e-01
1.185118577420612301e-01
1.176092912138032576e-01
1.177557463037267327e-01
1.179739941106524859e-01
1.172159401723463223e-01
1.183996324268746236e-01
1.179587864389197716e-01
1.173149761122087298e-01
1.189246820712299979e-01
1.172426017645565033e-01
1.176294951995602994e-01
1.179840742835017164e-01
1.184256688943043645e-01
1.170143350262281556e-01
1.188003722018642350e-01
1.173166085181364671e-01
1.174412556224044279e-01
1.176889231640250999e-01
1.186637459671734812e-01
1.174104994492128351e-01
1.168786024271991908e-01
1.190755253836425775e-01
1.172018601749288402e-01
1.181331251476469973e-01
1.173692576269287080e-01
1.180523483832817688e-01
1.184782046597079863e-01
1.173230631900878673e-01
1.175958115847240970e-01
1.183411550083283276e-01
1.175201883521529156e-01
1.175473555215755667e-01
1.184410615391764399e-01
1.174710308824421373e-01
1.180649046183679107e-01
1.181052104832141236e-01
1.182267559631789144e-01
1.177483887444099042e-01
1.176541817987922234e-01
1.180489610198281192e-01
1.172966201845642015e-01
1.188967614786447802e-01
1.176482139862070897e-01
1.167797090030265328e-01
1.186426205545041135e-01
1.177500494085257088e-01
1.182721827751337801e-01
1.172558555152216492e-01
1.175075675125878960e-01
1.188304776141428654e-01
1.176603310631711141e-01
1.169165438708653915e-01
1.185497621033378690e-01
1.177630051589848431e-01
1.171888555493537931e-01
1.182532873650176397e-01
1.174850110160308714e-01
1.181531153622315117e-01
1.181412548892649961e-01
1.172762274807597760e-01
1.177921546599239727e-01
1.175880645826880011e-01
1.185987089378337384e-01
1.174137512245098658e-01
1.173079321619098503e-01
1.181615416471007984e-01
1.180132428914919263e-01
1.183645750657368323e-01
1.169546575199423982e-01
1.187534002324234228e-01
1.168325699781928573e-01
1.187742268636667875e-01
1.174847802141058134e-01
1.170629604752369685e-01
1.182848718093545415e-01
1.187389768975459781e-01
1.173012617704653759e-01
1.172214561220244755e-01
1.188379222293364790e-01
1.173495721980716833e-01
1.172482951221384129e-01
1.185564035682227513e-01
1.176207657620670921e-01
1.177466209895029065e-01
1.180098523937365973e-01
1.176973760976663952e-01
1.172208670358628468e-01
1.180943000760182465e-01
1.184341893642207599e-01
1.179942299115946669e-01
1.179797280208967070e-01
1.180372011886952066e-01
1.180255810669368910e-01
1.174029943854841274e-01
1.180925677669589224e-01
1.176336809865420330e-01
1.171407375005434071e-01
1.184339860204001310e-01
1.185992520266455075e-01
1.170432046361446488e-01
1.174510815615357473e-01
1.182578809508591372e-01
1.183824586641956111e-01
1.170059656264238468e-01
1.187457149906686604e-01
1.175764995779366995e-01
1.170731887793834969e-01
1.184208318940214999e-01
1.179156352966942989e-01
1.178807073763219471e-01
1.171536222268549504e-01
1.185192377097884220e-01
1.180197239368031836e-01
1.170660017123772295e-01
1.183595705947114718e-01
1.170123730981194321e-01
1.187807715777554340e-01
1.175147630845315982e-01
1.174097299499456681e-01
1.180937482163538776e-01
1.178286461676890801e-01
1.174620689060527912e-01
1.176485726501902418e-01
1.184488012928891776e-01
1.174896591803694657e-01
1.178581534752325966e-01
1.186813265012018753e-01
1.172825454243800053e-01
1.172617113379320064e-01
1.188913745782809728e-01
1.176555759030231407e-01
1.175956795256138665e-01
1.173207136535304729e-01
1.187668090059586790e-01
1.176459550207910043e-01
1.171983746436112972e-01
1.183738436615222184e-01
1.171760044564507663e-01
1.181529579189485313e-01
1.185371481652765929e-01
1.167079213445987446e-01
1.184338049120273184e-01
1.181871638666533164e-01
1.180998828682274515e-01
1.179721224986862438e-01
1.169494841713241973e-01
1.182184301065958010e-01
1.185384717059474596e-01
1.167024588689172943e-01
1.184863476359952206e-01
1.182669975984533550e-01
1.171724917811155509e-01
1.177484345271570532e-01
1.180125881792827847e-01
1.173186674454376466e-01
1.173330215559923312e-01
1.190138196658111075e-01
1.172390256821460308e-01
1.177822370297663956e-01
1.185191512990030477e-01
1.170088765028955147e-01
1.187285691362769680e-01
1.169546257027810621e-01
1.183680129417181703e-01
1.176688230088784870e-01
1.184257125190951998e-01
1.174259078998206030e-01
1.177375826996200081e-01
1.179814647609880307e-01
1.177014180555001621e-01
1.176953533656839301e-01
1.180517175299078125e-01
1.172093587128268943e-01
1.185987525443633617e-01
1.171394478499128283e-01
1.184925529502105224e-01
1.170058453644036156e-01
1.186548559628617105e-01
1.176842900877013709e-01
1.173936768245929241e-01
1.177190551748688585e-01
1.176075821029592405e-01
1.187002499748311679e-01
1.174735955737975929e-01
1.173823638661119773e-01
1.175473191303750276e-01
1.180432923877793444e-01
1.179088074903798800e-01
1.183828798448511993e-01
1.172782041379214213e-01
1.184478008160895351e-01
1.172173632156557482e-01
1.185692490655541609e-01
1.176067624885060586e-01
1.179148457356853086e-01
1.178211645577823818e-01
1.184601427006597152e-01
1.171200670647278841e-01
1.177363482819565321e-01
1.182136431380305941e-01
1.185931873083350685e-01
1.165125657776635570e-01
1.189950557600457509e-01
1.173520656929891992e-01
1.183110295468110251e-01
1.176942590238252290e-01
1.179598804506984816e-01
1.176540049223538109e-01
1.187220932856185851e-01
1.173430743896898276e-01
1.179935390702662734e-01
1.182673232074098468e-01
1.178729534026807246e-01
1.176373162991655730e-01
1.182360068408744580e-01
1.179539852879935014e-01
1.177759419293078758e-01
1.187085135932512692e-01
1.172073393439486966e-01
1.172431615852546072e-01
1.187336630743368870e-01
1.180054166372168922e-01
1.181448104955369893e-01
1.173841683183089180e-01
1.184719244730255139e-01
1.173517955208399910e-01
1.181501314944124470e-01
1.186160520136938235e-01
1.172830321685673360e-01
1.172327430877105336e-01
1.184276143858057351e-01
1.185137173225428026e-01
1.172211853212949129e-01
1.176193439832387833e-01
1.176013898929231388e-01
1.183243980635703685e-01
1.184009694700690202e-01
1.170403835571465212e-01
1.177466335158710853e-01
1.177730169685089201e-01
1.174051616468542725e-01
1.179064038989847824e-01
1.179041774145489219e-01
1.185051877845064161e-01
1.172741879576732343e-01
1.173147447986696013e-01
1.184780724551946496e-01
1.180564621607898546e-01
1.184238822910598510e-01
1.171075607829033527e-01
1.176860906633771242e-01
1.182967259622607070e-01
1.179019534739830233e-01
1.183788613688387392e-01
1.170625192798054465e-01
1.184030593495446482e-01
1.179991511064775456e-01
1.173196595442962398e-01
1.181999324153663600e-01
1.174110750690250948e-01
1.182871993236492836e-01
1.175555209226853415e-01
1.170719987973954240e-01
1.189216350348159534e-01
1.170882765773798573e-01
1.182186950626678279e-01
1.175799157493746527e-01
1.174889482862689488e-01
1.184592239916738010e-01
1.175191340049950017e-01
1.172518766897008569e-01
1.183125477772055262e-01
1.182745882718419794e-01
1.181502151346370821e-01
1.170936272421762570e-01
1.184126703027851835e-01
1.180891343009227989e-01
1.169881778545359963e-01
1.184876207484405197e-01
1.171268789446358594e-01
1.183026758330428252e-01
1.179341644570379433e-01
1.174572203125163750e-01
1.179909973165522152e-01
1.184176096580387971e-01
1.180097792028390324e-01
1.173386394716956771e-01
1.176183668899908746e-01
1.180808034927950945e-01
1.187390652372037197e-01
1.164732066750718276e-01
1.181022178622032626e-01
1.185921866492041510e-01
1.172761932109290250e-01
1.181263880974839919e-01
1.173647376304013390e-01
1.182523717982789796e-01
1.184668553192929075e-01
1.174155622152638079e-01
1.175838598447983968e-01
1.178960916103276579e-01
1.185007724557206599e-01
1.168684489533992343e-01
1.189581228320646389e-01
1.169711546401762947e-01
1.181961089924049857e-01
1.173016240341908933e-01
1.181046852185341500e-01
1.178308500922382179e-01
1.184787925660630570e-01
1.177613146139391276e-01
1.181379058849435781e-01
1.176069732680212060e-01
1.186903094232912986e-01
1.172091540435742790e-01
1.179853476777319998e-01
1.172108028863221574e-01
1.184332584847993808e-01
1.171844750205836005e-01
1.177885086059081016e-01
1.188827925644334871e-01
1.168086870705753733e-01
1.183418031732430820e-01
1.182174911889133928e-01
1.178017619667175997e-01
1.183227289656464398e-01
1.175822112538485731e-01
1.172407652127912536e-01
1.188692501251478184e-01
1.176193280599499846e-01
1.173220167691597371e-01
1.178539538336899617e-01
1.176728302245084040e-01
1.177545673230663004e-01
1.182480290736985101e-01
1.182270531019545268e-01
1.172142131999139025e-01
1.188477528343277745e-01
1.170905242223951592e-01
1.179496388142854124e-01
1.177984447438401860e-01
1.184892394776950186e-01
1.170798922211674920e-01
1.180163137182211885e-01
1.173997506610309632e-01
1.183044230841023281e-01
1.184311959041091933e-01
1.167215930849961336e-01
1.184942082273208325e-01
1.181262875358784492e-01
1.182846319919577671e-01
1.173986348437701388e-01
1.177767172327668921e-01
1.182106375180780322e-01
1.182897331433645782e-01
1.168487885421375938e-01
1.187700045801653587e-01
1.179257483082692959e-01
1.172646070553552272e-01
1.186611950291732442e-01
1.174138591034539492e-01
1.175823635074355333e-01
1.181228026203328674e-01
1.181261000019124402e-01
1.175914970971804752e-01
1.182155411495974529e-01
1.173015751517244298e-01
1.183424220637799840e-01
1.176076389631469377e-01
1.177016669270333216e-01
1.182294905578337857e-01
1.184737672423154808e-01
1.172446771708978708e-01
1.175595088047503567e-01
1.183425040048367988e-01
1.181512134563044714e-01
1.172658021426881553e-01
1.181738361552836514e-01
1.180776349643089806e-01
1.168020191317838408e-01
1.186287586608021360e-01
1.182036448095863668e-01
1.172935326901994452e-01
1.178210855999564100e-01
1.181051804566489727e-01
1.178245693530642624e-01
1.177336510647069012e-01
1.188086877261765317e-01
1.168089165742801083e-01
1.184495098437522986e-01
1.178884147294348567e-01
1.176616285720267080e-01
1.183033833129767121e-01
1.176684718104171329e-01
1.183382550762167862e-01
1.170984916704609358e-01
1.182292057105690380e-01
1.181768937801981612e-01
1.170123133368357882e-01
1.183211656680464713e-01
1.182672132487127409e-01
1.173706817082639242e-01
1.181815625436519468e-01
1.179475892222570932e-01
1.180215575839662079e-01
1.171984793097569921e-01
1.187680284841151207e-01
1.169460072804470174e-01
1.187085850011955768e-01
1.170733305775811806e-01
