2.994917250083338756e-01
4.135769925983480144e-01
2.923936962693823305e-01
2.404544517508683255e-02
2.355298684833261602e-01
1.473000656223111826e-01
1.251860343390529262e-01
1.124551649534804437e-02
1.292136929506444362e-02
5.387250496482649809e-02
5.957224666636292548e-02
2.328712371353607868e-01
5.942898581116712320e-02
2.915367834978813133e-02
5.625716936089195791e-02
6.563875248633790904e-02
2.347505513278280997e-01
5.936211876057886916e-02
5.772704820442402240e-02
9.738533480697449465e-03
2.090403276906160623e-01
4.997448876238718557e-02
5.881455309889720845e-02
3.731801760591806072e-02
3.955380441641071637e-02
2.344844941200297794e-01
6.518128583946300458e-02
3.335793999330930598e-02
5.697310210053578572e-02
6.760767858660569896e-02
2.351877885449411010e-01
5.935239717731491393e-02
6.116565758476810027e-02
1.347069081686707095e-02
2.082691685762954603e-01
4.867771026812380691e-02
5.764199326690589570e-02
3.763146621928376012e-02
4.007223330548002893e-02
2.337061028960080444e-01
6.483113898965117694e-02
3.379528775534902663e-02
5.645192448346161851e-02
6.684380632380548803e-02
2.341610184285518870e-01
5.909287621583965422e-02
5.285546028978865829e-02
3.838171951188790523e-03
2.480357139640732012e-01
1.413343732828964416e-01
1.030832221558022621e-01
2.318122349659835005e-02
1.840256664966035891e-02
2.329357215946349924e-01
6.936860270344635815e-02
4.192456598871982520e-02
5.178596957418560298e-02
6.125608516057470809e-02
2.348047893015228205e-01
6.073026169023417603e-02
4.409460994209280643e-02
7.819404109155714266e-03
8.209500068472160017e-02
9.394581889998006308e-02
2.301624758148306249e-01
5.037772547004472357e-02
7.435691219300814836e-02
2.628375479485606930e-02
2.040928385776974718e-01
4.350836127676581400e-02
5.905491759983431260e-02
3.601694511742728477e-02
3.707534235260140365e-02
2.334061820061927306e-01
6.520584071477193711e-02
3.547400132098401521e-02
5.544479028459643744e-02
6.560259851656718988e-02
2.345280838206156293e-01
5.958207932102822096e-02
5.568520453276801924e-02
7.272828806908605316e-03
2.092122121177800720e-01
5.064090266163377707e-02
5.922254328347777153e-02
3.701755396563606582e-02
3.906691208387018388e-02
2.336645126126662975e-01
6.500458691100741149e-02
3.403984764693151338e-02
5.633427685822853248e-02
6.686173552820273702e-02
2.338603126632202434e-01
5.904351766236487498e-02
5.249785422763765530e-02
3.397497526290889965e-03
2.429174040509513022e-01
1.449077002807568904e-01
1.132702008604428573e-01
1.760484262189981886e-02
6.341442242759006559e-03
2.315927597314547670e-01
7.089946362014412640e-02
4.545738004806404442e-02
4.939570428340267494e-02
5.814741237913507999e-02
2.343969129154701569e-01
6.131336442302808692e-02
2.969439071961326587e-02
5.375414086564611615e-02
6.220089017434872469e-02
2.336099093046695441e-01
5.976245750269687518e-02
4.408323200169042555e-02
7.985561650079566962e-03
7.969464555856514698e-02
9.181091714878999999e-02
2.315022196599754167e-01
5.154648450126042558e-02
7.660843357904979778e-02
2.819632199623168384e-02
2.033627103901577693e-01
4.261809828567789116e-02
5.941593965417674844e-02
3.570424195932286882e-02
3.687137960076738302e-02
2.334503092577333294e-01
6.539000728627726577e-02
3.531297851408602556e-02
5.552988061224431449e-02
6.590049794461763644e-02
2.339363831547685291e-01
5.930141960349719771e-02
5.051980192528783553e-02
8.982371666381137616e-04
2.126102474163541756e-01
1.567195295192239379e-01
1.577297569573674618e-01
5.090006694068856209e-04
1.338241276078314113e-01
1.339630938178106023e-01
2.146011850473058535e-01
3.255759079463766553e-02
6.027924448957345388e-02
1.215083089800042884e-02
2.078037139487840523e-01
4.878030546622935670e-02
5.888023692698664269e-02
3.692519059130127540e-02
3.911930385764651047e-02
2.337553466104067001e-01
6.508085564947052593e-02
3.410321541591644634e-02
5.634339676980457817e-02
6.694685656927201745e-02
2.349922208719476546e-01
5.947421922023235497e-02
5.984650847062117363e-02
1.209870485418533537e-02
2.076211702696167949e-01
4.892379826882996274e-02
5.937601987429198119e-02
3.647996037139077802e-02
3.814852432511986469e-02
2.335303449584236468e-01
6.514242900418847071e-02
3.521351065873062902e-02
5.578290729732587189e-02
6.623191749752149748e-02
2.342889841602815992e-01
5.936128990228332902e-02
5.287636200168729927e-02
3.977358101257559043e-03
2.486157455139741956e-01
1.398229167316183408e-01
1.019847070987918297e-01
2.396214784447038212e-02
1.987387917973474499e-02
2.339037692040955851e-01
6.947251487157563021e-02
4.021580494988331866e-02
5.282569621267248910e-02
6.256346353810773864e-02
2.345873680525666638e-01
6.038809529569240386e-02
4.714803245638940488e-02
1.966739259718019127e-03
1.437313828113684910e-01
1.405521294304218904e-01
2.103555899803775109e-01
2.905746550131933781e-02
3.381892409674747135e-02
3.842566613322088986e-02
3.749099784233481114e-02
2.333091902780228266e-01
6.449158348281300301e-02
3.486997160860440259e-02
5.588062114096329497e-02
6.622283868340364532e-02
2.340423257191772410e-01
5.922262239097672576e-02
5.113352986003416589e-02
1.794140032872911482e-03
2.249032794815672420e-01
1.549544378024830804e-01
1.443158090490695711e-01
2.516813069750452499e-03
7.404192893643019024e-02
8.454793645406266656e-02
2.317964626790623428e-01
5.322439990206226379e-02
7.138458909651823614e-02
2.371186812279062195e-02
2.051832232944270640e-01
4.474368065944060030e-02
5.882159765241970484e-02
3.635932468556611619e-02
3.810120918680520719e-02
2.335251374137536917e-01
6.518928534800226549e-02
3.487571665611529509e-02
5.584441728986624942e-02
6.616216083121798097e-02
2.338621412517990494e-01
5.917543881792919347e-02
5.000719234699235738e-02
3.348261256401093011e-04
2.037661548596836625e-01
1.566441670675594033e-01
1.676945430668550785e-01
4.670164417461971328e-03
1.771194020685959158e-01
1.517054073875655773e-01
1.877575489116000695e-01
1.537579764469106970e-02
2.528640164612012131e-01
1.287357159919916005e-01
8.409710441457371455e-02
3.339822512372359054e-02
3.698324364863223024e-02
2.356440138674388840e-01
6.696197892076360958e-02
3.399093394962281189e-02
5.676841538735014070e-02
6.751431024861263841e-02
2.344296760073735497e-01
5.915498388332869617e-02
5.763889519134607342e-02
9.628691491162938432e-03
2.083376454567672509e-01
4.984059189145811919e-02
5.907584740329603623e-02
3.683361087013942853e-02
3.896185445335972886e-02
2.346165737622603886e-01
6.544093864682255790e-02
3.359070395695072653e-02
5.677766327327882223e-02
6.713908759315893870e-02
2.340371721870207755e-01
5.898617965010129194e-02
5.700638555173882793e-02
8.785178087060625460e-03
2.092926838873903628e-01
5.025210333111309463e-02
5.819908162739874380e-02
3.761017463493274149e-02
4.012530871396349785e-02
2.337541515746082710e-01
6.484829026899301130e-02
3.383805027264680937e-02
5.636958436781545900e-02
6.662534778656949153e-02
2.339125851218865071e-01
5.901894608576576523e-02
5.277138306171912097e-02
3.720533634657945815e-03
2.468903207500603714e-01
1.423920077745166046e-01
1.060146953862519392e-01
2.166084134718565535e-02
1.513032401600868625e-02
2.329928224050466512e-01
6.994154546837030861e-02
4.290309516014984004e-02
5.129559842741730769e-02
6.064570628652418693e-02
2.344508204273696439e-01
6.073596097395601856e-02
3.877202038071613649e-02
2.173258726379157305e-02
1.406107337334347278e-03
2.358424354422648250e-01
1.513118418499611040e-01
1.279681541370115694e-01
1.013951441144824578e-02
1.822891828890418550e-02
1.884811025415110766e-02
1.315352695748740405e-02
4.827926533677549814e-02
5.084185046007138470e-02
2.328791530019873601e-01
6.119314391291279936e-02
3.107556433753002473e-02
5.788784419219143718e-02
6.835965533220667023e-02
2.338538636752784117e-01
5.855514064221661874e-02
5.616823786251157191e-02
7.838840301086499179e-03
2.093255326224048862e-01
5.062554270188732164e-02
5.891189216392004463e-02
3.726532299728221170e-02
3.975636935651152143e-02
2.338789851362344796e-01
6.498963689141311340e-02
3.393503058621220869e-02
5.652568334628185753e-02
6.690767892772002401e-02
2.341582432545989134e-01
5.904488397094195817e-02
5.421454594798663651e-02
5.595886465684838350e-03
2.549583502249498368e-01
1.146699120560577267e-01
6.488379806334775013e-02
4.380829908276621942e-02
5.234547237266849729e-02
2.356583480972085365e-01
6.350144874698492037e-02
2.940877953789395802e-02
5.945045064051150685e-02
7.029790791701776009e-02
2.336314758702160432e-01
5.802743463731374618e-02
5.664439884349894289e-02
8.383753732437097816e-03
2.092876425902381043e-01
5.037730816189210648e-02
5.880792126747030890e-02
3.733051052109964685e-02
3.976807916242625779e-02
2.338242672181495840e-01
6.498107145940251739e-02
3.399948131950848718e-02
5.641928075515140195e-02
6.695784374905659753e-02
2.344199693600431678e-01
5.921717564722300819e-02
5.414410006714501233e-02
5.446071398662470468e-03
2.549976455677518405e-01
1.173727094314335334e-01
6.687439130608308080e-02
4.258591452969431868e-02
5.078444026596280053e-02
2.364440500457289929e-01
6.421568670037031135e-02
2.874204190671485887e-02
5.790605560434495397e-02
6.802081373478054138e-02
2.339375085239442653e-01
5.855287121271778028e-02
5.599636257815611418e-02
7.739183112109233528e-03
2.083276463766097208e-01
5.027807550637902051e-02
6.040174642831198232e-02
3.630701070504325362e-02
3.803239532902406850e-02
2.340863896306854264e-01
6.537761183344437121e-02
3.428528038592307259e-02
5.625143015697785936e-02
6.663418726823613913e-02
2.338471718336919136e-01
5.907527300724510488e-02
5.097871447981459914e-02
1.462493140658356530e-03
2.194657404507189824e-01
1.554348021231369559e-01
1.506998980884505235e-01
-2.633674222631633742e-04
1.012750560374455905e-01
1.113393141855249652e-01
2.256148946143549383e-01
4.388391539904450828e-02
7.554303621798214019e-02
2.714167016217917255e-02
2.022052905717803550e-01
4.256909679576715427e-02
6.119020220218914646e-02
3.447938576451319015e-02
3.458976013520492776e-02
2.336280287056636817e-01
6.579770674922946760e-02
3.552091599129994504e-02
5.533783464743553815e-02
6.537229070931052655e-02
2.342345452246883675e-01
5.951791338106217355e-02
5.401017540571990266e-02
5.268219639796000234e-03
2.551615435144745092e-01
1.216777449065263167e-01
7.158094847405054029e-02
4.020643266162519935e-02
4.752266761645961707e-02
2.351082968091024461e-01
6.447656348854401143e-02
3.108163897002689732e-02
5.832100608086675242e-02
6.915127931124340210e-02
2.350151850583734603e-01
5.888765136946656764e-02
6.356108794082923619e-02
1.611097694413262532e-02
2.062957996219912937e-01
4.737682232219028039e-02
6.011203796039092662e-02
3.592359988599281434e-02
3.744496494102373535e-02
2.344115858317791790e-01
6.566755322040568332e-02
3.404423286000339555e-02
5.659679659239417321e-02
6.714078016843544328e-02
2.336755829160109543e-01
5.887352298448024490e-02
5.229815394307975318e-02
3.244821849732843280e-03
2.416445027287448810e-01
1.465145757457177178e-01
1.163818281389912696e-01
1.599700003314185812e-02
2.289603313800102520e-03
2.492607856117683707e-01
1.411868009405916613e-01
1.016216777060997695e-01
2.409308376807876850e-02
2.013832723972050140e-02
2.332891617420453922e-01
6.922159456880312700e-02
4.097091989727114081e-02
5.236901445935543409e-02
6.231885433287283338e-02
2.356882373802332842e-01
6.092971149692135574e-02
5.753829984659325492e-02
9.513157430053799379e-03
2.090896289556547494e-01
5.010345921655558199e-02
5.857010618700592836e-02
3.735622877503885081e-02
3.987006709435340912e-02
2.338155269097516309e-01
6.496550852147378596e-02
3.383911807913231318e-02
5.654628145109773241e-02
6.703301031622196926e-02
2.344253173881746533e-01
5.918276707651388968e-02
5.507729257881603668e-02
6.686611892602787113e-03
2.396933839558927914e-01
8.064543304311112826e-02
4.538821619946953323e-02
5.120251444026943655e-02
6.100324369214946835e-02
2.348442780886789982e-01
6.094063672004767368e-02
4.341771981918490786e-02
9.264639846140476989e-03
6.868919093740388782e-02
7.912097669657493226e-02
2.318641640606052823e-01
5.466802452407290569e-02
6.521953425632104340e-02
1.783745878041743255e-02
2.070768985989133171e-01
4.714517864687583354e-02
5.775745877092926944e-02
3.739768186732481819e-02
3.982071841501813592e-02
2.337106849259967811e-01
6.487120557561786016e-02
3.378323063404874149e-02
5.652354513053861607e-02
6.714208308578024920e-02
2.338764682927861049e-01
5.905039469494616222e-02
5.055491103250817769e-02
9.515430931588530344e-04
2.124126431286500472e-01
1.561689498951092658e-01
1.574193859631027315e-01
4.850443538742194916e-04
1.341695271775764642e-01
1.345857196481220763e-01
2.134562227184362559e-01
3.215371009968134852e-02
5.195964818646030964e-02
2.525322378737075973e-03
2.332651718085021475e-01
1.513226192833056483e-01
1.305970043235172295e-01
8.611550744295119394e-03
2.848756473996417321e-02
1.255898306799632658e-02
2.282820587297022252e-01
6.604639475466661525e-02
4.488446129822341868e-02
4.902218521784267730e-02
5.754151773486979732e-02
2.354290768888869234e-01
6.184623880043323141e-02
4.748813020944216146e-02
1.265005505628795813e-03
1.536814622948795561e-01
1.454694151453948259e-01
2.047975279125273662e-01
2.520238928976213655e-02
3.540242285237511083e-02
4.980410515666727767e-02
5.719377959576968373e-02
2.345890908544263076e-01
6.128556979099444857e-02
3.380129601899044267e-02
3.843424803411325114e-02
3.728200322383491694e-02
2.325991054609352349e-01
6.415488666344304480e-02
3.526083845370354963e-02
5.541265584578499576e-02
6.554912020228377545e-02
2.338531682883187024e-01
5.930965365629795039e-02
4.828404895331844804e-02
3.021922107665328170e-04
1.673090277941334802e-01
1.503811785083866148e-01
1.961553113570881635e-01
1.975299047513506129e-02
2.432643945886944770e-01
8.724843003997877211e-02
4.795635384242301347e-02
5.062401371348932561e-02
6.055747790201164438e-02
2.352819678529655123e-01
6.125379748636554378e-02
4.570562475613053344e-02
4.473062781856432767e-03
1.152259581428754093e-01
1.232632997077768577e-01
2.216976950387153089e-01
3.916808534658666741e-02
7.540561194256685529e-02
2.689441082050733622e-02
2.026214127210922422e-01
4.272989441050197013e-02
6.123750507271476240e-02
3.461388831364002605e-02
3.479977936316187848e-02
2.333863420706963065e-01
6.566015486868882756e-02
3.613039964304341073e-02
5.509517749116502050e-02
6.525343810123104826e-02
2.351411694924466500e-01
5.989971503482408727e-02
5.856216709607518084e-02
1.062593920768511307e-02
2.080751539565684483e-01
4.939134549175748512e-02
5.911683771258502418e-02
3.679897550545935259e-02
3.873568393550685246e-02
2.337521506174478625e-01
6.512504679588725087e-02
3.420359671477639363e-02
5.626504979986877292e-02
6.674165174867299766e-02
2.340664870559360511e-01
5.911440130822263883e-02
5.186761100304682764e-02
2.596349867056915815e-03
2.342879128663538091e-01
1.507001887108684879e-01
1.297777622844334955e-01
9.250384628714001384e-03
2.324199137755105296e-02
-8.395893858903903488e-05
2.122810764076140111e-01
1.570555366191893343e-01
1.582074964090933733e-01
7.039668599019398981e-04
1.363808350283016169e-01
1.357244980918735355e-01
2.124861809790900558e-01
3.136112942992308472e-02
4.722060716233582311e-02
2.244488700277936979e-03
1.404163489835186518e-01
1.390157818350825358e-01
2.116504568298666344e-01
3.019960150075886793e-02
4.494392178642572094e-02
6.564018609720631212e-03
9.303059015488084060e-02
1.051572788618756471e-01
2.285580069773125444e-01
4.700304384491685999e-02
7.920645532386466625e-02
3.014648909833384308e-02
2.020609572273379673e-01
4.147101517180994817e-02
6.057838661509845624e-02
3.477974655354736794e-02
3.514442409074797213e-02
2.332521160917334913e-01
6.561802984835758690e-02
3.605012946472077595e-02
5.507616240427463256e-02
6.535134443026711926e-02
2.343081052603392667e-01
5.958156175469050964e-02
5.260666574259702938e-02
3.536636744702450867e-03
2.456443964315486450e-01
1.445211845939069761e-01
1.103676652058061675e-01
1.951300108223082835e-02
1.068668869705259074e-02
2.328848569313749228e-01
7.070349786490903732e-02
4.345232609886857944e-02
5.084534626836503812e-02
6.007257139270179985e-02
2.356817609130927582e-01
6.134864748415294611e-02
5.229794706652701047e-02
3.244758786639392878e-03
2.425809699696743482e-01
1.471602927279527795e-01
1.160323986150922221e-01
1.639102150374865952e-02
3.364044805919141814e-03
2.557437625840141004e-01
1.209852141184932922e-01
7.124142142293164726e-02
4.059293116388835998e-02
4.800457061263285752e-02
2.350192946904141877e-01
6.434357385443187360e-02
3.112782950351460076e-02
5.830504724519106757e-02
6.916580295770932696e-02
2.343499062931005128e-01
5.864225715138232653e-02
5.700373708804994805e-02
8.859435691846911931e-03
2.088195774303935326e-01
5.017580437178824349e-02
5.876286887112146251e-02
3.717623173206660581e-02
3.962604033774348028e-02
2.338464905675429750e-01
6.502504947120316126e-02
3.395124146621784911e-02
5.647722633454718699e-02
6.687619324194502002e-02
2.341123985325814227e-01
5.905991108776165177e-02
5.386206232440327035e-02
5.175038495993799711e-03
2.548805653848739139e-01
1.226734524980909735e-01
7.360771137468216652e-02
3.917761867278065496e-02
4.591001645829124317e-02
2.353554547202292291e-01
6.488124585623923635e-02
3.135739757734452848e-02
5.819443841399591505e-02
6.894521924726541851e-02
2.338063961900323506e-01
5.848945505453086169e-02
5.716115766348450755e-02
9.022804488359473241e-03
2.092141635690927537e-01
5.020921961653668220e-02
5.871129964926255496e-02
3.729113361415931777e-02
3.957779398327081199e-02
2.337849930567431067e-01
6.500337337618750100e-02
3.361281302971413226e-02
5.655867080592660162e-02
6.716769118504078984e-02
2.342307885177971338e-01
5.913296489513508031e-02
5.541049017518966807e-02
6.994116639438465594e-03
2.173827592764008831e-01
5.747321628867117088e-02
5.341653067349254325e-02
4.202725229512496719e-02
4.750884265145471907e-02
2.339763559071356691e-01
6.350866375877917136e-02
3.220834083483205962e-02
5.753822918695074284e-02
6.813543971721196246e-02
2.341760700977907894e-01
5.877651125099890572e-02
5.837350940493526985e-02
1.052300844156061482e-02
2.082553479688738496e-01
4.956098446481951164e-02
5.933406102644379898e-02
3.688005237113043538e-02
3.910857749231793495e-02
2.338381144152198998e-01
6.508303696524504744e-02
3.409008395372181699e-02
5.633685013697970617e-02
6.679698465408863417e-02
2.337869950090118998e-01
5.904491255894328550e-02
5.376398302111486116e-02
4.982733979434539155e-03
2.547442642560144854e-01
1.269667883450396051e-01
7.950316863856994598e-02
3.608728032529863461e-02
4.127495206267213501e-02
2.350068277430614472e-01
6.581728092953530174e-02
3.302609269874829528e-02
5.718921431419381196e-02
6.804249915451204833e-02
2.348882134266241928e-01
5.919525823710501677e-02
6.088548735880999069e-02
1.326175136432740723e-02
2.074170360036790561e-01
4.855788211651539815e-02
5.924757102105772388e-02
3.658045553124315841e-02
3.858188921627049572e-02
2.346292763564984674e-01
6.554399321385934174e-02
3.350632583886841570e-02
5.697545734963044978e-02
6.768027050241580411e-02
2.343498641258258686e-01
5.903600228997022553e-02
5.647598159795219619e-02
8.346527853024691967e-03
2.094808636673095026e-01
5.051950462152166033e-02
5.838655261139950869e-02
3.758400431639460221e-02
4.006636770397346836e-02
2.337657093746707271e-01
6.485711186150924790e-02
3.375070918139835840e-02
5.634671013992077759e-02
6.652510247241155694e-02
2.335780626313456732e-01
5.897447372378263053e-02
5.000560569145683087e-02
2.436221245992602235e-04
2.020896758973211305e-01
1.566414126887727964e-01
1.676880104437488139e-01
5.057411847870148594e-03
1.822576434790948996e-01
1.533289332998354626e-01
1.845681098163110823e-01
1.344754181443885005e-02
2.464006361853221250e-01
1.401916889634253482e-01
1.035606848270835822e-01
2.267444934794056108e-02
1.698345938556091242e-02
2.336652618378776136e-01
6.980780681245390973e-02
4.090875700155370553e-02
5.240537241366592658e-02
6.205409063147722393e-02
2.342430140846499809e-01
6.036849518312736862e-02
4.903419256127074244e-02
-5.355565825976648471e-04
1.818753675419659821e-01
1.538279784113959492e-01
1.858897834523231818e-01
1.387456491224546562e-02
2.488459901776763072e-01
1.388937054698601570e-01
9.986586403928746081e-02
2.489333083704017499e-02
2.150602735617258843e-02
2.332195388119196466e-01
6.883857638858212336e-02
4.055828617136449793e-02
5.252485766334215322e-02
6.217264501194992576e-02
2.344416839919398476e-01
6.040998286779687698e-02
4.809819341541532456e-02
5.572823333840458285e-04
1.630015621053395869e-01
1.485983188696072266e-01
1.997053099892341088e-01
2.165159795186054684e-02
2.219037487559204491e-01
6.195162133169356683e-02
5.150291359008365988e-02
4.412199393613579212e-02
5.052559080511119516e-02
2.340868327458573706e-01
6.283470006295940880e-02
3.084529236892923423e-02
5.836842236339288836e-02
6.915814221471404399e-02
2.339026710895429906e-01
5.845876852266704282e-02
5.873256881260871531e-02
1.081578829164156486e-02
2.080555096640505919e-01
4.933652315561027485e-02
5.917223723004645664e-02
3.677990484772791085e-02
3.871702607887586578e-02
2.337552807617696016e-01
6.513175491299728892e-02
3.421616790436285416e-02
5.612971614229807921e-02
6.632063169390134405e-02
2.337650568185220268e-01
5.906272240881955959e-02
5.228578799492808460e-02
3.108413214913552641e-03
2.410318222245498021e-01
1.478168559044131247e-01
1.186023939271671906e-01
1.499184932712319639e-02
-5.071485752160980777e-05
2.167301985247674923e-01
1.567725272029662775e-01
1.540294570473834113e-01
-8.704086238799219315e-04
1.160247112502903466e-01
1.228727190041925266e-01
2.214521402755859070e-01
3.889773184190465499e-02
7.438201491386531305e-02
2.595591443727334260e-02
2.040003222313241105e-01
4.348669583996843391e-02
5.907402841166439073e-02
3.598882217395543703e-02
3.739411328028342113e-02
2.335329059912173988e-01
6.528708243273502465e-02
3.535256053939587334e-02
5.563936390176095481e-02
6.587753082677338945e-02
2.338924489017956410e-01
5.922001541698219268e-02
5.068111777731307277e-02
1.172953049154666465e-03
2.161565848383629196e-01
1.559256143321021693e-01
1.531091011340707519e-01
-8.885008204534922214e-04
1.155307629468373815e-01
1.224541788710639401e-01
2.210174030666073042e-01
3.889800373301514902e-02
7.174218418598322933e-02
2.361941081826410271e-02
2.038451314038826068e-01
4.419435631374275808e-02
6.032158871995886573e-02
3.527642831108224880e-02
3.622810476733571983e-02
2.335658645461454186e-01
6.554499107175774941e-02
3.548720513141540023e-02
5.553854784078698231e-02
6.576736617965399379e-02
2.338729409598031550e-01
5.924775020069999315e-02
5.208477969805602736e-02
2.955249496689427938e-03
2.391263458581502355e-01
1.491356939278599969e-01
1.219265859042922839e-01
1.325465076021753105e-02
3.725922067129113467e-03
1.406818780361490384e-01
1.393890440164770039e-01
2.125063196480075633e-01
3.037685912229583576e-02
5.533692323488022952e-02
6.489255196012191050e-03
2.467085416641221218e-01
9.083251699256382483e-02
4.626429666730667856e-02
5.191476721455708793e-02
6.203687472701797240e-02
2.344803992433065198e-01
6.062350168336061440e-02
5.010637728095200527e-02
3.425818649433076289e-04
2.040878953804897145e-01
1.569068229007511417e-01
1.659997280638991768e-01
4.242195259359844185e-03
1.737038166760439262e-01
1.506747081634079444e-01
1.908481038181443490e-01
1.687913739563957558e-02
2.538787485338170336e-01
1.164809814338731431e-01
6.746462093459462683e-02
4.204297994310856462e-02
4.995634393408941026e-02
2.354266003382009809e-01
6.399223416474648929e-02
2.996812574175973173e-02
5.908405061675313374e-02
6.991560906171413736e-02
2.335128394062643831e-01
5.805812591915759935e-02
5.577021526909076155e-02
7.475318836562762533e-03
2.096274368071384953e-01
5.080012218342849079e-02
5.866656519857852553e-02
3.746838615134508166e-02
3.981068749663468909e-02
2.340067746249152314e-01
6.495121468476439119e-02
3.427260147715228272e-02
5.635125039012580522e-02
6.686863013286141466e-02
2.349048071496842027e-01
5.944503507261063996e-02
6.069218132272541366e-02
1.301570976310617231e-02
2.076818405124842282e-01
4.863249698490506451e-02
5.935333009601948678e-02
3.665875067331939713e-02
3.865345106174622458e-02
2.337352606866677229e-01
6.518763007543913746e-02
3.425389092682219055e-02
5.623796227302533396e-02
6.682358303715169034e-02
2.345126668092450961e-01
5.932233957142964836e-02
5.690704952363349889e-02
8.756115057904283877e-03
2.093081423654417628e-01
5.036936077176308590e-02
5.812214624327640550e-02
3.761423520641241774e-02
4.033591728416788952e-02
2.338569340259050444e-01
6.489490293029542833e-02
3.372460525748267185e-02
5.667872534321288791e-02
6.729632125312748347e-02
2.339545597677232247e-01
5.896123235685302860e-02
5.525006781886260265e-02
6.878918838992596242e-03
2.301581640428914943e-01
6.954598364133086907e-02
4.626988780539258161e-02
4.861759410005651177e-02
5.704215079574921632e-02
2.354094334863581772e-01
6.195995025842471887e-02
4.384937345838363365e-02
8.317741910396570654e-03
7.711642839956245332e-02
8.906081257993592182e-02
2.306266327143524086e-01
5.189737620337468715e-02
7.025203793166319433e-02
2.266037112080945132e-02
2.046237303048780154e-01
4.488253272052836196e-02
5.969742162013241815e-02
3.579325120499662893e-02
3.693480956962286177e-02
2.334727780409535658e-01
6.531353427404257284e-02
3.509740420721584736e-02
5.562924607601844873e-02
6.589649603295066882e-02
2.344844568526300854e-01
5.951438936595768864e-02
5.633959714443694672e-02
8.087850077248135566e-03
2.085155075431068261e-01
5.024116393160551336e-02
5.982144128653556214e-02
3.658243823533195715e-02
3.865616430078670090e-02
2.343663968519170970e-01
6.547142006068953912e-02
3.422325059126889862e-02
5.645073207498367551e-02
6.721069525061208749e-02
2.346547008828674119e-01
5.932970748076474288e-02
5.827421598273114373e-02
1.035439007335844062e-02
2.089585536821509659e-01
4.989370226496070426e-02
5.843153132311901254e-02
3.734264816219892702e-02
3.977191369281011385e-02
2.345640008463568404e-01
6.526358617168602494e-02
3.323068695857787219e-02
5.701307178034559220e-02
6.758851393668681429e-02
2.339426894176912519e-01
5.885673197830584846e-02
5.383388866063269773e-02
5.187249842872769523e-03
2.553537828574388158e-01
1.232752795204304502e-01
7.349939639107906653e-02
3.921145668477693524e-02
4.584489600280731297e-02
2.360297225695324186e-01
6.513027167951253305e-02
3.101650099647697278e-02
5.863588245890656581e-02
6.953336066289020345e-02
2.338618690447375470e-01
5.831220051676129501e-02
5.623988375980477905e-02
7.917595104828607094e-03
2.092851444708015707e-01
5.049909918374352602e-02
5.882719201737411641e-02
3.731635087865978195e-02
3.974035485202245116e-02
2.338664323604980055e-01
6.496097674582884673e-02
3.390726001010446050e-02
5.648947014052109472e-02
6.672754884136325448e-02
2.347778527181047514e-01
5.929594984583265449e-02
5.851833218238178952e-02
1.064647636222219862e-02
2.091487666704681114e-01
4.977904157661443979e-02
5.840927609881021998e-02
3.762731315322097314e-02
4.023786594200585987e-02
2.334838979618885646e-01
6.469120812257220243e-02
3.445621841095181798e-02
5.610726312851603559e-02
6.642992228486478690e-02
2.337731728507996543e-01
5.907792624027027872e-02
4.973545930484986333e-02
-1.745383340242673536e-04
1.961249750495200617e-01
1.560885838108923840e-01
1.738644300893357753e-01
7.793026375263460703e-03
2.064048992155822493e-01
1.550859360712918134e-01
1.626044765084808941e-01
2.854284491328126089e-03
1.600206241053600265e-01
1.467577850229791203e-01
2.007806631154291921e-01
2.255198469632777730e-02
2.018187552180159550e-01
4.561330130620098317e-02
6.536833349827110562e-02
3.207855822468673457e-02
3.052538116063172741e-02
2.329275011951746910e-01
6.638903502388392164e-02
3.807185617344342743e-02
5.379224910469078413e-02
6.354454434714112976e-02
2.339252813172255085e-01
5.982205621538121826e-02
4.383630934611148361e-02
8.504180453992721961e-03
7.581588503307012950e-02
8.749920017775789094e-02
2.321679953159695720e-01
5.282754466640512264e-02
7.588523689301111819e-02
2.757702184388302266e-02
2.034743647041486192e-01
4.289727386618522043e-02
5.975984293975690476e-02
3.552801970297896073e-02
3.653709387314109380e-02
2.335650460551507157e-01
6.545614185868962875e-02
3.511333904593653271e-02
5.572946188894926239e-02
6.597121447906555136e-02
2.346773137380502861e-01
5.949145220776984322e-02
5.387871995242991124e-02
5.201920193953022548e-03
2.561315454766421307e-01
1.231306358410472895e-01
7.319885126622033278e-02
3.975277404780824114e-02
4.682196555001414545e-02
2.362633855201249355e-01
6.502568114057365178e-02
2.947527620869848375e-02
5.939239036843629860e-02
7.025202249596529391e-02
2.343046022697163056e-01
5.830575274667505747e-02
6.016740904725295658e-02
1.242339155690216218e-02
2.076632374425220473e-01
4.878217430336264510e-02
5.949803854463590891e-02
3.656989308612346862e-02
3.844646831700445494e-02
2.340233528111378969e-01
6.531900086048875176e-02
3.472616417569961839e-02
5.595528875338601216e-02
6.624456213823318174e-02
2.350026235005026609e-01
5.957211885669191909e-02
5.671362653648980012e-02
8.532863275328445712e-03
2.091658855457455557e-01
5.036855776648026944e-02
5.886854815812674058e-02
3.721927871612266958e-02
3.960483294590949610e-02
2.338271356263174061e-01
6.499876074712894469e-02
3.392400222092882556e-02
5.648030158209361995e-02
6.684256385305291370e-02
2.343620157414048333e-01
5.916509340633580721e-02
5.418958039330519505e-02
5.589245756262940790e-03
2.558669693211600982e-01
1.154747332740870963e-01
6.413140486732435419e-02
4.445781944694555954e-02
5.349987416172852228e-02
2.364885923519821631e-01
6.362303051476780880e-02
3.958711883330780223e-02
1.931369039876436669e-02
3.849466794745778908e-03
1.365681103213156056e-01
1.371799285316645522e-01
2.134451290328023276e-01
3.161140898220513029e-02
5.560298798562813422e-02
6.839698953677947335e-03
2.325115879612692227e-01
7.210230072247972299e-02
4.573881992314214606e-02
4.940967948075761923e-02
5.840978145665882276e-02
2.355332747311968955e-01
6.176368669125412159e-02
4.487498850499798547e-02
6.183447565386872638e-03
9.766325154381666485e-02
1.094630055135287217e-01
2.280598133647597503e-01
4.556354360460042330e-02
8.304383039189981719e-02
3.300967553521542974e-02
1.993855942053693320e-01
3.960434225623563065e-02
6.255289159246554820e-02
3.306993925632056852e-02
3.224926192413690718e-02
2.334533317860244817e-01
6.625752209167855289e-02
3.712872523163353311e-02
5.459895777710620235e-02
6.464688515738148400e-02
2.349168337983370269e-01
5.993456503567971827e-02
5.581062756788331136e-02
7.555314572371849176e-03
2.095328122443183561e-01
5.075572632761053693e-02
5.801582502515272022e-02
3.774563938478781716e-02
4.036262010055469834e-02
2.337870462587942066e-01
6.479744543444122817e-02
3.368137256292934312e-02
5.657085729334296320e-02
6.709070828469448911e-02
2.340987106041688692e-01
5.910694277941783842e-02
5.548397726234621102e-02
7.061479738890145096e-03
2.127523012792566504e-01
5.373920205190670790e-02
5.646518460081994401e-02
