2.714718084382640173e-01
4.273129751616565053e-01
3.313331640558863644e-01
6.498575062901068566e-02
8.540825045270357407e-02
2.705918951627310498e-02
1.980576932147981029e-01
5.352972307826426440e-02
9.323230198110105116e-02
3.007508344388170208e-03
9.469935037772252151e-02
1.159550143679897033e-01
2.388137081253108862e-01
6.823187923689874590e-02
4.733761049623923245e-02
3.396666091859485564e-02
3.872783100472713957e-02
2.367482492807694849e-01
8.477240073499843487e-02
7.281748480313279814e-02
1.919002027414717579e-02
8.413594276284906345e-03
2.305244227723497186e-01
8.699584863054631023e-02
8.438722046471944238e-02
1.217127491379024762e-02
1.449173265967641962e-02
2.912042289637132089e-02
2.233152860702727199e-02
2.321685021645885083e-01
8.444445385400001225e-02
7.850392079794095423e-02
1.527090069834704383e-02
3.994927902535509007e-04
1.785633704439472669e-01
1.642758653295876559e-01
2.083989845284660580e-01
3.760058383060542464e-02
5.794731535550914220e-02
2.205909619367834099e-02
1.298915335007594027e-02
2.310059314088139248e-01
8.615801161936034736e-02
8.268173654362441505e-02
1.317717127012698122e-02
9.305405759879214339e-03
7.176400777080829685e-02
9.207725038865391398e-02
2.398566807932155931e-01
7.483013503696207824e-02
5.513401631519307400e-02
2.964434564763557267e-02
3.101055064177943299e-02
2.342336793405801476e-01
8.510410677628771348e-02
7.656998274401910498e-02
1.668081249163862537e-02
1.929445139973120452e-03
2.407720972086707656e-01
1.548784936194003425e-01
1.434437589689259163e-01
5.147657634074518512e-03
1.991897785210325900e-01
1.664580749884849165e-01
1.940683098490602332e-01
2.852490630263958618e-02
7.095280285734890946e-02
1.235272488379572653e-02
1.872041671449013039e-02
4.291333580057159897e-03
1.229449822407356896e-01
1.391657778474962581e-01
2.332965459411651676e-01
5.898856253639574859e-02
4.409400814235152344e-02
3.494889953718072900e-02
4.005451511291992228e-02
2.370378915443788481e-01
8.454216662391561554e-02
7.184271703505745732e-02
1.979355283867062845e-02
9.758825803435938057e-03
2.316191470297246924e-01
8.721950895455851671e-02
8.322579035546556758e-02
1.296503445828354507e-02
1.030979422491917763e-02
6.217757922251081204e-02
7.996224269445936783e-02
2.396677936256328134e-01
7.749020112532357951e-02
5.897117866914004802e-02
2.736532038686019519e-02
2.659821045785831090e-02
2.347795687319025881e-01
8.610998767881934690e-02
7.742272571131265935e-02
1.643460387012960280e-02
1.535673810040511650e-03
2.350741358511621304e-01
1.590438966267531395e-01
1.533816763122685667e-01
9.094677452846328808e-03
2.339727344044816304e-01
1.592100556637074948e-01
1.560836422157898806e-01
9.932926590465044822e-03
2.393332422314397578e-01
1.548299572584896922e-01
1.460544234252703355e-01
6.030973016678844306e-03
2.086636590258338364e-01
1.659974355107833310e-01
1.853531889127895127e-01
2.385536936588115303e-02
8.010008921972201767e-02
6.485959558000339853e-03
6.417084842059274374e-02
8.183243436159995388e-02
2.402295642183810975e-01
7.710827106852372048e-02
5.767432787084520590e-02
2.827049242462815332e-02
2.847954442065062791e-02
2.350933216801284198e-01
8.593923098453032372e-02
7.619520841297884595e-02
1.700969881557049673e-02
2.845933711328578648e-03
2.491547656537116406e-01
1.387683556869139245e-01
1.178471604373333009e-01
1.441651221914326498e-03
9.623194923586914085e-02
1.173111241584535724e-01
2.389666369251566835e-01
6.796359785042881130e-02
4.663907311463530436e-02
3.450394465719397452e-02
3.958913106413636945e-02
2.371047875026687513e-01
8.467985335396416291e-02
7.154661349741781029e-02
1.992033000323115838e-02
9.941864087021023977e-03
2.306482724524440142e-01
8.671606483253674336e-02
8.446086714857162225e-02
1.225600282763983362e-02
1.421741247485860428e-02
3.118323441623727099e-02
2.678179690236726779e-02
2.331206005580163942e-01
8.410024592711987101e-02
7.758719136132907757e-02
1.608481167308731599e-02
2.857581334868738413e-04
2.159285507868294041e-01
1.665403419369230198e-01
1.796067021296388899e-01
2.064831355131744109e-02
8.473787051594147690e-02
3.469913257382115437e-03
9.331690197111974783e-02
1.147990641128692479e-01
2.392654069579931153e-01
6.882227129808038413e-02
4.710125643734666689e-02
3.417645675012048745e-02
3.949024691059040831e-02
2.368419949423306026e-01
8.483430750669479492e-02
7.261608962428911518e-02
1.938321782799743223e-02
8.694269963825496106e-03
2.306984428546485499e-01
8.690343345715378920e-02
8.482315895041626919e-02
1.212745328784914367e-02
1.500971537443226977e-02
2.594966326501830026e-02
1.477247630014041392e-02
2.300399427994398172e-01
8.446567696674214809e-02
8.201416767087725546e-02
1.326671664814607458e-02
8.963939684383357906e-03
7.459221582669961492e-02
9.520126657561595040e-02
2.405020398162720230e-01
7.430672426973092271e-02
5.344338250924011990e-02
3.070490044712743255e-02
3.295487115213574514e-02
2.357844148418849484e-01
8.545091267608746766e-02
7.502315877101839448e-02
1.781072986781240611e-02
5.002902339034927780e-03
2.295778811789979668e-01
8.707796951005072894e-02
8.618299284900918233e-02
1.115927170551071768e-02
2.052810272192619190e-02
4.056994241558680955e-05
2.095046499872429413e-01
1.677754449989736496e-01
1.860675134673972220e-01
2.382687709470542037e-02
7.848779556392107559e-02
7.327725393041481516e-03
5.688779855788010653e-02
7.153915415942777023e-02
2.382011562565375939e-01
7.833669372216808813e-02
6.268417364452957830e-02
2.504811817944117142e-02
2.150653757077693531e-02
2.335135438528347096e-01
8.625291551431624182e-02
7.968129087463238225e-02
1.510033723411390028e-02
9.483761960674240302e-04
1.696698999862815693e-01
1.617946928389451811e-01
2.140552141688691346e-01
4.145990372755294084e-02
5.307661012127060790e-02
2.586052869252881969e-02
2.179001849239255162e-02
2.324670331455346017e-01
8.558309239115288736e-02
8.033708634761976830e-02
1.453923949380470787e-02
2.840103292351689804e-03
1.424626453723953079e-01
1.509795242519706426e-01
2.271272294194819352e-01
5.217478449159523857e-02
4.491298740102431242e-02
3.319470795302918026e-02
3.692350531232928973e-02
2.360672976232259523e-01
8.460442817065495780e-02
7.419357318058457385e-02
1.846120390309604481e-02
6.532482610273414314e-03
2.311099825564655319e-01
8.740940092546653495e-02
8.425020696648748142e-02
1.237897646349478235e-02
1.381254835375460462e-02
3.417065356843720925e-02
3.309439359566242883e-02
2.338381779817764461e-01
8.342734947377096477e-02
7.571645066714324801e-02
1.721626343634184014e-02
3.421236273669679175e-03
2.471133503934229703e-01
1.193170582008521025e-01
9.871285151531067337e-02
8.512968094835733981e-03
3.443264198301139445e-02
3.281395628427743322e-02
2.332721341369529688e-01
8.317043473636157036e-02
7.545337761800526011e-02
1.712419382130692114e-02
3.265412775393229747e-03
2.497081408225510502e-01
1.268337436353762782e-01
1.038559619428683495e-01
6.748978361845487696e-03
4.701527518040173742e-02
5.634737597938915127e-02
2.366968757408798030e-01
8.065624770064701299e-02
6.780065928449086066e-02
2.202545325256409503e-02
1.484204465111546925e-02
2.323282242923601637e-01
8.672486399840781401e-02
8.224947694196851899e-02
1.368588834364722548e-02
6.659089291514768902e-03
9.796637158895871167e-02
1.192669207866461634e-01
2.391555572773136351e-01
6.749754304248806180e-02
4.621015697744974837e-02
3.472963364126148422e-02
3.993227325018251089e-02
2.369653897370454232e-01
8.461870764681247992e-02
7.196604096482416002e-02
1.970244364201113874e-02
9.692780545399352216e-03
2.306472233309145026e-01
8.686895080330622743e-02
8.447462449659128014e-02
1.220018450837165314e-02
1.409634138253135216e-02
3.219444501694881944e-02
2.919093825811932413e-02
2.335902347066600993e-01
8.404993145568145918e-02
7.670606949371922001e-02
1.658203142619952414e-02
1.862804325957215018e-03
2.394857521534436429e-01
1.554663891541996357e-01
1.455627154207056462e-01
5.881940511324033893e-03
2.070809907432050179e-01
1.660318173488299909e-01
1.861777049353406099e-01
2.446602913510540281e-02
7.957022246266957921e-02
6.894321366446980529e-03
6.039752520301143457e-02
7.669642529962508726e-02
2.389189407699191248e-01
7.763942452560398944e-02
6.000714573287811021e-02
2.659045393696907525e-02
2.479453454669293400e-02
2.346903388271489865e-01
8.628304676441370114e-02
7.791488111369521130e-02
1.623711897290118500e-02
1.025492289436612725e-03
2.277244365075193899e-01
1.630039507436397139e-01
1.650664020952220812e-01
1.390613763866439812e-02
2.472337937882083669e-01
1.219671347754709423e-01
1.019258853533495934e-01
7.115154140348490044e-03
4.461197229109922779e-02
5.197403937478153185e-02
2.369309823591748410e-01
8.157984013690960934e-02
6.772925718656661043e-02
2.177418228113458393e-02
1.437496424434572123e-02
2.314700446055622807e-01
8.636108392921221233e-02
8.314287512808833658e-02
1.312688352264838182e-02
9.374843150284660476e-03
7.113611373252187731e-02
9.142717945806497215e-02
2.399139656463887826e-01
7.500321595994062507e-02
5.547381215530721582e-02
2.945612991858813715e-02
3.043998860168379422e-02
2.350734670699386464e-01
8.548131487667590123e-02
7.615013983279907139e-02
1.714904135760241671e-02
3.139388663482024430e-03
2.500424381826636400e-01
1.304963739481583285e-01
1.087529187833202876e-01
4.955415078056006443e-03
6.213800842566401944e-02
7.898210589318944985e-02
2.399631119345465025e-01
7.762543441488493901e-02
5.814281086570272788e-02
2.780587595627787359e-02
2.753093838883872296e-02
2.345099459208006276e-01
8.587098696091063910e-02
7.749833795679594850e-02
1.632594585703909043e-02
1.226609306017505422e-03
2.309082775438892343e-01
1.621021429883875709e-01
1.603495581131644809e-01
1.184691458693800346e-02
2.475561457614765815e-01
1.416155911244571519e-01
1.228701824281899641e-01
-3.487839456662138182e-04
1.170556268802836752e-01
1.341176091837293916e-01
2.350847756755057583e-01
6.101965472847412086e-02
4.381420389893644213e-02
3.546641436281924853e-02
4.109334426297146792e-02
2.369493014135422293e-01
8.438489772585819337e-02
7.173136818800901482e-02
1.985351457301614067e-02
1.013442065831758436e-02
2.307793616009059523e-01
8.686475034890006608e-02
8.435680608980053452e-02
1.228375001285818800e-02
1.381233228518672154e-02
3.405062607167052419e-02
3.306720144190271327e-02
2.331597455000839203e-01
8.326443523064880337e-02
7.638988429900575583e-02
1.666456120960609771e-02
1.984507099574341765e-03
2.407255869834683815e-01
1.538899683370079097e-01
1.434786579006815943e-01
4.998000069098913062e-03
1.977998028505090489e-01
1.656899002178570390e-01
1.937084416541446918e-01
2.869565219452095348e-02
7.219056805428845924e-02
1.178836699716538650e-02
2.282281795896184268e-02
6.171455270117022669e-03
2.283511302960331557e-01
8.476633038508615825e-02
8.478385476932148723e-02
1.163190187421496782e-02
1.818071754421615033e-02
7.148806468127692597e-03
9.030117328452617886e-02
1.120207130490112335e-01
2.390232260144101450e-01
6.947617631312900943e-02
4.895876108617855382e-02
3.306526135071019556e-02
3.721347162275733672e-02
2.355268206717682500e-01
8.457854298814873606e-02
7.372091889595291936e-02
1.833569059483643182e-02
6.151714712112442765e-03
2.300534185756717143e-01
8.710519660842508394e-02
8.473377009284645267e-02
1.184657221525271809e-02
1.621637101392402192e-02
1.783202925252279358e-02
7.122724406444545103e-03
9.046767300032457215e-02
1.127069226072442282e-01
2.394318555035452323e-01
6.946895182306622729e-02
4.856449783013752630e-02
3.339891308990010355e-02
3.747108796409862747e-02
2.354099530800723150e-01
8.433820630549215824e-02
7.406218645071825646e-02
1.824645682553002746e-02
5.816379595909416424e-03
2.305651282455742634e-01
8.728674683041534599e-02
8.483572751744272722e-02
1.200304335209743944e-02
1.579432184849704005e-02
2.057033040549609976e-02
9.533344176408061789e-04
2.246071038732019853e-01
1.641154738779139755e-01
1.682982408707783262e-01
1.553942621842725053e-02
2.377874488902678995e-01
9.923331064923693323e-02
8.883835357866978755e-02
1.136072895806774022e-02
1.827566046422259005e-02
6.650249799384954502e-03
9.524682742004475511e-02
1.172469729642025144e-01
2.394442815111851308e-01
6.841481825070466760e-02
4.624736551675599772e-02
3.466808015961253542e-02
4.026085949172820283e-02
2.372346630574036219e-01
8.462321879794139357e-02
7.241595256144761628e-02
1.958975102606574231e-02
9.270323792562876891e-03
2.308240328685573217e-01
8.690417929063953828e-02
8.453977351467130419e-02
1.227456746641239840e-02
1.416664972985378149e-02
3.206972923840448880e-02
2.867466415982744890e-02
2.322918317146234479e-01
