5.645976627359018396e-01
1.432934502153964951e-01
2.594436189179439856e-01
7.645226093693230016e-03
1.622564704985596240e-01
2.050524101336136107e-02
3.005981141022558423e-01
5.380985282702595296e-03
1.206761028844070549e-01
6.790779594753112471e-03
2.588148195528165441e-01
2.275552056693704722e-02
2.382840629180255076e-01
2.425111710178898261e-02
2.616122431677276872e-01
2.020122760858457031e-02
2.230206096053682086e-01
2.506255592656394388e-02
2.767025317662103467e-01
1.525603275467898867e-02
1.867645008912819926e-01
2.399914491227051611e-02
2.976796931211492803e-01
5.422287077255123766e-03
1.237037844449125068e-01
7.685545149492649386e-03
2.605747918825457310e-01
2.197713839656414286e-02
2.319092920237268429e-01
2.472785136668094463e-02
2.682445939227551812e-01
1.787927818674046182e-02
2.070295797900477686e-01
2.561011511269257329e-02
2.914741641174536380e-01
9.751734259903917582e-03
1.471593984127703147e-01
1.571433084690926352e-02
2.896123925979601221e-01
1.216651557994390120e-02
1.594868953768750208e-01
1.892994321823564252e-02
2.955358180176305138e-01
8.592065804191983264e-03
1.388921344996112694e-01
1.358524302263931782e-02
2.842101809617529340e-01
1.459628312443136261e-02
1.782778210671915053e-01
2.265149013562275937e-02
2.989223265090950044e-01
6.030771591221470961e-03
1.236096631920536454e-01
7.956370520994725595e-03
2.636444263718403791e-01
2.210835760970551039e-02
2.305349422666027326e-01
2.483549327776881852e-02
2.705840863285072784e-01
1.781860188096494324e-02
2.052817591017633003e-01
2.526397476670370901e-02
2.918073400400686412e-01
9.835384332086721804e-03
1.472958975887141420e-01
1.631621680772641497e-02
2.909042369551811946e-01
1.059176421445641100e-02
1.514273606269144756e-01
1.694067919279250434e-02
2.919760829671006475e-01
1.064397421088776781e-02
1.514498747001835066e-01
1.706620104207794142e-02
2.926638430217113340e-01
9.779371190355618665e-03
1.469590403523469146e-01
1.599694847787594409e-02
2.897350609221339690e-01
1.154305050487532472e-02
1.580233924168363280e-01
1.898145020046845821e-02
2.956658594620100167e-01
7.607567231425352815e-03
1.335074685376348991e-01
1.140014441665614803e-02
2.761087041085804605e-01
1.746166514206397291e-02
1.983016355658506480e-01
2.495809218885165076e-02
2.938899253630856689e-01
7.816581489300467728e-03
1.364148272996535127e-01
1.298881099089756533e-02
2.819419321365566611e-01
1.501041720736884244e-02
1.805959949673019982e-01
2.316564160871993627e-02
2.989733797551555883e-01
5.187657976298640922e-03
1.207570192322092173e-01
6.623070600235266003e-03
2.569236452133286108e-01
2.307989138288912140e-02
2.399316759277159705e-01
2.337980450422467299e-02
2.558528040369682510e-01
2.091663620497388743e-02
2.310152586528944063e-01
2.438288755745929293e-02
2.685226326852827583e-01
1.842813883828704064e-02
2.087837419340499434e-01
2.498939790174140724e-02
2.881460804207607307e-01
1.159975095171073001e-02
1.579776354022626728e-01
1.882977310879608776e-02
2.952638343054945214e-01
8.026315660139771851e-03
1.373756508855470126e-01
1.283427632236037313e-02
2.818542432680606891e-01
1.583515745505949257e-02
1.851149601251695365e-01
2.318382497519078100e-02
2.968921096110742064e-01
7.136834308679574843e-03
1.302761707013514458e-01
1.074841807235765029e-02
2.743280750528154788e-01
1.803155926017384336e-02
2.011252561741358469e-01
2.498362487193390297e-02
2.920341354519314647e-01
8.670482850192820848e-03
1.423146585852153867e-01
1.478641278207119478e-02
2.883670078376794899e-01
1.289209078783094820e-02
1.657955919952344148e-01
2.072647651292092164e-02
2.981678725102996919e-01
6.311971254149817065e-03
1.258985660946262963e-01
9.002454151339262314e-03
2.678300351273458224e-01
2.025861341882991690e-02
2.177569726733775968e-01
2.477156738724565349e-02
2.798431226686058371e-01
1.413208906794570507e-02
1.786301131884033555e-01
2.308067344267808463e-02
2.999050525999079619e-01
5.472547136598482874e-03
1.206620605462078444e-01
6.674024145231182738e-03
2.579804899188791745e-01
2.316195846249547233e-02
2.403260510039988973e-01
2.366809657780725301e-02
2.569600022588615085e-01
2.065518175156980107e-02
2.302623871831994407e-01
2.519488929176668182e-02
2.722240280587359673e-01
1.744555089147897114e-02
2.005212741754021921e-01
2.507607149696505777e-02
2.933866647632319968e-01
8.865361904948384011e-03
1.408386863252267529e-01
1.368936285493530663e-02
2.826489072972001027e-01
1.462742527793559066e-02
1.786093466880759595e-01
2.252653259736776131e-02
2.985185064358649165e-01
6.395885148746424491e-03
1.274660096490943806e-01
9.712860680614457398e-03
2.713451012818068331e-01
1.962762913230342576e-02
2.115881969661911333e-01
2.528756968507205050e-02
2.863398428711760868e-01
1.156154600479519269e-02
1.611092778562583094e-01
1.965603195383258672e-02
2.969261123170718886e-01
6.844192431250150851e-03
1.288296948233783046e-01
1.013043332999095415e-02
2.715513293374035575e-01
1.897990073472650280e-02
2.083257307238815526e-01
2.506565657447858836e-02
2.883298064482126555e-01
1.114222600526465837e-02
1.566408577583917605e-01
1.846920412580156656e-02
2.949761251317184474e-01
8.146876627579676539e-03
1.367701569513396498e-01
1.284533564637612910e-02
2.817891863099724614e-01
1.560932888042838168e-02
1.836594023578905499e-01
2.360231027040898127e-02
2.993694485725822974e-01
5.741927239294839988e-03
1.235519038294890931e-01
7.870194329937237748e-03
2.639134499510638054e-01
2.194571324870877790e-02
2.295688188129972884e-01
2.444164797587833338e-02
2.687822494773638438e-01
1.794752684969813661e-02
2.053949477840330273e-01
2.519142058310726295e-02
2.899709671071517003e-01
9.708131358202594374e-03
1.485747847836939584e-01
1.634849159023978038e-02
2.917791329445996729e-01
1.099831890919227007e-02
1.535840835113570502e-01
1.785413966671162145e-02
2.945179888975713034e-01
9.319990737552349275e-03
1.419381424087236276e-01
1.431868713864120277e-02
2.854012859717197648e-01
1.380711429629730147e-02
1.721121973263134430e-01
2.175901623737826890e-02
2.986473973644631075e-01
5.442706704851984351e-03
1.222094583564668768e-01
7.534618842410548308e-03
2.614018678843305077e-01
2.209795001317085839e-02
2.325523666458757799e-01
2.475550862003190328e-02
2.678851771492538614e-01
1.793598692091812052e-02
2.069546917494893834e-01
2.540761590945314619e-02
2.902090014689659436e-01
9.538890999855109687e-03
1.476310556452482270e-01
1.590229775675396084e-02
2.894617198397828606e-01
1.145114897228565604e-02
1.572285398272165735e-01
1.891966825420100112e-02
2.956642199606294152e-01
7.668105997006782401e-03
1.339683719431683517e-01
1.188502115302410810e-02
2.788001328185686911e-01
1.686500889237613210e-02
1.925468736867392006e-01
2.414182173593554248e-02
2.949237215147130220e-01
7.583435944662684364e-03
1.338937986011367876e-01
1.166760005051289267e-02
2.763394779306466709e-01
1.708989448521402998e-02
1.955851661498230198e-01
2.463737407744269470e-02
2.955396667585096226e-01
7.742191939030114781e-03
1.349250006739498853e-01
1.209533368193652092e-02
2.790710740451489702e-01
1.633274499281008041e-02
1.906478159591445398e-01
2.410789154281799823e-02
2.949972740899062806e-01
7.190220217994919630e-03
1.335667807031790666e-01
1.191725609573992227e-02
2.786693507067318776e-01
1.669316588551326974e-02
1.913710052899335323e-01
2.405354359456649688e-02
2.951430354909236886e-01
7.154020399589565947e-03
1.322463414976256801e-01
1.126491423665278158e-02
2.756695372304370784e-01
1.778637411459565998e-02
1.986973611498095982e-01
2.484629903040058013e-02
2.942658935580466650e-01
8.631389187947981559e-03
1.404256140731652558e-01
1.358645834535475438e-02
2.823792969830267174e-01
1.471151287761696125e-02
1.795805751276397522e-01
2.320321580727899985e-02
2.987768081745901805e-01
5.274279652242317221e-03
1.202048685338105022e-01
6.342263421293195536e-03
2.565156428416467960e-01
2.365777001083094536e-02
2.432850998679121635e-01
2.288619979750986660e-02
2.518055856107983548e-01
2.243290268882110888e-02
2.430625443732879198e-01
2.372785680893237797e-02
2.563117101262277764e-01
2.150142759261909967e-02
2.329269289862564429e-01
2.446857709941509945e-02
2.668442114052733682e-01
1.847540890527826773e-02
2.108432059873378284e-01
2.561079880554048560e-02
2.883548337456316446e-01
1.053199938517917350e-02
1.535422575550137170e-01
1.726685894602758564e-02
2.918555443639584968e-01
1.017285535153087013e-02
1.485529608437227700e-01
1.655975044612537778e-02
2.920985217040959481e-01
1.097648365881287447e-02
1.529218714642373578e-01
1.762239184409638768e-02
2.942015686244665029e-01
9.587094785351951004e-03
1.452312473341799137e-01
1.543056009065789901e-02
2.899271023676435188e-01
1.231816964057494412e-02
1.611735098799356725e-01
1.945079002701777249e-02
2.962116927523602006e-01
8.264947786064152924e-03
1.358533812773212446e-01
1.220965839016935513e-02
2.788720368005805361e-01
1.645532074653501681e-02
1.903541942220702277e-01
2.392127836442877603e-02
2.953930782774196184e-01
7.119678261914945405e-03
1.324075984054931820e-01
1.150340160867395316e-02
2.765736716122196293e-01
1.721264563159708577e-02
1.958130666740309500e-01
2.485495418429575776e-02
2.958098798614358649e-01
7.467512003236564597e-03
1.334971391189855305e-01
1.142232988717409477e-02
2.760659706498522770e-01
1.725074121971031244e-02
1.963336006973201153e-01
2.447810547404000864e-02
2.939214643426803497e-01
8.688102804024530612e-03
1.401440353373072656e-01
1.410671391128534569e-02
2.849569358732649826e-01
1.348753863685277221e-02
1.709932674065392788e-01
2.172704922203529121e-02
2.999454622540416171e-01
5.674377790844943766e-03
1.233351869888878738e-01
8.005844435432132866e-03
2.635602710700962747e-01
2.144347172988619182e-02
2.278452071097261111e-01
2.496264115378890938e-02
2.734089141010999091e-01
1.698871105312983742e-02
1.973351930893553485e-01
2.495096303985561842e-02
2.945881933135311992e-01
7.340921615442867927e-03
1.341244461002757959e-01
1.190435992871064635e-02
2.782363621667987008e-01
1.673161449056717598e-02
1.912726503097558761e-01
2.408489630739217569e-02
2.959085099286755671e-01
7.318489391196878781e-03
1.343062840303837213e-01
1.222871183207662957e-02
2.800313497222349790e-01
1.652045020857246388e-02
1.897498311108624380e-01
2.420388757095790627e-02
2.980511069669165014e-01
6.577951505697347129e-03
1.279835305057015760e-01
9.875282266889587671e-03
2.709327031280280851e-01
1.932774632021484751e-02
2.110318692354105907e-01
2.548746154551034121e-02
2.874302691388554432e-01
1.080593626185753428e-02
1.559406314218787781e-01
1.829460143519467605e-02
2.946463113989867821e-01
8.241237269643793620e-03
1.381593465809264343e-01
1.323292768410588849e-02
2.819177323561849469e-01
1.496360675796858108e-02
1.804350595330540818e-01
2.323339533155290709e-02
2.983585234830659072e-01
5.090802509069890583e-03
1.211633318132375597e-01
7.107695815017160343e-03
2.605705005856211454e-01
2.236495251375721777e-02
2.350977419152032732e-01
2.472210434119697514e-02
2.660968645248278919e-01
1.914669147555912374e-02
2.130678253582708459e-01
2.509956283878311128e-02
2.841577787528608567e-01
1.236600400847031114e-02
1.660491146791548689e-01
2.072737396900597995e-02
2.988686675032127260e-01
6.062058274708020597e-03
1.255928816811677506e-01
8.961600381198191190e-03
2.680017727873703071e-01
2.074280584596744498e-02
2.194589413390212185e-01
2.482653485379589242e-02
2.786032051832278977e-01
1.479429984583611329e-02
1.816733437236392468e-01
2.299810210997033089e-02
2.980122243492167033e-01
6.342810273245446176e-03
1.276330176293107022e-01
9.485318076796245973e-03
2.691271742729874350e-01
1.942791465783256372e-02
2.121972757466130677e-01
2.511650852955421565e-02
2.849893775758874925e-01
1.233587671401915713e-02
1.644347970561844119e-01
1.990667279296928077e-02
2.967313369091428843e-01
7.758296553669820524e-03
1.349925464102948724e-01
1.224243329560250303e-02
2.809967783473161229e-01
1.641762086233201912e-02
1.884453619916124922e-01
2.420977077198743083e-02
2.982414446348786718e-01
6.424981504994145207e-03
1.267741407409720411e-01
8.989588777460377073e-03
2.675463805303719966e-01
2.053473964021753501e-02
2.204111671458154897e-01
2.487956736881619113e-02
2.789068802969614791e-01
1.527602239355520947e-02
1.836333310231569871e-01
2.359530014109043061e-02
2.988834148468826335e-01
5.984485065853571185e-03
1.237444944039896855e-01
7.906718249487510591e-03
2.629981129362420900e-01
2.156183004477649212e-02
2.284011152065190953e-01
2.462828787705326899e-02
2.720540144345336420e-01
1.751392067826914450e-02
2.018020754602697364e-01
2.483882538696790404e-02
2.914452404339932245e-01
9.876743108886034198e-03
1.480177947863033361e-01
1.613027570631856561e-02
2.907224549973334016e-01
1.151652858025570270e-02
1.570972822871182506e-01
1.872954252203242603e-02
2.969178162791598075e-01
8.086522489403988323e-03
1.360109673619414039e-01
1.274428183257029362e-02
2.806172403318102360e-01
1.571888467697209191e-02
1.849934983877829231e-01
2.343181860996690347e-02
2.964659539465529514e-01
6.441096947554831795e-03
1.282635118638183191e-01
9.800731689371056793e-03
2.710946452153130681e-01
1.941415499110015624e-02
2.114163833438117424e-01
2.528884339736686693e-02
2.858978179609404924e-01
1.162119031263833015e-02
1.603481556388603457e-01
1.948837367663912301e-02
2.966308839345584425e-01
7.279519303635342484e-03
1.314986628553962145e-01
1.106662956944163938e-02
2.760249687169659127e-01
1.777404133523433766e-02
1.992740246500821766e-01
2.490119032267815169e-02
2.941910067067084467e-01
8.431137453933236492e-03
1.388796286428805871e-01
1.374958487948952507e-02
2.848985178841176302e-01
1.431478925369888966e-02
1.742434880684889942e-01
2.206631757959770512e-02
2.986993357892889778e-01
5.550023273682513567e-03
1.230967012895287649e-01
7.786704657595445306e-03
2.636349826276475627e-01
2.191520054893524722e-02
2.285671199012374866e-01
2.436933499829635474e-02
2.691104485070373031e-01
1.766304234043856308e-02
2.043640258849660496e-01
2.547768897116068493e-02
2.931252295350642578e-01
8.851060572803395865e-03
1.421550218331807669e-01
1.425014071928015422e-02
2.849648808066753691e-01
1.344910839609235464e-02
1.710829881502560490e-01
2.173562614990406233e-02
2.984121471460279840e-01
5.586700151070057505e-03
1.225395489607543353e-01
7.738907339840459323e-03
2.622547300381940505e-01
2.158861746950360011e-02
2.301471277616225775e-01
2.496241987551589547e-02
2.710111217816528750e-01
1.714812296344456199e-02
2.008992621139588097e-01
2.524986614340935659e-02
2.929968551735211424e-01
8.175857152472635128e-03
1.385616375660734256e-01
1.354734379410948812e-02
2.829199461036034924e-01
1.440403175743344699e-02
1.774678853048443083e-01
2.282741694674040450e-02
2.995732814882011152e-01
4.797439366973885871e-03
1.195015015772652595e-01
6.422343724544427555e-03
2.570792879396982533e-01
2.367204962176632302e-02
2.432507149944446723e-01
2.354346240974006937e-02
2.547816475658887803e-01
2.195490713014106726e-02
2.366075119183165820e-01
2.372846819637117535e-02
2.604963963642347724e-01
1.999741551442114559e-02
2.236216166207544709e-01
2.544619445718251244e-02
2.778123566915593479e-01
1.466094547248650293e-02
1.816012736817871065e-01
2.296414289572931006e-02
2.973176694876235593e-01
6.559701764509587828e-03
1.277628432190744956e-01
9.603571681657896777e-03
2.697882705941626047e-01
1.943959651955096124e-02
2.133390761636818067e-01
2.553542248254165453e-02
2.872819337236371950e-01
1.190580293322857780e-02
1.618748099929629425e-01
1.993316494366669661e-02
2.983763251172416031e-01
7.112329960596055524e-03
1.294277596080566362e-01
1.006385218462486908e-02
2.712781759872537335e-01
1.896418062111714792e-02
2.092984638225689475e-01
2.524381114956137512e-02
2.878784920212200116e-01
1.101527031585695926e-02
1.559831500468804311e-01
1.861255696500075177e-02
2.963689701698800638e-01
8.417214860492579220e-03
1.369727352152892430e-01
1.299008592921380503e-02
2.813896317778281086e-01
1.520286768802435462e-02
1.823668147623093705e-01
2.340199057157265478e-02
2.995205045758375095e-01
5.503389947300695376e-03
1.217136503575804163e-01
7.175985479779458526e-03
2.606538657687285654e-01
2.287041008452503008e-02
2.365874105640333180e-01
2.438985084955037214e-02
2.633370318740531069e-01
1.926353292589300104e-02
2.168614236800953110e-01
2.528890197738928314e-02
2.834646207012218033e-01
1.346208560362342765e-02
1.722714555782426105e-01
2.192852390189228839e-02
2.994960188229164877e-01
5.915214579208087978e-03
1.234558192400432852e-01
8.079760113829692267e-03
2.644047706761605832e-01
2.178090039944382758e-02
2.285007783961716388e-01
2.506718001182661748e-02
2.730688608162161746e-01
1.632359142482694980e-02
1.961592236861741390e-01
2.506700047832572525e-02
2.963345730034427916e-01
7.348227016187624736e-03
1.319848902615317621e-01
1.139287830966153811e-02
2.764579759224549127e-01
1.723303491326855924e-02
1.961611106019786332e-01
2.482838949167352066e-02
2.956488477794348979e-01
7.506542941663665175e-03
1.334356826706980526e-01
1.114126334076037499e-02
2.751601276181415145e-01
1.828204048693232026e-02
2.016651668657378771e-01
2.532349784572659329e-02
2.935089950620819454e-01
8.498173254147024097e-03
1.404727952185340079e-01
1.385088541261583067e-02
2.840001968523322429e-01
1.401344255736315658e-02
1.744332944681155628e-01
2.203481966089523153e-02
2.993462274739410178e-01
6.292111059438145783e-03
1.250999515452642097e-01
8.518842841058200943e-03
2.663868560714701683e-01
2.135816242060601527e-02
2.237594303715995103e-01
2.487405640996510556e-02
2.756517506409432716e-01
1.587184006536709879e-02
1.908101563792494182e-01
2.443022831507080800e-02
2.978073771886968757e-01
6.192966185904068450e-03
1.259094800047716733e-01
8.956176247699173393e-03
2.678796963292916500e-01
2.073676242144259843e-02
2.197499516016441778e-01
2.496724721208621461e-02
2.788209341994629109e-01
1.439848111411155818e-02
1.808245987408010624e-01
2.325475660376199322e-02
2.993028074252023774e-01
5.028088263313235801e-03
1.211106114826563801e-01
7.107748839535858038e-03
2.597409064786051491e-01
2.262339610500837400e-02
2.354227328134684827e-01
2.427563549451284414e-02
2.634267107192397317e-01
1.916251439116181676e-02
2.170359185644352706e-01
2.562276148404716430e-02
2.846650954669555089e-01
1.276439409349491849e-02
1.680204110410302987e-01
2.088892007766587899e-02
2.970288033020476171e-01
6.456480952305474613e-03
1.269282998927490080e-01
9.135027163850093640e-03
2.674702672484564059e-01
2.031184169785102411e-02
2.192388721784976902e-01
2.495934021073728179e-02
2.799149048172290266e-01
1.477650071618107075e-02
1.819231791035047507e-01
2.323736347519567841e-02
2.993184722265109232e-01
5.979162690712194576e-03
1.235234648207315378e-01
7.651099454429440005e-03
2.617962863726501777e-01
2.224719950496588730e-02
2.329278920272123132e-01
2.405291035916604786e-02
2.648861944858867945e-01
1.888360921953363691e-02
2.139393229176970723e-01
2.502331005713854042e-02
2.847516071385061132e-01
1.303675244615386253e-02
1.682986343767985671e-01
2.100381935878675027e-02
2.974990249397430064e-01
6.275738651846104327e-03
1.270617678895349101e-01
9.263469608310235387e-03
2.678963491823548315e-01
1.993345234397596311e-02
2.163223276825088359e-01
2.515245269542792234e-02
2.833700266958226743e-01
1.359104708083697099e-02
1.716541200312567406e-01
2.131845469091108586e-02
2.966666239229757140e-01
6.784109091969201324e-03
1.290967820047343451e-01
1.000699700416834981e-02
2.720059355495321185e-01
1.944002511009509243e-02
2.106943249116258743e-01
2.499105056528651975e-02
2.864815175719213625e-01
1.184668954012842515e-02
1.627316545006800563e-01
2.017258055160302266e-02
2.976933493831769306e-01
6.801086447221083540e-03
1.285806665757468770e-01
9.752169851838264625e-03
2.703129202912639140e-01
1.982521395873022840e-02
2.141520475585043382e-01
2.515859340344523548e-02
2.841184741251817081e-01
1.262946423880764724e-02
1.672770454356362901e-01
2.065317427456114102e-02
2.971334467745812558e-01
6.958039739077282945e-03
1.291995044117323632e-01
9.909737945764685377e-03
2.708164381811335453e-01
1.954689183875097519e-02
2.120870043897692958e-01
2.540570120192936487e-02
2.865136867018289735e-01
1.140675884603952785e-02
1.596751166586446169e-01
1.904277307336120495e-02
2.960264758190886969e-01
8.333783561228314679e-03
1.363300669365373474e-01
1.272520682589970212e-02
2.813486624996770491e-01
1.577446651650367404e-02
1.842671983276592540e-01
2.325132239310072346e-02
2.966694559337535453e-01
6.351839838450943840e-03
1.278159412824072250e-01
9.605958793412082072e-03
2.704476151432503306e-01
1.969160965602151370e-02
2.120447428889975505e-01
2.496761404474158452e-02
2.840689390905790646e-01
1.251044971032655960e-02
1.665279875124723308e-01
2.059179705088995394e-02
2.984720098625313067e-01
6.737893746414477109e-03
1.286051919000059662e-01
9.820705828011630500e-03
2.715411069136510203e-01
1.964957902660875722e-02
2.113239699026729645e-01
2.517492869259927574e-02
2.860833024430961546e-01
1.219123747576945915e-02
1.640254809376555933e-01
2.024834667770875757e-02
2.982121551436145435e-01
6.469720711661156205e-03
1.279048397506094559e-01
9.733692577226038187e-03
2.715560977428093659e-01
1.954967545668336720e-02
2.114782323293483424e-01
2.511089133070600402e-02
2.857437083244446785e-01
1.252297442417758810e-02
1.654467060287729274e-01
2.068934489346054700e-02
2.988797458299421450e-01
6.087133448755712058e-03
1.263112034318033539e-01
9.149521365986384297e-03
2.686991170281675112e-01
1.993122314160460790e-02
2.165460185195844656e-01
2.543364119101371862e-02
2.826811082205418213e-01
1.322061614454576872e-02
1.710191110437433437e-01
2.167452784590033488e-02
2.985004245904937514e-01
5.537415924146076029e-03
1.219361420944811703e-01
7.251665725745758649e-03
2.597726033076893648e-01
2.215440675585466507e-02
2.348220007093569095e-01
2.401263248680998719e-02
2.623112707075411221e-01
1.952603331653579577e-02
2.192634821494663933e-01
2.569273951592008359e-02
2.822194276663718693e-01
1.308652398713154065e-02
1.703843719998966444e-01
2.124663309884854828e-02
2.977630187353578206e-01
6.222066085434196231e-03
1.259271205599882815e-01
8.350276187195080843e-03
2.648458711965871459e-01
2.159189880498691913e-02
2.261525296647024785e-01
2.476054150096645978e-02
2.731482370534089599e-01
1.696731980900480219e-02
1.978310793480352880e-01
2.499816301839296456e-02
2.953965285275832464e-01
7.740960904273090290e-03
1.351217478673312489e-01
1.183191517498870943e-02
2.774039997894309773e-01
1.701245527733448448e-02
1.942473449665711172e-01
2.486796952463318777e-02
2.968404430284384277e-01
6.914025668307380648e-03
1.292071922615333213e-01
9.868909330035025712e-03
2.709776217547493204e-01
1.970396720298848645e-02
2.129280052883038843e-01
2.544378240405335140e-02
2.863839284102884797e-01
1.192943356415344068e-02
1.613350891329806691e-01
1.948711026665553986e-02
2.966964347649312939e-01
7.957657166748711985e-03
1.340664586727229324e-01
1.151929564939055406e-02
2.761976882754341722e-01
1.742515944201442762e-02
1.977138043782567800e-01
2.489639206423049922e-02
2.952665657992835646e-01
7.872989488803343663e-03
1.360084789015568729e-01
1.256516558244742676e-02
2.807136144694423185e-01
1.628848320145365181e-02
1.870885170868849812e-01
2.371334500085235664e-02
2.971580680304076738e-01
6.728691731190899680e-03
1.304587570745186498e-01
1.068652484213433729e-02
2.750887493859030530e-01
1.838811484221799381e-02
2.037490315941352104e-01
2.534198876842549270e-02
2.924430681681466360e-01
9.322885171886757805e-03
1.440601690590987416e-01
1.527655066163722403e-02
2.879101941244932017e-01
1.209860164813120718e-02
1.618074068416158473e-01
1.946343919851618171e-02
2.965113652775830944e-01
7.619187691036550386e-03
1.336112146026759706e-01
1.173580711506390026e-02
2.785904803691375275e-01
1.707490213647234328e-02
1.924884802956169927e-01
2.427831496588528370e-02
2.951422760556504654e-01
7.564312502139652027e-03
1.339066853632751297e-01
1.156484558883385735e-02
2.767430290770568901e-01
1.742820780656249152e-02
1.975154616904985783e-01
2.486241846293898994e-02
2.952402021758961381e-01
8.034447815550224692e-03
1.358573913677178224e-01
1.214923576704266331e-02
2.778632162597339250e-01
1.655772505560934582e-02
1.912956965454784830e-01
2.440246512448436544e-02
2.975033998430152149e-01
6.719487826255074459e-03
1.293767124411046576e-01
9.963412988756964808e-03
2.718760671230365800e-01
1.960356316911660013e-02
2.108643476891941260e-01
2.539268810650935349e-02
2.874722932545263898e-01
1.180615772668720809e-02
1.604060191309393257e-01
1.959079781088191724e-02
2.967459779881766457e-01
6.941714231308464440e-03
1.310537606650195031e-01
1.051947416352907311e-02
2.734321557810579506e-01
1.834855593331790463e-02
2.049600412057989707e-01
2.530967869100902989e-02
2.906065303625693375e-01
9.515944840569445784e-03
1.468904133074513674e-01
1.619296756091619105e-02
2.906514692788632059e-01
1.058403886679142036e-02
1.533620848056694019e-01
1.770164217866612710e-02
2.938050991975742487e-01
8.973467978433194436e-03
1.428153777132513125e-01
1.495458266502447571e-02
2.875540496901433096e-01
1.284283116959061659e-02
1.659862097881122378e-01
2.070928754310511280e-02
2.990850692393463572e-01
6.352204466027308073e-03
1.256140642638968741e-01
8.779302122598191260e-03
2.665285607206352436e-01
2.046534176172791486e-02
2.200080517924453694e-01
2.504537508416632835e-02
2.789598119106114771e-01
1.501247821320311759e-02
1.824782159225951106e-01
2.353418079840042393e-02
2.994741519270309182e-01
5.585678672200756166e-03
1.221797368342725509e-01
7.515341896999420956e-03
2.622755080258148963e-01
2.236042412709369348e-02
2.332844749519221716e-01
2.437965103688141677e-02
2.669302735048772468e-01
1.890873867360971794e-02
2.115355462230646411e-01
2.541185430663977368e-02
2.870244619157018007e-01
1.179595905903875475e-02
1.613200115370956866e-01
1.964118582719375644e-02
2.966248249822402983e-01
6.916592148483112143e-03
1.300997722858971140e-01
1.049992035101482771e-02
2.739661724065042825e-01
1.824006326324437155e-02
2.023559083856532048e-01
2.466022435651718525e-02
2.907444504745023695e-01
1.037377806736695940e-02
1.510724352320589603e-01
1.692292010937999219e-02
2.914230715991849574e-01
1.016983292975237249e-02
1.508891221956400186e-01
1.713094031276269844e-02
2.934517872212100142e-01
9.680789822636998859e-03
1.448349123972820784e-01
1.516446567300556297e-02
2.873918440377256633e-01
1.283390917448773427e-02
1.653224921852426421e-01
2.022039604014193304e-02
2.974238763379552508e-01
7.382683048018684642e-03
1.331987247847770117e-01
1.133407219773933244e-02
2.756902846214978053e-01
1.741262927200896288e-02
1.984569743847731937e-01
2.507758765218772584e-02
2.945470140039211371e-01
7.984072282815647681e-03
1.374601491914167473e-01
1.294492746880049339e-02
2.813174641231657169e-01
1.513198156783979176e-02
1.812782978932263867e-01
2.281912869552332745e-02
2.970810513864445279e-01
6.391737579530953374e-03
1.293746018464368153e-01
1.035236001625960273e-02
2.730709915305840618e-01
1.892743581330904451e-02
2.066320771683419488e-01
2.510740640884946695e-02
2.894114027801563127e-01
1.076085073465288949e-02
1.533236301645605482e-01
1.749778241438093573e-02
2.938267765782477392e-01
9.756394027472498065e-03
1.462934410346863334e-01
1.545909058759452337e-02
2.884943838529711591e-01
1.192482587027676733e-02
1.604940877899012630e-01
1.926634984722204458e-02
2.961602348219994907e-01
8.223154353300270863e-03
1.367488702653291421e-01
1.233258254624899908e-02
