3.440398088209593586e-01
3.848872005333615620e-01
2.039121833728441968e-01
4.128524595406062037e-02
6.292198889484154622e-02
2.362952188301442047e-01
3.586723641634770310e-02
1.147853095202953089e-01
1.409047527230780292e-02
2.097261962859535145e-01
2.706670417176781224e-02
1.885499675739630010e-01
1.437597052640676026e-02
2.528144645268324275e-01
1.250436646038074195e-01
4.259158526901507535e-02
8.275784050362972044e-02
8.501472594333228661e-02
2.148586661404518483e-01
1.832469700604419383e-02
2.564321487695074842e-01
1.188173827655148868e-01
2.987373483670126978e-02
8.940958363549336707e-02
8.934294690642397008e-02
2.110031130560713342e-01
1.558123341510989773e-02
2.440418186086044938e-01
1.289892380004969419e-01
6.135642858420894963e-02
7.244390743481904371e-02
7.727459684072179869e-02
2.195892304379152560e-01
2.233835905035433042e-02
2.638677676875129108e-01
9.462479726053653339e-02
1.246419791859768866e-01
3.428929818339359475e-02
1.482859145866690653e-01
4.984482995073867204e-03
6.301323346461526476e-02
5.641465505777634726e-02
2.181738581698851320e-01
2.484852718088955206e-02
2.516280622390231203e-01
6.681231528448770829e-02
1.252112875455522745e-01
2.559896126948732129e-02
1.421414458831209149e-01
6.923054347724111324e-03
5.109283679336010242e-02
4.037103011824198784e-02
2.208700766150222261e-01
2.931395704455865350e-02
1.708341568751871042e-01
5.249089169503780121e-03
1.870530621642677027e-01
1.360026690015641304e-01
1.418726925418303531e-01
2.388682889889284441e-02
1.701943886700525710e-02
2.312129813519062660e-01
4.113113832292147887e-02
1.216525274784664434e-01
2.463755864099533358e-02
1.466208763474091958e-01
4.700954451851150490e-03
6.677205401120263339e-02
6.125770732524252887e-02
2.171729644151759731e-01
2.342504582461711962e-02
2.606187542792509082e-01
8.142384382767273165e-02
1.272606047419274633e-01
2.939302704882416212e-02
1.425064453215770244e-01
7.435832832978054446e-03
4.698329802134831867e-02
3.434482054795079398e-02
2.224758412607271696e-01
3.100933011511543963e-02
7.661837651026631724e-02
4.561649869193957346e-02
4.422901501180062644e-02
2.267730583540263911e-01
3.231013492441714430e-02
1.148136905332651225e-01
2.929295890711482858e-02
1.572192389576906046e-01
1.850849323355184322e-04
1.030225484057692570e-01
9.603354449326681475e-02
2.026868119868900364e-01
1.000845313215709131e-02
2.070318692438970487e-01
1.369449989617689822e-01
1.179517537800279098e-01
3.830173203389827113e-02
3.995270293701393832e-02
2.298133097408296688e-01
3.551152710589725037e-02
1.197174931665354741e-01
2.109851264413137653e-02
1.464446553165169584e-01
4.223542381140947197e-03
7.104968775474342080e-02
6.613616906292787978e-02
2.165601499369053107e-01
2.202550601697138982e-02
2.641511749695148459e-01
9.394869523133878020e-02
1.254167173791609913e-01
3.400626630773727344e-02
1.465431881283136006e-01
5.691821905209896310e-03
5.867664148950875458e-02
5.095667075904504462e-02
2.199244647083091198e-01
2.660330029000167879e-02
2.350983078218123190e-01
4.752391555986423821e-02
1.224316464304422980e-01
2.557542852128600469e-02
1.453876000219621878e-01
5.244204112231889287e-03
6.272258468799540854e-02
5.638023562423969542e-02
2.192467403130783365e-01
2.516962453838183719e-02
2.501062120777816089e-01
6.445732542196815074e-02
1.248380329553414325e-01
2.523175634881537344e-02
1.419305909881522221e-01
6.891588543983522865e-03
5.206663188708229167e-02
4.194063801027511640e-02
2.205249945732070116e-01
2.881895050259557223e-02
1.849405752025628791e-01
1.266306001559879338e-02
2.433384586527148064e-01
1.310076058709739311e-01
6.466747477816515988e-02
7.079301557484338203e-02
7.596829853290217038e-02
2.198957281786337592e-01
2.286861420954192786e-02
2.626465081266665114e-01
9.019932009094581982e-02
1.261764995337558426e-01
3.299940289228112111e-02
1.449546392655003402e-01
6.302842849429723948e-03
5.414711733939393812e-02
4.468119530871875189e-02
2.208792984899426715e-01
2.832667990149804332e-02
2.026676830935809082e-01
2.320425150319872093e-02
2.480100447053938673e-01
6.107891445493014021e-02
1.241671182266556595e-01
2.453594243951627216e-02
1.428957916399856976e-01
6.432139330299849883e-03
5.511258669180301578e-02
4.608587736323888767e-02
2.198036703871853736e-01
2.775111834995886220e-02
2.132576778486069413e-01
3.003855985583641502e-02
1.135928677157336253e-01
2.929315234728006867e-02
1.586367239394732009e-01
-4.165426987204846258e-04
1.087508142339636830e-01
1.005336625256124661e-01
2.004065157051837520e-01
8.115780201860774146e-03
1.907234012847526805e-01
1.361012155387631428e-01
1.377686779953290197e-01
2.635050402138063713e-02
2.132043479012587714e-02
2.307796237094549840e-01
3.992186057027832802e-02
1.210088167337304427e-01
2.380629112497740715e-02
1.461184255664161324e-01
4.646298066413256066e-03
6.727624006816142199e-02
6.137435950352174152e-02
2.168519584186845428e-01
2.326804348839472264e-02
2.613597735372488184e-01
8.296023531400728568e-02
1.274167822620032031e-01
2.977957457632940397e-02
1.414066008365059135e-01
7.751539582532703497e-03
4.557047391791142765e-02
3.218457616591244297e-02
2.215462182352401777e-01
3.123309753543168990e-02
9.283938108445215220e-02
2.284295176403077290e-02
1.770693599774185722e-01
6.906806948017906074e-03
1.978085886194510812e-01
1.365269410191746746e-01
1.287382046143867864e-01
3.161669067084410534e-02
3.000169777595501630e-02
2.313826993727547410e-01
3.831305304072855217e-02
1.204146106895243595e-01
2.220069352935604215e-02
1.466059442029309934e-01
4.419624341484336937e-03
7.003018340910553696e-02
6.500497488886579356e-02
2.170601494491244121e-01
2.250186004383484747e-02
2.635526339842537147e-01
9.084675579959616831e-02
1.264147382868402447e-01
3.311624452628651738e-02
1.445868431132017462e-01
6.599161467813055744e-03
5.274288468728673129e-02
4.282829764670122857e-02
2.205126729935762697e-01
2.867994667954896007e-02
1.926012445030889364e-01
1.664939734664820647e-02
2.613065430667701472e-01
1.139823506585186386e-01
8.214006980502744359e-02
1.843058000734632343e-02
1.858563781015795113e-01
1.189343057799633306e-02
2.370268164771914265e-01
1.338630049210531581e-01
7.650232099642183259e-02
6.394555792841065400e-02
6.985846637349241162e-02
2.234506433616057219e-01
2.575126088207625036e-02
2.504360916606319654e-01
6.523706613573983237e-02
1.248700424898434302e-01
2.543296519458760827e-02
1.422801681743813274e-01
6.758866491096979581e-03
5.230326879365487097e-02
4.218216651918733212e-02
2.212730790088149879e-01
2.901463117093587216e-02
1.839544299378667869e-01
1.211175869640343170e-02
2.393241044299470044e-01
1.313221399788112309e-01
6.967678477400218728e-02
6.728711525551037131e-02
7.270061035477673461e-02
2.221448620350220393e-01
2.440213323272555357e-02
2.578825603008504941e-01
7.768292521871320022e-02
1.267808442323948015e-01
2.864094176266689801e-02
1.424215910284482578e-01
7.306579122514103575e-03
4.885988428456820160e-02
3.723247057820947697e-02
2.223497754263704107e-01
3.031572489998465847e-02
1.314133621733250823e-01
1.120246583772538732e-02
2.742755007311428045e-02
-1.687147721938635507e-04
1.976109260159454872e-01
1.388316728055721816e-01
1.319570549619893118e-01
3.039867909694922432e-02
2.812687415345697939e-02
2.315068463031045021e-01
3.875607181844452354e-02
1.208561042277140618e-01
2.263027073584197857e-02
1.451737487948972782e-01
4.804115359034065794e-03
6.656498229366339392e-02
6.075311358324639310e-02
2.179498351013455237e-01
2.375330705583172594e-02
2.597920854815627401e-01
7.956938971650552583e-02
1.270940605960411418e-01
2.857098546191002078e-02
1.419656043910286769e-01
7.496801351526290701e-03
4.662605526411899015e-02
3.366058274933387412e-02
2.226946508405442671e-01
3.126562611125738300e-02
5.696703616753959198e-02
5.845649599473523583e-02
5.928168923871342949e-02
2.237495126904718579e-01
2.757352803648976947e-02
2.293143880834094539e-01
4.233184346156283057e-02
1.214169818167187831e-01
2.686577935537589473e-02
1.472700583371766292e-01
4.385199500395330421e-03
6.895728059727120052e-02
6.356413842144886805e-02
2.163920175182142691e-01
2.263456918871253887e-02
2.629426953375775811e-01
8.834395941767952953e-02
1.270957547207908767e-01
3.224212299714096508e-02
1.441662874035024022e-01
6.841211962204364616e-03
5.027825652107661969e-02
3.928810454537473573e-02
2.222636277062187693e-01
2.992304830471330390e-02
1.525519408253238063e-01
3.298882078770742476e-04
1.059896746152480251e-01
9.872505439678928851e-02
2.012610540490074873e-01
8.951374134011536032e-03
1.978827006946480005e-01
1.371764827436323941e-01
1.302067090990510767e-01
3.116293683413021501e-02
2.951154263111115117e-02
2.307166132285575766e-01
3.824168346396062540e-02
1.208200607435837848e-01
2.288457677150190078e-02
1.452836934023100934e-01
4.875728735991315815e-03
6.626572427881356753e-02
6.068840001121219435e-02
2.183588249731173159e-01
2.396108041748648554e-02
2.585796874470589479e-01
7.785577129662518692e-02
1.269759535575922249e-01
2.843941927258475388e-02
1.411968760857353344e-01
7.770890015482174486e-03
4.580443829887912571e-02
3.249379780760245501e-02
2.223487810996609138e-01
3.144215809162743958e-02
9.417554084454687890e-02
2.351003373258938808e-02
1.761865883011619061e-01
6.345036389588522979e-03
1.926804060476472735e-01
1.359630237715966083e-01
1.349545663321514433e-01
2.791555302241512104e-02
2.412855683798133255e-02
2.313836933970247478e-01
3.957659661713205934e-02
1.209319018301480003e-01
2.309523521179345298e-02
1.465718233281829430e-01
4.505911194686008231e-03
6.868868276073128443e-02
6.323263745455738605e-02
2.170995429307820412e-01
2.294136790460578681e-02
2.610725612268900986e-01
8.564494838631450668e-02
1.267531297305064808e-01
3.182677440611488690e-02
1.443740628255777980e-01
6.709587219488936070e-03
5.152663791332003779e-02
4.116546578118205485e-02
2.212143384100568322e-01
2.919880615650419578e-02
1.761528897315635944e-01
8.003993371917530672e-03
2.095774425910018335e-01
1.371976016893217409e-01
1.159281438314784668e-01
3.985138740404191304e-02
4.194971668448922719e-02
2.303829879282908721e-01
3.521821809898953437e-02
1.192978898188239018e-01
2.039801268428532988e-02
1.471849898079548580e-01
3.908094691225820483e-03
7.313618880986329229e-02
6.839311111233076224e-02
2.161520468962182251e-01
2.141070542008959715e-02
2.635209298396340438e-01
9.924618949161886916e-02
1.198047180601664596e-01
3.529816407816009638e-02
1.546287973442514452e-01
2.009983385674260666e-03
8.667153429034249457e-02
8.220096564577067388e-02
2.100901773266859174e-01
1.613241107610588476e-02
2.481715216265744650e-01
1.268664686912893136e-01
5.219226933902858939e-02
7.752504911076951721e-02
8.136551114286076636e-02
2.177132030451174871e-01
2.045658289550012637e-02
2.631293000528256432e-01
1.079533547176418085e-01
1.049692575162217423e-01
3.175306693984045192e-02
1.690177410754695464e-01
1.832453492129449552e-03
1.514332700477145355e-01
1.249523505889453961e-01
1.724197761049824085e-01
4.901689056354678609e-03
4.872196122088278541e-02
3.673117048928176837e-02
2.220817490663706262e-01
3.031208642301820577e-02
1.306097262787062063e-01
1.188504882268012243e-02
2.333953157419713098e-02
1.270818327145785756e-02
6.992093793074263819e-02
6.606225586991806842e-02
2.162909357698024615e-01
2.234017664510462922e-02
2.629658163893061062e-01
9.089551942114237892e-02
1.260946781990384125e-01
3.332088256637275731e-02
1.453719454837636149e-01
6.184250920813430356e-03
5.560456797183129657e-02
4.672433156669284632e-02
2.197541337395697292e-01
2.758590249642038292e-02
2.172853024504839137e-01
3.280266271556522839e-02
1.169003895209784205e-01
2.930053629734957060e-02
1.550219910476352825e-01
1.196228860491452099e-03
9.384691844646621262e-02
8.861039023553433924e-02
2.076526069571396071e-01
1.364086984894435223e-02
2.341208617921559099e-01
1.341416848989386290e-01
8.046617808536926653e-02
6.124392969016454608e-02
6.711384221873928357e-02
2.238479117759388792e-01
2.661369421217473635e-02
2.429731685313451517e-01
5.524063233790731803e-02
1.233133319150916396e-01
2.437126608890667623e-02
1.436077698292770322e-01
6.012450749362255320e-03
5.749849676477807037e-02
4.960926219851181929e-02
2.200579656874300238e-01
2.708298452796212979e-02
2.287042762304667964e-01
4.231410492176459343e-02
1.213426264229414686e-01
2.738671643157126329e-02
1.476820968231397357e-01
4.264136632407579397e-03
7.023488921277988573e-02
6.520964280516521050e-02
2.160746303552766312e-01
2.223014164639824236e-02
2.632219660497153724e-01
9.208578032050666884e-02
1.256036669211202939e-01
3.362120965192684496e-02
1.464006492813877958e-01
5.796929027546159074e-03
5.744818222097161642e-02
4.934877907412886511e-02
2.192097186111646445e-01
2.688238214515478036e-02
2.302002026002415436e-01
4.319027002732432619e-02
1.218504839153558839e-01
2.683921825472471157e-02
1.464080075320917940e-01
4.757332226647203142e-03
6.661476272732205772e-02
6.104020957305032746e-02
2.182902509190878249e-01
2.385847575658791436e-02
2.596062787906084912e-01
7.920619751234665717e-02
1.271231965774098083e-01
2.844838946965556892e-02
1.421263595956041570e-01
7.498135850766795077e-03
4.692948022089335480e-02
3.418086479711542058e-02
2.214823227809420703e-01
3.084989726676737667e-02
8.340892787125767094e-02
4.121569594486557825e-02
3.826952440921038007e-02
2.282640672089811251e-01
3.435626404346094065e-02
1.199703336292499145e-01
2.200542939047923224e-02
1.471926990273763614e-01
4.065845645370587055e-03
7.217638082810566569e-02
6.743249114772896513e-02
2.164322154107264917e-01
2.175487344642215021e-02
2.632954759232207786e-01
9.661402960129761297e-02
1.224818033830055719e-01
3.497388560273345659e-02
1.515736000162408448e-01
3.537463137825123949e-03
7.388480968525609760e-02
6.923847271550276350e-02
2.153050752560955738e-01
2.098672741195097696e-02
2.637239762577739954e-01
1.020112628760509038e-01
1.172039429295053253e-01
3.517431827297740760e-02
1.577129459062745209e-01
5.979026814005980375e-04
9.929939378213713252e-02
9.321585115196097393e-02
2.043033901606320646e-01
1.140584956385395227e-02
2.168282995330685081e-01
1.366507200779886744e-01
1.063414297596014801e-01
4.581249122214091363e-02
4.994698413726346431e-02
2.279838624264014790e-01
3.251629406607895595e-02
9.043549038925319250e-02
2.149730653066537350e-02
1.799018109389557973e-01
8.196976340430652333e-03
2.085790823716202891e-01
1.373188078035170456e-01
1.172739355900342256e-01
3.908122119146197060e-02
4.118715022808528553e-02
2.302161292405991988e-01
3.529469047082409855e-02
1.197364003185798359e-01
2.094212221213292979e-02
1.461191862486181658e-01
4.283594959380770083e-03
7.152065149955755263e-02
6.681801142772993141e-02
2.163985347606259824e-01
2.186231862321344477e-02
2.640409829222536420e-01
9.538877791990839350e-02
1.243961543213632226e-01
3.446922057110357596e-02
1.482794155674410919e-01
4.945044684574120483e-03
6.322877030125303999e-02
5.693929302479348170e-02
2.190057162398785506e-01
2.495631006794780948e-02
2.523657853065084389e-01
6.716652401879270873e-02
1.251689745280951671e-01
2.528825427088295108e-02
1.427827160170590526e-01
6.768939184144380158e-03
5.246358800299456837e-02
4.254147431297595344e-02
2.204467563410218989e-01
2.867939184818342827e-02
1.906352570333296192e-01
1.559041571212795019e-02
2.566706050624474322e-01
1.194092776799517419e-01
3.085589794330784175e-02
8.905432403327968871e-02
8.917659949938916419e-02
2.122000856470329100e-01
1.596295394792451167e-02
2.458816261733773323e-01
1.282644835033919795e-01
5.786621532660125855e-02
7.445740949851967216e-02
7.886302875181538941e-02
2.190342980851245902e-01
2.159733807806576630e-02
2.632467942961941865e-01
9.973579524929138129e-02
1.189683526071586422e-01
3.516051423733854847e-02
1.556072075867796223e-01
1.539374435323136517e-03
9.010689051495267277e-02
8.538774233328391694e-02
2.095876777428755666e-01
1.508644156230175108e-02
2.423909482787279523e-01
1.305379138142287454e-01
6.516643092823802552e-02
7.013261786925556462e-02
7.533461368312238671e-02
2.205993360954945637e-01
2.317613059235132389e-02
2.623579773307296303e-01
8.835295975923883327e-02
1.268471259373901705e-01
3.209326159409978813e-02
1.438486385736877093e-01
6.886547042040344103e-03
5.026632554860786806e-02
3.938775150705447342e-02
2.220667004798649036e-01
2.978874613893844545e-02
1.586895494969506326e-01
-6.405341330041422086e-04
1.307381426242248956e-01
1.149927271504263548e-01
1.877710450444871337e-01
6.069360378939606788e-05
1.171352801838780044e-01
1.063273980552617431e-01
1.947441532521861918e-01
4.719353201641189773e-03
1.612560016074862101e-01
1.284920631605363794e-01
1.647908349690390684e-01
9.550339140726817055e-03
2.059997887952359080e-02
2.698342550541111759e-02
-5.303725745711357700e-04
2.091425213097900526e-01
1.388964633995297404e-01
1.181552849523788556e-01
3.894932367727180211e-02
4.101621272588486938e-02
2.296369381701722223e-01
3.518696003727989075e-02
1.199972432818681156e-01
2.142633135279862350e-02
1.464656620318319225e-01
4.283316495418214818e-03
7.110832735388793180e-02
6.637189325268075257e-02
2.160504536039274393e-01
2.196891909021748968e-02
2.643016157092122898e-01
9.450531919526874991e-02
1.250870902263036266e-01
3.420786944621317938e-02
1.468553644600833763e-01
5.560327378286137982e-03
6.004031242736702911e-02
5.276683442809934621e-02
2.196056915274747501e-01
2.616629924127174267e-02
2.416820529485605995e-01
5.381415419360459362e-02
1.231662870116977115e-01
2.466493501663810997e-02
1.445073231907046951e-01
5.754652460251139141e-03
6.013476856920554892e-02
5.297208485211324369e-02
2.190132197884044896e-01
2.598835982004442380e-02
2.427581642469423817e-01
5.498537837035106374e-02
1.232957795475265739e-01
2.469511639025629562e-02
1.436124602544426865e-01
6.038652989445008820e-03
5.798954338933350050e-02
5.009412449768409215e-02
2.203161230453704045e-01
2.697675206056726616e-02
2.301751242684568766e-01
4.343513871978629814e-02
1.214596516046787950e-01
2.694921693212527086e-02
1.479451395741165909e-01
4.370529462684337625e-03
6.934699397166328716e-02
6.411402989517839268e-02
2.167233442563417933e-01
2.262552751696293718e-02
2.632850056522854088e-01
8.924026481202788907e-02
1.267521010702912510e-01
3.261850897920762216e-02
1.449108641313342494e-01
6.499465045625416049e-03
5.272906835771934420e-02
4.266673867715448792e-02
2.204013642418541918e-01
2.865467270888925888e-02
1.923441854134395612e-01
1.661278253619367581e-02
2.602584227473239142e-01
1.137232294780280706e-01
7.789857473373437702e-02
1.517098201617472081e-02
1.885377850605902683e-01
1.373597375912446843e-02
2.476340655064973584e-01
1.276162003872683137e-01
5.446978910896661807e-02
7.641805160292049204e-02
8.054614733873820265e-02
2.185602065250752402e-01
2.096117479127198799e-02
2.626125310186840922e-01
1.042474879644482016e-01
1.114265009024925368e-01
3.403257092510326293e-02
1.627576877687967327e-01
-8.865224005022725616e-04
1.224568400816216929e-01
1.099900055547841371e-01
1.930507910373547298e-01
3.108071471817635753e-03
1.451822445254376259e-01
1.218911374018724625e-01
1.775389345253282070e-01
2.198734312389305327e-03
6.874712629266022113e-02
6.317577606536123325e-02
2.163107557495158040e-01
2.271256047409692114e-02
2.630415552015516467e-01
8.783545521121102762e-02
1.270922382397026706e-01
3.174990388629355537e-02
1.437986876104977718e-01
7.060486099116733416e-03
4.938738225034776386e-02
3.777549849016223482e-02
2.212407344528638797e-01
2.993425607484571233e-02
1.452685001710053436e-01
4.014232149245202524e-03
7.359983697174050932e-02
6.894951230181170510e-02
2.157733051863820750e-01
2.118174536033812227e-02
2.643799011505190699e-01
1.011854444931256786e-01
1.187155355764909492e-01
3.533255158051869238e-02
1.560744933014779068e-01
1.369021388605257128e-03
9.211440506273879669e-02
8.728329550073885001e-02
2.076101532055272259e-01
1.411663081212152435e-02
2.364667295590109908e-01
1.328160727110886952e-01
7.622976053361374404e-02
6.394651287352522140e-02
6.983164877174918850e-02
2.230382185450312249e-01
2.566887717366695548e-02
2.510937778296526424e-01
6.578397377333893015e-02
1.248035558760229313e-01
2.532194236814789418e-02
1.428298667956729995e-01
6.703718275387175740e-03
5.314266589998606349e-02
4.345637292475787450e-02
2.206108158141290021e-01
2.858376326069439130e-02
1.950295579449682348e-01
1.845170234736665665e-02
2.635201949307925395e-01
1.021284021584573376e-01
1.165776743947758015e-01
3.501088212158187662e-02
1.583083855855294264e-01
3.155579173507522196e-04
1.001400688252920695e-01
9.381412482858872415e-02
2.043821273201497923e-01
1.119939917312729599e-02
2.165743438109866692e-01
1.367701759399096162e-01
1.064596119408857400e-01
4.558270407783995837e-02
4.972861553521335659e-02
2.290451408411769696e-01
3.284728766268803224e-02
1.201625135578780895e-01
2.456379864644829200e-02
1.482928654000441049e-01
3.834908112964502055e-03
7.309558520798717374e-02
6.827734546517852388e-02
2.160477006102568542e-01
2.138773140198914346e-02
2.641835801251766758e-01
9.902131104107225745e-02
1.216243294098722227e-01
3.517805570629696510e-02
1.526029008571793133e-01
3.091071851016997680e-03
7.694440481705520918e-02
7.231458587309474995e-02
2.139954944414492743e-01
1.977401296220324470e-02
2.627755750672848278e-01
1.095591033189796809e-01
1.003192527903268155e-01
2.977164299674445874e-02
1.729661420119332216e-01
3.990342795845392213e-03
1.716461510596069551e-01
1.323492842232749100e-01
1.567684544589382223e-01
1.463395135493145149e-02
5.408636124757374873e-04
1.940276751878014794e-01
1.380014952955415652e-01
1.353523243767915385e-01
2.815357793663989666e-02
2.438596436622147284e-02
2.312739423688351392e-01
3.947990776790089029e-02
1.209030590157612051e-01
2.312935916759979726e-02
1.455729188142722008e-01
4.834754249599517405e-03
6.670696929103113459e-02
6.101517245663316824e-02
2.181523551843663200e-01
2.375176842910786332e-02
2.593622726299503189e-01
7.970850944783888781e-02
1.269869624098336480e-01
2.893785287300642065e-02
1.422938911881748980e-01
7.353126136108408158e-03
4.745906993704247789e-02
3.478098401541630802e-02
2.215735720517399421e-01
3.067754777946202563e-02
9.729732704151207445e-02
3.223416406102065646e-02
2.465489287152344139e-02
2.289575665113398051e-01
3.759306829517121418e-02
1.208178815361809488e-01
2.393394816555309557e-02
1.469438381956499895e-01
4.447387484263463225e-03
6.903905081864272764e-02
6.370873978031064977e-02
2.163674755982415987e-01
2.263203865775889612e-02
2.630699027888799835e-01
8.861812494914207694e-02
1.271013592720053598e-01
3.217337195453504051e-02
1.435551242705175590e-01
7.099939364128768360e-03
4.964373475696404192e-02
3.831448407589894967e-02
2.215468105538389576e-01
2.996901061276457251e-02
1.470734402120932038e-01
3.171982032146607698e-03
8.049179447516248420e-02
7.612118938207222685e-02
2.130870755121851146e-01
1.848061126616569461e-02
2.586303024177067922e-01
1.166549744091446572e-01
5.243148099354555391e-02
1.140032562883771215e-02
6.579289636181889778e-02
6.081854755362706144e-02
2.176074556202622912e-01
2.388321273895350344e-02
2.577808038465325691e-01
7.687626456532337116e-02
1.267432646896665682e-01
2.808614879704814798e-02
1.421805345288252032e-01
7.367972157193376781e-03
4.784037457587872466e-02
3.576029748463924185e-02
2.225140328837580950e-01
3.071313156068709513e-02
1.075774926965935713e-01
2.568723181105271244e-02
1.366333053825261219e-02
2.297983990641206120e-01
4.021336257880570031e-02
1.212572860289765631e-01
2.495434089057729093e-02
1.472352319881964078e-01
4.395010254049242990e-03
6.965876366967138633e-02
6.449405675430150420e-02
2.173616770230902273e-01
2.271278865664889957e-02
2.621627968893607274e-01
8.858769060155394226e-02
1.265144368145420251e-01
3.250813479595928562e-02
1.449314508272049051e-01
6.475629043005474289e-03
5.328578181017781801e-02
4.354706457228159355e-02
2.215624519153413519e-01
2.875741846757340348e-02
1.951040907172629790e-01
1.813050069838796283e-02
2.642692119577638166e-01
1.052976444717914906e-01
1.131967851532353908e-01
3.450741287531153279e-02
1.619785342204752010e-01
-9.498852913709002026e-04
1.157708115916490921e-01
1.054771595651630006e-01
1.959195188762860307e-01
5.290156822583481216e-03
1.664003860223284559e-01
1.304151967050073968e-01
1.600686913693780411e-01
1.221772892216365161e-02
8.313539184411491284e-03
1.108956566163470658e-01
1.037480211911036149e-01
1.995839980118769286e-01
7.375121292663273063e-03
1.835474579114483029e-01
1.346200087126903366e-01
1.442557315149384511e-01
2.213268821606222125e-02
1.332282652445509682e-02
2.310977195623602765e-01
4.175971157343986301e-02
1.213957866261845264e-01
2.482678515643500436e-02
1.468850770542152462e-01
4.520217366811619258e-03
6.747126997048225050e-02
6.201888535305698225e-02
2.173948885695221045e-01
2.334163001607112223e-02
2.599846931062381739e-01
8.247002103245794358e-02
1.269880059801518635e-01
3.038059525994682084e-02
1.421166593468242700e-01
7.370787771772240905e-03
4.780494123994895317e-02
3.544408383217926423e-02
2.214614527238954744e-01
3.051921288485108866e-02
1.080797779376707068e-01
2.550100996736318071e-02
1.300488527976059912e-02
2.297519946706735317e-01
4.031953736444467140e-02
1.212551080446723217e-01
2.520462068389941329e-02
1.466014279772425433e-01
4.639390320560945156e-03
6.767030490229342110e-02
6.208227660076244547e-02
2.176953290374584182e-01
2.335049469833496913e-02
2.608501525125953013e-01
8.304656128914990332e-02
1.271349176397356118e-01
3.006555866737400939e-02
1.421257936001600330e-01
7.533194043185686799e-03
4.746341633986336100e-02
3.500371635931487369e-02
2.225154567414479589e-01
3.092936571196640283e-02
9.071999600643131101e-02
3.659350354557819318e-02
3.157050643524356853e-02
2.275670787218097846e-01
3.558831392894289125e-02
1.204817746197341111e-01
2.377914387515638397e-02
1.472116036498135883e-01
4.290054590497575926e-03
7.041732642082988713e-02
6.536490893731447538e-02
2.161727514657780513e-01
2.218418254085029184e-02
2.639556370267426844e-01
9.281990984929974764e-02
1.255949412309568247e-01
3.376362066570669229e-02
1.459353622202421430e-01
5.969201989968628275e-03
5.730171969964342749e-02
4.913603242619880157e-02
2.196335357518852949e-01
2.702786086501352339e-02
2.285428575415481001e-01
4.156802988690241896e-02
1.212673421957294051e-01
2.712180889888646945e-02
1.483328864523425217e-01
4.183020161366177332e-03
7.076140915943307519e-02
6.582478408567990491e-02
2.158559178963275205e-01
2.199202511530716497e-02
2.639975303751774804e-01
9.404628822463280413e-02
1.247329714628950675e-01
3.418918326560969889e-02
1.479774398142941483e-01
5.207549146702176134e-03
6.162473442262316609e-02
5.463531773074319087e-02
2.186629339880887812e-01
2.542276945275309674e-02
2.474893592048603153e-01
6.109644158661180213e-02
1.242846270229957667e-01
2.510094433680116685e-02
1.433304015279903698e-01
6.319095025141160255e-03
5.456270797219966995e-02
4.533071757931274315e-02
2.212732645055894842e-01
2.828972561790767462e-02
2.063155721818842325e-01
2.523676984683598246e-02
2.233999772093329117e-01
3.770192410499924318e-02
1.198303254482698255e-01
2.838019549124529833e-02
1.499873265702759417e-01
3.248563976108304746e-03
7.784758979955426483e-02
7.344657952328023653e-02
2.143490464243177351e-01
1.960755163404801632e-02
2.617883474255721099e-01
1.106666400587408561e-01
9.402096937915704888e-02
2.640452023587988584e-02
1.787939555540623005e-01
6.974729995980148874e-03
1.978494657321643313e-01
1.365753243910768633e-01
1.296911457145713265e-01
3.128277030547504944e-02
2.925465693533624290e-02
2.311902608265959669e-01
3.836288807101174980e-02
1.206774571360478415e-01
2.250173705116744610e-02
1.457346038129835875e-01
4.729851415938746313e-03
6.735748338744002028e-02
6.189765113684488063e-02
2.170104787229459042e-01
2.329221216452488641e-02
2.608777621401274227e-01
8.283469126691327122e-02
1.272128495529537828e-01
3.017119573978105027e-02
1.425666217958708182e-01
7.440106644153345397e-03
4.791787383305114167e-02
3.573449328910097839e-02
2.218608568469670472e-01
3.060676969867496405e-02
1.080364104882119425e-01
2.548165624022204548e-02
1.304908392611474517e-02
2.296836517120518228e-01
4.031161428990501921e-02
1.212515057824483378e-01
2.521653325847554583e-02
1.471586037730950591e-01
4.488868229280931939e-03
6.891297528374434878e-02
6.364982296129359507e-02
2.164613462139066413e-01
2.269532550406613836e-02
2.626208315368469548e-01
8.812522192863603276e-02
1.267918272508898603e-01
3.207316671096117205e-02
1.436705410948919681e-01
6.951549929434436108e-03
5.110911626401384855e-02
4.049623927589493522e-02
2.207450481684683774e-01
2.927109902647150735e-02
1.725471098155070826e-01
6.043467891814519218e-03
1.934323154668285416e-01
1.369097834725619411e-01
1.350891020741588622e-01
2.823061575104073018e-02
2.451714741683145085e-02
2.308204768680798269e-01
3.933487557932680012e-02
1.210225490302334062e-01
2.338650538493573794e-02
1.465582272985102852e-01
4.520830073562130333e-03
6.819930610709681873e-02
6.272354672829399957e-02
2.176446469370491854e-01
2.317313460382738194e-02
2.607657477248125355e-01
8.419085926669511721e-02
1.270199883888966652e-01
3.104329844682595166e-02
1.435273713772837190e-01
7.017272994574694049e-03
4.938508876766004030e-02
3.782372028673913061e-02
2.211888812585415254e-01
2.996909806184006736e-02
1.429008807526052638e-01
5.249191560418730793e-03
6.444169223180062911e-02
5.850637272639928194e-02
2.182287897547781352e-01
2.448911659731480700e-02
2.557048070470279155e-01
7.206838012593252962e-02
1.260923924567717014e-01
2.639122456064036878e-02
1.411212679430805250e-01
7.534561809717380335e-03
4.790078321581023313e-02
3.574660130504461741e-02
2.222793092387635450e-01
3.070536161413182918e-02
1.089163557743953042e-01
2.504579859750919943e-02
1.225129995273063765e-02
2.297775467349029987e-01
4.053098651132945596e-02
1.215596974015309140e-01
2.533715629806093314e-02
1.469859272166753050e-01
4.554399320212546357e-03
6.805929194733773002e-02
6.259166633166954319e-02
2.176376739835495511e-01
2.325141762145787466e-02
2.606151832076951114e-01
8.410150584236023019e-02
1.270157266414318198e-01
3.091209558096892282e-02
1.435122927128058556e-01
7.047867890773641675e-03
4.936394659227947429e-02
3.785918516112118243e-02
2.222885963132280596e-01
3.023933495670338284e-02
1.393685001554803571e-01
6.931600051739887115e-03
5.333359173265689313e-02
4.352179884594222642e-02
2.209495322079683410e-01
