3.066145799130955973e-01
4.096733707949923864e-01
2.792292398064590841e-01
1.385938997950138599e-02
1.682917911467413374e-01
1.454240201067061034e-01
1.887072351000486925e-01
1.337447656671312754e-02
2.441460173188406135e-01
1.411014148949013003e-01
1.035673874167494513e-01
2.690753245489741624e-02
2.533140257689868446e-02
2.336138071549868078e-01
6.391537295414534414e-02
2.870314563317358236e-02
6.336048845720765321e-02
7.314568347251931835e-02
2.309462029196312216e-01
5.148919837962010609e-02
8.617670241126335062e-02
3.293458889261956235e-02
1.965209809865541279e-01
3.394250991359786668e-02
5.756587029268607492e-02
3.929030135983525851e-02
4.114899629115773005e-02
2.338912071709281504e-01
5.995752830819453538e-02
6.844784256871623562e-02
1.866629657941425505e-02
2.037862944351918615e-01
4.118881409914313535e-02
5.330223082144795038e-02
4.321293819688380722e-02
4.725405490783152196e-02
2.339450596131137927e-01
5.871357877221242832e-02
7.392036266107439302e-02
2.367518438018118704e-02
2.024178126364014618e-01
3.907477900751184924e-02
5.324002817821141265e-02
4.298491376103193151e-02
4.702877801006206948e-02
2.337213605705412700e-01
5.871500015139541340e-02
7.180154596672921885e-02
2.181617573062718737e-02
2.032572745211025933e-01
3.995120023057206066e-02
5.250603104008448596e-02
4.349397935245957747e-02
4.772015770583097616e-02
2.340867359569775430e-01
5.856579999600611958e-02
7.387697311815097367e-02
2.368275717851078474e-02
2.013899164189141000e-01
3.878270082000592756e-02
5.440192049436821942e-02
4.203483290923825527e-02
4.560814151099785996e-02
2.338657916433354300e-01
5.896632613951575952e-02
7.249893657174365236e-02
2.246193360501633554e-02
2.019598578070366801e-01
3.937222022392588422e-02
5.486760957587787091e-02
4.205969284287199711e-02
4.577909507831628283e-02
2.327857557617205586e-01
5.854629429608900620e-02
6.668476265270915915e-02
1.702365862530481194e-02
2.038228689926253334e-01
4.164348145387308797e-02
5.378188906854067253e-02
4.296191199602113209e-02
4.710262879110771461e-02
2.339643578374055455e-01
5.872756809562703489e-02
7.437416037788761869e-02
2.403729932306174905e-02
2.017382028900814583e-01
3.882726866563822321e-02
5.426196425050101163e-02
4.242750046595261670e-02
4.600321623029835633e-02
2.331451103132235192e-01
5.866587268076119827e-02
6.841145949980566299e-02
1.859830973969439638e-02
2.042688106977675611e-01
4.135526583065676082e-02
5.283942922808805565e-02
4.374960888628444400e-02
4.801341193144975650e-02
2.328544357941823573e-01
5.814695196264470928e-02
7.101555260646788548e-02
2.096440402804824327e-02
2.025009719302253985e-01
4.004925450075044746e-02
5.382577271016063258e-02
4.275297630342336785e-02
4.654609169583021067e-02
2.339929101014097679e-01
5.890111489860971883e-02
7.257849215251992170e-02
2.243062689876709759e-02
2.029172947932568194e-01
3.973966128344572080e-02
5.324778788350347652e-02
4.318224759578977168e-02
4.707983658600121968e-02
2.331235079964600609e-01
5.845249106280609591e-02
7.148275983947692536e-02
2.140707793219700714e-02
2.025987827529847907e-01
3.996654953281451178e-02
5.411170428242710606e-02
4.265584789346851813e-02
4.641800734768904146e-02
2.325744817064869796e-01
5.843104652517369657e-02
6.961248702102122710e-02
1.968268680847518742e-02
2.039823566662677667e-01
4.090192924091514554e-02
5.253831855701773107e-02
4.372407761889901545e-02
4.802639220043852103e-02
2.331554293825093549e-01
5.832036052076213645e-02
7.232538252355703856e-02
2.220174153514771487e-02
2.030113193339586064e-01
3.982038808501227323e-02
5.334666510226254710e-02
4.305176835126280077e-02
4.696413829381787530e-02
2.333748770124087213e-01
5.855361779271694989e-02
6.994299318068031290e-02
2.010483273068703475e-02
2.031774071362971723e-01
4.056989271914580170e-02
5.395681006415931069e-02
4.276567555501949169e-02
4.666348882438318968e-02
2.329013446692697054e-01
5.847635009864529665e-02
6.720286114208173789e-02
1.747955589536910603e-02
2.041140475163687740e-01
4.155254274918407376e-02
5.319101716984664385e-02
4.321079084846811413e-02
4.706302569753572501e-02
2.328615752178931353e-01
5.820040227514738929e-02
6.765650647485799141e-02
1.792616860133915829e-02
2.041494891287319868e-01
4.144714661189567717e-02
5.293285492481301924e-02
4.347106070139854228e-02
4.777988364938384053e-02
2.338627431440573334e-01
5.849311224932070286e-02
7.273053456824213336e-02
2.265544205227999069e-02
2.026893162945996307e-01
3.951076879653354218e-02
5.371098206692818955e-02
4.287192803170120081e-02
4.700847102961383528e-02
2.326475324885167451e-01
5.824937096744949028e-02
6.677403946877819019e-02
1.710693739927358903e-02
2.049310939675983156e-01
4.196653036000055903e-02
5.204674825923950171e-02
4.416077554286539780e-02
4.884013301600150653e-02
2.336880566996226982e-01
5.823393414759295283e-02
7.584383203446290467e-02
2.518525964989538207e-02
2.006144674043610909e-01
3.805788301810226343e-02
5.567773630424119324e-02
4.129030837477760951e-02
4.459914923521272889e-02
2.332162910132895006e-01
5.896975755277227699e-02
6.872290517574737578e-02
1.886388900175144101e-02
2.034565818528551728e-01
4.100293566704263371e-02
5.383702667489394939e-02
4.302879191782052470e-02
4.689783328925353073e-02
2.328975197018287868e-01
5.836261660741334789e-02
6.849861914431194798e-02
1.867985826361448498e-02
2.034750267305281690e-01
4.108664841625628283e-02
5.339570364086174831e-02
4.322161487194015050e-02
4.725583073994801819e-02
2.328746766038567728e-01
5.832776262348540741e-02
6.855614736149322208e-02
1.868274261955858717e-02
2.042598435488888753e-01
4.131927240961207060e-02
5.273503856397420558e-02
4.375724428090205925e-02
4.799502258838545671e-02
2.339442661915388522e-01
5.854601671463030566e-02
7.514790539969233574e-02
2.462305772403426685e-02
2.013747523822622398e-01
3.854076468952015444e-02
5.450926390679081135e-02
4.215209347223274061e-02
4.557633634971398895e-02
2.332362682855120550e-01
5.882970269938168906e-02
6.853036308160029288e-02
1.871286939250360604e-02
2.037135020715348244e-01
4.116903148516165567e-02
5.289261086586571903e-02
4.347214052076893431e-02
4.756392397183328846e-02
2.334838421953724930e-01
5.851263053095653172e-02
7.176293153275772885e-02
2.170426398254651432e-02
2.030258501936606508e-01
3.998297992105329102e-02
5.356766347565760505e-02
4.300881623734000014e-02
4.702416528455413691e-02
2.330061639072550095e-01
5.839286258370759986e-02
6.986957427070858428e-02
1.997749974305479057e-02
2.028384000759282657e-01
4.047517374537654838e-02
5.433754493715705486e-02
4.252482970331675910e-02
4.639918852257880061e-02
2.333474116668604326e-01
5.870651619073817551e-02
7.183952688419528720e-02
2.174474942472296238e-02
2.030102960432259296e-01
3.983880283330150374e-02
5.295697974750197823e-02
4.326657918604788489e-02
4.747647859918967261e-02
2.332658792379174728e-01
5.845303422537936194e-02
7.020521884602735907e-02
2.033248238819982887e-02
2.028989101850701970e-01
4.030203635568688908e-02
5.415215608703961847e-02
4.245750354568222917e-02
4.596992995442648888e-02
2.330195119306893992e-01
5.850745415513301795e-02
7.060301544210859093e-02
2.072065027738264481e-02
2.036812881799808794e-01
4.043206320068543080e-02
5.241352304186068511e-02
4.364482438824673211e-02
4.799792988821232481e-02
2.333119545599070532e-01
5.824739290822154858e-02
7.213905819160597310e-02
2.214098006652220896e-02
2.030284063771862491e-01
3.980699852195039579e-02
5.287566082799373401e-02
4.325689594875573724e-02
4.735784011842002900e-02
2.332122382482045564e-01
5.834802541404587178e-02
7.000944026753860849e-02
2.019240786842037283e-02
2.032291745885986822e-01
4.049808589271262221e-02
5.314687375452413487e-02
4.311997931501980463e-02
4.722319604944532484e-02
2.330775554557341089e-01
5.834709520942021888e-02
6.933020375471740659e-02
1.943127229125558159e-02
2.040665675833527593e-01
4.101325998310974968e-02
5.271367195819636614e-02
4.362162024409099725e-02
4.808158197705188208e-02
2.338247729606967584e-01
5.845326982782636516e-02
7.496452117633432832e-02
2.450247092426008355e-02
2.012766646860517095e-01
3.853079055576748291e-02
5.451674609573783914e-02
4.214837972741239391e-02
4.558856133413868167e-02
2.332810897356806801e-01
5.881592967788839416e-02
7.148654437092395730e-02
2.138817206625905770e-02
2.025961020452530514e-01
3.993402206622113232e-02
5.382941588305525937e-02
4.281375357032581042e-02
4.664533471264688952e-02
2.325631735539729350e-01
5.835178995716458483e-02
6.943644084781129544e-02
1.951199385434196354e-02
2.038398763350358078e-01
4.092120534335395854e-02
5.242259569857815604e-02
4.381035947849523660e-02
4.809884709568270494e-02
2.328130344921502670e-01
5.813406971052733491e-02
6.981806212624708241e-02
1.987708733533853286e-02
2.027377715918171341e-01
4.049132502554582402e-02
5.382939812285703757e-02
4.271911727878494047e-02
4.636046741052024522e-02
2.327239042886279641e-01
5.846531136289007113e-02
7.014836375597396922e-02
2.021572378931759534e-02
2.040098533038915418e-01
4.073892787532500809e-02
5.228167886056422908e-02
4.384741657267518522e-02
4.815323139183316781e-02
2.328139181979669015e-01
5.814781099867410985e-02
6.922676319182348437e-02
1.936177426403595803e-02
2.033108312615326818e-01
4.080242798427331091e-02
5.370454036604672965e-02
4.288713759305201600e-02
4.674512467662468584e-02
2.342053083729090379e-01
5.890541481373020444e-02
7.416125576159432464e-02
2.383702409776839240e-02
2.022844813542133136e-01
3.907670849359246024e-02
5.363687257501070782e-02
4.270114901695068466e-02
4.643086258248151771e-02
2.328876970543668212e-01
5.849100267686237198e-02
6.749441307078099528e-02
1.775729581656247669e-02
2.049127821332161203e-01
4.171313686394397674e-02
5.240924802733493149e-02
4.400058209359850037e-02
4.854058532308534735e-02
2.340272767152835331e-01
5.850542315810413480e-02
7.481496959157252213e-02
2.443077172776407166e-02
2.010872976695168013e-01
3.842147694233501859e-02
5.493304068403354057e-02
4.178825805853254166e-02
4.538794804956586965e-02
2.328958180169027892e-01
5.867353253070468899e-02
6.907651919464277701e-02
1.929202806432400719e-02
2.037768394652489101e-01
4.091879511781905399e-02
5.294438981238044212e-02
4.341753808377156465e-02
4.765683019021985795e-02
2.333581882560498144e-01
5.833359740268842519e-02
7.202405920859716870e-02
2.201688836375079866e-02
2.020998875518871807e-01
3.955394978456991395e-02
5.467730933764462092e-02
4.202229156824779932e-02
4.537393156136311501e-02
2.327669437210755088e-01
5.858183651219733140e-02
6.771630028883009189e-02
1.783373520781784960e-02
2.034407640376635074e-01
4.126998608419884390e-02
5.385224913071860742e-02
4.275557353086688328e-02
4.663609948106500758e-02
2.326518406444377796e-01
5.831490620387783097e-02
6.862619618473905780e-02
1.875745064884787663e-02
2.033882876227514069e-01
4.100552209928336189e-02
5.355638200023525586e-02
4.311009798205918397e-02
4.699176864671292253e-02
2.333864244056161330e-01
5.854371499977562010e-02
7.045094582986284604e-02
2.054847835692437744e-02
2.035242025988550640e-01
4.052469832386965121e-02
5.314845549137113545e-02
4.342068727527302607e-02
4.753900517085470068e-02
2.326761077010624512e-01
5.819085365562459700e-02
7.019052893094498979e-02
2.020360405466239268e-02
2.036919729008948854e-01
4.066953284358143517e-02
5.270714275571316415e-02
4.366423653852025133e-02
4.792751321372526463e-02
2.327054965536057285e-01
5.813565373606792430e-02
6.837419527907126482e-02
1.850580248661376145e-02
2.034710005523207299e-01
4.113819886048675906e-02
5.357806550157283298e-02
4.301705904140227382e-02
4.673018467159199135e-02
2.331500522957325183e-01
5.851934782369996174e-02
7.089851993804577313e-02
2.091754229514856955e-02
2.035245882568965381e-01
4.042876239221671053e-02
5.236564255130600476e-02
4.366217570586631430e-02
4.767931124942983295e-02
2.326077083753833596e-01
5.812906806564326068e-02
6.966898823173077460e-02
1.976191087422863799e-02
2.042065787620777617e-01
4.094928938321836659e-02
5.191611857403048702e-02
4.404089174220945230e-02
4.836910220966175733e-02
2.336371161018426512e-01
5.837372528220498985e-02
7.479432622258272434e-02
2.439243563431182926e-02
2.011393223106861805e-01
3.853269549562054336e-02
5.506640529790346461e-02
4.173201905794064748e-02
4.510082349079107267e-02
2.331567644392671668e-01
5.889144665008441692e-02
6.679035322096153748e-02
1.706763124596262504e-02
2.041187953913851383e-01
4.166884712797861573e-02
5.308780927557087137e-02
4.335640858637591216e-02
4.748481245437750908e-02
2.327392786902493516e-01
5.823038677452505724e-02
6.918122212060826004e-02
1.937602877337498558e-02
2.042019066693031570e-01
4.099979108936026989e-02
5.193822738303145031e-02
4.403038026938647931e-02
4.857934941315615596e-02
2.326254092033967769e-01
5.783284954067258871e-02
6.995833961989943173e-02
2.008978280673640385e-02
2.029589413682149346e-01
4.039601974961714442e-02
5.413402102693425783e-02
4.258507049053608662e-02
4.646042698609799404e-02
2.337314800917839608e-01
5.873141740857806825e-02
7.108536524586935024e-02
2.119389854859315969e-02
2.027710723333225606e-01
4.002386176509952626e-02
5.411892260760464007e-02
4.260165828712838415e-02
4.650210670295477217e-02
2.330327610307447450e-01
5.848121801987446466e-02
6.994210401010643452e-02
2.013463572150954103e-02
2.037791107716136474e-01
4.067103818138981947e-02
5.307592189124493015e-02
4.344097481337923922e-02
4.791660369816242576e-02
2.341308636359328565e-01
5.862800129126282539e-02
7.552591240655857907e-02
2.494738703384528564e-02
2.015807753455653994e-01
3.845624598298261199e-02
5.380316945798809675e-02
4.243061267734664355e-02
4.621874403230986916e-02
2.336018545790745637e-01
5.877136775284540898e-02
7.224015198684703709e-02
2.207557407204902011e-02
2.022032832001644798e-01
3.959845965043029548e-02
5.415288735709479495e-02
4.254984366821713826e-02
4.618289472136849483e-02
2.339255287625404967e-01
5.892688276427600347e-02
7.290126126518306493e-02
2.271405477800006109e-02
2.018143347556052292e-01
3.929642461576642043e-02
5.445319307706456696e-02
4.225578321864683490e-02
4.569847154732344097e-02
2.332474695003791121e-01
5.878079739705677209e-02
7.029648692767873075e-02
2.033846351449892717e-02
2.035654521012947304e-01
4.060245746997344363e-02
5.308298009271104900e-02
4.342120613042405736e-02
4.746451570990267016e-02
2.331635704028660605e-01
5.838719749849638485e-02
7.214795713100997931e-02
2.202739385452481477e-02
2.019698914180413918e-01
3.956307682510157298e-02
5.454424153428884953e-02
4.213876734917812450e-02
4.532793476518118952e-02
2.327945353390894756e-01
5.867865646172431421e-02
6.769450227326245795e-02
1.789350504108788015e-02
2.042048168018458787e-01
4.150948715544499484e-02
5.285581305832463828e-02
4.364294738881204644e-02
4.799305306644700841e-02
2.328251125859882864e-01
5.819028768158646114e-02
7.100243117557866745e-02
2.100586339120002685e-02
2.035313675397793787e-01
4.036108017813434118e-02
5.249391796530678000e-02
4.360460901636038777e-02
4.782936469077678221e-02
2.325999872762846976e-01
5.808309927413397855e-02
6.902589001822498349e-02
1.918705653634201341e-02
2.033445163765268682e-01
4.087994734226620824e-02
5.348536275263063994e-02
4.300016573634149464e-02
4.695665334671664248e-02
2.340278297724579237e-01
5.881460773132155678e-02
7.293289105206400558e-02
2.280957431542559449e-02
2.020964377430794212e-01
3.925851003016570667e-02
5.391617036096764404e-02
4.254712423619762263e-02
4.644566445652092285e-02
2.333768929535059711e-01
5.872498068324585874e-02
6.940463734943448648e-02
1.959894750065207039e-02
2.031705962856567016e-01
4.062203074903879968e-02
5.361732215274517266e-02
4.287880042710901646e-02
4.686534395246486073e-02
2.334186546014049290e-01
5.851376706966378294e-02
6.993902925051569130e-02
2.013799841644690197e-02
2.038671530328556858e-01
4.069647724166899905e-02
5.244204296672589499e-02
4.354527431205409277e-02
4.758998491386679658e-02
2.335659883531488734e-01
5.837192826242557087e-02
7.182571656861906628e-02
2.187334380229334629e-02
2.025450766167989358e-01
3.973754964328497091e-02
5.412142970235955114e-02
4.255214927104419842e-02
4.645993069104190076e-02
2.341945297180474950e-01
5.893181269966953073e-02
7.332196267542619161e-02
2.308760678691260462e-02
2.026444467499688706e-01
3.940686059377241507e-02
5.325823210748280301e-02
4.301860455127794192e-02
4.715794316882583603e-02
2.329233366523787430e-01
5.832363466413059694e-02
6.837658445667675611e-02
1.850825312625932126e-02
2.031897843064421616e-01
4.100764931168493499e-02
5.417631113228686679e-02
4.277725846604878146e-02
4.656449284585194304e-02
2.334293538823583314e-01
5.865725470613906978e-02
7.063965885024527103e-02
2.067708855867368689e-02
2.036293330058542850e-01
4.050768701879031014e-02
5.222970692849925045e-02
4.385987960197311464e-02
4.811791395596665133e-02
2.329443856870444807e-01
5.814622440897426747e-02
7.060834950534210230e-02
2.059040161298546223e-02
2.035124120188916974e-01
4.048899490153482633e-02
5.270223951950540192e-02
4.359662821646395625e-02
4.774790921063856025e-02
2.330822901208060571e-01
5.829240021122102794e-02
7.024869979491285554e-02
2.029085204853879609e-02
2.036897001126360407e-01
4.066141488529074338e-02
5.256892628204982293e-02
4.370118214168162984e-02
4.790640207667361261e-02
2.326916718769365122e-01
5.812919328680619252e-02
6.939805541326234117e-02
1.948111430788611320e-02
2.037434732180742614e-01
4.093853572790893958e-02
5.296765778722618834e-02
4.350118539511202420e-02
4.766414833183936495e-02
2.335113585787937096e-01
5.850486021178256946e-02
7.337253899722639972e-02
2.312451647983713651e-02
2.017295074218671824e-01
3.911086953805657102e-02
5.496648537032981091e-02
4.197206721590153455e-02
4.549262323131464392e-02
2.330450139972159995e-01
5.884105147665000257e-02
6.776566400684466696e-02
1.796122828661018273e-02
2.034841144175545957e-01
4.128077133656251479e-02
5.336125968774250994e-02
4.307415874150713475e-02
4.707092448017943104e-02
2.340520808689648680e-01
5.879169531495012646e-02
7.422867263018295692e-02
2.396900035174814869e-02
2.013173687509153265e-01
3.875875775562929310e-02
5.469912960066400376e-02
4.192798058198725364e-02
4.542243489570190612e-02
2.340653200021812486e-01
5.917774645792945459e-02
7.132661995560679591e-02
2.137650463711877197e-02
2.033997045576239060e-01
4.013103555771845021e-02
5.279028943714079297e-02
4.329184568589658499e-02
4.716488181666986940e-02
2.331083632698707775e-01
5.826653786732109014e-02
7.065396490196801382e-02
2.074211324150904145e-02
2.026356501956846357e-01
4.009656013578289518e-02
5.427149524215806736e-02
4.246092126682068923e-02
4.632155006972177996e-02
2.326624339440292732e-01
5.835345491600626988e-02
6.864428667244668048e-02
1.886294423518183883e-02
2.033642190531381733e-01
4.091689544768584846e-02
5.334850794566114995e-02
4.307363046093305725e-02
4.717846327075653212e-02
2.339394696134518559e-01
5.866383447115737504e-02
7.438738840551854803e-02
2.412468652093489874e-02
2.020194490272530508e-01
3.886226118590099810e-02
5.359973274132150828e-02
4.267096732250779539e-02
4.657986122919145766e-02
2.328116841155245809e-01
5.838986758957041140e-02
6.905467068941950615e-02
1.914459446845429361e-02
2.039381677610945520e-01
4.105090947001745205e-02
5.316016670268725736e-02
4.335994923665124900e-02
4.770283511313669345e-02
2.332777997786726898e-01
5.834938901717367371e-02
7.199678551832787432e-02
2.189726961773449249e-02
2.021550959322428731e-01
3.964984750110069761e-02
5.458197810926051358e-02
4.233932743581475533e-02
4.590570528149807289e-02
2.331967966880821030e-01
5.872392045688162865e-02
6.994831514498062175e-02
2.002227248126439707e-02
2.030520310120234873e-01
4.053142497595505628e-02
5.346394111603579302e-02
4.299005541971506750e-02
4.666460587562649975e-02
2.328025560469372535e-01
5.838129299430201702e-02
6.739110368675768625e-02
1.756713546755838545e-02
2.044587137771698426e-01
4.172829970733559629e-02
5.300488214858275343e-02
4.370461655968355119e-02
4.804288135911779362e-02
2.327680216917378531e-01
5.814751469051600979e-02
7.039933205238201042e-02
2.040221547937251523e-02
2.022410810285171778e-01
4.016037504054967983e-02
5.488837976866450113e-02
4.208413138753938632e-02
4.541610508882338443e-02
2.329494060785594067e-01
5.874770393331625595e-02
6.774312077379918140e-02
1.793155519212276741e-02
2.045655235827601448e-01
4.161199983580533140e-02
5.267368364536488545e-02
4.380107554981928913e-02
4.813562132944053384e-02
2.328702526530281314e-01
5.817783965494718879e-02
7.045339935919466001e-02
2.052679839067430775e-02
2.028336819374797484e-01
4.029295930850565477e-02
5.383120881152615028e-02
4.273864872707225371e-02
4.656070854043215662e-02
2.326147621355473816e-01
5.836356968490513664e-02
6.712170139308384909e-02
1.733664845037524715e-02
2.043421892142857910e-01
4.175304713851972493e-02
5.318620962331783303e-02
4.343986846375370858e-02
4.764881239559952408e-02
2.340794438683162781e-01
5.868869148248414408e-02
7.517207767429714971e-02
2.474442456877666563e-02
2.018588842031399377e-01
3.854688522348634350e-02
5.345643839589502705e-02
4.265459520579049923e-02
4.634266364147499040e-02
2.333923197798224991e-01
5.870743323078514431e-02
7.095046617980813042e-02
2.103394199690677285e-02
2.035308712018441546e-01
4.028414078621445765e-02
5.218698711033484261e-02
4.366454819063630977e-02
4.789704668551246491e-02
2.336690512697831013e-01
5.835432255748337210e-02
7.387644382073306482e-02
2.361971837927818313e-02
2.024652860232301899e-01
3.912274630417095916e-02
5.302725848760802413e-02
4.308238281345994070e-02
4.724154405056149586e-02
2.332220816662381180e-01
5.838599841721085065e-02
6.986167283621737278e-02
2.002672806297051133e-02
2.028987815394445171e-01
4.042331169787437284e-02
5.387839003794369502e-02
4.269745095308744715e-02
4.661425906152107113e-02
2.339712950513823109e-01
5.880260958857200237e-02
7.417432134754038675e-02
2.398873476108624378e-02
2.021476662445200190e-01
3.896755817628188429e-02
5.386107643117699767e-02
4.257913736891852374e-02
4.646445664712003237e-02
2.327080352939189800e-01
5.838554971681088335e-02
6.901094346204364460e-02
1.913153477780186323e-02
2.032433397319029222e-01
4.084070148510174358e-02
5.407323985735346117e-02
4.285667698007021575e-02
4.663421898591579851e-02
2.338550869910068497e-01
5.876708157303129482e-02
7.234731501322139158e-02
2.223886892524536488e-02
2.021603635141894784e-01
3.955672140795185587e-02
5.445878669675770223e-02
4.238551999174683393e-02
4.593348421557348626e-02
2.327448467789344222e-01
5.854370437601420091e-02
6.805721573835023241e-02
1.819069279740247874e-02
2.044600278597467624e-01
4.151090950205585384e-02
5.223243119720970273e-02
4.404877591075946619e-02
4.842528864124139715e-02
2.328696548855641035e-01
5.806904734372190374e-02
7.133546447092287135e-02
2.125965778517630023e-02
2.032222433085423274e-01
4.020482737595645895e-02
5.326878074294531806e-02
4.326442463351735934e-02
4.727621300057619630e-02
2.325476286106015755e-01
5.821426183489113865e-02
6.985461203871845548e-02
1.990690093939470259e-02
2.038964606688968284e-01
4.084776031629550747e-02
5.274376121689528657e-02
4.368474133558936795e-02
4.794073425533817295e-02
2.324510878216065612e-01
5.805824292129588976e-02
6.817861059163446424e-02
1.832831585310380068e-02
2.036574255915908904e-01
4.120968443732388187e-02
5.366958157517004446e-02
4.298128711425057424e-02
4.678490370251292552e-02
2.330205005301899668e-01
5.848012778895694819e-02
7.136420373242678694e-02
2.132741958476961838e-02
2.034018062968185603e-01
4.022054315076944303e-02
5.323441471563616911e-02
4.324312201306142189e-02
4.733578120583491200e-02
2.340483767482848809e-01
5.873374137267160788e-02
7.435182725580162522e-02
2.401271699173262997e-02
2.023597245762236430e-01
3.904318030370722281e-02
5.353639631951736394e-02
4.284174917059351689e-02
4.679363742558873690e-02
2.333042751899573053e-01
5.860401623669148768e-02
7.111544748144960071e-02
2.115303555046911879e-02
2.026578216849717062e-01
3.995797906242751912e-02
5.405193162090927983e-02
4.259340656941019987e-02
4.648337577274233579e-02
2.328706596650137739e-01
5.852899727921637152e-02
6.865833896980913509e-02
1.887735872981337673e-02
2.033005528545924478e-01
4.087998797499046294e-02
5.373505392798919034e-02
4.287048163385818317e-02
4.693315798105996556e-02
2.325902805293451059e-01
5.821828532619725827e-02
6.792463127185742466e-02
1.820046028950242367e-02
2.045643894139617947e-01
4.150156972151335111e-02
5.222099480289866397e-02
4.403944503430105156e-02
4.870325405943563141e-02
2.332563707986771984e-01
5.808392467150561012e-02
7.170329948147743937e-02
2.176521583738007595e-02
2.029013402895631091e-01
3.989477233709061432e-02
5.326365078498229017e-02
4.306301864395821466e-02
4.721550028318697440e-02
2.338775302918987553e-01
5.865450472688094052e-02
7.418576341414136188e-02
2.386386059497603782e-02
2.015812598787320165e-01
3.883270231914794784e-02
5.386352985733521004e-02
4.235546517481255518e-02
4.609943299270533035e-02
2.330881206991361476e-01
5.860221205894770857e-02
6.830996926686391801e-02
1.848550192878750664e-02
2.043179268683532612e-01
4.139326842699808662e-02
5.221988356456883779e-02
4.399679336460041168e-02
4.818590687053112692e-02
2.324005821653406245e-01
5.787412181140716427e-02
6.762221620805837496e-02
1.782343562224005667e-02
2.039166642352862324e-01
4.147595336478588496e-02
5.314986316490919599e-02
4.346795484072166205e-02
4.763770948786187620e-02
2.338904214041302720e-01
5.862473702249942215e-02
7.468130697612777869e-02
2.426685543553565305e-02
2.020348044968652279e-01
3.886995135525159878e-02
5.382746365232532471e-02
4.275845156730406077e-02
4.667995915444443644e-02
2.339467698019299102e-01
5.888458361708184818e-02
7.381330324256191178e-02
2.349355575496437504e-02
2.015392452943324531e-01
3.896235134064777311e-02
5.474950117387827192e-02
4.211311030898774732e-02
4.566342940948043411e-02
2.339652168687074707e-01
5.911105004522356626e-02
7.183430249212360841e-02
2.181080761263472917e-02
2.027686087203522947e-01
3.992384944008003922e-02
5.310103934212224985e-02
4.318656532662293324e-02
4.718724384083386458e-02
2.335471017813968986e-01
5.862172048402836122e-02
7.354667480761185872e-02
2.329697724770487741e-02
2.024434065454247256e-01
3.927902575108063732e-02
5.330037154752369222e-02
4.292480070760405775e-02
4.675814455812848242e-02
2.331496004239800302e-01
5.850384954046667502e-02
7.026250530930745752e-02
2.034183572677816104e-02
2.027177641167524080e-01
4.032255591096611802e-02
5.419454507085927353e-02
4.240314496160449420e-02
4.581328830123151258e-02
2.339983622927795381e-01
5.899655573173937656e-02
7.184784359499049589e-02
2.184061475579818223e-02
2.031258326455239183e-01
3.988686966401103901e-02
5.287805755824676740e-02
4.328391621257723920e-02
4.738453530013356230e-02
2.330293352078016689e-01
5.835959764898612789e-02
7.078218782673666165e-02
2.084734965821643388e-02
2.027379907307793050e-01
4.008437126967195896e-02
5.379205421158071015e-02
4.270136133342961049e-02
4.659188158043581218e-02
2.340440050952953821e-01
5.880173297483022588e-02
7.273580889457331722e-02
2.268143606603161694e-02
2.014805644581462163e-01
3.912751924850028928e-02
5.516201395480699321e-02
4.168536302172427821e-02
4.509777144598480642e-02
2.337883790673313256e-01
5.904716813347404836e-02
7.151279018427579570e-02
2.155907250201248224e-02
2.031794002990574000e-01
4.002117116311487699e-02
5.287808482520649916e-02
4.336526214352307007e-02
4.769180756309970848e-02
2.329872654424735012e-01
5.821970484499443266e-02
7.002886978878176960e-02
2.019207659544413475e-02
2.024052251380268896e-01
4.021866305744984521e-02
5.492314302086482442e-02
4.209326592960933866e-02
4.585319956385747187e-02
2.331955201610188544e-01
5.869855678554000006e-02
6.806460754614665487e-02
1.824167413507453775e-02
2.044959875050817444e-01
4.151575915336357114e-02
5.269219820495849027e-02
4.373630250103266448e-02
4.828037860546840337e-02
2.325916976309848894e-01
5.798165825784202393e-02
7.000793306140616623e-02
2.007347707504809203e-02
2.031341111623427842e-01
4.052760502015895216e-02
5.313987596745660402e-02
4.327387148281926915e-02
4.728469287969689488e-02
2.337656344779917572e-01
5.863521914058233281e-02
7.231154248497449755e-02
2.222239612923418428e-02
2.030199541940194419e-01
3.983589689723288085e-02
5.320050207510868684e-02
4.319409821591406462e-02
4.700376963987817902e-02
2.335358415099492990e-01
5.858727615201952260e-02
7.299248187813006661e-02
2.276891584804703952e-02
2.020405982693428137e-01
3.935182011277809505e-02
5.395065117341045491e-02
4.258863408095758807e-02
4.623331995777138492e-02
2.329946550171105024e-01
5.859329272185013343e-02
6.975895117295467796e-02
1.981974042925288212e-02
2.037634845824155827e-01
4.083665669725823621e-02
5.223822801967999141e-02
4.381397344344466899e-02
4.800268215334410615e-02
2.334871992014353748e-01
5.839929129331938862e-02
7.374115753970265918e-02
2.345883202599773759e-02
2.015811967866575904e-01
3.894770049820960728e-02
5.442854315308340990e-02
4.218964192022707504e-02
4.580844862420777736e-02
2.332743691915156459e-01
5.884413553891654214e-02
7.014343706246448096e-02
2.021917500448548038e-02
2.029305583353393783e-01
4.042106247523741258e-02
5.402600192779290211e-02
4.270408711484598857e-02
4.660588152932424594e-02
2.338688466668253363e-01
5.883632563561742163e-02
7.233376840584058998e-02
2.226604050343133218e-02
2.020960199372569543e-01
3.953921946199491499e-02
5.415064978805422119e-02
4.238328949597484907e-02
4.606553984849712929e-02
2.335101200713852743e-01
5.882045762950563472e-02
6.977092345110125216e-02
1.994761519238406194e-02
2.027786476922460723e-01
4.037439030726700656e-02
5.443936081978869440e-02
4.235974056589969505e-02
4.600557987977183655e-02
2.336822778527160305e-01
5.890767297691219817e-02
7.188757848362922753e-02
2.187322868323686442e-02
2.030259843388942387e-01
3.984839927854995356e-02
5.341736158795012956e-02
4.300734183486293327e-02
4.705641426382359271e-02
2.332858770380733804e-01
5.842581550529811485e-02
7.073730866559112263e-02
2.084507442087775442e-02
2.036018021375361475e-01
4.038028525677093972e-02
5.294465513544880514e-02
4.337535841519264690e-02
4.763996734053077553e-02
2.337526143277542379e-01
5.849038614698527649e-02
7.273117891380545541e-02
2.267430229134398401e-02
2.018040668290948247e-01
3.925777969268187673e-02
5.423113079318910013e-02
4.222961823783133450e-02
4.586361129490867938e-02
2.328478323960213869e-01
5.854036698624835722e-02
7.011717908891802742e-02
2.017220721732956856e-02
2.029029862888778180e-01
4.041384646072276876e-02
5.396753012667587779e-02
4.265596549378394137e-02
4.661255610429571039e-02
2.339506290642711650e-01
5.882278480093197648e-02
7.399394708291129330e-02
2.367723001205660968e-02
2.014185464193745667e-01
3.884292285868286287e-02
5.498288306042803386e-02
4.197202150232164086e-02
4.533629772017160053e-02
2.328584032990559938e-01
5.870853637023056015e-02
6.644831751470092751e-02
1.667325726255231011e-02
