3.150261644748554302e-01
7.689420726788014360e-01
8.090892510901112056e-01
2.302241557799596106e-01
9.461373651788349548e-01
3.713823710099326547e-01
6.852491471404758006e-01
8.100310423825736184e-01
1.465838268831032298e-01
8.957715771181474773e-01
4.216359846883541707e-01
6.034328716088526168e-01
8.071513179377631797e-01
6.851463495322926422e-02
8.403484564237834187e-01
4.632403400644761193e-01
5.233652595510673855e-01
7.969015226115989670e-01
-2.393583887771801727e-03
7.868008702065497628e-01
4.989722590591444962e-01
4.469103057647285659e-01
7.785019156873763668e-01
5.538271268368698264e-02
7.254427561211787001e-01
5.243415847822067155e-01
3.712544617687285609e-01
7.589209339954926525e-01
1.148297007665611824e-01
6.685138464905142630e-01
5.461489784504229839e-01
3.010309024930999389e-01
7.348412921990391533e-01
1.678603732576723351e-01
6.073923036847523882e-01
5.571344462262483033e-01
2.312149782245337404e-01
6.981449397615969721e-01
