6.858414213207250087e-01
5.970792591707532043e-02
5.041907724216128373e-02
2.753830142933712533e-01
2.651148524050286337e-01
1.355105775925837322e-02
1.127456648252048443e-01
8.755692849870401473e-02
7.923807337981629562e-02
9.402141275999484349e-02
8.357450404965166557e-02
8.786086024304362585e-02
8.713213503088182432e-02
8.621358017662497653e-02
8.764363306810056542e-02
8.636532474295648132e-02
8.725064812748584142e-02
8.742347551629375824e-02
8.673119511687460426e-02
8.726597910327435481e-02
8.720473026019787133e-02
8.681772609389902529e-02
8.741811976260799311e-02
8.721751285835235845e-02
8.703675715845199390e-02
8.719635397419787937e-02
8.680700082000747386e-02
8.661498999812697330e-02
8.808392662966832432e-02
8.597756103537215755e-02
8.721395737928448744e-02
8.722934184874109320e-02
8.682576708457524772e-02
8.686888700268508012e-02
8.727443562127862320e-02
8.763458454222752825e-02
8.663557476403194180e-02
8.721150469187882726e-02
8.762539039488122239e-02
8.616407697082043016e-02
8.716124891977859723e-02
8.790545386209938639e-02
8.593975643295997946e-02
8.765255865239723887e-02
8.606925296573286754e-02
8.846400110459884392e-02
8.597998836085582464e-02
8.694460171255866121e-02
8.762502366160060396e-02
8.670452889538254881e-02
8.677150905989268470e-02
8.773220283981776613e-02
8.668389926420988489e-02
8.757161289361650724e-02
8.626320487561732475e-02
8.744391495514008961e-02
8.715340357850484554e-02
8.682442517014204997e-02
8.684042234525865545e-02
8.728006574209425106e-02
8.737721750305976753e-02
8.616409228918056606e-02
8.821235618544202850e-02
8.587512486300177827e-02
8.745229677915877797e-02
8.758152282743382477e-02
8.604270306150277325e-02
8.797581557207015401e-02
8.695437350276294386e-02
8.624943885192262738e-02
8.794760731051937119e-02
8.691875578757091159e-02
8.662411746772333276e-02
8.769976176897503750e-02
8.724262699749721350e-02
8.630704291618042368e-02
8.691032361979383891e-02
8.798315002465748047e-02
8.622187809063217023e-02
8.776125783568287930e-02
8.616706270760485231e-02
8.678043530161000385e-02
8.782256267919626158e-02
8.640326014709881486e-02
8.703881097800300615e-02
8.786400372477337628e-02
8.592057777289710541e-02
8.757375519747362391e-02
8.699370927386394781e-02
8.694512402172784038e-02
8.714515988427845583e-02
8.707538793172059366e-02
8.735521135738592846e-02
8.639731201446432252e-02
8.701439389706747130e-02
8.701985024401338864e-02
8.777827775378924113e-02
8.599606983606254695e-02
8.767653496946552216e-02
8.643075757024799854e-02
8.667914679497730479e-02
8.766276835800004830e-02
8.647640812778360775e-02
8.761971962528680713e-02
8.632391314351435530e-02
8.688817107796892314e-02
8.753719180957691970e-02
8.653120721100356072e-02
8.756935331279967760e-02
8.694189762949169897e-02
8.702177008448741535e-02
8.670737507655000564e-02
8.762572159307266406e-02
8.616630868755498218e-02
8.790977751311536414e-02
8.676940373705580023e-02
8.653606645460662494e-02
8.758486184394555230e-02
8.698307764132479081e-02
8.652220997233606159e-02
8.726814337891089512e-02
8.720486266537086362e-02
8.613477210163358877e-02
8.837450060673349150e-02
8.624953408899131702e-02
8.728648981576010712e-02
8.753516655072358932e-02
8.656711828405502795e-02
8.693964346189952952e-02
8.687288283658774202e-02
8.669041982775685384e-02
8.679730289417128541e-02
8.809749332314217862e-02
8.697677396451487797e-02
8.627992285928189065e-02
8.757881079713379646e-02
8.714983572703410841e-02
8.777729745401768868e-02
8.607774094467537940e-02
8.783601717647321339e-02
8.613774580684609161e-02
8.782261037783578583e-02
8.693212337181957516e-02
8.641434878544992926e-02
8.712401065134163514e-02
8.764521198993555084e-02
8.669799494314561761e-02
8.739000547558048448e-02
8.710955416497766224e-02
8.613209223491632982e-02
8.839103783803836656e-02
8.616809712092021734e-02
8.726305702852661661e-02
8.631046629388702818e-02
8.756837699692748833e-02
8.656901807402911375e-02
8.749816072765585762e-02
8.725235291676827765e-02
8.709292711827315570e-02
8.622783013635908211e-02
8.754307288630187867e-02
8.655350244866091836e-02
8.749525824190212964e-02
8.699221339182884594e-02
8.646795117495723049e-02
8.812897382188722428e-02
8.562603807983756865e-02
8.805671975893067382e-02
8.714673071886631928e-02
8.649270475035858441e-02
8.769520758411956940e-02
8.674379637547277588e-02
8.729054231444499656e-02
8.649947266623427000e-02
8.686495422920997855e-02
8.796849009001102282e-02
8.636381682893161382e-02
8.721792856594504095e-02
8.732509271801422446e-02
8.638720383527395685e-02
8.708645595044489651e-02
8.690265304031603855e-02
8.800737497340851978e-02
8.677274431453831094e-02
8.646596214848462081e-02
8.726945435069449752e-02
8.737483427223749488e-02
8.635820177996478275e-02
8.774369241901314176e-02
8.706967369743862095e-02
8.677305690394421234e-02
8.724192640309311186e-02
8.724927709044776047e-02
8.734751511365329568e-02
8.730130649718577385e-02
8.653191525247663773e-02
8.680440029375505184e-02
8.701432971219004442e-02
8.728678367370254487e-02
8.759157422345383026e-02
8.693447210617263887e-02
8.721883311454686760e-02
8.639772476640046606e-02
8.709907622191237486e-02
8.689091418535024869e-02
8.737592082975784158e-02
8.710658829744408194e-02
8.711213087040120540e-02
8.727784444023237165e-02
8.689693423212153933e-02
8.687553664237426809e-02
8.756840321658265758e-02
8.703206662348934863e-02
8.714979934715955112e-02
8.669367645035272463e-02
8.710092015268064425e-02
8.641942268336391675e-02
8.782880424905308014e-02
8.708345813395959589e-02
8.718161462474867396e-02
8.625422104773117216e-02
8.772407918425552398e-02
8.664535965090813807e-02
8.775501686492444275e-02
8.632502049114207376e-02
8.785204043815675323e-02
8.664642077309384072e-02
8.739196695901234324e-02
8.629772520001124936e-02
8.797739784391248041e-02
8.662414299120844985e-02
8.744710864760713021e-02
8.633659365198440017e-02
8.658255880044399277e-02
8.831659181283239846e-02
8.593990885443436589e-02
8.830282735226274715e-02
8.617072994946607667e-02
8.697182315639639949e-02
8.769994062236688426e-02
8.593811604418527539e-02
8.835603593318960836e-02
8.624789408238187072e-02
8.716957323178764483e-02
8.711568351248649700e-02
8.609099895797273083e-02
8.830359214611392671e-02
8.608758829433901805e-02
8.708830889144614229e-02
8.820317337791887258e-02
8.569879650148362615e-02
8.751938575178756785e-02
8.652254917369514575e-02
8.704926769307683165e-02
8.681618266849355781e-02
8.779370058165135438e-02
8.598873409728927109e-02
8.790032799702679478e-02
8.689042459125295714e-02
8.667558483059048524e-02
8.761726186032607611e-02
8.654182288252570965e-02
8.686056613382822644e-02
8.726513986824506464e-02
8.641931848792128168e-02
8.719288307628635104e-02
8.678733074893155153e-02
8.750073957921125634e-02
8.695437318517623693e-02
8.700132543362376625e-02
8.708175777178581156e-02
8.710091545901677001e-02
8.735288345385598674e-02
8.677790120387970929e-02
8.680761120134780628e-02
8.685877939878336451e-02
8.695730859279135472e-02
8.659271527220172016e-02
8.766233081131197258e-02
8.648819856909314985e-02
8.721127057806327132e-02
8.667492050866512643e-02
8.763275050394628285e-02
8.628832507215433711e-02
8.744577415647515617e-02
8.664291402256682484e-02
8.692659605001638867e-02
8.692534327521235504e-02
8.624232358713948554e-02
8.841719949023682523e-02
8.653619114134505907e-02
8.697767941571987738e-02
8.675261056657426750e-02
8.693444182872755999e-02
8.774216795135686420e-02
8.633577446138115952e-02
8.839065420294139885e-02
8.613543322500429034e-02
8.699277999195960398e-02
8.769567789364710042e-02
8.682158575826233460e-02
8.649914624933363605e-02
8.702741679834941069e-02
8.733080752877600550e-02
8.758222771698978559e-02
8.630158273686053261e-02
8.695993744737152975e-02
8.730973405090852735e-02
8.619982461050278155e-02
8.787808488403235641e-02
8.696685746572858922e-02
8.727646888135118242e-02
8.638739121755389938e-02
8.820288294243078253e-02
8.566491741975081065e-02
8.839758389724498844e-02
8.630618877015437673e-02
8.788662127197155449e-02
8.582522056518807063e-02
8.798721900891542935e-02
8.683870909061949805e-02
8.708049394577092872e-02
8.715696473747472361e-02
8.675389869898614270e-02
8.711820142818224588e-02
8.653797874733178130e-02
8.777194814380737120e-02
8.706650877075221284e-02
8.677749444418322855e-02
8.678112006361862751e-02
8.702258067946344600e-02
8.673227327647305140e-02
8.676575876645513385e-02
8.758987675302332132e-02
8.717916331257430373e-02
8.690234454824297128e-02
8.734234257088950570e-02
8.664091805203716357e-02
8.789963601403096016e-02
8.673076390758953369e-02
8.701950700575211695e-02
8.680985548639105764e-02
8.666418980924751880e-02
8.677830419061333123e-02
8.781179430493607496e-02
8.615002370566082757e-02
8.753424894199574036e-02
8.726865665778149594e-02
8.619618858791772142e-02
8.688897121221858533e-02
8.736946310935680970e-02
8.706209525388801385e-02
8.685135958764257647e-02
8.782068817163042607e-02
8.653416834605212604e-02
8.778058405837527167e-02
8.590095115714813101e-02
8.760609993781010019e-02
8.726069876379918822e-02
8.747961491136337087e-02
8.637462458561499801e-02
8.708831946832031046e-02
8.730351901737716525e-02
8.626340133829740742e-02
8.783945562857975453e-02
8.717663630562628996e-02
8.609782416368186309e-02
8.778796940167983565e-02
8.707484275516275130e-02
8.654356541736547836e-02
8.718492508320403733e-02
8.695725625445561990e-02
8.685623467787736973e-02
8.652460902820098554e-02
8.772329131707087835e-02
8.626052851943014077e-02
8.708962629552978452e-02
8.794792134295449648e-02
8.682871202139003097e-02
8.638306658507403923e-02
8.760086146203162338e-02
8.628277840743535376e-02
8.710794622758397110e-02
8.783492166220836783e-02
8.602883521298640424e-02
8.745749367273658592e-02
8.628397363695614053e-02
8.769122823245445453e-02
8.732859662008675417e-02
8.625019748552432974e-02
8.790338476070380658e-02
8.661946884068243147e-02
8.702252421864016541e-02
8.763120060337017958e-02
8.639933064790970840e-02
8.727517291561114054e-02
8.638019164298366137e-02
8.788016322250793988e-02
8.591274875304696912e-02
8.744216232063439787e-02
8.691658359011020241e-02
8.675284972142215112e-02
8.670556158455247631e-02
8.755240399482755453e-02
8.657363403906705168e-02
8.771908452297250136e-02
8.672654806134644234e-02
8.763073586527747594e-02
8.680865935127489441e-02
8.696766714111509033e-02
8.724222726490007962e-02
8.726028803390130373e-02
8.611686474791688251e-02
8.859337027973440692e-02
8.554197311072833654e-02
8.803237237080417665e-02
8.689769241170519631e-02
8.656239851133151753e-02
8.715731087650044340e-02
8.722631897701108028e-02
8.634924303489435737e-02
8.801010805415726557e-02
8.640630270392457568e-02
8.742406989438120113e-02
8.661445537112472115e-02
8.741625245889127205e-02
8.729939393478367005e-02
8.696934789723015369e-02
8.623134664082644785e-02
8.807935810343564542e-02
8.618883071686810060e-02
8.721411356967183337e-02
8.730537791121414926e-02
8.622918252254826998e-02
8.768079015080559868e-02
8.723544872732620636e-02
8.712289460933279883e-02
8.659321357141126774e-02
8.781583605553375249e-02
8.666973333315353134e-02
8.772777776873474931e-02
8.665350051844294965e-02
8.732792876085801459e-02
8.660512627026814569e-02
8.835166824339935054e-02
8.570858813386264541e-02
8.772226683866350683e-02
8.614883439427858947e-02
8.822254677327440175e-02
8.592316522534480805e-02
8.749328863538907708e-02
8.686722614749221860e-02
8.635227420405355847e-02
8.783329497901531946e-02
8.694737263118972048e-02
8.627329286341070547e-02
8.801696945204148803e-02
8.633934644557328397e-02
8.779975925060985731e-02
8.686277947716761205e-02
8.652835228186349370e-02
8.734525270694201704e-02
8.671499827875123190e-02
8.665565475899472681e-02
8.760559776317997094e-02
8.632960771333977879e-02
8.680004525365997425e-02
8.779659545651252728e-02
8.689582562303180269e-02
8.721920600584412431e-02
8.692871978464944416e-02
8.724297814759304770e-02
8.716130710702915674e-02
8.635525279400135812e-02
8.796071141197019105e-02
8.686853071719384534e-02
8.764388760445311621e-02
8.580948390098053213e-02
8.874630396029649371e-02
8.563658459395735723e-02
8.728251168257497583e-02
8.792744543505150168e-02
8.609747796278369170e-02
8.775739343692209871e-02
8.676592167534914746e-02
8.717386131636770119e-02
8.651170438206171043e-02
8.798384895276695206e-02
8.570701076198412871e-02
8.832820090459553297e-02
8.568262440660470713e-02
8.809828036901398707e-02
8.685929334847206085e-02
8.741829125172492776e-02
8.693504139244330464e-02
8.709879413328777686e-02
8.667149557789605163e-02
8.683049819103602629e-02
8.775043697171219792e-02
8.647704498318739552e-02
8.666476284736131241e-02
8.758528116581153211e-02
8.628043224826664748e-02
8.706809144063269723e-02
8.785545112780722421e-02
8.636908084058096680e-02
8.689676220035796872e-02
8.748703033650752359e-02
8.673644744700757803e-02
8.781604135419117385e-02
8.664366893714336992e-02
8.670098763286410160e-02
8.758646335458208920e-02
8.648039811945307243e-02
8.676592065552414523e-02
8.704812346151638569e-02
8.691658889323891635e-02
8.666310211272178210e-02
8.761241921675502753e-02
8.693092677776817490e-02
8.640657996100106764e-02
8.698431433628814324e-02
8.735421784234992382e-02
8.671409716316386129e-02
8.660786823095334430e-02
8.791555843971485262e-02
8.593821891971749338e-02
8.693841104002722475e-02
8.791771419566425660e-02
8.645314871049489258e-02
8.764664737857189025e-02
8.765867390468543019e-02
8.615389156300967688e-02
8.696476450360791921e-02
8.752317275426346743e-02
8.702671120326208043e-02
8.761480147032341126e-02
8.601139997421097805e-02
8.778320147102941506e-02
8.711231589480014637e-02
8.596153150823443445e-02
8.889355448034629015e-02
8.538830329081265047e-02
8.847483245521205186e-02
8.656474396812841032e-02
8.642527928777143931e-02
8.755269156049472201e-02
8.655407066646399195e-02
8.754043768063707320e-02
8.728604371377392257e-02
8.677612676246551637e-02
8.651311331525081416e-02
8.781780436962367820e-02
8.717705083042215364e-02
8.656838453515912357e-02
8.713698596808834573e-02
8.670742703734578283e-02
8.678883519148725134e-02
8.767256903178650973e-02
8.623337362723176858e-02
8.770882065287932683e-02
8.639778321011268303e-02
8.726289319497371189e-02
8.657099988357844222e-02
8.688647475964918210e-02
8.791280601609720302e-02
8.604989828146290820e-02
8.712329510771754659e-02
8.766295376267961570e-02
8.577662995539139801e-02
8.835643591623910942e-02
8.624409903750487882e-02
8.773388530939629781e-02
8.684904446758330565e-02
8.717000711781312805e-02
8.636568472775904559e-02
8.794851356508961993e-02
8.585244374793163380e-02
8.800538105050249860e-02
8.675298454389032687e-02
8.649649565427690312e-02
8.703282593768571496e-02
8.651539206444622265e-02
8.784010149079866936e-02
8.651874239074762440e-02
8.739858305876983813e-02
8.661988983349050431e-02
8.732026910091184035e-02
8.777450492870585153e-02
8.601489817927858439e-02
8.818082569033959539e-02
8.654791259674703141e-02
8.727971711653675913e-02
8.705469654452643868e-02
8.711311330982780821e-02
8.758837834354760155e-02
8.630493978978615033e-02
8.772698255073549389e-02
8.706036299285252467e-02
8.727327191358300040e-02
8.708398217299505306e-02
8.700514392069585989e-02
8.733832808503608214e-02
8.789968118106589179e-02
8.601845947098968326e-02
8.759902734166284677e-02
8.640208306292380958e-02
8.699915478637590405e-02
8.719746665325855961e-02
8.694994593168460517e-02
8.645904602870443934e-02
8.752435646940537328e-02
8.696544020637142491e-02
8.732953385906198907e-02
8.691412362210415576e-02
8.760596691139929670e-02
8.684995177451319825e-02
8.619520952573025974e-02
8.811473012797338411e-02
8.688127216166752209e-02
8.654554520322033095e-02
8.775169890981111831e-02
8.633455521293662005e-02
8.709296047642958727e-02
8.666641507728306548e-02
8.695358701196823081e-02
8.690836147804854861e-02
8.751028644879763063e-02
8.656758459914247472e-02
8.719666570911194237e-02
8.625286556254213588e-02
8.793482834822077820e-02
8.709820688267594369e-02
8.666323609012026308e-02
8.696784083313435776e-02
8.679318367875457629e-02
8.675724435019863123e-02
8.661454894728691511e-02
8.795813609143258993e-02
8.592430361338067313e-02
8.769060520386884328e-02
8.723574514794936452e-02
8.621702874621720025e-02
8.733241453602458293e-02
8.671651723921196264e-02
8.696893011216819125e-02
8.651210482626342513e-02
8.739645053505121219e-02
8.712299447335759839e-02
8.665982752689271873e-02
8.780577773007616771e-02
8.635459621243916917e-02
8.761768119621102247e-02
8.692496237340707754e-02
8.722654332014739831e-02
8.699324433378918808e-02
8.727194832224499654e-02
8.718778413270236727e-02
8.668145241106073318e-02
8.669739462608606895e-02
8.760409866261684164e-02
8.698200348145179728e-02
8.731402442248248352e-02
8.672894692090510338e-02
8.718044000469458987e-02
8.650969736708022384e-02
8.755730280850433644e-02
8.651402298796270762e-02
8.671892565602602743e-02
8.786769690050785786e-02
8.627330848740007163e-02
8.715009005556317856e-02
8.684556548164359957e-02
8.679632641327850173e-02
8.669583036088751582e-02
8.762567238926979862e-02
8.653914423870856520e-02
8.775546527055574919e-02
8.617269651446324286e-02
8.797743541083491436e-02
8.610563668050513764e-02
8.745278786652613268e-02
8.742377172905947680e-02
8.604684707084286899e-02
8.787048419779414088e-02
8.697971800018880484e-02
8.712335624449217553e-02
8.659036015883245230e-02
8.808411769162681482e-02
8.575424716474759623e-02
8.720288441903283061e-02
8.741646799896038433e-02
8.665394912472640376e-02
8.792424229097373090e-02
8.703887881880743860e-02
8.654052072643102222e-02
8.676796376132064892e-02
8.776049918842615538e-02
8.634911243594420305e-02
8.703231681392357977e-02
8.769757574635320130e-02
8.573096628779805495e-02
8.831412450441333828e-02
8.674297980251914619e-02
8.667515080650747827e-02
8.676606066140085671e-02
8.794587241976049852e-02
8.705656593278036925e-02
8.647116667948212543e-02
8.739118662117954794e-02
8.640558860730047919e-02
8.767192245088631375e-02
8.632552054191577895e-02
8.718420440492766210e-02
8.734743130714908710e-02
8.726915933994311425e-02
8.626130220659802839e-02
8.709293869889896123e-02
8.743239022856391651e-02
8.715720413535563149e-02
8.623322875419149602e-02
8.820069622197179715e-02
8.590044076091778169e-02
8.751591884763805507e-02
8.670090044266472173e-02
8.707534324581647778e-02
8.639755564564144397e-02
8.801648941304594798e-02
8.583553946611716112e-02
8.775189817951531412e-02
8.710064273004847202e-02
8.750538935695700848e-02
8.702175877512335900e-02
8.652692172278347860e-02
8.681147485709442280e-02
8.768001914154237297e-02
8.709432531688091061e-02
8.645226593015159500e-02
8.776551058869286326e-02
8.659886285562430619e-02
8.744496652204704346e-02
8.650595479072760441e-02
8.703991746007871955e-02
8.730395978742000462e-02
8.642792483516348323e-02
8.683606081342629124e-02
8.735336777524584095e-02
8.677030345564955283e-02
8.673584875803078131e-02
8.799273267486157346e-02
8.602750863707744888e-02
8.727142518800676263e-02
8.651357265413679720e-02
8.699530742443650766e-02
8.737214070976681568e-02
8.707255545935910224e-02
8.701250775684069017e-02
8.742243820745479455e-02
8.673060248828701191e-02
8.787468132402029286e-02
8.668825241389638281e-02
8.713448999984338417e-02
8.774322597613577746e-02
8.545991919715241469e-02
8.856153463496202471e-02
8.640754496545929864e-02
8.763911757039216655e-02
8.677826207722243168e-02
8.647639847252516776e-02
8.843530341852411103e-02
8.619303632676375559e-02
8.668930471624333722e-02
8.828691883080128089e-02
8.576360038505048689e-02
8.800530505609056864e-02
8.709694907357040661e-02
8.677310741744174993e-02
8.649292267501124121e-02
8.803109716738689861e-02
8.635351983627184702e-02
8.767402637088364536e-02
8.709635987139299762e-02
8.626295080277950056e-02
8.702095692066302846e-02
8.711591717587113815e-02
8.739859886936647559e-02
8.651096182713441385e-02
8.802149176597307001e-02
8.580248029172057866e-02
8.721987189199728596e-02
8.768006809895755038e-02
8.631733979543962376e-02
8.739505875730355089e-02
8.670853247183993306e-02
8.699343816706067711e-02
8.656250934164999578e-02
8.720873884393504083e-02
8.742361793564670802e-02
8.725225587378296344e-02
8.659145481462365845e-02
8.752023177759321593e-02
8.614079452729829500e-02
8.758865301679424897e-02
8.757261252275061469e-02
8.688598476385381297e-02
8.665555607832660379e-02
8.766731497442206700e-02
8.621909371404540279e-02
8.716879478250949553e-02
8.760129526235267694e-02
8.616752324672692642e-02
8.742022769543383864e-02
8.623698963734607870e-02
8.777745803733205676e-02
8.700543104315767995e-02
8.607015485223645790e-02
8.888686188018701806e-02
8.521941922108382250e-02
8.822294488352745712e-02
8.633187424560226364e-02
8.704795487741132098e-02
8.714179774075402063e-02
8.723502380772393816e-02
8.623390550133436250e-02
8.784438414552069030e-02
8.610086010981538029e-02
8.688400222807153572e-02
8.778359697561602393e-02
8.697158842849021798e-02
8.711737541973389731e-02
8.673329488888206762e-02
8.771475011995555349e-02
8.631590817879025712e-02
8.681791410152397970e-02
8.796405147681077286e-02
8.679422674582992769e-02
8.731892222646669977e-02
8.686614456876544377e-02
8.636624459815332722e-02
8.802755329052550093e-02
8.597536313040375633e-02
8.781893663705145348e-02
8.697546005287809523e-02
8.704083152953706604e-02
8.716601006964112830e-02
8.717435389419313230e-02
8.668930554512103981e-02
8.738061268157565342e-02
8.724345255746315808e-02
8.735626799977044832e-02
8.673073885044077502e-02
8.760436256386035236e-02
8.704618947456209399e-02
8.723923862520548134e-02
8.697297745476344211e-02
8.625131944076599999e-02
8.764027185587060231e-02
8.747820024353994417e-02
8.667515835150287062e-02
8.804960891363344810e-02
8.592956754221640903e-02
8.774866362233199601e-02
8.680468168176963539e-02
8.712035876434019721e-02
8.751623139932326878e-02
8.734466109141640622e-02
8.631409190817179722e-02
8.681655070575319821e-02
8.747789088817600756e-02
8.762340049221116478e-02
8.571322183156354635e-02
8.849016031281460581e-02
8.618573557523843964e-02
8.774001623588742471e-02
8.660260374739406353e-02
8.787720804247081685e-02
8.587975964479052648e-02
8.812656629602523550e-02
8.618669439103178453e-02
8.777071208833714389e-02
8.581262680320006497e-02
8.833250554094589091e-02
8.603414885127375067e-02
8.747131762764710772e-02
8.683651722546009699e-02
8.662625197788492715e-02
8.787229511756053379e-02
8.583919999429046044e-02
8.819922094855826844e-02
8.608259309927598912e-02
8.769929083819383298e-02
8.726470630364045744e-02
8.669913850013492851e-02
8.698055244469332647e-02
8.663780724496636387e-02
8.754609795549589402e-02
8.656271142206642399e-02
8.707908512362913522e-02
8.757491278854633021e-02
8.610079954010758929e-02
8.729095755594566686e-02
8.670722430802088598e-02
8.802117585904228880e-02
8.569303894000102062e-02
8.803755308450694761e-02
8.654448533254421871e-02
8.720195988078731364e-02
8.666627091010092876e-02
8.770970914939110741e-02
8.684626604200114397e-02
8.655789870209923409e-02
8.707257838954847451e-02
8.657612735745261190e-02
8.834959221867524914e-02
8.570461899324569033e-02
8.806179362425847756e-02
8.693072843822080564e-02
8.625914729387984536e-02
8.767224390438722870e-02
8.731975823486023969e-02
8.661193535710751124e-02
8.669232709832939976e-02
8.737138417141353253e-02
8.667007356149133979e-02
8.680237340750902864e-02
8.775333889297083634e-02
8.681974778795104042e-02
8.723426379927451402e-02
8.629405988351374068e-02
8.775503826739088076e-02
8.664998069935780922e-02
8.818443417715152166e-02
8.582389610151294757e-02
8.764256461597716430e-02
8.674179228824591137e-02
8.711224359286372232e-02
8.656926164975844995e-02
8.712819689465525763e-02
8.752410077054659232e-02
8.653273568502857505e-02
8.647862704199313355e-02
8.805521438080941843e-02
8.664970255254972331e-02
8.706106376882599696e-02
8.773869984369010722e-02
8.647428686199241932e-02
8.727902471266094087e-02
8.656676537448450282e-02
8.683687227744729675e-02
8.730993359044175728e-02
8.755969011232184185e-02
8.622235462889499269e-02
8.784896183468231257e-02
8.635834423615319777e-02
8.664246692707415487e-02
8.829657671303617339e-02
8.618903876659707308e-02
8.815534938416696997e-02
8.604644374568989895e-02
8.766289279800874856e-02
8.647136002182734260e-02
8.689605602410176155e-02
8.718736680768790492e-02
8.696865607975583223e-02
8.727453551340588755e-02
8.688952796129004175e-02
8.633900936744859367e-02
8.792245205973819866e-02
8.692814894661722580e-02
8.674035621912115634e-02
8.766553932757779888e-02
8.680213314328419361e-02
8.722818277054049385e-02
8.638203285450371527e-02
8.776396668409280899e-02
8.698590462204520979e-02
8.646757107806132825e-02
8.725284117910844794e-02
8.697356763509628275e-02
8.739955683675296183e-02
8.694448261874754280e-02
8.760471714652254271e-02
8.592118092220102366e-02
8.824939193003211724e-02
8.594640845747679447e-02
8.728539804713397743e-02
8.693366401985061498e-02
8.670591725995004106e-02
8.761762360190034071e-02
8.625190209044182599e-02
8.673902406905177609e-02
8.807968463439783124e-02
8.630449762632672051e-02
8.779729291073917752e-02
8.654754918777593509e-02
8.649812237926604586e-02
8.751852909347729303e-02
8.734100120280335888e-02
8.591372686645283585e-02
8.852496052146163752e-02
8.662245021106833309e-02
8.726733614137810457e-02
8.665080090629637133e-02
8.774080179361667953e-02
8.616054012893406555e-02
8.730007120614161065e-02
8.705797820345587135e-02
8.665249677035874454e-02
8.683703384893576294e-02
8.699036496742990066e-02
8.661660097289083926e-02
8.806254813428515682e-02
8.635908315439001781e-02
8.670957786310667936e-02
8.770740187247186292e-02
8.634645698061711727e-02
8.789907853526054970e-02
8.602219689061531283e-02
8.820843904565417448e-02
8.652862601220624728e-02
8.711008642270073876e-02
8.715200801700027922e-02
