4.484443281549064797e-01
2.922897637516626013e-01
1.879905371142075732e-01
-1.056821584878078583e-03
1.326725055488586769e-01
7.134045413185491347e-02
9.713656919101153198e-02
1.076969679475724417e-01
7.345704206679774806e-02
1.334475578963589537e-01
8.934337476481063467e-02
6.619595133096758954e-02
1.562245136425251535e-01
7.577082408217594711e-02
5.824914489846462484e-02
1.706431411569204748e-01
6.588470475889333933e-02
5.153840343148545500e-02
1.808958997894708209e-01
5.875838220951935809e-02
4.585539068714403199e-02
1.864032773271225851e-01
5.381627810803905898e-02
4.091837718499619081e-02
1.920676670270662356e-01
4.994960332521627272e-02
3.834354076169919912e-02
1.955870916171609797e-01
4.734132120762804541e-02
3.562820865036383372e-02
1.965331548003697859e-01
4.574548825978070471e-02
3.364325782554665467e-02
1.990009026638184242e-01
4.411361454815416333e-02
3.230858325592077251e-02
2.000233317751761442e-01
4.312933525830295323e-02
3.090829761633418632e-02
2.010367584834132637e-01
4.241829524433008564e-02
3.031655542789463836e-02
2.019002901449081511e-01
4.161828784818829424e-02
2.925067416632442380e-02
2.022536345333540431e-01
4.125076436907842287e-02
2.872845165552697852e-02
2.018085820713047818e-01
4.121893803701873193e-02
2.878699363265867228e-02
2.029138927501166201e-01
4.064714562524866098e-02
2.819941360870118971e-02
2.020582101178624579e-01
4.084246692540467044e-02
2.842490073088457456e-02
2.019712217390826903e-01
4.095724631809281868e-02
2.845959601629798399e-02
2.020226013885231819e-01
4.084860689317990068e-02
2.858167358297550656e-02
2.019044675981210568e-01
4.098935292905780264e-02
2.860034009770509589e-02
2.028616694235511608e-01
4.085709897050127104e-02
2.845171907679843945e-02
2.032542525596540417e-01
4.044593641768157166e-02
2.823299673227134404e-02
2.024242093337766391e-01
4.059915537594672302e-02
2.799351560986753501e-02
2.025954723064559426e-01
4.063308210839665369e-02
2.803645369693276435e-02
2.022852614373213953e-01
4.054133718789837415e-02
2.802012549397631114e-02
2.022411427106187432e-01
4.066816006183719689e-02
2.804617994199099656e-02
2.032051396068279281e-01
4.055275416550545992e-02
2.799510789239404926e-02
2.032006377674915043e-01
4.035371630464355819e-02
2.805019990860933843e-02
2.035152915305543098e-01
4.039299485256030164e-02
2.816582140805248477e-02
2.032434146022185917e-01
4.051634688501635356e-02
2.823250434923993413e-02
2.025262560677327239e-01
4.054157580169297920e-02
2.832761567978699796e-02
2.022500345086817586e-01
4.069680583297811960e-02
2.808167336052373037e-02
2.029451692772996640e-01
4.057369683435162189e-02
2.778692407997345945e-02
2.022750780107770152e-01
4.052423264874087383e-02
2.799369415863874749e-02
2.031751265885580748e-01
4.044089442048214023e-02
2.781747456347689190e-02
2.022550305185543684e-01
4.059445724461023530e-02
2.770456787647695637e-02
2.020998483065148676e-01
4.054332663997710362e-02
2.798078003592104762e-02
2.032155439416560294e-01
4.035840861018952230e-02
2.769051559444914157e-02
2.020521921491854611e-01
4.050099777556194491e-02
2.724396027660711678e-02
2.030535799851788670e-01
4.037698840099575304e-02
2.824708737604137571e-02
2.033609254504123720e-01
4.038314441933101018e-02
2.812960579306030690e-02
2.027515790180368649e-01
4.053174982467201010e-02
2.796819521702165884e-02
2.032692034028701078e-01
4.030085278162697654e-02
2.788647127314145338e-02
2.036454710483231456e-01
4.016613590461484001e-02
2.763560044933311560e-02
2.035223348298514368e-01
4.017330736746442532e-02
2.733897377530732087e-02
2.027045844629818128e-01
4.020934995481600244e-02
2.764972515365717726e-02
2.028557328803025361e-01
4.021983005772082620e-02
2.713926906754251384e-02
2.033158873925487442e-01
4.028130113650876809e-02
2.776004608243890989e-02
2.027324799553315293e-01
4.031132760570754064e-02
2.794749455773031313e-02
2.034606195317728017e-01
4.030235012880958173e-02
2.778623354693523020e-02
2.024945961627244717e-01
4.048230010661198891e-02
2.771198688635267277e-02
2.019611983515637033e-01
4.057626659994988116e-02
2.802312216272677403e-02
2.032699111697346128e-01
4.043461521844615714e-02
2.781665138517906005e-02
2.032977885814602204e-01
4.042493646914785410e-02
2.786572616453329362e-02
2.026731323970746013e-01
4.035377885438710954e-02
2.783349865611947638e-02
2.032744490584066921e-01
4.036281475738515145e-02
2.783403669675418857e-02
2.023073634453074476e-01
4.063679512683231188e-02
2.809110499516530995e-02
2.031240318559706937e-01
4.028417199633157336e-02
2.745879170171930048e-02
2.028850541396141349e-01
4.031902869598448513e-02
2.756725119372080771e-02
2.023340320910823609e-01
4.056066498982054125e-02
2.786009754960731138e-02
2.032317531909344221e-01
4.030668485001099449e-02
2.812296782104739545e-02
2.035858844120188582e-01
4.027694931388604155e-02
2.766493275096623336e-02
2.025183354066278085e-01
4.048728573740344172e-02
2.772588563737622691e-02
2.024807477452391646e-01
4.043615486377382523e-02
2.795288880348049954e-02
2.023730604494152485e-01
4.059959904557784022e-02
2.796111874072047809e-02
2.021912166347658024e-01
4.071717161202881297e-02
2.797542926384728040e-02
2.020507656447565192e-01
4.067020786271513533e-02
2.817075343640063068e-02
2.033142027856407741e-01
4.043968999253782365e-02
2.790453984392862047e-02
2.023817721433820160e-01
4.064499067983986386e-02
2.808075653668286667e-02
2.022949495132718434e-01
4.053195920753275422e-02
2.784600662448130301e-02
2.031731327404429632e-01
4.052021893039876865e-02
2.812807247443979003e-02
2.030865380606368953e-01
4.040554385982674662e-02
2.760084950968109269e-02
2.034080382233612316e-01
4.025622833983828752e-02
2.801913428269638823e-02
2.030239997721471346e-01
4.042434035752495020e-02
2.788782124674620000e-02
2.023564920134742484e-01
4.049284257133390491e-02
2.732831331883176645e-02
2.023955679558980536e-01
4.040524920616325039e-02
2.780548534938728777e-02
2.029803121356229811e-01
4.045059316676778011e-02
2.783036190519018807e-02
2.023427227171359366e-01
4.035391560170905473e-02
2.767832666269568961e-02
2.032201178943718878e-01
4.025262063054108747e-02
2.778232529467739714e-02
2.036079869202573889e-01
4.024350325769796011e-02
2.795630646669692784e-02
2.036466324883677848e-01
4.006608412356647136e-02
2.773918589648901104e-02
2.028604960794493650e-01
4.025983933052514063e-02
2.776652698256570212e-02
2.037091430409710691e-01
4.010198233427293701e-02
2.714066023555949600e-02
2.030230222743342194e-01
4.004693451347333955e-02
2.768680625982395185e-02
2.026126078330329761e-01
4.029129045608330351e-02
2.771503294156969777e-02
2.021598329454891430e-01
4.058394160801577499e-02
2.789612087004057772e-02
2.031002766607144239e-01
4.029409950371957982e-02
2.780262478062807407e-02
2.032541639392289601e-01
4.028494513590513693e-02
2.774696347146603584e-02
2.033779734895512503e-01
4.037426845983668744e-02
2.801613287998733215e-02
2.030891887356901238e-01
4.030865023589385449e-02
2.812805122529299026e-02
2.027229003089319193e-01
4.042212096322042592e-02
2.791024811327053046e-02
2.033828635060714041e-01
4.034435568423434815e-02
2.793071004907998756e-02
2.033176252411479368e-01
4.004404232152210946e-02
2.713736211016070168e-02
2.027381533573121009e-01
4.024238248090891007e-02
2.756588721253736343e-02
2.025409900126851626e-01
4.041992782709627474e-02
2.769870655467067747e-02
2.022498570978129573e-01
4.043756695133009227e-02
2.802778082979680979e-02
2.032363912256759386e-01
4.027371682350858184e-02
2.770526059209335937e-02
2.034500944955121016e-01
4.026616073843035382e-02
2.763088740193146362e-02
2.034076843032382176e-01
4.011088951202138042e-02
2.775616608587612791e-02
2.023736217013985539e-01
4.047323539544703946e-02
2.816506523102357828e-02
2.024228314643926052e-01
4.061943981002748283e-02
2.797401278975981606e-02
2.032011053406709844e-01
4.025671401800892668e-02
2.761061409906101494e-02
2.033965449717495266e-01
4.018853570591708613e-02
2.789132305001735743e-02
2.037528768349468611e-01
4.013504109448530477e-02
2.738536847601226801e-02
2.024264213907525090e-01
4.027062875861522201e-02
2.785161398806158123e-02
2.033759730866207260e-01
4.015419062416250573e-02
2.754687528975440988e-02
2.035043528033098070e-01
4.031641552853826999e-02
2.811458002278978754e-02
2.036361587570318932e-01
4.007144604065362992e-02
2.754105215473709456e-02
2.023082992288610937e-01
4.046323046296439879e-02
2.815371731121733140e-02
2.035393923974445352e-01
4.025155798597482987e-02
2.751236257943305563e-02
2.025124992083129072e-01
4.023430268518758679e-02
2.763681432661264925e-02
2.024270565475912720e-01
4.042332489053782063e-02
2.786493580165411849e-02
2.035057797280183656e-01
4.022426394623167256e-02
2.750820940487766486e-02
2.036560219192353194e-01
3.984103809832088144e-02
2.710381933394093168e-02
2.038398391603027660e-01
3.992524933471743032e-02
2.756041028152737826e-02
2.026312404707568682e-01
4.024419196530232973e-02
2.733141532936695511e-02
2.023044513480240503e-01
4.027615918570746217e-02
2.760654656228634166e-02
2.033884746453953063e-01
4.023874927042773303e-02
2.780330679907623906e-02
2.026479709573402455e-01
4.039027017798618724e-02
2.754483736386290071e-02
2.027295993832864962e-01
4.030913660490863942e-02
2.787013236164908453e-02
2.033085498572116956e-01
4.034446197033011300e-02
2.804584969118183863e-02
2.035653643950714742e-01
4.013420980938837979e-02
2.713287591270942961e-02
2.026627217728900476e-01
4.018014093620519978e-02
2.776442555992195138e-02
2.025856661060239650e-01
4.042711181060171938e-02
2.802037429926586276e-02
2.022458811372679910e-01
4.068569996797097299e-02
2.814409322634420924e-02
2.026110829030173810e-01
4.047556417386546923e-02
2.802617270321300369e-02
2.026481989993736132e-01
4.054915994327482759e-02
2.818884905144009370e-02
2.033764808297571780e-01
4.026344267621317918e-02
2.723418935505865501e-02
2.026466636928059284e-01
4.018021013295984545e-02
2.751580024382434611e-02
2.033467534536095300e-01
4.020168081179210928e-02
2.763625143927056840e-02
2.025115372882534404e-01
4.044742406516291938e-02
2.768679818227829520e-02
2.019217778223386106e-01
4.058173617397085181e-02
2.824974420627882066e-02
2.022632337002174541e-01
4.066801354291674914e-02
2.812377399737713696e-02
2.033517621244783635e-01
4.043918662634393701e-02
2.788452614238829882e-02
2.032544264390851452e-01
4.020582038748275050e-02
2.768249148287040343e-02
2.036359306526748236e-01
4.016976031581053624e-02
2.799423071713458971e-02
2.030713084851048233e-01
4.040856690985838301e-02
2.807094377586639294e-02
2.024595124292647430e-01
4.035403079078205002e-02
2.765176948518661276e-02
2.021333435879044960e-01
4.056952127310450851e-02
2.796321778940280556e-02
2.026327194646374841e-01
4.058327780236038740e-02
2.795974155522400889e-02
2.021757211249568531e-01
4.052524386992160943e-02
2.796079788308605818e-02
2.027513843033754981e-01
4.055066963758512111e-02
2.827991310373583964e-02
2.024087459500122366e-01
4.069134872029925298e-02
2.804721066588185610e-02
2.028805324413365252e-01
4.043168426923784281e-02
2.792730506606486487e-02
2.024109416904592562e-01
4.060839840579587301e-02
2.822200679348020255e-02
2.023279605959970029e-01
4.077271376988286788e-02
2.831288301494311321e-02
2.024635588546565002e-01
4.061628835011207861e-02
2.832067041865149112e-02
2.031518070239985430e-01
4.045688844925613564e-02
2.807994225080338163e-02
2.033224331480560643e-01
4.042412490521632429e-02
2.777383470255573306e-02
2.023664002296215736e-01
4.046117920388181410e-02
2.809455246612077225e-02
2.023510438809204282e-01
4.059920725284882348e-02
2.804363544917923279e-02
2.033683711310075859e-01
