7.552417805302652498e-02
9.637833585782994428e-01
2.348727679250461053e-01
9.088542655369830081e-01
3.837957914114772939e-01
8.263338509912654395e-01
5.152456775581386594e-01
7.256757789998764530e-01
6.294352371324180018e-01
6.077813149098293399e-01
7.216168293512916776e-01
4.777284002875467062e-01
7.910907535997102613e-01
3.364837412442220899e-01
8.345011648909252955e-01
1.913009454092588491e-01
8.531741988325076687e-01
4.542157386454080681e-02
8.482483797900555178e-01
8.354536374491500217e-02
8.200459582926021840e-01
2.201097702569179693e-01
7.697495439222732383e-01
3.450016271528683065e-01
6.949904712693216746e-01
4.549688620928597493e-01
6.064846745983362153e-01
5.500476979883334172e-01
5.051009101407525348e-01
6.268332315772416896e-01
3.916404747342571713e-01
6.836528621188734389e-01
2.712125379264466729e-01
7.183518249409066581e-01
1.464200613220725256e-01
7.324010368877751365e-01
2.202984966052051047e-02
7.218551102066070868e-01
8.817380704768255917e-02
6.904642109864977950e-01
2.014310756439499916e-01
6.436363359002336137e-01
