6.947521042705989691e-01
4.265152632609884101e-03
6.975772542317213443e-01
9.676213038727776716e-01
6.571956746461373733e-01
2.640720298166714108e-02
6.922444705400869758e-01
9.374609943139897705e-01
6.212749574428819699e-01
4.637001065555711871e-02
6.876211693512522816e-01
9.105758320891690349e-01
5.887885463116121487e-01
6.620121817113817919e-02
6.826024168669002634e-01
8.845867920492431757e-01
5.566674337638973791e-01
8.461218767318745559e-02
6.750799715752956454e-01
8.565679106325523318e-01
5.249271246275257763e-01
1.021040826407522695e-01
6.693998307032955619e-01
8.315566284025022181e-01
4.955825709765078746e-01
1.179029638209278807e-01
6.636838467923302787e-01
8.057992323753884190e-01
4.660147504198137169e-01
1.325600416594957531e-01
6.525902656003003122e-01
7.771836022510645314e-01
4.375898182411819270e-01
1.471032763882394179e-01
6.459086715679092094e-01
7.536211368747054440e-01
4.109866343255901833e-01
1.606018041146552444e-01
6.378402021088565022e-01
7.298154691001815797e-01
3.849507751818211365e-01
1.724881141304714371e-01
6.293973494874030017e-01
7.047873952151625376e-01
3.590842896681217256e-01
1.827214441536456624e-01
6.148179114569574111e-01
6.747319289209602333e-01
3.326668516969905065e-01
