4.858463926050395898e-01
2.495320669790198065e-01
1.633999543969555657e-01
7.415144925281248744e-02
4.299893442668913796e-02
1.468719496509449107e-01
1.075300418475224756e-01
6.458333695309720346e-02
1.020891785396867840e-01
1.313897475649168922e-01
6.968814362281097741e-02
6.405395990692856756e-02
1.472706254244004476e-01
7.051184318223059633e-02
3.510100294885029615e-02
1.567567337962374185e-01
6.867863546197525149e-02
1.088782834613073458e-01
3.151600009296118970e-02
2.045437608622175871e-02
9.132997974757292581e-02
3.281212659614582416e-02
1.214361008294694011e-01
1.181285805941628131e-01
6.604070537570336241e-02
8.560259010004785118e-02
1.382007214338240031e-01
6.986144498369824263e-02
5.099958382145800689e-02
1.513122157171083171e-01
6.943027240444883674e-02
7.903404671601944875e-02
5.965780344215948494e-02
1.375420142572048032e-02
2.825119581649254696e-01
5.204088029751935233e-03
3.282694886927722822e-02
5.182184361613975665e-02
4.213355602278172655e-04
2.097959242840977123e-01
7.347524157445986526e-02
1.011962124262948681e-01
8.595576302193856655e-02
4.145519000717604041e-02
1.313109145171107439e-01
1.152514353071443648e-01
6.630661143594368534e-02
8.947865628425033524e-02
1.367122812088854000e-01
6.985880512432168787e-02
5.411250843935549310e-02
1.507581166518004168e-01
7.001745746212305332e-02
7.419708307571482031e-02
6.633692332192328567e-02
1.959518949320558645e-02
1.565790534867596007e-01
9.859017879715450960e-02
5.977656618061552574e-02
1.140076691221341837e-01
1.256255788161167730e-01
6.918509192776836625e-02
7.401233050710492867e-02
1.436507444475688677e-01
7.073456187743670798e-02
4.183655793389681049e-02
1.550455661857721990e-01
6.957474005061045630e-02
9.914566043943662255e-02
3.826427940891735657e-02
7.518009707208919007e-03
1.611544477759070393e-01
6.570323279162945673e-02
1.221967066508382882e-01
2.638394493546211000e-02
3.083625101898638046e-02
5.136091139769402569e-02
1.255266317398863593e-03
2.025395403574823949e-01
7.277520274717094728e-02
1.170148546833391229e-01
7.154221627343541889e-02
3.210230226235759321e-02
1.493495313117285672e-01
1.045496132083561514e-01
6.316789204710024364e-02
1.061227257199038598e-01
1.296267933103711356e-01
6.977924881218099118e-02
6.713827873831940130e-02
1.461498506907356609e-01
7.056140879247194131e-02
3.653475913507975292e-02
1.565540617509657562e-01
6.915471079576301916e-02
1.069280476057635626e-01
3.255158640673406351e-02
1.814162722737973701e-02
1.021672520246010296e-01
3.958553407087572057e-02
1.055625601177858225e-01
1.263192759295856671e-01
6.777083930148984636e-02
7.124560742406804703e-02
1.440766807953607342e-01
7.029200493104298397e-02
4.061332181059201796e-02
1.553736347529547923e-01
6.951998952905275031e-02
1.017504279631186448e-01
3.616558606902647161e-02
1.104293749371385025e-02
1.398542262847762840e-01
5.863346541798997169e-02
4.470613243988215413e-02
1.523562531491634842e-01
6.885061751187968038e-02
8.860887846762051379e-02
4.821326364218039146e-02
2.552984048459412160e-03
2.614897899985094698e-01
6.647944236079839087e-02
7.874688438305985083e-02
7.758564702599141105e-02
3.077036056245836815e-02
1.414435817811660889e-01
1.084849659736864813e-01
6.414210670569178707e-02
1.005589643069088046e-01
1.319754107036996138e-01
6.965139149375976224e-02
6.221473570678402037e-02
1.473587051695933736e-01
6.973275690823213524e-02
3.432894583884753270e-02
1.572946965816601483e-01
6.911752152550806882e-02
1.092085983280022821e-01
3.128257157749349260e-02
2.113643420852568885e-02
8.809179399028882473e-02
3.015534611064188061e-02
1.257045922087524914e-01
1.160443136877699621e-01
6.597639952683848064e-02
8.796526415509384189e-02
1.372543116103983607e-01
6.998410742301544585e-02
5.347478921240347849e-02
1.509888724894455359e-01
7.003908194322081004e-02
7.446442185516256862e-02
6.615495341078983516e-02
1.965617609802747939e-02
1.568385360784082805e-01
9.868591777881699501e-02
6.027217584110326071e-02
1.139372059926007374e-01
1.253223317758708766e-01
6.860433677483684933e-02
7.388958027082714874e-02
1.433638793012651513e-01
7.054231387652871998e-02
4.254537811013248821e-02
1.548282905749023830e-01
6.973661057601351909e-02
9.740869289510696583e-02
3.944025800793941189e-02
6.008311950411407247e-03
1.725061279937407654e-01
6.900079148842122589e-02
1.375974934808339434e-01
2.881530366801565018e-02
1.781035211545192384e-02
1.055744874550063328e-01
4.198657525911257682e-02
1.009266447378863035e-01
1.287243701232992921e-01
6.801859930433554191e-02
6.745005848351136313e-02
1.457015250915101867e-01
7.038824016236519543e-02
3.757530474597386982e-02
1.564499686522954347e-01
6.947166036815255463e-02
1.051038600491482899e-01
3.379135893150395781e-02
1.593263178972683519e-02
1.125224049770322809e-01
4.562011511575980033e-02
8.956853436090576881e-02
1.340562695496320678e-01
6.875137472862742627e-02
5.856093575884883939e-02
1.490708187993255163e-01
7.011880257333652500e-02
5.484905636444005472e-02
1.016176246280386941e-01
4.512618333599575926e-02
1.075640550440057075e-01
1.266001802397363207e-01
6.849995313981688261e-02
7.139944700460257310e-02
1.439349622003369411e-01
6.997192727506575116e-02
4.135024831453078253e-02
1.547428070791977972e-01
6.898836012935416484e-02
9.880145122029898586e-02
3.834822322617931212e-02
7.649485117229253353e-03
1.604595633127287591e-01
6.555827475111336566e-02
1.201371524267426938e-01
2.694724905933439801e-02
2.975953424988436735e-02
5.517880845215895891e-02
3.440385757247289194e-04
2.389882415382997283e-01
7.134951413336920734e-02
9.793653016650821774e-02
7.103816349668465313e-02
2.863811560667261363e-02
1.496794611731250557e-01
1.035960336022045958e-01
6.227290777788263565e-02
1.067661179136222688e-01
1.289763551643101080e-01
6.950665653239804231e-02
6.807228440968916827e-02
1.454542661591303743e-01
7.009440739514104235e-02
3.749386889183903282e-02
1.558327337828593895e-01
6.875971485641391157e-02
1.028486901910749818e-01
3.534853907450202781e-02
1.255635947213126075e-02
1.310296455356450285e-01
5.494234263456262979e-02
5.935026879180312076e-02
1.469418263373600542e-01
6.955996781786090433e-02
3.548787432047009749e-02
1.564181033336484172e-01
6.849853145074433214e-02
1.056546207896249950e-01
3.350208652111637958e-02
1.614459942746716836e-02
1.121218291748565937e-01
4.593716131615101228e-02
9.036842757041513297e-02
1.340556328452543189e-01
6.932557682220460982e-02
5.867723209070396101e-02
1.489049357603194068e-01
7.001905702194256842e-02
5.763590096638111088e-02
9.585854753622669033e-02
4.168892879218215330e-02
1.153743698568638204e-01
1.222010023901605735e-01
6.731267260806381159e-02
7.887780018224549439e-02
1.413845070976718910e-01
7.055636880922276644e-02
4.570570441282369167e-02
1.530503595660231420e-01
6.903231984704981394e-02
9.013356994633758834e-02
4.649960972763887007e-02
6.492679793362249926e-04
2.455192841308823370e-01
7.051745863006927961e-02
6.859263101107246352e-02
9.854211408320265320e-02
4.542590284910155013e-02
1.127422588280074939e-01
1.240102373347021225e-01
6.771493223326346955e-02
7.579174650034455063e-02
1.425885611317148083e-01
7.057615767578820365e-02
4.352946282163667330e-02
1.540211563224641311e-01
6.920517573853272875e-02
9.465923145524914040e-02
4.202941326494238211e-02
2.156900089154468320e-03
1.993188669508696442e-01
7.252209408808274471e-02
1.227535489975874472e-01
6.548410402510124184e-02
2.728601580503359908e-02
1.566724694548499164e-01
9.980690607596556796e-02
6.130231985104932918e-02
1.126534979564613181e-01
1.265112852703383084e-01
6.936465482841414065e-02
7.180444187120188504e-02
1.437502242756743542e-01
6.989091297455150842e-02
4.163856344063262410e-02
1.550231705496802337e-01
6.954544393175995931e-02
9.894616174861074753e-02
3.818521768416957562e-02
8.292990963747935707e-03
1.559992109789134218e-01
6.417667240182170496e-02
1.093739453167296566e-01
3.162010310017278336e-02
2.022812944891385842e-02
9.237428214026720263e-02
3.312921674942323480e-02
1.198366621964014750e-01
1.191806972626876931e-01
6.650368888846175386e-02
8.322796218085948272e-02
1.392608050661274521e-01
6.992123451442186499e-02
4.940549996825530088e-02
1.520653670976022664e-01
6.940703462754828357e-02
8.401226651808890722e-02
5.329973934719180184e-02
7.707862824733685211e-03
2.951380682057122007e-01
4.452677133641678303e-02
2.953924981939640149e-01
2.893162216310427720e-02
2.456911874836489595e-01
6.646784692005074102e-02
7.257970710507280487e-02
7.751594905409232850e-02
2.981954262411767170e-02
1.418997580748142251e-01
1.082287651634101233e-01
6.406806004539661314e-02
1.009182675262070006e-01
1.315442406578652690e-01
6.914072880710162017e-02
6.245389247011234185e-02
1.474711004705746564e-01
7.024182697221346972e-02
3.412067082784180083e-02
1.570340435241700250e-01
6.867244346828066393e-02
1.085815965599899735e-01
3.160690927002197254e-02
2.075152756714754299e-02
8.990780338942261363e-02
3.175143519512656221e-02
1.237814280720865578e-01
1.171472858754526031e-01
6.601107065815903230e-02
8.632241937909865270e-02
1.379089804719261791e-01
6.992263838059147030e-02
5.209738158330744218e-02
1.510040613560493239e-01
6.941855746552111350e-02
7.793800885534875322e-02
6.125880973440483990e-02
1.539187273103849452e-02
2.436905705523216836e-01
4.048807379380040677e-02
2.365523468332495632e-02
1.872445786531713452e-01
8.175950796041558943e-02
5.332580044673647379e-02
1.386153048503815932e-01
1.131200033414096473e-01
6.614224512725946914e-02
9.262837779711483033e-02
1.356429144140554877e-01
7.033954532285688344e-02
5.662165514529697574e-02
1.497571398311440816e-01
6.987920689076891623e-02
6.700461539516729126e-02
7.783302049215218288e-02
2.898442431356338528e-02
1.400321011087292400e-01
1.082534934595048987e-01
6.344861290597685055e-02
1.008667524504925223e-01
1.320070147860795684e-01
7.003011719099548615e-02
6.250782797941506486e-02
1.474396269626310485e-01
7.002117963691566194e-02
3.377443667294641183e-02
1.570824724508370074e-01
6.867083415413040293e-02
1.094001912902467233e-01
3.113638310899416450e-02
2.094875814482032722e-02
8.955326321749498830e-02
3.148031074722643791e-02
1.231259661849341824e-01
1.172084004531401269e-01
6.615283382246210653e-02
8.576391300745082880e-02
1.379216669927980921e-01
6.979092600820438475e-02
5.192632811683049049e-02
1.507737160655219788e-01
6.911782999021245932e-02
7.694453779632179358e-02
6.251286716595788606e-02
1.667716799057073623e-02
1.608977626637801417e-01
9.578437693504202044e-02
5.904010372848592786e-02
1.188446101265614452e-01
1.234105947651197854e-01
6.885533498711007838e-02
7.669215903529189027e-02
1.425139710995470266e-01
7.062412750359128855e-02
4.363431915323036370e-02
1.541206580338444487e-01
6.921259053832957975e-02
9.416900056742080749e-02
4.244478269012846861e-02
1.734453248368221338e-03
2.033396178295927281e-01
7.284274144150727770e-02
1.153813486348568146e-01
7.327120901180578239e-02
3.364923167423652245e-02
1.470410486045649612e-01
1.056582370238586810e-01
6.310470849713811781e-02
1.043249346344129608e-01
1.302504440201874836e-01
6.975460194493282584e-02
6.504307512125634405e-02
1.469945945004946797e-01
7.054064983201895067e-02
3.486459986638038716e-02
1.572042683304815669e-01
6.907600105099256926e-02
1.091490741074747223e-01
3.138555585752322158e-02
2.110644361152912846e-02
8.823654362489964653e-02
3.035803832443978445e-02
1.260329787658848455e-01
1.156335890110204018e-01
6.539992735994815121e-02
8.866245894991586773e-02
1.369569245499131782e-01
7.013649977792955903e-02
5.392032039329831827e-02
1.509225283655923899e-01
7.027935700945484032e-02
7.847701577130233863e-02
6.021311724335089155e-02
1.436393250055999216e-02
2.728113049715138461e-01
1.585748778981226070e-02
3.210272479387070530e-03
2.049516223640618084e-01
7.367064538050319134e-02
1.134791067846301904e-01
7.521633379849962386e-02
3.496562152430778697e-02
1.441300303254488824e-01
1.071289907598226426e-01
6.343089810879140589e-02
1.019435681751360845e-01
1.309582446992142157e-01
6.929803473973561445e-02
6.367169260560337496e-02
1.470526194737849512e-01
7.029649669415594104e-02
3.524429156406777564e-02
1.565185922579657996e-01
6.850853681994358013e-02
1.083331044265331972e-01
3.193777084277955869e-02
1.961686629653366584e-02
9.565397136732368966e-02
3.566283785388647820e-02
1.146398324984422012e-01
1.214344760980124449e-01
6.658954524376753392e-02
7.924956335919329520e-02
1.409421422484132269e-01
7.044890688053685734e-02
4.582663085976513423e-02
1.528503945172687284e-01
6.895663176746405498e-02
8.876985385761278213e-02
4.776318812063591601e-02
1.851672044515645897e-03
2.565893510643574849e-01
6.847701803080651073e-02
5.869091383992067895e-02
9.872989856125370667e-02
4.391937983540339374e-02
1.113331106546383842e-01
1.242585214662021431e-01
6.757404402521041686e-02
7.468140850248179696e-02
1.422088226254114574e-01
6.956183371300872498e-02
4.409571939462726686e-02
1.536953645445891525e-01
6.907492960767773471e-02
9.331071036691948595e-02
4.315709725338154334e-02
6.643715902827862724e-04
2.124480671978049018e-01
7.366766291903424635e-02
9.526294857011302630e-02
9.070056224128976441e-02
4.420085854807608711e-02
1.238756351886165785e-01
1.185014900628432177e-01
6.664281234216548611e-02
8.401395325041297046e-02
1.391469996998824232e-01
7.047806551566999922e-02
5.003790034831305522e-02
1.517473240692246983e-01
6.932981068791019275e-02
8.294388742116677593e-02
5.461164012368467657e-02
9.066392587027675976e-03
2.986779872522683510e-01
3.503265060621131577e-02
2.712008107522663192e-01
5.829260774027602426e-02
1.731467332176005458e-01
8.775445617589067160e-02
5.508250608172208379e-02
1.293467024445607849e-01
1.173939548778571984e-01
6.668766267610437559e-02
8.616927279440157739e-02
1.379345750140300864e-01
6.983922114881113696e-02
5.235604641380351559e-02
1.514621926046825773e-01
7.005519667912052384e-02
8.039269034109777778e-02
5.797677504120234138e-02
1.236197668754334886e-02
2.950486535884078720e-01
6.095760736260939783e-03
1.120055932098684981e-01
4.182077841207989394e-02
8.945211502720355756e-02
1.336933724832852777e-01
6.899094945770058163e-02
5.920319754695275299e-02
1.486283718833729950e-01
7.008953229819288311e-02
4.941816562516196387e-02
1.137933049338651359e-01
5.192806379624365781e-02
8.914346916968303447e-02
1.355120374555121299e-01
6.961488797677228835e-02
5.674469495277184583e-02
1.500240007418016386e-01
7.029618891074337905e-02
6.405142038205503818e-02
8.319127698958048156e-02
3.301449477722229880e-02
1.333887332240719370e-01
1.126088904619022141e-01
6.506971332762462312e-02
9.422255818362378077e-02
1.352194953550072964e-01
7.048937436053739902e-02
5.694126922650999401e-02
1.494447078240732085e-01
6.962791480674061784e-02
6.136847127312748673e-02
8.840328332057528771e-02
3.709401799377427117e-02
1.258063038051394633e-01
1.168044088508509437e-01
6.630528625217332883e-02
8.694844918816749257e-02
1.380019613601904949e-01
7.040688977601929077e-02
5.187017349836556962e-02
1.511409991796822117e-01
6.946092541986173541e-02
7.924735903570317985e-02
5.943350787093540366e-02
1.360770305076258735e-02
2.840709326452405259e-01
3.297190011226718964e-03
4.037496357397400704e-02
3.000432390653465578e-02
5.003992635869328187e-02
3.206338599278774591e-03
1.867143230638033669e-01
7.152124289178854455e-02
1.376895969949887832e-01
4.422998649709795893e-02
6.317557180221737394e-03
2.909003869306298617e-01
4.889814357779848769e-02
2.920211595564659590e-01
7.938529776992418047e-03
1.261219026941753085e-01
4.915920505650587385e-02
6.676427880352835131e-02
1.434172733312185088e-01
6.924362892058227859e-02
4.140844658579279081e-02
1.549485353227262885e-01
6.956259672479524203e-02
9.947328053246631829e-02
3.788774226979574333e-02
8.142342092364028214e-03
1.573497375436268830e-01
6.457990940955588011e-02
1.119143614728717179e-01
3.012015990820527539e-02
2.331023808207215858e-02
7.945644395892975664e-02
2.354843041463816969e-02
1.379847420566598648e-01
1.091125034785176973e-01
6.390076979105144273e-02
9.900460495393084703e-02
1.329075819760269783e-01
7.017279663427015979e-02
6.088196264382579603e-02
1.484208348712691972e-01
7.035946939614884377e-02
4.045885395945141016e-02
1.371499657873182509e-01
6.246817706267912551e-02
5.054473643671017480e-02
1.510305104749397331e-01
6.963402651524393250e-02
7.504172569065242770e-02
6.497846826821276900e-02
1.829440547726176106e-02
1.582304737007786954e-01
9.786672637841536959e-02
6.011108490137391513e-02
1.160790711436102129e-01
1.246943066588950821e-01
6.865866446609786289e-02
7.531567151756773937e-02
1.430545479577808310e-01
7.074895033803013655e-02
4.321983655782157124e-02
1.541459582094713010e-01
6.910054094782168421e-02
9.504508104994105477e-02
4.166921930778859362e-02
2.546035922858511276e-03
1.961591193396140242e-01
7.222260315778460116e-02
1.279774315512270111e-01
5.966124192957262401e-02
2.249992614555589715e-02
1.641764425306284636e-01
9.509135041880495409e-02
5.951320458586697310e-02
1.201743395975180678e-01
1.227068452588606778e-01
6.825417616409044930e-02
7.861374764085357625e-02
1.413552563985604471e-01
7.015760610477161929e-02
4.621287218766860494e-02
1.531650521199887094e-01
6.929411245399319519e-02
9.019525819849753823e-02
4.632846436259108885e-02
8.838209871183394929e-05
2.412486216887713697e-01
7.131919361443364580e-02
9.079497409309930656e-02
7.898190356261503009e-02
3.431957356728989467e-02
1.399874678325761512e-01
1.093595704401740115e-01
6.391691289623332994e-02
9.950586405775291299e-02
1.328606176114803250e-01
7.026604731189076136e-02
6.162082098606595087e-02
1.478762698029026934e-01
6.989219199824302231e-02
3.745057255471911928e-02
1.457783737599557539e-01
6.556116762988116464e-02
3.584078462136999071e-02
1.561290473283299951e-01
6.872148334786569446e-02
1.042916144851103594e-01
3.444384908306438037e-02
1.445036456318864529e-02
1.205411618719721134e-01
5.031903335943564703e-02
7.690941792319321013e-02
1.399148031948554693e-01
6.966743861203869570e-02
4.882121524722974476e-02
1.526537711587209190e-01
6.986754303118615506e-02
8.594327619270250573e-02
5.104290870704510097e-02
5.168396546981901193e-03
2.800441016045908671e-01
5.717724331538170945e-02
2.256501306611344848e-01
5.297416719149899977e-02
3.427079027040738635e-02
1.732512264516292699e-01
9.171803359179771242e-02
5.814150582681711782e-02
1.247750612075421567e-01
1.202525894544744095e-01
6.753098461795772889e-02
8.161560527533565090e-02
1.402991397869186307e-01
7.057181044012444948e-02
4.770088774638264750e-02
1.529811910734321101e-01
6.981378114543818070e-02
8.947612853355105256e-02
4.731559029170629566e-02
1.450743845624686158e-03
2.530605361753512916e-01
6.929031493214160564e-02
8.614672645599474876e-02
7.611201370353182227e-02
3.098539186721786104e-02
1.430758194998185684e-01
1.072880732396633841e-01
6.325532043743144206e-02
1.019691977643544106e-01
1.313520473297242752e-01
6.974300865166532803e-02
6.340142775774174067e-02
1.469490748507699673e-01
6.974637388598708965e-02
3.534919598068007873e-02
1.566628654714577185e-01
6.866359256526198551e-02
1.062767468040807517e-01
3.314095597025178142e-02
1.695011116413792235e-02
1.079212314060288419e-01
4.326580528181422219e-02
9.624069617745809047e-02
1.310228811419257844e-01
6.874866715092967095e-02
6.382760541807983024e-02
1.471709385622524402e-01
7.035973368382851534e-02
3.526835701123127997e-02
1.568877639765606791e-01
6.879028608536191802e-02
1.073432117933945246e-01
3.253788207823903739e-02
1.829277054780464179e-02
1.006692107110189471e-01
3.869658727482548632e-02
1.074754996125961981e-01
1.256654519466569031e-01
6.791296591722205400e-02
7.374011192692822569e-02
1.434670128596724770e-01
7.034894977142386319e-02
4.189880521946934278e-02
1.551337249727407219e-01
6.969063099625046054e-02
9.923738716079361089e-02
3.804467105003851018e-02
8.195830246398708163e-03
1.569604107268973148e-01
6.468414199475450155e-02
1.129287962933796796e-01
2.959737897614204624e-02
2.421876685130969903e-02
7.562827711040918943e-02
2.038906272614043197e-02
1.429695184202187663e-01
1.056560856236052615e-01
6.240140146826989725e-02
1.046310635179131254e-01
1.302643412605508644e-01
6.988541826455318962e-02
6.532138160631027757e-02
1.466531582509718878e-01
7.042710032410134935e-02
3.614894947829880301e-02
1.565607179157849638e-01
6.885887026135861788e-02
1.076935784733742268e-01
3.210372158762316019e-02
1.921363312640429061e-02
9.727690220940440891e-02
3.690535009986745107e-02
1.128074422252490494e-01
1.229969459620086081e-01
6.770218249300810620e-02
7.724730134760444955e-02
1.419259679180103761e-01
7.057281758419910178e-02
4.458365940648403858e-02
1.536498837704803333e-01
6.917255320290802145e-02
9.397378986946106072e-02
4.264512640331018928e-02
1.271378500192407984e-03
2.072994683328243104e-01
7.345145950377912625e-02
1.075138691948831909e-01
8.073237843930397561e-02
3.874748096413720144e-02
1.371689838894862568e-01
1.113231838378496846e-01
6.486619441798741059e-02
9.573897615053297838e-02
1.337905578726942546e-01
6.958205621712319766e-02
5.919306738311088528e-02
1.487197804214120678e-01
7.015910219465522346e-02
5.483390497233694982e-02
1.017706876906790681e-01
4.534031520322113346e-02
1.064673184734427069e-01
1.267736675953869407e-01
6.838461078556057338e-02
7.066574528264626953e-02
1.444488681920545470e-01
7.045898248437468259e-02
4.038896327630026040e-02
1.550852894910449420e-01
6.894898445755032190e-02
1.012870213475655090e-01
3.635560101709569419e-02
1.103322690968855033e-02
1.398453480060346532e-01
5.896602818116648825e-02
4.421297841278604840e-02
1.522877650469504907e-01
6.867424819356361676e-02
8.607466951708186986e-02
5.070370671580885780e-02
4.733971344709086808e-03
2.765056126324001440e-01
5.917354448398109285e-02
1.852841701026992083e-01
8.056989323784713442e-02
5.218384398409110780e-02
1.399166195382471889e-01
1.124047761183618183e-01
6.602685989796822086e-02
9.432393788344312080e-02
1.345646663003181032e-01
6.960596159157503293e-02
5.830640322478133214e-02
1.489001189626323884e-01
6.971372901716769988e-02
5.931227581599882170e-02
9.233870428130010188e-02
3.941057343826549070e-02
1.204701177385305993e-01
1.196206661013494432e-01
6.701274918003874426e-02
8.233995753529453621e-02
1.398409822245702816e-01
7.039345611733072161e-02
4.893074982676098861e-02
1.522264053510407611e-01
6.933755331179707049e-02
8.460608360137542028e-02
5.257546701462358779e-02
7.025189351573507546e-03
2.915913440423463232e-01
4.791306645353576865e-02
2.953761467909719052e-01
1.368976595880583638e-02
1.585023440470312572e-01
6.155871308201229380e-02
1.186971063819037553e-01
2.746124127377832375e-02
2.827490838874099216e-02
6.056616033802020987e-02
6.327835301323730260e-03
2.838006096618218566e-01
5.550044463714975951e-02
2.529664851874582898e-01
3.103648083678674924e-02
1.316199684084874179e-02
1.980626543186344568e-01
7.364911880960492430e-02
4.856322557141037888e-02
1.482822094924378387e-01
1.074845369428431979e-01
6.442595968970654674e-02
1.008658490923855788e-01
1.318834855074141610e-01
6.999788233309997554e-02
6.264418685282545363e-02
1.474929527924855321e-01
7.016430586250951840e-02
3.414597099395338259e-02
1.569746640623348455e-01
6.859909824329910033e-02
1.087872998656490842e-01
3.152288890534480498e-02
2.031910589636703665e-02
9.176163429838821162e-02
3.287567236551599409e-02
1.206955601596247651e-01
1.187506589654708372e-01
6.661922435187481173e-02
8.474390507360103630e-02
1.387101234912740677e-01
7.003566589020303323e-02
5.103799810441796148e-02
1.518482696870444848e-01
6.999207468165374868e-02
8.033144702728270414e-02
5.774414879317324445e-02
1.171141949951877252e-02
2.994821865858330878e-01
1.387807925900851926e-02
1.558689704747692195e-01
6.074309354796510185e-02
1.123525937955832943e-01
3.004601014640964282e-02
2.294410654569882524e-02
8.114516782519853866e-02
2.510846799897680989e-02
1.361101857156855888e-01
1.103623831975881209e-01
6.448111138481663063e-02
9.672930385676047071e-02
1.336757582922416532e-01
7.011558025586019094e-02
5.925753969606727123e-02
1.486711851343373858e-01
6.999572011327132026e-02
5.309211769966270394e-02
1.056435420771753009e-01
4.784867591156105604e-02
1.017625997487688339e-01
1.290438877212838897e-01
6.843927112659763112e-02
6.705498043188526380e-02
1.457520243460520559e-01
7.036151230882653484e-02
3.731569466018423709e-02
1.559673282560503638e-01
6.853058039003831481e-02
1.032263554101377073e-01
3.508563885151544381e-02
1.368136674072159900e-02
1.248594436479219250e-01
5.206001326054514322e-02
6.957499297305975994e-02
1.424101233329599925e-01
6.903204074031045467e-02
4.288868674211492732e-02
1.542573351784728986e-01
6.945847329996146513e-02
9.712813831799368969e-02
3.967910545025547103e-02
5.483214023495490419e-03
1.753772918481514564e-01
6.924561514879976065e-02
1.391404183490728974e-01
3.121026970789452654e-02
1.175471915754804607e-02
1.375140319391240928e-01
5.796919358543334982e-02
4.843974192891485619e-02
1.511194948252818082e-01
6.923733774448066758e-02
7.903957731692873301e-02
5.978775328614796547e-02
1.404690836486744039e-02
2.791385415141700022e-01
9.621363173791920922e-03
1.858834623006014319e-02
1.096185230847098319e-01
4.456511217119075302e-02
9.401847912899084780e-02
1.319661672474048975e-01
6.856295485031406456e-02
6.259728242561059253e-02
1.470453675208571176e-01
6.943539175331588098e-02
3.439238324665806756e-02
1.571449221410970432e-01
6.900795140309647080e-02
1.078516992116034384e-01
3.213874592608396280e-02
1.923025128076323934e-02
9.709353730818535977e-02
3.650637037694518666e-02
1.126959935493285769e-01
1.228347824846186404e-01
6.731472080120134982e-02
7.753837534107195506e-02
1.415487465984098525e-01
7.003426987737915166e-02
4.510845073252615911e-02
1.535351494574447306e-01
6.930966568546614859e-02
9.300669530439621691e-02
4.344350438093531191e-02
6.292127586812410736e-04
2.114561440963974859e-01
7.301410076874637056e-02
9.624517143879010583e-02
9.010802854179472687e-02
4.408125192422621130e-02
1.244889271088815558e-01
1.186193347772108442e-01
6.707070235721879214e-02
8.514162937322358737e-02
1.386198542917167764e-01
6.993238906950866030e-02
5.061644626488653181e-02
1.519602867437953031e-01
6.987368261889034815e-02
8.017359727464862251e-02
5.789776484236090759e-02
1.175248726955943276e-02
2.981961955543421805e-01
1.306131587014020684e-02
1.523725814127128431e-01
5.968470926601553844e-02
9.894516334554855075e-02
3.879512103957794000e-02
6.507375974447371023e-03
1.679104267060634870e-01
6.778401015568047416e-02
1.333867895574277207e-01
2.637487306105689919e-02
2.620495910553762367e-02
6.890053818337653346e-02
1.446948736522485346e-02
2.864210860096578215e-01
1.322283385816806940e-03
4.768365886500009615e-02
1.369971401232556243e-02
1.189182495415915114e-01
4.933362532537298450e-02
7.947302500562603012e-02
1.388333629527622737e-01
6.959218908561086436e-02
5.035564768142561376e-02
1.518225667417313629e-01
6.968448055110919304e-02
8.164594088838339481e-02
5.617784966941197916e-02
1.045874416300250631e-02
3.003691875806445144e-01
2.446103069719399170e-02
2.189579520316079497e-01
6.988677844066727707e-02
6.745428034080354351e-02
1.098763853744463143e-01
5.273300810503930847e-02
9.591804471032450152e-02
1.325500101319734836e-01
6.940382483660013924e-02
6.108900481090688561e-02
1.480712308543103983e-01
7.028897692436977818e-02
4.553715453212750508e-02
1.233284313086183970e-01
5.639408247619967507e-02
7.308497377432468523e-02
1.414681570337490701e-01
6.919164347533071635e-02
4.460959400433926053e-02
1.539777073869763591e-01
6.955820493092954027e-02
9.306582928557602385e-02
4.345947661676594076e-02
6.206076504522191209e-04
2.126207862334193455e-01
7.329281252335337338e-02
9.347702245402272903e-02
9.197268703325334194e-02
4.497493922065728261e-02
1.223500958269342909e-01
1.194893574844820977e-01
6.694062607534871645e-02
8.253221996256779325e-02
1.392729836236086816e-01
6.984233227184319381e-02
4.942836546002953024e-02
1.523767606998974178e-01
7.006725517777501189e-02
8.464809613150123258e-02
5.238185309559939551e-02
6.944806030134100493e-03
2.918178747593550004e-01
4.876179834205207619e-02
2.932415267799516889e-01
9.542932716822542794e-03
1.352758553484916249e-01
5.291921903200152294e-02
5.093005594062133268e-02
1.495015944264021790e-01
6.870416336124597623e-02
6.708891988310493326e-02
7.801461464492571996e-02
2.942943120532654291e-02
1.412003405465545036e-01
1.082822799652339851e-01
6.362473936969563482e-02
1.010337825706557474e-01
1.318024219041289136e-01
6.966268946547263252e-02
6.314487341335295323e-02
1.476001336129135755e-01
