6.081581576174149184e+00
-2.113149936719143529e+00
5.993614486045315992e+00
-3.183559865521381482e+00
4.906190854788348155e+00
-2.916603156121691853e+00
4.231202220357264565e+00
-2.486766283557351631e+00
4.246062781996156055e+00
-2.446273713895250168e+00
4.334808396224095972e+00
-2.494944788350004661e+00
4.344990105196032459e+00
-2.507105853050325184e+00
4.337459517566637501e+00
-2.505015601716968021e+00
4.333008564622417680e+00
-2.502468512320511707e+00
4.333333785281886286e+00
-2.497320714030619726e+00
4.335396501694779303e+00
-2.499078855467124605e+00
4.333450683951781457e+00
-2.498420949581614536e+00
4.330735011228234121e+00
-2.496843480655552394e+00
4.334616956337987048e+00
-2.500187945940932188e+00
4.333475895726587090e+00
-2.500190081819237964e+00
4.334114590569656755e+00
-2.501193252617606610e+00
4.332317593052198212e+00
-2.500597423673259989e+00
4.329820701983624787e+00
-2.499202040826535409e+00
4.332994279393779458e+00
-2.496505019052916996e+00
4.334336666733958232e+00
-2.498056058350668795e+00
4.331871049059894396e+00
-2.497210938714071737e+00
4.335880531196822929e+00
-2.500550602009004919e+00
4.335099713584062542e+00
-2.500777371393843485e+00
4.332862502322509357e+00
-2.499799895160144558e+00
4.332941769863733583e+00
-2.500280367590826724e+00
4.334889196162846403e+00
-2.502252130488692217e+00
4.332675746020400176e+00
-2.501445560971678361e+00
4.333893188812629305e+00
-2.498696417607535025e+00
4.334293345130278752e+00
-2.498253222556283681e+00
4.336164024951975726e+00
-2.500152944231373464e+00
4.334774048883442532e+00
-2.499832128879543536e+00
4.332781548285838724e+00
-2.498952669923567349e+00
4.331864647126181467e+00
-2.498694026216670583e+00
4.331967489996223719e+00
-2.499428910612313537e+00
4.332967065168690013e+00
-2.500637688391193159e+00
4.334171087589051119e+00
-2.502133316519683959e+00
4.332664210904112245e+00
-2.497739585770519355e+00
4.335670867805537121e+00
-2.498995665403207056e+00
4.333758404460954061e+00
-2.498332903209231404e+00
4.331688925542056978e+00
-2.497529582106196688e+00
4.336269636686367335e+00
-2.501195074315827771e+00
4.334384626560630061e+00
-2.500649151558093752e+00
4.332234271780700752e+00
-2.499643885955251221e+00
4.332436917780507102e+00
-2.500210947450390631e+00
4.330881370412865472e+00
-2.499633986060686208e+00
4.334709090052546010e+00
-2.499026462520986591e+00
4.336117029982008653e+00
-2.499402841209305670e+00
4.333591858938738994e+00
-2.498192965155917378e+00
4.334839758404716470e+00
-2.499431425077753399e+00
4.334971537063629476e+00
-2.500163054564990883e+00
4.332682208473291219e+00
-2.499216443346933048e+00
4.334413392133726894e+00
-2.500863802590168827e+00
4.333329749811638543e+00
-2.500839540993289312e+00
4.334572828270570000e+00
-2.502325996789728446e+00
4.332373563484002155e+00
-2.501460950624597501e+00
4.335392087718245691e+00
-2.498522060756131147e+00
4.334379522038112498e+00
-2.498483201266926912e+00
4.335764851404769971e+00
-2.500063512842998215e+00
4.333575533677906932e+00
-2.499213819991090269e+00
4.334709937528763213e+00
-2.500458631221089689e+00
4.332610403287627143e+00
-2.499640076549089596e+00
4.332227726926129563e+00
-2.499834477296031032e+00
4.332592781680015825e+00
-2.500642719784839318e+00
4.330003559090017440e+00
-2.499302671627160244e+00
4.333002674037949475e+00
-2.496525070502809029e+00
4.334521561424988789e+00
-2.498200507828870265e+00
4.335532041641656065e+00
-2.499640809621207715e+00
4.335096485631955154e+00
-2.500059600357980027e+00
4.332875473243158915e+00
-2.499140163762717748e+00
4.331184650420937032e+00
-2.498293122407370781e+00
4.334474435635243594e+00
-2.501326119718778607e+00
4.332901942455901434e+00
-2.500927982382879389e+00
4.333823633037209078e+00
-2.502078723485822831e+00
4.331821367716642612e+00
-2.497250326371050821e+00
4.333977427898585866e+00
-2.497860427309976483e+00
4.334199137288056392e+00
-2.498614243464325035e+00
4.335952800399458518e+00
-2.500532953996453145e+00
4.333661933387108256e+00
-2.499671163469922686e+00
4.335375712337585341e+00
-2.501414550391740210e+00
4.334073768942669602e+00
-2.501124830165870172e+00
4.332197588013019462e+00
-2.500331365037963494e+00
4.330864120443572496e+00
-2.499753739285793586e+00
4.333175520643047562e+00
-2.497949289883563573e+00
4.333759578316040084e+00
-2.497619036335886555e+00
4.335314483457954005e+00
-2.499229369554974323e+00
4.335144143706488151e+00
-2.499820471050380188e+00
4.332982007356656950e+00
-2.498961464604257721e+00
4.330596577027234773e+00
-2.497845605919879919e+00
4.334369740860789300e+00
-2.500765611586706516e+00
4.332957446720736350e+00
-2.500632739258318971e+00
4.330737559499583611e+00
-2.499589259767248439e+00
4.331521969215044621e+00
-2.496646804124116770e+00
4.335690352113849677e+00
-2.498693444072044301e+00
4.333793121923975811e+00
-2.498164663005476349e+00
4.331117648118016028e+00
-2.496915855381632188e+00
4.334853979890090692e+00
-2.499806930491329737e+00
4.333367158378775841e+00
-2.499611506224034052e+00
4.330555032723677478e+00
-2.498071002976307131e+00
4.334142396172167899e+00
-2.501228175214691873e+00
4.333115174093646438e+00
-2.501280001233307626e+00
4.334342453805398065e+00
-2.502759556341234592e+00
4.335418294587886301e+00
-2.498682519342031227e+00
4.333242637484257642e+00
-2.497715776283510714e+00
4.335036675191481947e+00
-2.499386051052868929e+00
4.333681638473374953e+00
-2.499173559516449483e+00
4.332883319415898882e+00
-2.499159875764177308e+00
4.331317126714052890e+00
-2.498478126882775818e+00
4.334507995352331555e+00
-2.501486976071960910e+00
4.332887231573421261e+00
-2.501056255445806009e+00
4.333933651591421743e+00
-2.502303410941210338e+00
4.333833710185596821e+00
-2.497413973692085065e+00
4.332336958819446693e+00
-2.496746602446951790e+00
4.334598327806080675e+00
-2.498983991594133869e+00
4.333261568976888078e+00
-2.498700437846693490e+00
4.334724445546497051e+00
-2.500250285457200849e+00
4.332744869388620579e+00
-2.499581475738052116e+00
4.334327299321953930e+00
-2.501173586095637447e+00
4.333174606297462539e+00
-2.501101128212629643e+00
4.334402121734430402e+00
-2.502566694944483583e+00
4.333505728222394993e+00
-2.498500677235244716e+00
4.333296330946473596e+00
-2.497513743705581213e+00
4.335209163543981781e+00
-2.499269233704105364e+00
4.334253458494918831e+00
-2.499351376239630440e+00
4.335915102319080283e+00
-2.501210393481201777e+00
4.334327193585913562e+00
-2.500755384115245228e+00
4.332221892622287740e+00
-2.499769793641230642e+00
4.330295124111326110e+00
-2.498714462496706368e+00
4.331275922042779669e+00
-2.499978443011309892e+00
4.334062348818520150e+00
-2.498405974746210845e+00
4.334060389228345578e+00
-2.497876153425248269e+00
4.331260308285694194e+00
-2.496551050021713181e+00
4.335145853236020308e+00
-2.499549011032925705e+00
4.333383330050454063e+00
-2.499159992169920130e+00
4.333314534609415958e+00
-2.499692298318159089e+00
4.334666506441386957e+00
-2.501214687810243920e+00
4.332438223017873291e+00
-2.500374154149709760e+00
4.329404989873243181e+00
-2.498529042555372115e+00
4.333648357499749082e+00
-2.498002216106079754e+00
4.334361128427405063e+00
-2.497933646765041704e+00
4.331326929782782109e+00
-2.496490170098867534e+00
4.335361133350215113e+00
-2.499605466121771258e+00
4.333518906577314311e+00
-2.499168402870077355e+00
4.330326602195794017e+00
-2.497298519548313500e+00
4.334311311969995195e+00
-2.500686921627197634e+00
4.333119162831170712e+00
-2.500655839161552318e+00
4.331032126566223717e+00
-2.499727995935387970e+00
4.337128670096825012e+00
-2.504805276811453041e+00
4.335841132053145586e+00
-2.499390405401462179e+00
4.333243782861904592e+00
-2.497900712374780952e+00
4.334846837136765885e+00
-2.499306320708125639e+00
4.333855084994944207e+00
-2.499287252830741934e+00
4.334838249977338798e+00
-2.500540625623070667e+00
4.332548121455231716e+00
-2.499610180031071494e+00
4.334179273973719049e+00
-2.501189913746748150e+00
4.333081560516857778e+00
-2.501157523370775237e+00
4.334388563868704303e+00
-2.502677038275634480e+00
4.335467297154261601e+00
-2.498603244989187289e+00
4.333403834286675860e+00
-2.497721001925848228e+00
4.331512656886662427e+00
-2.496734579097127149e+00
4.332584492839236745e+00
-2.498071017082958090e+00
4.332717464262395346e+00
-2.498726795447576698e+00
4.333586762815964555e+00
-2.500092929251470864e+00
4.332780470594270739e+00
-2.500135048733386878e+00
4.330946357722671891e+00
-2.499319345368584688e+00
4.334092510656870623e+00
-2.502285773579387307e+00
4.332480172358947890e+00
-2.497762066731418873e+00
4.335534081930468631e+00
-2.499016456714062251e+00
4.333436760892478645e+00
-2.498214073478994379e+00
4.331999053138268607e+00
-2.497593476038159288e+00
4.334028056809788865e+00
-2.499650525200009188e+00
4.333049514112758516e+00
-2.499614335917418551e+00
4.330118135936070090e+00
-2.497954358286541776e+00
4.334083046184555421e+00
-2.501366466071992534e+00
4.332925002404819814e+00
-2.501369796183114502e+00
4.333549956035284367e+00
-2.498276510566644237e+00
4.333723060698636331e+00
-2.497661393759535997e+00
4.331107058971549684e+00
-2.496416942758265201e+00
4.336084495079333578e+00
-2.500275511120718885e+00
4.334080466262341780e+00
-2.499789201869544897e+00
4.335559527892196563e+00
-2.501462102020869160e+00
4.334098165952132931e+00
-2.501060521127962843e+00
4.332137079411353398e+00
-2.500184528039470333e+00
4.331242523400184119e+00
-2.499937294366334051e+00
4.331317853634714332e+00
-2.496565851836702876e+00
4.331663876335501762e+00
-2.495987592119327303e+00
4.336656279476667208e+00
-2.499979058216198702e+00
4.335332137070822434e+00
-2.499952417003450389e+00
4.332772772023644414e+00
-2.498752109824833312e+00
4.331432234228796752e+00
-2.498162241843016496e+00
4.337323900870879712e+00
-2.503051013046388107e+00
4.334150171255486406e+00
-2.501757691052959753e+00
4.331467671739487102e+00
-2.500266870701286948e+00
4.333451062201410409e+00
-2.501962750997499985e+00
4.334188814909644805e+00
-2.497709855881762309e+00
4.332036413618535420e+00
-2.496703348325803873e+00
4.335822206863999995e+00
-2.500062415451430820e+00
4.335537377336891041e+00
-2.500637350193267050e+00
4.334303518190342430e+00
-2.500343170015966177e+00
4.332320408445934135e+00
-2.499454391668963105e+00
4.334201251097884011e+00
-2.501186990841629765e+00
4.333006766902083307e+00
-2.501102295857739577e+00
4.333933087600281731e+00
-2.502304459480065191e+00
4.333630255106466933e+00
-2.497268932797535701e+00
4.335378415861320001e+00
-2.498931026608577799e+00
4.333477052187412859e+00
-2.498318726514129118e+00
4.333115424632829615e+00
-2.498575947455678126e+00
4.332068522923803400e+00
-2.498322711907179805e+00
4.333568949185509389e+00
-2.500044473397978528e+00
4.333104168085901264e+00
-2.500360917153597651e+00
4.330475610298521794e+00
-2.499268078818599914e+00
4.335589837532557667e+00
-2.503363243080511502e+00
4.334090872990037369e+00
-2.499091784714990716e+00
4.334853427492104672e+00
-2.498712469370786060e+00
4.333206396186556120e+00
-2.498038446202863305e+00
4.331715691576337512e+00
-2.497373185096239290e+00
4.332634482733804582e+00
-2.498640868486998290e+00
4.333703943893175925e+00
-2.499982900814434750e+00
4.335316497202145847e+00
-2.501866669488389761e+00
4.332973011519029249e+00
-2.500982459987284301e+00
4.334429746248375181e+00
-2.502512699798775664e+00
4.332335572004784474e+00
-2.497610061858130059e+00
4.335529218004184671e+00
-2.498903130521816340e+00
4.333549421276404523e+00
-2.498178614505262018e+00
4.331252891736770749e+00
-2.496901385553048858e+00
4.334788895658513219e+00
-2.500040121471903909e+00
4.333807351481335779e+00
-2.500119074802121588e+00
4.335682485558624677e+00
-2.502140851384823783e+00
4.333979149489163518e+00
-2.501622847148702089e+00
4.331697875582112722e+00
-2.500496589785833557e+00
4.332216222044335652e+00
-2.497181740410880479e+00
4.334366866751366842e+00
-2.497894710241849836e+00
4.335492220374835171e+00
-2.499289480939218322e+00
4.333240963735650375e+00
-2.498423950127790061e+00
4.334748728654944649e+00
-2.499932589686497675e+00
4.333021288426942341e+00
-2.499429292485273457e+00
4.331142016426503538e+00
-2.498568902513188306e+00
4.335154787967703705e+00
-2.502132833040355386e+00
4.334595457392570239e+00
-2.502525661440059501e+00
4.332068889227222996e+00
-2.501318629444889030e+00
4.335308466082483214e+00
-2.498466500953650637e+00
4.335431665864536654e+00
-2.499191842891883120e+00
4.333176693639206434e+00
-2.498268984874881582e+00
4.334834026793769723e+00
-2.499866263343128558e+00
4.333791080167149090e+00
-2.499875331164103098e+00
4.335370682183008029e+00
-2.501630280921144589e+00
4.334014571954954320e+00
-2.501334348265130458e+00
