7.209048376758458332e+00
-3.190218526082388983e+00
4.687624613974726628e+00
-2.906399253214441369e+00
3.181900274640844462e+00
-1.450061738308802139e+00
4.931730490117740118e+00
-2.305381843704473077e+00
4.211468764620376781e+00
-2.480850057182971469e+00
3.961234178672333073e+00
-2.246100085014622216e+00
4.402273532747746465e+00
-2.495769601324115072e+00
3.062191946877778292e+00
-1.137164298547062469e+00
4.740165648459268688e+00
-2.115933102450034298e+00
4.405964186724424358e+00
-2.589889285755044401e+00
3.208182823859207833e+00
-1.503377319579957128e+00
4.957068694599298553e+00
-2.332711984045069187e+00
4.180112546159648446e+00
-2.460792083657914908e+00
4.062694855706736163e+00
-2.307820697735648352e+00
4.076273920910077564e+00
-2.320930823188192438e+00
4.049991547203909192e+00
-2.302800009931853076e+00
4.140690991154396983e+00
-2.355147714041962104e+00
3.796979516246874020e+00
-2.142152521349274252e+00
4.791677722107174020e+00
-2.650059756766140584e+00
3.194364486668966663e+00
-1.477188308771318681e+00
4.901484025287517809e+00
-2.275640721418533907e+00
4.244227183599289077e+00
-2.500940806346016121e+00
3.841304062107778527e+00
-2.168834159545346196e+00
4.703637064391656075e+00
-2.624123290619643889e+00
3.138068554823869150e+00
-1.337508830090935463e+00
4.833452554075594598e+00
-2.204817612982481023e+00
4.321435874897853857e+00
-2.544868319115225930e+00
3.552355109982720638e+00
-1.967473956215516351e+00
5.082460826422627420e+00
-2.655202577797376673e+00
3.577329582440113231e+00
-2.042942815431215031e+00
5.090002128457400410e+00
-2.629962313734621304e+00
3.648405081210416956e+00
-2.095552929429777222e+00
5.058539799484157662e+00
-2.661174596033021089e+00
3.532890725715757796e+00
-2.001617055741143680e+00
5.093195991990566718e+00
-2.604030250427265436e+00
3.720052908522101909e+00
-2.147186911247292329e+00
4.996025781413889533e+00
-2.674206482099065862e+00
3.422041693516546967e+00
-1.882802707977640377e+00
5.083443216239664331e+00
-2.522982638756789520e+00
3.894602719057000506e+00
-2.273480576849896906e+00
4.768758014767493947e+00
-2.640490446117443657e+00
3.186622176072506196e+00
-1.455899407208377072e+00
4.898650404416406978e+00
-2.270417668013482881e+00
4.252586063013016116e+00
-2.505906413369042518e+00
3.812168743657182723e+00
-2.149387216793606559e+00
4.757552716365575307e+00
-2.639517313277959243e+00
3.170883928093061410e+00
-1.418430495056679064e+00
4.877356787538960958e+00
-2.248480729464006345e+00
4.274997179895314581e+00
-2.518328159996396032e+00
3.729326757901631595e+00
-2.093159013950803615e+00
4.901421779695625425e+00
-2.673885348742259804e+00
3.283171999178073897e+00
-1.659732253737703500e+00
4.993041997803549847e+00
-2.383056358239698191e+00
4.108619063664654014e+00
-2.416704223716469535e+00
4.274086804408814722e+00
-2.427852356912288734e+00
3.243941295634449329e+00
-1.579327273085681771e+00
4.995956020791947338e+00
-2.380913057904800567e+00
4.120245341466435285e+00
-2.422315693298151995e+00
4.246264169341192662e+00
-2.415263116428287393e+00
3.356728560635612535e+00
-1.777167067790946353e+00
5.077209772299331902e+00
-2.503405975601012301e+00
3.931649534963920001e+00
-2.298798908466674895e+00
4.702885919955345884e+00
-2.620486574913387656e+00
3.147039115087044259e+00
-1.358521417650943697e+00
4.850572707558439056e+00
-2.220716723774181833e+00
4.304079606264673785e+00
-2.534677294108693690e+00
3.619461934606984510e+00
-2.016784889356211696e+00
5.035641288697318529e+00
-2.674966442768310415e+00
3.465962344498067615e+00
-1.941930937058337747e+00
5.095819753161697108e+00
-2.558927396379388597e+00
3.827673605690338654e+00
-2.228085140197987535e+00
4.876577596998523667e+00
-2.667251664391136590e+00
3.270068406613142908e+00
-1.633044368762776033e+00
4.983387403870753296e+00
-2.370153959633704233e+00
4.127185864104480295e+00
-2.426129619887542166e+00
4.216907652052378275e+00
-2.399409883188403647e+00
3.479259422883165698e+00
-1.913295569410403907e+00
5.103560933024790636e+00
-2.611077875362307843e+00
3.710032764942707839e+00
-2.140740544194367434e+00
5.008210965959587924e+00
-2.671378087461156792e+00
3.439630943218387138e+00
-1.911638602037604384e+00
5.088201048559096051e+00
-2.538156619899297972e+00
3.867160242460979447e+00
-2.256422077924982172e+00
4.816904771005704688e+00
-2.656171586083706071e+00
3.216282214254812644e+00
-1.521685172535907515e+00
4.928819139953910522e+00
-2.306903506105542068e+00
4.208537698054453102e+00
-2.475127442005389256e+00
3.964084182793243372e+00
-2.249961570306991732e+00
4.390156857608675800e+00
-2.490994268577516380e+00
3.058960099777185082e+00
-1.128428860673175160e+00
4.733858037538439589e+00
-2.113341009825578709e+00
4.410359431221452020e+00
-2.588850159173945453e+00
3.194831780900107443e+00
-1.475774624244554190e+00
4.946923731494702992e+00
-2.320416992327049233e+00
4.196143100180848684e+00
-2.468145411551729396e+00
4.006161273644488041e+00
-2.274725123969879803e+00
4.268328329208436855e+00
-2.428091459734051938e+00
3.277577657046991000e+00
-1.649901397578664497e+00
5.028285637025808441e+00
-2.421421860415400751e+00
4.067402683997443980e+00
-2.388448714457360733e+00
4.393094055745651261e+00
-2.489501804334283364e+00
3.071047623053106967e+00
-1.163247045056257312e+00
4.746840202858880531e+00
-2.128569847585971786e+00
4.390935576405719409e+00
-2.577841243592443377e+00
3.267198721662657679e+00
-1.628983148323731811e+00
5.018165328448159102e+00
-2.409860540544225493e+00
4.079642224034981446e+00
-2.396323822390865832e+00
4.355965138825045990e+00
-2.472003935063539437e+00
3.071603890227624589e+00
-1.160169709973540408e+00
4.746365156401115115e+00
-2.128890431447973963e+00
4.390965946188486235e+00
-2.578585049310639477e+00
3.265741823313512260e+00
-1.620980124376330433e+00
5.014439488563724900e+00
-2.407615329766794154e+00
4.081942223144605641e+00
-2.398171151796136158e+00
4.355958899514252636e+00
-2.473149646234457322e+00
3.069934860285323364e+00
-1.157687726279787555e+00
4.748681520582660021e+00
-2.125828780459868561e+00
4.394141413431322363e+00
-2.581889559968725933e+00
3.255364232592890428e+00
-1.603619273306469362e+00
5.007736874048533515e+00
-2.399116344059658790e+00
4.094354593053615154e+00
-2.405361195973992672e+00
4.316204864302571664e+00
-2.448477868596511620e+00
3.098119722353752881e+00
-1.234685216132307861e+00
4.799939389836793247e+00
-2.173742477676000817e+00
4.351465990819175289e+00
-2.560298801519804712e+00
3.432012644918849720e+00
-1.868687269108664006e+00
5.102903908763648744e+00
-2.579441915383577921e+00
3.796346243817725341e+00
-2.203934585570340943e+00
4.922297634058423910e+00
-2.674643405601812240e+00
3.308494808327151482e+00
-1.711343863471557425e+00
5.016532756454270547e+00
-2.411027428908197212e+00
4.073161555355535590e+00
-2.395000680162725271e+00
4.374328190507701386e+00
-2.479940204938698489e+00
3.069545346703105970e+00
-1.156921275403609561e+00
4.745033567098376537e+00
-2.126518602699502214e+00
4.389966414276774920e+00
-2.577559827546707982e+00
3.263828121350943690e+00
-1.619024142709974745e+00
5.014633054630808218e+00
-2.405887968601234217e+00
4.081467304206953806e+00
-2.396303791555534080e+00
4.350835529660148637e+00
-2.469070126620209749e+00
3.068533272723436234e+00
-1.157299107549689454e+00
4.745609436502011391e+00
-2.127558403888907712e+00
4.391887408060679121e+00
-2.578449814777832749e+00
3.262953512861739291e+00
-1.611306908827276230e+00
5.013999672015726716e+00
-2.405912889197104665e+00
4.081996745196503795e+00
-2.397412768398449856e+00
4.348754635599594742e+00
-2.468795938818633573e+00
3.070311230563728788e+00
-1.157087937210161899e+00
4.745555426876300942e+00
-2.128054460321631591e+00
4.391911399665635152e+00
-2.579200229382747178e+00
3.261731066448880778e+00
-1.614271804536155486e+00
5.016290277041222545e+00
-2.406454182113533236e+00
4.088617917630664067e+00
-2.401810976239814988e+00
4.331383720624939926e+00
-2.458705859563228735e+00
3.074779241797683582e+00
-1.171891059499864385e+00
4.754225482475477271e+00
-2.132791665736921249e+00
4.382563538618104992e+00
-2.574566840323602168e+00
3.296630373121214763e+00
-1.680569129767027992e+00
5.043149924878872703e+00
-2.448754506551788612e+00
4.026610760417605128e+00
-2.362559827810241320e+00
4.491372587275463069e+00
-2.533163707762948746e+00
3.083894568886284659e+00
-1.196040354381962878e+00
4.761182527856297142e+00
-2.138648879704663219e+00
4.383265327178766491e+00
-2.577182650595104541e+00
3.301787108245124447e+00
-1.686627402389482056e+00
5.045273262168060491e+00
-2.452853368897456310e+00
4.023465237787952731e+00
-2.361692642606971759e+00
4.505043191480043951e+00
-2.541569467241576952e+00
3.080510752526703921e+00
-1.189558519183674612e+00
4.753303175547839210e+00
-2.132055871963659310e+00
4.383059551582741520e+00
-2.576174952582952482e+00
3.293840943669151144e+00
-1.675042887710695538e+00
5.038282811578681297e+00
-2.439210227448096902e+00
4.035478558700717144e+00
-2.369802239309744429e+00
4.475039784371187324e+00
-2.527119179614060407e+00
3.077938408311271079e+00
-1.184946433126084164e+00
4.753126273358426523e+00
-2.132186665812694670e+00
4.382699848500750228e+00
-2.571752632666440608e+00
3.292062195731725538e+00
-1.674849846187442592e+00
5.035557528084909862e+00
-2.436758194506806419e+00
4.041288355436029711e+00
-2.374709768813310973e+00
4.456542568277101601e+00
-2.518250168951476908e+00
3.079097486500949277e+00
-1.181641585525299298e+00
4.754306759351117684e+00
-2.134768921421734245e+00
4.382009030541543559e+00
-2.572928375754655939e+00
3.296616643990139650e+00
-1.682981007428730136e+00
5.042807822936098638e+00
-2.444762276279209168e+00
4.028561981752214471e+00
-2.366929569834413716e+00
4.490834046926657663e+00
-2.536077478651564299e+00
3.078523712408494095e+00
-1.181673883764950528e+00
4.752185535543491213e+00
-2.133375888275098831e+00
4.384594795083471830e+00
-2.573677902737737000e+00
3.291121524974595758e+00
-1.672156254689935784e+00
5.039621306985315741e+00
-2.440637629725929347e+00
4.035503219514734674e+00
-2.367722548417283690e+00
4.466859015354878615e+00
-2.524002146269011870e+00
3.080798286571242883e+00
-1.190106449350506024e+00
4.760348862390658020e+00
-2.140659509923240389e+00
4.384422026381032289e+00
-2.576041405278263863e+00
3.298886281804289666e+00
-1.682189895225392418e+00
5.044967329087749697e+00
-2.449923348325721228e+00
4.025070656486969156e+00
-2.362182483081815221e+00
4.500204876483822503e+00
-2.541377219974537027e+00
3.083141775189315759e+00
-1.191417692699937358e+00
4.754560802621059068e+00
-2.133360866977844772e+00
4.382406350770582826e+00
-2.574376370607977638e+00
3.298725979777949124e+00
-1.684326221339758289e+00
5.044290054122226863e+00
-2.449989618073416864e+00
4.027477457055545607e+00
-2.363172263684952146e+00
4.498370734731626186e+00
-2.541243078979994685e+00
3.082544070921636958e+00
-1.191968591622020845e+00
4.753927413312205807e+00
-2.133626769142014989e+00
4.382379107464942081e+00
-2.575074008673358339e+00
3.299979995052050530e+00
-1.683618241593139775e+00
5.043325495119407087e+00
-2.449495791431757219e+00
4.025749136329837441e+00
-2.362333627925400581e+00
4.499422084718883497e+00
-2.538268060074156285e+00
3.081614637739258811e+00
-1.191455750205428377e+00
4.752381854096869418e+00
-2.133120250899168013e+00
4.382779808612911054e+00
-2.575921567299336967e+00
3.296818651996773042e+00
-1.679555415577530963e+00
5.040905941305463323e+00
-2.442598123676747335e+00
4.030346325335094626e+00
-2.366113075121696774e+00
4.486866387775144460e+00
-2.533380214079237636e+00
3.078943442611774106e+00
-1.187503095354828009e+00
4.753367409405699462e+00
-2.131935462467789311e+00
4.386666499635020422e+00
-2.579251453471306021e+00
3.281421199311980175e+00
-1.654049992240443689e+00
5.029843635152856152e+00
