8.145278512442333252e+00
-2.912087759701635914e-01
2.634891026845950890e+00
5.292774948640676769e+00
3.276637418722266215e+00
4.356307647794332105e+00
4.293380802677675412e+00
4.217929264020614077e+00
4.303941751786863001e+00
4.248740709978251040e+00
4.275415758132950828e+00
4.264945296493089621e+00
4.266015272573223882e+00
4.267937522149548357e+00
4.267659155915700886e+00
4.268651028287524518e+00
4.265608425445185148e+00
4.267099225708675725e+00
4.266624970655523263e+00
4.270054612167894170e+00
4.264569871520656363e+00
4.268682560347153654e+00
4.265424008644169263e+00
4.268818390941809149e+00
4.266246558007418699e+00
4.267460648431890213e+00
4.267100929060175574e+00
4.267584105005861161e+00
4.265012824062199392e+00
4.269138202013006200e+00
4.265870350944512168e+00
4.269271447928819185e+00
4.263777668799846765e+00
4.267909753058463096e+00
4.267550472649230819e+00
4.268035625361306984e+00
4.265463804174557616e+00
4.269586694105631075e+00
4.266320322114216523e+00
4.269722967065397334e+00
4.264229261966940854e+00
4.268358823930738843e+00
4.267999559916989760e+00
4.268487255895086818e+00
4.265914476482605799e+00
4.267129381643210095e+00
4.266770045975173176e+00
4.270174436638718873e+00
4.264680601107275315e+00
4.268807681735675708e+00
4.265538738233249916e+00
4.268938843235077663e+00
4.266364920812652173e+00
4.267578834243332508e+00
4.267219530184976684e+00
4.267702927872183416e+00
4.265131689134673110e+00
4.269256338114047367e+00
4.265988898187191403e+00
4.269390387579042212e+00
4.263896640657824477e+00
4.268028062093938146e+00
4.267668783394079846e+00
4.268154589812049871e+00
4.265582534565195871e+00
4.266798166765320310e+00
4.266438803810393310e+00
4.269841888909780003e+00
4.264348170172584496e+00
4.268477073719198600e+00
4.268117814126330067e+00
4.268606208799858415e+00
4.266033145898323831e+00
4.267247790364243620e+00
4.266888463628104589e+00
4.270293347204014545e+00
4.264799442331810297e+00
4.268925877640916688e+00
4.265657336141764233e+00
4.269057784813659495e+00
4.266483531632448312e+00
4.267697182937841838e+00
4.267337886165480931e+00
4.267821900419784598e+00
4.265250465634285781e+00
4.269374482381593339e+00
4.266107428277953417e+00
4.269509317829782269e+00
4.264015599602678286e+00
4.268146353007426619e+00
4.267787079946444351e+00
4.268273551048310743e+00
4.265701248578569249e+00
4.266916621136130239e+00
4.266557268328118546e+00
4.269960807827152038e+00
4.264467060504982143e+00
4.268595309096441248e+00
4.265325632695028624e+00
4.268725158718892132e+00
4.266151799663832733e+00
4.267366183056021001e+00
4.267006864819077983e+00
4.267489187731849931e+00
4.264918266290377069e+00
4.269044059726679663e+00
4.265775915968790244e+00
4.269176723408995677e+00
4.266602127389566235e+00
4.267815516194818137e+00
4.267456226274947362e+00
4.267940869988079200e+00
4.265369225458542246e+00
4.269492613421011384e+00
4.266225940878354272e+00
4.269628245096305008e+00
4.264134540257345840e+00
4.268264629074740135e+00
4.267905361219673566e+00
4.268392509303915006e+00
4.265819946505755134e+00
4.267035059042539658e+00
4.266675715948160530e+00
4.270079723758379409e+00
4.264585933136913809e+00
4.268713530219584662e+00
4.265444263477396802e+00
4.268844105656295795e+00
4.266270437932911719e+00
4.267484559874766603e+00
4.267125249703038747e+00
4.267608165629881434e+00
4.265037073138302937e+00
4.269162228149561145e+00
4.265894477870883605e+00
4.269295659021088873e+00
4.263801878192328587e+00
4.267933834169987506e+00
4.267574550667879052e+00
4.268059836577808852e+00
4.265487968760796278e+00
4.269610731388433500e+00
4.266344436145282693e+00
4.269747169376990392e+00
4.264253462778020420e+00
4.268382890451876577e+00
4.268023627368928707e+00
4.268511464578653936e+00
4.265938628502286001e+00
4.267153480640734742e+00
4.266794146825210632e+00
4.270198636702352779e+00
4.264704788224942256e+00
4.268831737242429369e+00
4.265562875899113315e+00
4.268963049609825866e+00
4.266389060861500937e+00
4.267602920976178993e+00
4.267243618435852426e+00
4.267727140549432363e+00
4.265155863031783845e+00
4.269280383064626427e+00
4.266013022003197541e+00
4.269414591649015378e+00
4.263920851815619528e+00
4.268052137019644476e+00
4.267692859502627556e+00
4.268178800187637734e+00
4.265606695697958806e+00
4.266822275087876370e+00
4.266462914233063231e+00
4.269866090674308445e+00
4.264372367318814305e+00
4.268501137294208547e+00
4.265231131555710320e+00
4.268630416872249533e+00
4.266057294722292781e+00
4.267271886086068555e+00
4.266912561115162816e+00
4.270317546660353791e+00
4.264823625922065098e+00
4.268949930323213238e+00
4.265681470114911278e+00
4.269081990581657493e+00
4.266507668602653069e+00
4.267721266516577572e+00
4.267361971173063040e+00
4.267846112491723076e+00
4.265274636124736674e+00
4.269398524627326275e+00
4.266131548522188233e+00
4.269533521291766220e+00
4.264039807025995721e+00
4.268170424898879212e+00
4.267811152933028040e+00
4.268297760817295838e+00
4.265725406425192823e+00
4.266940726095510783e+00
4.266581375298075685e+00
4.269985008983223196e+00
4.264491254037795720e+00
4.268619369757482573e+00
4.265349777073283555e+00
4.268749366185268457e+00
4.266175945320739515e+00
4.267390275535348998e+00
4.267030958975042587e+00
4.267513401498226777e+00
4.264942446386861263e+00
4.269068109614633677e+00
4.265800046281912117e+00
4.269200928569601317e+00
4.266626261313196444e+00
4.267839596650108369e+00
4.267480308072246764e+00
4.267965081453577447e+00
4.265393392573487930e+00
4.269516652994349570e+00
4.266250057582027466e+00
4.269652447950791796e+00
4.264158743977511712e+00
4.268288697964091938e+00
4.267929431116271211e+00
4.268416718466585991e+00
4.265844101097148844e+00
4.267059160670403806e+00
4.266699819499201851e+00
4.270103924306432930e+00
4.264610123084988658e+00
4.268737587999765992e+00
4.265468404105374312e+00
4.268868312516280739e+00
4.266294580454944807e+00
4.267508649142909505e+00
4.267149340559226012e+00
4.267632378789597780e+00
4.265061249771271434e+00
4.269186275276864784e+00
4.265918604553906590e+00
4.269319863574850160e+00
4.263826092346730157e+00
4.267957911535193993e+00
4.267598629286477596e+00
4.268084047436455641e+00
4.265512132534046152e+00
4.266727918515407225e+00
4.266368549339961902e+00
4.269771371624806910e+00
4.264277662825892712e+00
4.268406956371554095e+00
4.268047694204859965e+00
4.268535673134989494e+00
4.265962779870460686e+00
4.267177578968117224e+00
4.266818246988049346e+00
4.270222836643577935e+00
4.264728974621233348e+00
4.268855792172972841e+00
4.265587012809465506e+00
4.268987255862423780e+00
4.266413200280572582e+00
4.267627007064012545e+00
4.267267706024052032e+00
4.267751353104946688e+00
4.265180036232331773e+00
4.269304427461801055e+00
4.266037145088779070e+00
4.269438795595755565e+00
4.263945062211186965e+00
4.268076211324693503e+00
4.267716934973099008e+00
4.268203010440061895e+00
4.265630856160287365e+00
4.266846382722301101e+00
4.266487023950922719e+00
4.269890292313750280e+00
4.264396563727384404e+00
4.268525200273780129e+00
4.265255278943184791e+00
4.268654624820834798e+00
4.266081442899470666e+00
4.267295981145831085e+00
4.266936657921819531e+00
4.270341745992418225e+00
4.264847808799872908e+00
4.268973982433319492e+00
4.265705603339720930e+00
4.269106196227669514e+00
4.266531804949960538e+00
4.267745349455871917e+00
4.267386055525519417e+00
4.267870324438772123e+00
4.265298805927132619e+00
4.269422566326675827e+00
4.266155668040846116e+00
4.269557724632591089e+00
4.264064013690997079e+00
4.268194496177861730e+00
4.267835225287055501e+00
4.268321970463191839e+00
4.265749563606371808e+00
4.266964830373784601e+00
4.266605481572547376e+00
4.270009210014803713e+00
4.264515446836854018e+00
4.268643429831613823e+00
4.265373920686013953e+00
4.268773573527552934e+00
4.266200090336454309e+00
4.267414367359451788e+00
4.267055052455739350e+00
4.267537615141415053e+00
4.264966625775203468e+00
4.269092158940480886e+00
4.265824175852849898e+00
4.269225133607308820e+00
4.266650394621738229e+00
4.267863676474337176e+00
4.267504389219410221e+00
4.267989292796484868e+00
4.265417559006419168e+00
4.269540692026658313e+00
4.266274173568151085e+00
4.269676650682904473e+00
4.264182946947479458e+00
4.268312766245893286e+00
4.267953500385439192e+00
4.268440927505288585e+00
4.265868255030466294e+00
4.267083261623520585e+00
4.266723922359109800e+00
4.270128124729775543e+00
4.264634312310667141e+00
4.268761645195718657e+00
4.265492543975997641e+00
4.268892519250752748e+00
4.266318722344067282e+00
4.267532737759676564e+00
4.267173430748840701e+00
4.267656591827145185e+00
4.265085425702589639e+00
4.269210321847568324e+00
4.265942730500939639e+00
4.269344068006893700e+00
4.263850305733681623e+00
4.267981988274951455e+00
4.267622707262127335e+00
4.268108258171214864e+00
4.265536295630889541e+00
4.266752028846159561e+00
4.266392661825495480e+00
4.269795573748774942e+00
4.264301862131032905e+00
4.268431021689159444e+00
4.268071760424332339e+00
4.268559881568371850e+00
4.265986930585444981e+00
4.267201676630263840e+00
4.266842346464138735e+00
4.270247036460298240e+00
4.264753160298425883e+00
4.268879846525397426e+00
4.265611148969075117e+00
4.269011461990080747e+00
4.266437339073392288e+00
4.267651092506365984e+00
4.267291792953001206e+00
4.267775565534250859e+00
4.265204208740279057e+00
4.269328471307145989e+00
4.266061267447670780e+00
4.269462999419890714e+00
4.263969271843428110e+00
4.268100285013507467e+00
4.267741009806192309e+00
4.268227220568194369e+00
4.265655015951327123e+00
4.266870489672948352e+00
4.266511132963985098e+00
4.269914493830235358e+00
4.264420759398568350e+00
4.268549262661077925e+00
4.265279425558206938e+00
4.268678832648286736e+00
4.266105590429779326e+00
