5.210027672214237349e+00
-1.652109970571825626e+00
5.985062481178563765e+00
-2.859886894985031791e+00
5.678190263113455316e+00
-3.107923193707075704e+00
5.207340893665476145e+00
-2.958162709189913642e+00
4.977389237905549102e+00
-2.825438904059089928e+00
4.932606341316216891e+00
-2.787177286802628551e+00
4.944289459590891056e+00
-2.785577291227699259e+00
4.955550894759667813e+00
-2.789733290879772731e+00
4.956622126621096136e+00
-2.789480080849744414e+00
4.963114421615462568e+00
-2.793317070981864880e+00
4.960225700504039992e+00
-2.794438845465307075e+00
4.960453017705798828e+00
-2.794628296660349509e+00
4.960298297524454725e+00
-2.793578612783356618e+00
4.962493630329358751e+00
-2.794191035806782519e+00
4.957576880050046597e+00
-2.790275068764120903e+00
4.958057867794172680e+00
-2.793246417159540584e+00
4.960403412499442055e+00
-2.794730867467601687e+00
4.962899344653919798e+00
-2.795793107953809642e+00
4.960367882438706744e+00
-2.793247921599149919e+00
4.957002175339257910e+00
-2.790110682564203692e+00
4.955022483464138539e+00
-2.787836554772571418e+00
4.960396503522733980e+00
-2.795289568209454067e+00
4.959879510963335569e+00
-2.793954012219482586e+00
4.956623818887406330e+00
-2.790947967100059657e+00
4.954734779864224059e+00
-2.788819884600233223e+00
4.961841799930380326e+00
-2.792456095707630315e+00
4.961229079331356928e+00
-2.794923724943112475e+00
4.956229006444706542e+00
-2.791923442354041551e+00
4.954531526424521104e+00
-2.789929606379414562e+00
4.961440985689471006e+00
-2.793448935179373205e+00
4.960766281716179726e+00
-2.792011289390996964e+00
4.957544952869925581e+00
-2.792864334271733640e+00
4.954115056264382311e+00
-2.790886334716260020e+00
4.961012292159804993e+00
-2.794398339118843833e+00
4.960332549031592819e+00
-2.792956574583531193e+00
4.957112261346583004e+00
-2.789958885101406327e+00
4.955442645756805931e+00
-2.787981265065468506e+00
4.960580490114160135e+00
-2.795344041614590047e+00
4.959900648940039680e+00
-2.793902228145044742e+00
4.956680380907926065e+00
-2.790904578205304354e+00
4.955010617863424116e+00
-2.788927014820055561e+00
4.961906659717184809e+00
-2.792439217521867079e+00
4.959468667210337856e+00
-2.794847901054152484e+00
4.956248407155538160e+00
-2.791850292038736470e+00
4.954578484789766257e+00
-2.789872779310515138e+00
4.961475037978784641e+00
-2.793384850136514164e+00
4.960795296562188206e+00
-2.791943052528704783e+00
4.957575009343774042e+00
-2.792796022481928819e+00
4.954146249617689790e+00
-2.790818560421177708e+00
4.961043314868728515e+00
-2.794330498606092839e+00
4.960363524888289355e+00
-2.792888692895935776e+00
4.957143247572289191e+00
-2.789891000218363004e+00
4.955473655621765339e+00
-2.787913382856109124e+00
4.960611490542940594e+00
-2.795276162770849560e+00
4.959931651923768392e+00
-2.793834349091733671e+00
4.956711383490902456e+00
-2.790836696241615567e+00
4.955041632090364523e+00
-2.788859129326666242e+00
4.961937637251108590e+00
-2.792371341455135880e+00
4.959499677819716013e+00
-2.794780020952385424e+00
4.956279417241990615e+00
-2.791782408963960460e+00
4.954609506328692348e+00
-2.789804892603100939e+00
4.961506022789930803e+00
-2.793316972919956953e+00
4.960826284856740820e+00
-2.791875175899265926e+00
4.957605996888574396e+00
-2.792728138226534540e+00
4.954177278472765344e+00
-2.790750672520594833e+00
4.961074306949976531e+00
-2.794262620255301144e+00
4.960394520460045698e+00
-2.792820815124255507e+00
4.957174242465834269e+00
-2.789823119626869907e+00
4.955504661950502765e+00
-2.791696468923918761e+00
4.960642489885020545e+00
-2.795208283299439156e+00
4.959962654761461920e+00
-2.793766470189459117e+00
4.956742385723263311e+00
-2.790768814445191648e+00
4.955072645772828466e+00
-2.788791243907719153e+00
4.961968614258532639e+00
-2.792303465467365520e+00
4.959530687910888247e+00
-2.794712140930906585e+00
4.956310426802837732e+00
-2.791714525974531735e+00
4.954640527342527356e+00
-2.789737005981902662e+00
4.961537007079500405e+00
-2.793249095785870217e+00
4.960857272628718562e+00
-2.791807299352556893e+00
4.957636983906116512e+00
-2.792660254055869817e+00
4.954208306818970620e+00
-2.790682784716384646e+00
4.961105298512956452e+00
-2.794194741989790121e+00
4.960425515507912664e+00
-2.792752937433571780e+00
4.957205236832272099e+00
-2.789755239122450714e+00
4.955535667757553497e+00
-2.791628579933645327e+00
4.960673488706277112e+00
-2.795140403908302318e+00
4.959993657077627738e+00
-2.793698591367928863e+00
4.956773387431487876e+00
-2.790700932736965179e+00
4.955103658923472487e+00
-2.788723358572056998e+00
4.961999590741600130e+00
-2.792235589560677411e+00
4.959561697481873033e+00
-2.794644260989618267e+00
4.956341435839569876e+00
-2.791646643070908151e+00
4.954671547827153688e+00
-2.789669119444104339e+00
4.961567990846553755e+00
-2.793181218732807558e+00
4.960888259878131201e+00
-2.791739422888097621e+00
4.955909382201376445e+00
-2.792592369965892551e+00
4.954239334607030365e+00
-2.790614896974104919e+00
4.961136289550385214e+00
-2.794126863798395366e+00
4.960456510038809164e+00
-2.792685059826215621e+00
4.957236230671991706e+00
-2.789687358705025488e+00
4.955566673038526382e+00
-2.791560691028369234e+00
4.960704487007281394e+00
-2.795072524598161579e+00
4.960024658871696523e+00
-2.793630712626710366e+00
4.956804388609088896e+00
-2.790633051111778951e+00
4.955134671538315771e+00
-2.788655473316216327e+00
4.962030566699088929e+00
-2.792167713733881396e+00
4.959592706534286854e+00
-2.794576381128399234e+00
4.956372444352465934e+00
-2.791578760253892622e+00
4.954702567806377189e+00
-2.789601233006635095e+00
4.961598974094187930e+00
-2.793113341766870761e+00
4.960919246602150778e+00
-2.791671546505615442e+00
4.955940398032733007e+00
-2.792524485964702485e+00
4.954270361897935793e+00
-2.790547009337027706e+00
4.961167280068152330e+00
-2.794058985692849717e+00
4.960487504043302742e+00
-2.792617182299020673e+00
4.957267223986755234e+00
-2.789619478376854644e+00
4.955597677804512990e+00
-2.791492802216323454e+00
4.960735484789526417e+00
-2.795004645370878560e+00
4.960055660143033229e+00
-2.793562833966698467e+00
4.956835389266168512e+00
-2.790565169576745941e+00
4.955165683667021703e+00
-2.788587588176368648e+00
4.962061542142435222e+00
-2.795950320631473751e+00
4.959623715060129889e+00
-2.794508501345946971e+00
4.956403452333657533e+00
-2.791510877518986078e+00
4.954733587223772773e+00
-2.789533346630742816e+00
4.961629956812897646e+00
-2.793045464873693984e+00
4.960950232808084337e+00
-2.791603670206906251e+00
4.955971413337742604e+00
-2.792456602047312053e+00
4.954301388652283755e+00
-2.790479121776813010e+00
4.961198270063130522e+00
-2.793991107666168539e+00
4.960518497527411697e+00
-2.792549304854176739e+00
4.957298216773558863e+00
-2.789551598134255794e+00
4.955628682045992051e+00
-2.791424913490527793e+00
4.960766482051984561e+00
-2.794936766225368352e+00
4.960086660893207267e+00
-2.793494955387440193e+00
4.956866389394406269e+00
-2.790497288126726705e+00
4.955196695245120075e+00
-2.788519703106451253e+00
4.962092517055284091e+00
-2.795882440368324229e+00
4.959654723069402138e+00
-2.794440621644777689e+00
4.956434459795026726e+00
-2.791442994873592820e+00
4.954764606149158368e+00
-2.789465460364576543e+00
4.961660939014965521e+00
-2.792977588070703288e+00
4.960981218486573141e+00
-2.791535793989812664e+00
4.956002428121156989e+00
-2.792388718216075816e+00
4.954332414909545790e+00
-2.790411234322489609e+00
4.961229259540574255e+00
-2.793923229727480084e+00
4.960549490485154145e+00
-2.792481427490731249e+00
4.957329209028157102e+00
-2.789483717977093935e+00
4.953900121679668977e+00
-2.791357024826313982e+00
4.960797478787773329e+00
-2.794868887151860548e+00
4.960117661126048461e+00
-2.793427076889991589e+00
4.956897388989649933e+00
-2.790429406758842656e+00
4.955227706271086774e+00
-2.788451818106225666e+00
4.962123491444001999e+00
-2.795814560182821928e+00
4.959685730560590144e+00
-2.794372742023544909e+00
4.956465466722425717e+00
-2.791375112307227457e+00
4.954795624498374629e+00
-2.789397574149296233e+00
4.961691920685887602e+00
-2.792909711338742884e+00
4.961012203648406782e+00
-2.791467917857512138e+00
4.956033442377721698e+00
-2.792320834469381730e+00
4.954363440616572412e+00
-2.790343346934729851e+00
4.961260248493849723e+00
-2.793855351864312109e+00
4.960580482924428658e+00
-2.792413550209107864e+00
4.957360200764197700e+00
-2.789415837912845308e+00
4.953931154732660325e+00
-2.791289136278647831e+00
4.960828475009919636e+00
-2.794801008170126888e+00
4.960148660830968836e+00
-2.793359198471667693e+00
4.956928388063752244e+00
-2.790361525480237415e+00
4.955258716780569728e+00
-2.788383933199332976e+00
4.962154465306522155e+00
-2.795746680075586355e+00
4.959716737530289521e+00
-2.794304862483055096e+00
4.956496473130167502e+00
-2.791307229831334613e+00
4.954826642353737931e+00
-2.789329688042220035e+00
4.961722901842238187e+00
-2.792841834696633274e+00
4.961043188284053329e+00
-2.795250542077970746e+00
4.956064456107453609e+00
-2.792252950806879852e+00
4.954394465802749892e+00
-2.790275459636735178e+00
4.961291236923949022e+00
-2.793787474083479161e+00
4.960611474840683321e+00
-2.792345673010270701e+00
4.957391191963020027e+00
-2.789347957928364430e+00
4.953962187217999080e+00
-2.791221247783919335e+00
4.960859470702648544e+00
-2.794733129258141435e+00
4.960179660019724324e+00
-2.793291320136249034e+00
4.956959386606995643e+00
-2.790293644286348407e+00
4.955289726740236489e+00
-2.788316048364392952e+00
4.962185438646245395e+00
-2.795678800045367396e+00
4.959747743981214541e+00
-2.794236983022206466e+00
4.956527479016886062e+00
-2.791239347444246288e+00
4.954857659707582407e+00
-2.789261802040299720e+00
4.961753882476064526e+00
-2.792773958141383517e+00
4.961074172391378490e+00
-2.795182661502559451e+00
4.956095469307214785e+00
-2.792185067224542294e+00
4.954425490431500378e+00
-2.790207572400299707e+00
4.961322224827091176e+00
-2.793719596376526670e+00
4.960642466238189385e+00
-2.792277795894199777e+00
4.957422182646154418e+00
-2.789280078040166533e+00
4.953993219219768207e+00
-2.791153359404094925e+00
4.960890465881232281e+00
-2.794665250434448467e+00
4.960210658683004148e+00
-2.793223441880380076e+00
4.956990384631668078e+00
-2.790225763184168262e+00
4.955320736247245783e+00
-2.788248163669162505e+00
4.960458605759312078e+00
-2.795610920110916719e+00
4.959778749902899797e+00
-2.794169103641570562e+00
4.956558484364927963e+00
-2.791171465134999696e+00
4.954888676490934785e+00
-2.789193916091668335e+00
4.961784862580168820e+00
-2.792706081656895378e+00
4.961105155983000614e+00
-2.795114781009210958e+00
4.956126481988570198e+00
-2.792117183732980568e+00
4.954456514581875304e+00
-2.790139685284561466e+00
4.961353212217632702e+00
-2.793651718762435898e+00
4.960673457106852702e+00
-2.792209918857131434e+00
4.957453172777706030e+00
-2.789212198222101424e+00
4.954024250578780375e+00
-2.791085471025287479e+00
4.960921460522086157e+00
-2.794597371668644303e+00
4.960241656839616375e+00
-2.793155563710140843e+00
4.957021382127093645e+00
-2.790157882166025782e+00
4.955351745165647692e+00
-2.788180279016526431e+00
4.960489607667160072e+00
-2.795543040241903476e+00
4.959809755311290758e+00
-2.794101224342026235e+00
4.956589489193913067e+00
-2.791103582915608339e+00
4.954919692771362350e+00
-2.789126030247224275e+00
4.961815842166847901e+00
-2.792638205263044071e+00
4.961136139046941729e+00
-2.795046900593926686e+00
4.956157494134708408e+00
-2.792049300318653948e+00
4.954487538156524984e+00
-2.790071798218104249e+00
4.961384199076337431e+00
-2.793583841217674557e+00
4.960704447461247391e+00
-2.792142041906046757e+00
4.957484162406053940e+00
-2.792995034225937534e+00
4.954055281554684775e+00
-2.791017582830334298e+00
4.960952454659001809e+00
-2.794529493009648036e+00
4.960272654455919472e+00
-2.793087685616824078e+00
4.957052379092562688e+00
-2.790090001234135197e+00
4.955382753584302691e+00
-2.788112394472011868e+00
4.960520609057424757e+00
-2.795475160459565345e+00
4.959840760195335818e+00
-2.794033345121599954e+00
4.956620493492265744e+00
-2.791035700778733197e+00
4.954950708494312295e+00
-2.789058144467397860e+00
4.961846821225305071e+00
-2.792570328944091518e+00
4.961167121591583573e+00
-2.794979020259207303e+00
4.956188505771329744e+00
-2.791981417000470422e+00
4.954518561270849553e+00
-2.790003911282677329e+00
4.961415185425060770e+00
-2.793515963770120347e+00
4.960735437282886906e+00
-2.792074165033285205e+00
4.957515151495334393e+00
-2.792927149722377322e+00
4.954086311944540633e+00
-2.790949694678778403e+00
4.960983448270718910e+00
-2.794461614423107143e+00
4.960303651558770177e+00
-2.793019807606360594e+00
4.957083375538096526e+00
-2.790022120392047444e+00
4.955413761515814919e+00
-2.788044510041272517e+00
4.960551609935391681e+00
-2.795407280767086888e+00
4.959871764552318041e+00
-2.793965465981568030e+00
4.956651497273090179e+00
-2.790967818734880534e+00
4.954981723769230406e+00
-2.788990258828830004e+00
4.961877799775342268e+00
