6.356919980500998157e+00
-2.354565320485937363e+00
5.870835730018945320e+00
-3.273255826061828522e+00
4.363231237877323032e+00
-2.640351871430488995e+00
3.826808053523596875e+00
-2.211130092394076652e+00
4.072248981456201733e+00
-2.330544787992987477e+00
4.112127781487355804e+00
-2.371733939872954444e+00
4.083660062928237799e+00
-2.355071069020344687e+00
4.075292157832719475e+00
-2.349810011868005866e+00
4.082186788663642041e+00
-2.350458175824171825e+00
4.082160723881936626e+00
-2.353256559455677355e+00
4.084992762964504642e+00
-2.357161254812210949e+00
4.079372028742006329e+00
-2.351215716198167272e+00
4.082487039119677696e+00
-2.353974124887971975e+00
4.082106482162128458e+00
-2.352132863523790363e+00
4.083009212008658295e+00
-2.353903197399927816e+00
4.081986535848892927e+00
-2.351539317636488047e+00
4.081071664856573022e+00
-2.353440336991152293e+00
4.082238707409060474e+00
-2.351145942894724783e+00
4.081286555069669753e+00
-2.353030149759642420e+00
4.082442261241562065e+00
-2.350726654553443318e+00
4.081495039440067529e+00
-2.352613018145679025e+00
4.082652147364784767e+00
-2.354499365115320320e+00
4.081704363490205267e+00
-2.352196811758684447e+00
4.082861188840039013e+00
-2.354082980007933923e+00
4.081913557628072731e+00
-2.351780488053961449e+00
4.080965601421247868e+00
-2.353666656670737378e+00
4.082122751541159111e+00
-2.351364185022978504e+00
4.081174862140858117e+00
-2.353250330377726574e+00
4.082331927883164013e+00
-2.350947884415650169e+00
4.081384109218448408e+00
-2.352834009566354467e+00
4.082541088960265796e+00
-2.354720227471155169e+00
4.081593340557935434e+00
-2.352417693150045785e+00
4.082750234455662763e+00
-2.354303890661886722e+00
4.081802556422386097e+00
-2.352001381281314529e+00
4.082959364400800872e+00
-2.353887558342804276e+00
4.082011756768572752e+00
-2.351585073952239036e+00
4.081063830494087163e+00
-2.353471230519259549e+00
4.082220941591208963e+00
-2.351168771174849681e+00
4.081273085577321602e+00
-2.353054907201006962e+00
4.082430110881175800e+00
-2.350752472958793859e+00
4.081482325168420466e+00
-2.352638588399034614e+00
4.082639264629887244e+00
-2.354524796740798287e+00
4.081691549258226637e+00
-2.352222274122963253e+00
4.082848402829108991e+00
-2.354108462040100491e+00
4.081900757837243710e+00
-2.351805964382755576e+00
4.080952794298670305e+00
-2.353692131829932421e+00
4.082109950897581996e+00
-2.351389659188963144e+00
4.081162057599629911e+00
-2.353275806120217251e+00
4.082319128430199839e+00
-2.350973358551376347e+00
4.081371305411848560e+00
-2.352859484920691191e+00
4.082528290426920670e+00
-2.354745704081299351e+00
4.081580537727155900e+00
-2.352443168241653115e+00
4.082737436877882153e+00
-2.354329367002019779e+00
4.081789754537349602e+00
-2.352026856093623497e+00
4.082946567775439739e+00
-2.353913034408143812e+00
4.081998955833305409e+00
-2.351610548486454011e+00
4.081051025260687304e+00
-2.353496706308855213e+00
4.082208141605499385e+00
-2.351194245429731211e+00
4.081260281291601011e+00
-2.353080382714498153e+00
4.082417311846858965e+00
-2.350777946934642149e+00
4.081469521831540881e+00
-2.352664063636259240e+00
4.082626466547486288e+00
-2.354550273226550416e+00
4.081678746869142671e+00
-2.352247749082295503e+00
4.082835605699187020e+00
-2.354133938251500968e+00
4.081887956398634110e+00
-2.351831439065408702e+00
4.080939988561643084e+00
-2.353717607765018371e+00
4.082097150409675024e+00
-2.351415133592979156e+00
4.081149252811304251e+00
-2.353301281780277865e+00
4.082306328891072589e+00
-2.350998832675742278e+00
4.081358501571224373e+00
-2.352884960304368889e+00
4.082515491838631938e+00
-2.354771180711435985e+00
4.081567734835881645e+00
-2.352468643349083788e+00
4.082724639241301468e+00
-2.354354843358496208e+00
4.081776952594723618e+00
-2.352052330923039225e+00
4.082933771090644370e+00
-2.353938510489449243e+00
4.081986154840047121e+00
-2.351636023037854351e+00
4.081038219968700531e+00
-2.353522182114850203e+00
4.082195341564209379e+00
-2.351219719703234290e+00
4.081247476948233199e+00
-2.353105858245004178e+00
4.082404512753913473e+00
-2.350803420927774390e+00
4.081456718436593967e+00
-2.352689538890299747e+00
4.082613668406691154e+00
-2.354575749728620160e+00
4.081665944421933645e+00
-2.352273224058844647e+00
4.082822808509707357e+00
-2.354159414479457091e+00
4.081875154902093961e+00
-2.351856913764284407e+00
4.083031933053486107e+00
-2.353743083718066842e+00
4.082084349861513140e+00
-2.351440608013051659e+00
4.081136447966377645e+00
-2.353326757458442220e+00
4.082293529295142775e+00
-2.351024306817725673e+00
4.081345697672198014e+00
-2.352910435704431258e+00
4.082502693193978516e+00
-2.354796657359793599e+00
4.081554931885553295e+00
-2.352494118472738815e+00
4.082711841548358755e+00
-2.354380319732643390e+00
4.081764150593707008e+00
-2.352077805769629215e+00
4.082920974347997500e+00
-2.353963986588397894e+00
4.081973353788469261e+00
-2.351661497605880946e+00
4.081025414619751324e+00
-2.353547657938002136e+00
4.082182541462542780e+00
-2.351245193992792526e+00
4.081234672546205644e+00
-2.353131333792134683e+00
4.082391713604809347e+00
-2.350828894938355340e+00
4.081443914983515775e+00
-2.352715014161137930e+00
4.082600870206362309e+00
-2.354601226247320156e+00
4.081653141917731986e+00
-2.352298699052712383e+00
4.082810011261930327e+00
-2.354184890723828971e+00
4.081862353345922401e+00
-2.351882388479363151e+00
4.083019136757977563e+00
-2.353768559687780204e+00
4.082071549255935849e+00
-2.351466082450329953e+00
4.081123643060209361e+00
-2.353352233150784123e+00
4.082280729641219352e+00
-2.351049780976913528e+00
4.081332893716544064e+00
-2.352935911123040569e+00
4.082489894488841031e+00
-2.354822134023284441e+00
4.081542128878252740e+00
-2.352519593613628501e+00
4.082699043794633553e+00
-2.354405796122451822e+00
4.081751348534990775e+00
-2.352103280632965365e+00
4.082908177546473283e+00
-2.353989462703373725e+00
4.081960552677694309e+00
-2.351686972190100811e+00
4.081012609212033126e+00
-2.353573133778073867e+00
4.082169741302783983e+00
-2.351270668299116906e+00
4.081221868086676530e+00
-2.353156809356306667e+00
4.082378914394592329e+00
-2.350854368965130448e+00
4.081431111470758211e+00
-2.352740489448204908e+00
4.082588071949095898e+00
-2.354626702782898651e+00
4.081640339356673586e+00
-2.352324174063860962e+00
4.082797213955165816e+00
-2.354210366984862191e+00
4.081849551733896853e+00
-2.351907863213489769e+00
4.083006340403509071e+00
-2.353794035673643759e+00
4.082058748591830266e+00
-2.351491556904408142e+00
4.081110838099219151e+00
-2.353377708862240070e+00
4.082267929927572148e+00
-2.351075255152222265e+00
4.081320089700858134e+00
-2.352961386557380852e+00
4.082477095727636396e+00
-2.354847610705228522e+00
4.081529325811207976e+00
-2.352545068771143555e+00
4.082686245984000095e+00
-2.354431272529142305e+00
4.081738546418064217e+00
-2.352128755513223535e+00
4.082895380688462694e+00
-2.354014938835894633e+00
4.081947751510199396e+00
-2.351712446792221023e+00
4.080999803747644705e+00
-2.353598609635987771e+00
4.082156941084123858e+00
-2.351296142622278040e+00
4.081209063568722151e+00
-2.353182284937573421e+00
4.082366115129253181e+00
-2.350879843010586168e+00
4.081418307902157316e+00
-2.352765964753373851e+00
4.082575273633560542e+00
-2.354652179334957740e+00
4.081627536736050388e+00
-2.352349649091333816e+00
4.082784416590214960e+00
-2.354235843262736605e+00
4.081836750061425434e+00
-2.351933337962971660e+00
4.082993543992209595e+00
-2.353819511677402776e+00
4.082045947871491443e+00
-2.351517031377128308e+00
4.081098033077013021e+00
-2.353403184589256902e+00
4.082255130154641698e+00
-2.351100729343228224e+00
4.081307285630449755e+00
-2.352986862009064595e+00
4.082464296904782408e+00
-2.354873087401767151e+00
4.081516522688291460e+00
-2.352570543946731263e+00
4.082673448115604842e+00
-2.354456748953804635e+00
4.081725744241508025e+00
-2.352154230410091085e+00
4.082882583772711627e+00
-2.354040414986067642e+00
4.081934950286500552e+00
-2.351737921413127541e+00
4.080986998224263473e+00
-2.353624085508859043e+00
4.082144140809304211e+00
-2.351321616962760430e+00
4.081196258994511439e+00
-2.353207760536986548e+00
4.082353315801915628e+00
-2.350905317070956624e+00
4.081405504274741247e+00
-2.352791440075061580e+00
4.082562475257778267e+00
-2.354677655903630651e+00
4.081614734056141280e+00
-2.352375124135579920e+00
4.082771619169389687e+00
-2.354261319557848786e+00
4.081823948331418705e+00
-2.351958812728660586e+00
4.082980747520517539e+00
-2.353844987696273705e+00
4.082033147092828607e+00
-2.351542505866543564e+00
4.081085227997807152e+00
-2.353428660333777955e+00
4.082242330324558743e+00
-2.351126203553247862e+00
4.081294481497548254e+00
-2.353012337476026339e+00
4.082451498026203218e+00
-2.350709905804364119e+00
4.081503719505175987e+00
-2.352596019137369154e+00
4.082660650186882734e+00
-2.354482225393454087e+00
4.081712942009036560e+00
-2.352179705325233350e+00
4.082869786796525347e+00
-2.354065891152240297e+00
4.081922149001588451e+00
-2.351763396049094013e+00
4.080974192645652643e+00
-2.353649561401724100e+00
4.082131340474834502e+00
-2.351347091320878491e+00
4.081183454359059937e+00
-2.353233236149577134e+00
4.082340516422462429e+00
-2.350930791150754207e+00
4.081392700588615696e+00
-2.352816915413940446e+00
4.082549676826780605e+00
-2.354703132490401973e+00
4.081601931321104715e+00
-2.352400599198698927e+00
4.082758821685116501e+00
-2.354286795867777560e+00
4.081811146544513491e+00
-2.351984287513444460e+00
4.082967950994610185e+00
-2.353870463734565988e+00
4.082020346252286380e+00
-2.351567980370331323e+00
4.081072422864376215e+00
-2.353454136097184346e+00
4.082229530436198850e+00
-2.351151677780199289e+00
4.081281677310841793e+00
-2.353037812963211461e+00
4.082438699090103817e+00
-2.350735379752513232e+00
4.081490916265883229e+00
-2.352621494346939013e+00
4.082647852201478855e+00
-2.354507701850375945e+00
4.081700139719097287e+00
-2.352205180256694561e+00
4.082856989760205835e+00
-2.354091367333281504e+00
4.081909347661914822e+00
-2.351788870704159429e+00
4.080961387005921814e+00
-2.353675037309246321e+00
4.082118540081753011e+00
-2.351372565695331485e+00
4.081170649669462414e+00
-2.353258711783068335e+00
4.082327716978653598e+00
-2.350956265245460752e+00
4.081379896842721955e+00
-2.352842390767085234e+00
4.082536878340560449e+00
-2.354728609095707803e+00
4.081589128523269494e+00
-2.352426074275918211e+00
4.082746024148486086e+00
-2.354312272197953693e+00
4.081798344696012215e+00
-2.352009762313069796e+00
4.082955154410069731e+00
-2.353895939789846903e+00
4.082007545355459399e+00
-2.351593454892936030e+00
4.081059617669024142e+00
-2.353479611873348532e+00
4.082216730492584489e+00
-2.351177152024400474e+00
4.081268873067365632e+00
-2.353063288467850178e+00
4.082425900095874916e+00
-2.350760853718115051e+00
4.081478112965448268e+00
-2.352646969571136282e+00
4.082635054157757182e+00
-2.354533178325008080e+00
4.081687337368080648e+00
-2.352230655204035958e+00
4.082844192668165562e+00
-2.354116843532625847e+00
4.081896546260180614e+00
-2.351814345372828186e+00
4.080948581306086176e+00
-2.353700513232055869e+00
4.082105739633982822e+00
-2.351398040088682251e+00
4.081157844918381628e+00
-2.353284187431362806e+00
4.082314917474982430e+00
-2.350981739356268641e+00
4.081367093045462191e+00
-2.352867866142111630e+00
4.082524079789020988e+00
-2.354754085713253620e+00
4.081576325672200412e+00
-2.352451549371591177e+00
4.082733226547006211e+00
-2.354337748540716646e+00
4.081785542796240840e+00
-2.352035237134098011e+00
4.082942357759107743e+00
-2.353921415857638255e+00
4.081994744400431863e+00
-2.351618929432170102e+00
4.081046812418918535e+00
-2.353505087670501261e+00
4.082203930484334720e+00
-2.351202626283371178e+00
4.081256068763149614e+00
-2.353088763986571408e+00
4.082413101040555325e+00
-2.350786327697480083e+00
4.081465309609355607e+00
-2.352672444814364106e+00
4.082622256052191645e+00
-2.354558654814122409e+00
4.081674534961222456e+00
-2.352256130170322201e+00
4.082831395520593709e+00
-2.354142319750924806e+00
4.081883744801494629e+00
-2.351839820060307673e+00
4.080935775553326650e+00
-2.353725989173967914e+00
4.082092939126081177e+00
-2.351423514497123612e+00
4.081145040111369582e+00
-2.353309663097423510e+00
4.082302117920696638e+00
-2.351007213488739200e+00
4.081354289187173912e+00
-2.352893341532770410e+00
4.082511281179930229e+00
-2.354779562348261024e+00
4.081563522760893292e+00
