7.982388136575296222e+00
-4.088890187535369591e+00
3.297593333309996044e+00
3.849560313129282374e+00
-4.718821462579499970e-01
5.371113202129642161e+00
-2.490626779386107881e+00
5.455001377006331253e+00
-2.624255260249891641e+00
5.266358408073601005e+00
-2.409176017450441964e+00
5.449984032561725478e+00
-2.634186994127731829e+00
5.370360447761307832e+00
-2.530844714515705807e+00
5.430070179123052121e+00
-2.602519041268215094e+00
5.392805055740121922e+00
-2.562730704824590422e+00
5.417954929707954115e+00
-2.589706164513206677e+00
5.401676227400918684e+00
-2.565690154434444370e+00
5.412193409474705064e+00
-2.584997615997066234e+00
5.405268641073988967e+00
-2.573100404127474317e+00
5.410890693580813426e+00
-2.577262948750344673e+00
5.406420786226210140e+00
-2.577469127831768958e+00
5.409153126541394130e+00
-2.577957184413661285e+00
5.408446214725039169e+00
-2.574044681211937302e+00
5.408057027300448460e+00
-2.579470938310306938e+00
5.408131768728154043e+00
-2.576560868447017150e+00
5.409142732616944116e+00
-2.574843862602787414e+00
5.407637800062164324e+00
-2.578844913955884444e+00
5.408435443978016899e+00
-2.576859701420456172e+00
5.408977595837689556e+00
-2.574543710627659632e+00
5.407776515355373625e+00
-2.578933303767203089e+00
5.408377022761506225e+00
-2.576695789842066375e+00
5.409046893376286747e+00
-2.574542840930939658e+00
5.407762996870189909e+00
-2.578826855566831888e+00
5.408417216638845559e+00
-2.576657929998584784e+00
5.409052267269424341e+00
-2.574460378951843875e+00
5.407790955721126558e+00
-2.578773492104922127e+00
5.408430528152944561e+00
-2.576585708037919975e+00
5.409075060618373065e+00
-2.574400146766036901e+00
5.407807609057598164e+00
-2.578705655738380731e+00
5.408451165630152602e+00
-2.576522845611612489e+00
5.409093106024049469e+00
-2.574333851224544834e+00
5.407827343326663261e+00
-2.578641758724567357e+00
5.408469806208050734e+00
-2.576457427484135643e+00
5.409112445201242458e+00
-2.574269203216798196e+00
5.407846237672721657e+00
-2.578576783197254141e+00
5.408488990790996098e+00
-2.576392700951791515e+00
5.409131431536474466e+00
-2.574204101293520175e+00
5.407865360700444768e+00
-2.578512096684420385e+00
5.408508026876778452e+00
-2.576327781026352515e+00
5.409150513803022697e+00
-2.574139118165078344e+00
5.407884421170473743e+00
-2.578447326493121583e+00
5.408527103201200781e+00
-2.576262908893862669e+00
5.409169569691441914e+00
-2.574074097751587686e+00
5.407903498457612201e+00
-2.578382574194125088e+00
5.408546168326126669e+00
-2.576198018824315206e+00
5.409188632535400387e+00
-2.580498111851444953e+00
5.407922570928354489e+00
-2.578317812103942064e+00
5.408565236271019039e+00
-2.576133128732378097e+00
5.409207693250552396e+00
-2.580433476765935374e+00
5.407941644479751453e+00
-2.578253047771029483e+00
5.408584303214112765e+00
-2.576068233733797896e+00
5.409226754313460894e+00
-2.580368838499098150e+00
5.407960717504002091e+00
-2.578188279135600780e+00
5.408603370196953364e+00
-2.576003335160017116e+00
5.409245815048553396e+00
-2.580304196187368060e+00
5.407979790438692369e+00
-2.578123506758281280e+00
5.408622436937333688e+00
-2.575938432651525556e+00
5.409264875638874592e+00
-2.580239550060557274e+00
5.407998863165808245e+00
-2.578058730488254735e+00
5.408641503510528636e+00
-2.575873526302821848e+00
5.409283936035774509e+00
-2.580174900059535315e+00
5.408017935717330360e+00
-2.577993950366883613e+00
5.408660569895549663e+00
-2.575808616086423974e+00
5.409302996253132712e+00
-2.580110246201543056e+00
5.408037008083318220e+00
-2.577929166382268988e+00
5.408679636099802401e+00
-2.575743702015644843e+00
5.409322056285352787e+00
-2.580045588479058072e+00
5.408056080267497734e+00
-2.577864378535720924e+00
5.408698702120306123e+00
-2.575678784083122341e+00
5.409341116135148120e+00
-2.579980926896043414e+00
5.408075152269073094e+00
-2.577799586830489265e+00
5.408717767957983646e+00
-2.575613862291224798e+00
5.409360175801293025e+00
-2.579916261450142301e+00
5.408094224087613533e+00
-2.577734791263628367e+00
5.408736833612890926e+00
-2.575548936639337150e+00
5.409379235284449194e+00
-2.579851592144067229e+00
5.408113295723173231e+00
-2.577669991835506380e+00
5.408755899084233931e+00
-2.575484007127733399e+00
5.409398294584615741e+00
-2.579786918976357146e+00
5.408132367175911170e+00
-2.577605188548626636e+00
5.408774964372459415e+00
-2.575419073756753274e+00
5.409417353701419628e+00
-2.579722241946207806e+00
5.408151438445781167e+00
-2.577540381398963465e+00
5.408794029478208643e+00
-2.575354136527539417e+00
5.409436412634632596e+00
-2.579657561054130799e+00
5.408170509533135828e+00
-2.577475570392067539e+00
5.408813094400642285e+00
-2.575289195438064560e+00
5.409455471384712055e+00
-2.579592876300703885e+00
5.408189580437830379e+00
-2.577410755522346886e+00
5.408832159140304796e+00
-2.575224250488261646e+00
5.409474529951547872e+00
-2.579528187684652973e+00
5.408208651159805314e+00
-2.577345936790403247e+00
5.408851223696562904e+00
-2.575159301680686852e+00
5.409493588334895797e+00
-2.579463495208720758e+00
5.408227721698492196e+00
-2.577281114201102064e+00
5.408870288069502763e+00
-2.575094349011852302e+00
5.407604024189122782e+00
-2.579398798871388898e+00
5.408246792054562491e+00
-2.577216287751108226e+00
5.408889352259669714e+00
-2.575029392484637913e+00
5.407623100520689619e+00
-2.579334098671241637e+00
5.408265862227220389e+00
-2.577151457438006332e+00
5.408908416267718344e+00
-2.574964432097454292e+00
5.407642176669537726e+00
-2.579269394612555999e+00
5.408284932216984586e+00
-2.577086623268749488e+00
5.408927480091237250e+00
-2.574899467852544532e+00
5.407661252635699078e+00
-2.579204686688620907e+00
5.408304002025165147e+00
-2.577021785236653706e+00
5.408946543732645829e+00
-2.574834499747345795e+00
5.407680328418820181e+00
-2.579139974904470112e+00
5.408323071649637548e+00
-2.576956943344578921e+00
5.408965607190147296e+00
-2.574769527781977985e+00
5.407699404020362977e+00
-2.579075259260218189e+00
5.408342141091178945e+00
-2.576892097591650721e+00
5.408984670464797695e+00
-2.574704551958340915e+00
5.407718479438743842e+00
-2.579010539753666897e+00
5.408361210350205006e+00
-2.576827247978443758e+00
5.409003733557348426e+00
-2.574639572275073451e+00
5.407737554673615499e+00
-2.578945816384985878e+00
5.408380279426032722e+00
-2.576762394507453369e+00
5.409022796464694416e+00
-2.574574588733376412e+00
5.407756629727442643e+00
-2.578881089160057982e+00
5.408399348317565192e+00
-2.576697537172459196e+00
5.409041859191388468e+00
-2.574509601333982989e+00
5.407775704596579303e+00
-2.578816358066256420e+00
5.408418417029650982e+00
-2.576632675980627507e+00
5.409060921732427474e+00
-2.574444610073350237e+00
5.407794779284921027e+00
-2.578751623117558456e+00
5.408437485555019464e+00
-2.576567810924107693e+00
5.409079984093382976e+00
-2.574379614956280093e+00
5.407813853788754344e+00
-2.578686884301565119e+00
5.408456553900776953e+00
-2.576502942014147202e+00
5.409099046268012856e+00
-2.574314615976485587e+00
5.407832928111239390e+00
-2.578622141632332720e+00
5.408475622061116539e+00
-2.576438069238698336e+00
5.409118108261632862e+00
-2.574249613140363824e+00
5.407852002250794321e+00
-2.578557395096337412e+00
5.408494690040102526e+00
-2.576373192607730456e+00
5.409137170071260492e+00
-2.574184606445237833e+00
5.407871076207563910e+00
-2.578492644700517200e+00
5.408513757835133440e+00
-2.576308312113821497e+00
5.409156231697894057e+00
-2.574119595889832635e+00
5.407890149981588124e+00
-2.578427890445237125e+00
5.408532825447376347e+00
-2.576243427762094473e+00
5.409175293141083252e+00
-2.574054581476592496e+00
5.407909223572725743e+00
-2.578363132327657681e+00
5.408551892877431655e+00
-2.576178539548037882e+00
5.409194354401098970e+00
-2.580478708468960214e+00
5.407928296980976768e+00
-2.578298370346884916e+00
5.408570960124081672e+00
-2.576113647476331092e+00
5.409213415478004272e+00
-2.580414072758114852e+00
5.407947370207851989e+00
-2.578233604509527765e+00
5.408590027187687888e+00
-2.576048751544002702e+00
5.409232476372082488e+00
-2.580349433187735908e+00
5.407966443250734834e+00
-2.578168834810411703e+00
5.408609094067712952e+00
-2.575983851747682962e+00
5.409251537084138306e+00
-2.580284789754436758e+00
5.407985516110085378e+00
-2.578104061245633183e+00
5.408628160766636661e+00
-2.575918948097554839e+00
5.409270597610436049e+00
-2.580220142458818255e+00
5.408004588788159595e+00
-2.578039283828088113e+00
5.408647227279486991e+00
-2.575854040587003180e+00
5.409289657955465458e+00
-2.580155491302865478e+00
5.408023661282111760e+00
-2.577974502541529933e+00
5.408666293611863907e+00
-2.575789129212922912e+00
5.409308718116296433e+00
-2.580090836285700462e+00
5.408042733593758200e+00
-2.577909717398116918e+00
5.408685359761340017e+00
-2.575724213979352584e+00
5.409327778093389050e+00
-2.580026177400102760e+00
5.408061805725212778e+00
-2.577844928394677382e+00
5.408704425726504894e+00
-2.575659294889465212e+00
5.409346837889317250e+00
-2.579961514660333410e+00
5.408080877670101039e+00
-2.577780135530218342e+00
5.408723491509555004e+00
-2.575594371939284422e+00
5.409365897499746723e+00
-2.579896848055639680e+00
5.408099949433952780e+00
-2.577715338807417211e+00
5.408742557108331184e+00
-2.575529445129715711e+00
5.409384956927181243e+00
-2.579832177586688147e+00
5.408119021015680872e+00
-2.577650538218265730e+00
5.408761622524933088e+00
-2.575464514461511811e+00
5.409404016173096963e+00
-2.579767503261102490e+00
5.408138092413102171e+00
-2.577585733772965515e+00
5.408780687758283356e+00
-2.575399579929468441e+00
5.409423075234422562e+00
-2.579702825069625671e+00
5.408157163628599662e+00
-2.577520925467900792e+00
5.408799752808887362e+00
-2.575334641540642622e+00
5.409442134113302991e+00
-2.579638143021427243e+00
5.408176234660314385e+00
-2.577456113298131068e+00
5.408818817676563029e+00
-2.575269699293279757e+00
5.409461192807908603e+00
-2.579573457107806167e+00
5.408195305510163031e+00
-2.577391297267028314e+00
5.408837882361607896e+00
-2.575204753184061168e+00
5.409480251319228827e+00
-2.579508767334285579e+00
5.408214376176960769e+00
-2.577326477379981107e+00
5.408856946863012105e+00
-2.575139803219930190e+00
5.409499309648084342e+00
-2.579444073696834483e+00
5.408233446661422583e+00
-2.577261653631831795e+00
5.408876011181838805e+00
-2.575074849390678988e+00
5.407609750945537641e+00
-2.579379376200649610e+00
5.408252516962685164e+00
-2.577196826021882270e+00
5.408895075316514145e+00
-2.575009891707151333e+00
5.407628827221881096e+00
-2.579314674841342026e+00
5.408271587080114351e+00
-2.577131994548821581e+00
5.408914139268937937e+00
-2.574944930159889012e+00
5.407647903316073368e+00
-2.579249969624165306e+00
5.408290657014940273e+00
