6.269082447375256884e+00
-2.275437108344825710e+00
5.919481982178684376e+00
-3.247723873507237347e+00
4.551139305380567102e+00
-2.746135977505487435e+00
3.942858035435301556e+00
-2.294809903273452356e+00
4.117464408949635057e+00
-2.363629124857913766e+00
4.188285844039444150e+00
-2.413167799309796191e+00
4.167288447794053496e+00
-2.408573808650734449e+00
4.159086582093000750e+00
-2.400496904878236748e+00
4.160656354060110473e+00
-2.399764904048687697e+00
4.158788159833078701e+00
-2.399665049713136433e+00
4.161934813374915443e+00
-2.401056394410248540e+00
4.161105873322877180e+00
-2.402309461028283799e+00
4.159581475291647124e+00
-2.398225437303261209e+00
4.164500505580964962e+00
-2.405130974830814061e+00
4.158929152073119084e+00
-2.398889813452980135e+00
4.162565487736334724e+00
-2.404681671051537073e+00
4.160740884839889020e+00
-2.400993168463170235e+00
4.161535173752430872e+00
-2.400428861994142515e+00
4.162241413934220091e+00
-2.402778292468787935e+00
4.160829717143247564e+00
-2.400787744042296001e+00
4.162586517055051338e+00
-2.403854851791559444e+00
4.162736125384290276e+00
-2.401548346440278259e+00
4.160452972835335217e+00
-2.403085271716730364e+00
4.162746904838042994e+00
-2.402125082975040460e+00
4.160079587686636771e+00
-2.399082235685529696e+00
4.160298362970388908e+00
-2.400777389121113714e+00
4.162100251230029357e+00
-2.401136470322450034e+00
4.160894217632564285e+00
-2.402037209763208114e+00
4.158474138285351174e+00
-2.398898451190048853e+00
4.162502695659883400e+00
-2.403652389568962100e+00
4.163349394105068768e+00
-2.402189183712795995e+00
4.159973818641743648e+00
-2.402792716624829517e+00
4.157822768528417257e+00
-2.397978417688582109e+00
4.164842288897836475e+00
-2.402288057895378692e+00
4.157367245487376906e+00
-2.398675773584514559e+00
4.164061039971627132e+00
-2.402515462211739727e+00
4.158054737262305345e+00
-2.399959263158192968e+00
4.165364311477679493e+00
-2.402732161581830450e+00
4.157389318439739689e+00
-2.400086053225897853e+00
4.165413757768719805e+00
-2.403407281879974544e+00
4.157240028366758544e+00
-2.400691829592034310e+00
4.165078885086944460e+00
-2.403866351427895953e+00
4.157016816212885324e+00
-2.397059767692223176e+00
4.164815765468644848e+00
-2.404362897739328542e+00
4.156734531672868549e+00
-2.397536792835486708e+00
4.164585389292326134e+00
-2.404878828225822662e+00
4.158566508836738507e+00
-2.398052971469197381e+00
4.164324949011433574e+00
-2.405377723016613345e+00
4.158313431267122162e+00
-2.398555187702675617e+00
4.164075927849738790e+00
-2.401727153241164370e+00
4.158061320211075440e+00
-2.399058788389096364e+00
4.163825400344500771e+00
-2.402231596423290316e+00
4.157810997835706068e+00
-2.399563885148284115e+00
4.163573827449325471e+00
-2.402735450987028454e+00
4.157559489774069306e+00
-2.400067941583300613e+00
4.165391481929244577e+00
-2.403239767132635318e+00
4.157308310126083484e+00
-2.400572343656600882e+00
4.165140576499204883e+00
-2.403743934086590706e+00
4.157057100249601511e+00
-2.396919665887390138e+00
4.164889673749947008e+00
-2.404248120612358708e+00
4.156805814657442255e+00
-2.397423964551547382e+00
4.164638779082905806e+00
-2.404752331705407364e+00
4.158625086258210146e+00
-2.397928297206366466e+00
4.164387840144113895e+00
-2.405256537364145686e+00
4.158373966718438730e+00
-2.398432628207506578e+00
4.164136885085610196e+00
-2.401604927491511887e+00
4.158122823772083088e+00
-2.398936965723101000e+00
4.163885906786204849e+00
-2.402109095315532183e+00
4.157871659249398277e+00
-2.399441310964504304e+00
4.163634904667412151e+00
-2.402613269294475717e+00
4.157620470836201676e+00
-2.399945661883093884e+00
4.165452279596679297e+00
-2.403117450266105237e+00
4.157369259531086492e+00
-2.400450019373277843e+00
4.165201421093218670e+00
-2.403621637806238720e+00
4.157118025245451598e+00
-2.396797329034179747e+00
4.164950539574531874e+00
-2.404125831961456683e+00
4.156866767848489630e+00
-2.397301646279887510e+00
4.164699635141781542e+00
-2.404630032762151259e+00
4.158685991241902968e+00
-2.397805970060626013e+00
4.164448707726109866e+00
-2.405134240141911572e+00
4.158434877909773064e+00
-2.398310300283782226e+00
4.164197757404652478e+00
-2.405638454117685843e+00
4.158183741476753958e+00
-2.398814636979103909e+00
4.163946784151806746e+00
-2.401986807407652247e+00
4.157932581943015293e+00
-2.399318980111996957e+00
4.163695788008089593e+00
-2.402490980006995791e+00
4.157681399341409012e+00
-2.399823329680587758e+00
4.165513122471386609e+00
-2.402995159269109227e+00
4.157430193631238780e+00
-2.400327685614762618e+00
4.165262269555430663e+00
-2.403499345201668635e+00
4.157178964863139647e+00
-2.396675006538850905e+00
4.165011393655476901e+00
-2.404003537776040034e+00
4.156927713087005927e+00
-2.397179322239931576e+00
4.164760494763364740e+00
-2.404507736957298469e+00
4.156676438274884866e+00
-2.397683644423618698e+00
4.164509572931740067e+00
-2.405011942749824883e+00
4.158495788235410551e+00
-2.398187973117276606e+00
4.164258628140959928e+00
-2.405516155113259558e+00
4.158244657380855358e+00
-2.398692308223164371e+00
4.164007660466327643e+00
-2.401864520061973707e+00
4.157993503437681149e+00
-2.399196649788531310e+00
4.163756669877310301e+00
-2.402368691040771775e+00
4.157742326440959424e+00
-2.399700997807168612e+00
4.165573964030382825e+00
-2.402872868683716412e+00
4.157491126321048114e+00
-2.400205352187125829e+00
4.165323116697638106e+00
-2.403377053006996000e+00
4.157239903159626770e+00
-2.400709712969336884e+00
4.165072246359721397e+00
-2.403881243965886760e+00
4.156988656981067898e+00
-2.397056998589846888e+00
4.164821353031227247e+00
-2.404385441539036883e+00
4.156737387760307101e+00
-2.397561319206095831e+00
4.164570436761741767e+00
-2.404889645729660241e+00
4.158556697151950310e+00
-2.398065646288139341e+00
4.164319497563639949e+00
-2.405393856515814832e+00
4.158305571959777680e+00
-2.398569979877826608e+00
4.164068535408289584e+00
-2.401742233095998102e+00
4.158054423593515736e+00
-2.399074319857838589e+00
4.163817550393049238e+00
-2.402246402463868336e+00
4.157803252175442665e+00
-2.399578666303874286e+00
4.163566542457255437e+00
-2.402750578495663092e+00
4.157552057681615842e+00
-2.400083019159213293e+00
4.165383962466387757e+00
-2.403254761190936506e+00
4.157300840109727780e+00
-2.400587378390949933e+00
4.165133097709010634e+00
-2.403758950543116057e+00
4.157049599510328264e+00
-2.396934675312792251e+00
4.164882209958212123e+00
-2.404263146515584815e+00
4.156798335841171976e+00
-2.397438994328426887e+00
4.164631299271949416e+00
-2.404767349114024455e+00
4.158617604727933070e+00
-2.397943319857986033e+00
4.164380365619508417e+00
-2.405271558294238332e+00
4.158366485141833380e+00
-2.398447651878564457e+00
4.164129409028180184e+00
-2.401619946539009121e+00
4.158115342418873261e+00
-2.398951990329761141e+00
4.163878429541732373e+00
-2.402124114268568977e+00
4.157864176579973758e+00
-2.399456335200544022e+00
4.163627427168899331e+00
-2.402628288687376656e+00
4.157612987627266499e+00
-2.399960686456463765e+00
4.165444806923050081e+00
-2.403132469788940906e+00
4.157361775728525721e+00
-2.400465044211022470e+00
4.165193947687914289e+00
-2.403636657500554108e+00
4.157110540648725205e+00
-2.396812352387255540e+00
4.164943065553662116e+00
-2.404140851891347186e+00
4.156859282630597896e+00
-2.397316669884316021e+00
4.164692160391456177e+00
-2.404645052863429111e+00
4.158678510945379436e+00
-2.397820993807322054e+00
4.164441232332140252e+00
-2.405149260462446481e+00
4.158427396982919078e+00
-2.398325324275419668e+00
4.164190281287167394e+00
-2.405653474609706244e+00
4.158176259816884546e+00
-2.398829661122976908e+00
4.163939307384955768e+00
-2.402001826488973091e+00
4.157925099596171847e+00
-2.399334004449855229e+00
4.163688310553616212e+00
-2.402505999283935267e+00
4.157673916280613113e+00
-2.399838354186067502e+00
4.165505649984155845e+00
-2.403010178755272452e+00
4.157422709902518498e+00
-2.400342710328759122e+00
4.165254796370211565e+00
-2.403514364878671206e+00
4.157171480453278889e+00
-2.396690029865948812e+00
4.165003919779284303e+00
-2.404018557645342113e+00
4.156920228030215547e+00
-2.397194345792658332e+00
4.164753020186825694e+00
-2.404522757015307377e+00
4.156668952534990247e+00
-2.397698668170876068e+00
4.164502097670106373e+00
-2.405026963003263241e+00
4.158488307428404696e+00
-2.398202997019765803e+00
4.164251152219718755e+00
-2.405531175575462477e+00
4.158237175909139438e+00
-2.398707332339225395e+00
4.164000183848676429e+00
-2.401879539086324122e+00
4.157986021266961707e+00
-2.399211674087105894e+00
4.163749192584793590e+00
-2.402383710267649519e+00
4.157734843600088936e+00
-2.399716022312337049e+00
4.165566491677278549e+00
-2.402887888102969605e+00
4.157483642771945043e+00
-2.400220376864159455e+00
4.165315643673816126e+00
-2.403392072633670828e+00
4.157232418935146612e+00
-2.400724737846213763e+00
4.165064772642497637e+00
-2.403896263784469856e+00
4.156981172050866036e+00
-2.397072022061099705e+00
4.164813878643229828e+00
-2.404400461562269165e+00
4.156729902175245073e+00
-2.397576342898714241e+00
4.164562961669195928e+00
-2.404904665937242836e+00
4.158549216550276206e+00
-2.398080670177267670e+00
4.164312021787190510e+00
-2.405408876918830874e+00
4.158298090645065059e+00
-2.398585003938526583e+00
4.164061058964467321e+00
-2.401757252077112881e+00
4.158046941587220324e+00
-2.399089344107994570e+00
4.163810073266327016e+00
-2.402261421643742789e+00
4.157795769479219139e+00
-2.399593690743215824e+00
4.165627332067212585e+00
-2.402765597872327685e+00
4.157544574317364017e+00
-2.400098043805684700e+00
4.165376489598245691e+00
-2.403269780762830266e+00
4.157293356011391161e+00
-2.400602403186919975e+00
4.165125624184093489e+00
-2.403773970328956455e+00
4.157042114803431332e+00
-2.396949698787590677e+00
4.164874735696761476e+00
-2.404278166468785116e+00
4.156790850436219209e+00
-2.397454017982202590e+00
4.164623824339572344e+00
-2.404782369270945352e+00
4.158610124308932399e+00
-2.397958343712359497e+00
4.164372890001502014e+00
-2.405286578646029572e+00
4.158359003961112244e+00
-2.398462675864463378e+00
4.164121932770283863e+00
-2.401634965482458917e+00
4.158107860582703097e+00
-2.398967014538078146e+00
4.163870952577183537e+00
-2.402139133397118265e+00
4.157856694072061821e+00
-2.399471359611728971e+00
4.163619949516779606e+00
-2.402643308013002965e+00
4.157605504423823817e+00
-2.399975711051522520e+00
4.165437334224156629e+00
-2.403147489315385688e+00
4.157354291817954461e+00
-2.400480068978847470e+00
4.165186474313811615e+00
-2.403651677229115435e+00
4.157103056098999438e+00
-2.396827375805054672e+00
4.164935591465967590e+00
-2.404155871800499611e+00
4.156851797340272547e+00
-2.397331693448877754e+00
4.164684685658486707e+00
-2.404660072991968267e+00
4.158671030623207088e+00
-2.397836017559136668e+00
4.164433756914051266e+00
-2.405164280785758280e+00
4.158419915993074589e+00
-2.398340348236267072e+00
4.164182805181301461e+00
-2.405668495128298723e+00
4.158168778169780033e+00
-2.398844685302418789e+00
4.163931830572285442e+00
-2.402016845563195169e+00
4.157917617270222799e+00
-2.399349028827669095e+00
4.163680833059403064e+00
-2.402521018556970311e+00
4.157666433241955950e+00
-2.399853378733611375e+00
4.165498177452017003e+00
-2.403025198232753734e+00
4.157415226225784188e+00
-2.400357735108082036e+00
4.165247323123800527e+00
-2.403529384537772540e+00
4.157163996040310394e+00
-2.396705053210238745e+00
4.164996445883938136e+00
-2.404033577523325249e+00
4.156912742922080461e+00
-2.397209369324632355e+00
4.164745545602245969e+00
-2.404537777085862249e+00
4.156661466740878552e+00
-2.397713691894695742e+00
4.164494622407927338e+00
-2.405041983274031736e+00
4.158480826627674709e+00
-2.398218020953344798e+00
4.164243676268152505e+00
-2.405546196039372031e+00
4.158229694392894693e+00
-2.398722356442475778e+00
4.163992707225243173e+00
-2.401894558124138879e+00
4.157978539116992778e+00
-2.399226698426838666e+00
4.163741715248232111e+00
-2.402398729488457008e+00
4.157727360680384621e+00
-2.399731046771882426e+00
4.165559019342060409e+00
-2.402902907550538814e+00
4.157476159253620906e+00
-2.400235401590907980e+00
4.165308170596300208e+00
-2.403407092246540699e+00
4.157224934677318018e+00
-2.400739762716393777e+00
4.165057298915513684e+00
-2.403911283614379002e+00
4.156973687155264940e+00
-2.397087045586244969e+00
4.164806404203468482e+00
-2.404415481573817015e+00
4.156722416530074682e+00
-2.397591366560591020e+00
4.164555486583173760e+00
