6.957764383530142815e+00
-2.922250799186483672e+00
5.214940423373806588e+00
-3.168654870208071017e+00
2.861451759176484977e+00
-1.293809512420009744e+00
4.930440487437365960e+00
-2.326919216832942450e+00
4.451849307936274869e+00
-2.631150730047698172e+00
3.188472943637751911e+00
-1.718114577316255165e+00
4.956702351735820855e+00
-2.639059494806855533e+00
3.850904056664541830e+00
-2.250751841055643965e+00
3.357975701256598722e+00
-1.836356674842130721e+00
4.608884198642878793e+00
-2.570530158555438760e+00
3.571061359863506812e+00
-2.030839476825313739e+00
4.080055860331872175e+00
-2.316909185339155908e+00
3.511838106975971652e+00
-1.962708589128278058e+00
4.192408903136467302e+00
-2.381005939080562683e+00
3.499325329405462703e+00
-1.959065578851121536e+00
4.248316685447711905e+00
-2.410061650478720452e+00
3.501374907062548836e+00
-1.961660685689207373e+00
4.248178598951395379e+00
-2.411064430156733884e+00
3.499688240030644160e+00
-1.960998659740222472e+00
4.259719092104177207e+00
-2.413336914870615857e+00
3.498652062629492132e+00
-1.961171132960830787e+00
4.262916741401443055e+00
-2.415162901676716434e+00
3.498529447649325164e+00
-1.961708976815662586e+00
4.259477114108543461e+00
-2.413307493353683775e+00
3.502272090080511990e+00
-1.965377014987876869e+00
4.258513871185859223e+00
-2.413099264667869281e+00
3.499008064065341816e+00
-1.963676848866239499e+00
4.259665145382649065e+00
-2.412969433917783402e+00
3.500635408740174981e+00
-1.965301021627418043e+00
4.255311034080884625e+00
-2.412568803692051400e+00
3.498675341326061172e+00
-1.959952082302533594e+00
4.252907125566222746e+00
-2.411990390338478729e+00
3.498112341664458391e+00
-1.960064091078044024e+00
4.253118694586995652e+00
-2.412597765252653126e+00
3.500444990120532562e+00
-1.960694479352922182e+00
4.259366997693377677e+00
-2.416223436272549208e+00
3.499757572930386473e+00
-1.960865186098008417e+00
4.261643430306623515e+00
-2.417982618639156200e+00
3.498900609318999155e+00
-1.960859737976179185e+00
4.262956114952381803e+00
-2.414925257184010299e+00
3.498309436916873238e+00
-1.961072104564590912e+00
4.263820473671978917e+00
-2.415815475193366701e+00
3.498705228863840055e+00
-1.962102706853319889e+00
4.261485463679175467e+00
-2.415124776446585297e+00
3.498316688152375065e+00
-1.962331040397959026e+00
4.262745848809680105e+00
-2.415109440937548868e+00
3.498942550103911309e+00
-1.963496490594877741e+00
4.260316083982550239e+00
-2.414481144700935111e+00
3.498684213333608906e+00
-1.959481179257548833e+00
4.255433159617187044e+00
-2.411217792653218339e+00
3.502197820887170909e+00
-1.962784879161562079e+00
4.249500192934759113e+00
-2.409890229327629196e+00
3.499215676683454124e+00
-1.960927195740685969e+00
4.256762213408230799e+00
-2.414675139492811873e+00
3.500398328022380046e+00
-1.961014554001952348e+00
4.258867116257246010e+00
-2.415756962853950363e+00
3.500850937931189844e+00
-1.961773804718858649e+00
4.262488025132084246e+00
-2.418284260597303614e+00
3.499392041822065202e+00
-1.961419519960703184e+00
4.259672993103789551e+00
-2.412989105007929513e+00
3.501202876933957153e+00
-1.963706957573509326e+00
4.255064528212332498e+00
-2.411338892353982466e+00
3.500267927438672544e+00
-1.963428791982643196e+00
4.254447877657531407e+00
-2.409334746342656430e+00
3.500671320688878652e+00
-1.964079772293543913e+00
4.256297912350186508e+00
-2.412348156092343210e+00
3.498882801459077818e+00
-1.963624340698526760e+00
4.259851692282947688e+00
-2.414365828003859349e+00
3.499061078152963855e+00
-1.960001969162536106e+00
4.259115325328600932e+00
-2.414615980124166228e+00
3.498491742149087536e+00
-1.960034162311815376e+00
4.265373919467140951e+00
-2.418372678551443222e+00
3.497684805565534294e+00
-1.960321629727207915e+00
4.258391213033910105e+00
-2.414288055626822249e+00
3.502582427910833296e+00
-1.962734728251664951e+00
4.252931295458056482e+00
-2.413313463044487683e+00
3.500141356320494168e+00
-1.961455355174392734e+00
4.259590552615911463e+00
-2.412991229665617965e+00
3.499189393437835527e+00
-1.961472149158668410e+00
4.261178350513515234e+00
-2.414112874392573715e+00
3.499152135279479658e+00
-1.962076221257550435e+00
4.259803506798807149e+00
-2.413919047721404532e+00
3.499219584334677169e+00
-1.962756171436240704e+00
4.260402752025115980e+00
-2.413624303989279518e+00
3.499670476124384866e+00
-1.963774473891368721e+00
4.259107001939455905e+00
-2.413747691712194499e+00
3.498777114497559459e+00
-1.963688369344582796e+00
4.256731296830992051e+00
-2.411856838466651887e+00
3.500558152854571503e+00
-1.961260648647741522e+00
4.252550179657119678e+00
-2.411279006298396421e+00
3.499350736638209725e+00
-1.960901334924876060e+00
4.256596455405674106e+00
-2.414299901813791394e+00
3.500559483694883678e+00
-1.960833877517186297e+00
4.258855486392981504e+00
-2.415578143413175116e+00
3.500773526036404792e+00
-1.961429560920802562e+00
4.263288934889081894e+00
-2.418488915243380166e+00
3.499640149750658402e+00
-1.961532604704251170e+00
4.262021142153460396e+00
-2.414206082033103051e+00
3.498904466960236270e+00
-1.961410722538431406e+00
4.261457373642559610e+00
-2.414421488462523691e+00
3.498810890780360783e+00
-1.961969145339391929e+00
4.260343831933200320e+00
-2.414305709231228558e+00
3.499270033973214566e+00
-1.962995815892259133e+00
4.260394246943429053e+00
-2.413882832195859862e+00
3.499076796697000891e+00
-1.963454251220411395e+00
4.260156758779502617e+00
-2.414267048834701335e+00
3.498854089251979715e+00
-1.959503770476264339e+00
4.260272685605533738e+00
-2.415023082732815851e+00
3.498321900281599284e+00
-1.959764091122534468e+00
4.255549077256418400e+00
-2.411261090163507870e+00
3.502996017434736764e+00
-1.963674992021620991e+00
4.247441054186568365e+00
-2.409166606006142075e+00
3.501852689293471599e+00
-1.961609192775817911e+00
4.251799663810174046e+00
-2.411837137041053403e+00
3.502610314918612300e+00
-1.962845021098121423e+00
4.255928285542157852e+00
-2.415166846229531927e+00
3.500132549000003035e+00
-1.961956969914504301e+00
4.255906677179114084e+00
-2.410355193101426874e+00
3.500639749627066255e+00
-1.962635427924433573e+00
4.249930136090749322e+00
-2.407352723017431195e+00
3.500369623602414659e+00
-1.962948232942410609e+00
4.255825241901730394e+00
-2.412547386411250550e+00
3.499109868681679281e+00
-1.963109733649170074e+00
4.255659166722259634e+00
-2.412341207444550939e+00
3.497772037091146480e+00
-1.962630751655066508e+00
4.257134136758862653e+00
-2.413462614998590716e+00
3.498116358822642269e+00
-1.959217574787060379e+00
4.258247766068470774e+00
-2.412740976212940591e+00
3.501865545302593752e+00
-1.962593817187351375e+00
4.256458316736013714e+00
-2.414153435275198767e+00
3.497891046208522425e+00
-1.960328603913236822e+00
4.260491469333350878e+00
-2.416265417733159282e+00
3.500412790226700377e+00
-1.961013815282633521e+00
4.259963249695747578e+00
-2.416717378123419468e+00
3.499562324347174513e+00
-1.960964911502874441e+00
4.260917203223280936e+00
-2.417710409940365679e+00
3.499178471830291848e+00
-1.961312110133646147e+00
4.261184743703456235e+00
-2.414107664314742330e+00
3.498744279123372269e+00
-1.961623998310853434e+00
4.261761195113476397e+00
-2.415005809996035868e+00
3.498288216249269666e+00
-1.961932049991074400e+00
4.264351085645201600e+00
-2.415836721119290154e+00
3.497967244832898004e+00
-1.962344339837506668e+00
4.264494449929337350e+00
-2.416388060988976072e+00
3.497972580277329158e+00
-1.963008516543790272e+00
4.262672499715639773e+00
-2.415908378731756123e+00
3.498279329393171544e+00
-1.959466601731581825e+00
4.261001695743072304e+00
-2.415631862051625944e+00
3.498040151691632627e+00
-1.959881039700662519e+00
4.260666365597959526e+00
-2.416030658511969520e+00
3.497814968322884077e+00
-1.960354238127377746e+00
4.260130027749648995e+00
-2.416192602329229722e+00
3.500305623853184223e+00
-1.961074796905731166e+00
4.259309325962654214e+00
-2.416509478327374172e+00
3.499707702119974506e+00
-1.961256637705838690e+00
4.260613783816198818e+00
-2.413391053105060635e+00
3.499273915358507292e+00
-1.961585652726718143e+00
4.260301021081945194e+00
-2.413666287405042077e+00
3.499233887304880497e+00
-1.962174554748100430e+00
4.259353435759151374e+00
-2.413753436056571111e+00
3.499121274271762339e+00
-1.962729712977266061e+00
4.260421279592417676e+00
-2.413683383901139567e+00
3.499401486259922311e+00
-1.963591704410728278e+00
4.260493429565121559e+00
-2.414664626227564170e+00
3.498337434348592456e+00
-1.963341024279112057e+00
4.268244974996155960e+00
-2.419145505528523810e+00
3.497906085765419171e+00
-1.959770637701744311e+00
4.258956537758375127e+00
-2.413113305694547517e+00
3.503639622770601036e+00
-1.964512733837009195e+00
4.240817671810729550e+00
-2.404476665005194302e+00
3.502649055528439526e+00
-1.961709084495696587e+00
4.245334612504649385e+00
-2.407098144362024073e+00
3.503424715583362214e+00
-1.963003459510945792e+00
4.242935224463266763e+00
-2.406766363898128702e+00
3.502113913794377087e+00
-1.962706788815494985e+00
4.249630272129099495e+00
-2.407453216582355005e+00
3.501416049895017757e+00
-1.963209879284869785e+00
4.252391942072778264e+00
-2.409851912789555684e+00
3.500043121438745963e+00
-1.962915981003438448e+00
4.257160851616565544e+00
-2.412950853235560800e+00
3.499838631239373665e+00
-1.963643196134531754e+00
4.259607656270647524e+00
-2.413698805625498878e+00
3.498782414076118563e+00
-1.963177941145402672e+00
4.267280282833126215e+00
-2.418209581467626546e+00
3.498023254092967882e+00
-1.959315223788122617e+00
4.264710729485588381e+00
-2.417360647525215178e+00
3.497863894652743166e+00
-1.959730348672248157e+00
4.263722719638404435e+00
-2.417408713493173433e+00
3.497283692684550527e+00
-1.959701251411931189e+00
4.262449372635447986e+00
-2.417189459756420078e+00
3.499802811629107779e+00
-1.960417747535057043e+00
4.259861493791124332e+00
-2.416134738402114124e+00
3.500729236707343706e+00
-1.961932924926399924e+00
4.259043281574730777e+00
-2.416683397398027289e+00
3.499733056741872073e+00
-1.961657442081790936e+00
4.259612392670441672e+00
-2.413161332719886865e+00
3.499542304230923939e+00
-1.962172130930911917e+00
4.258823665274423576e+00
-2.412975838069071344e+00
3.501232992034764901e+00
-1.964313437763989700e+00
4.256115558217548944e+00
-2.411380035837981772e+00
3.499912245809626565e+00
-1.963728197747442783e+00
4.259006367262868409e+00
-2.413641175230344604e+00
3.497865430088674454e+00
-1.962844319091400447e+00
4.264917408832653578e+00
-2.417078654682231598e+00
3.498024493990399275e+00
-1.959397110262750541e+00
4.259038707384398492e+00
-2.413125556323811427e+00
3.503667426386316563e+00
-1.964352050528797911e+00
4.246540719399265029e+00
-2.408640646720417777e+00
3.498661369401852461e+00
-1.960517153790067191e+00
4.255198446133579893e+00
-2.413385293097300544e+00
3.501972914297463824e+00
-1.962306751509357294e+00
4.250807416120898630e+00
-2.410821806477517981e+00
3.501133824777856951e+00
-1.961715773443868605e+00
4.247171769099912453e+00
-2.406642188755113487e+00
3.499491583229740854e+00
-1.961318176575681527e+00
4.259005241115695561e+00
-2.413096981978244404e+00
3.499107532488408889e+00
-1.961977156738237804e+00
4.260700309788927775e+00
-2.414450905651602142e+00
3.498687770160249233e+00
-1.962309318829958960e+00
4.262822370176309938e+00
-2.415082931319675996e+00
3.498183767349384965e+00
-1.962552372269979584e+00
4.263568564425690433e+00
-2.416071148952236847e+00
3.497698828846388608e+00
-1.962841632451105989e+00
4.264161271569117950e+00
-2.416918041132171346e+00
3.497566746705467189e+00
-1.959296566166377263e+00
4.261540760822541962e+00
-2.414364170954332423e+00
3.501337426440719103e+00
-1.962687095279811000e+00
4.252105972422489444e+00
-2.411777994103095679e+00
3.500854002246251984e+00
-1.960812450800175633e+00
4.256599979567707415e+00
-2.414248811514963400e+00
3.501985086531975266e+00
-1.962558822583665874e+00
4.253558946851603295e+00
-2.413387865183182157e+00
3.501138970456010302e+00
-1.962408688931606804e+00
