7.046758403984549446e+00
-3.018914320132502382e+00
5.026622691623469308e+00
-3.083609061533017393e+00
2.606973347822742149e+00
-1.965587040625982329e-01
4.132102781566207028e+00
-1.653869506996127114e+00
4.805310520563763177e+00
-2.753763716298797792e+00
3.196275577155932357e+00
-1.724399199364040625e+00
5.069104200802931892e+00
-2.566376236815191003e+00
3.999183830774488246e+00
-2.353386972316136472e+00
3.394152364436491709e+00
-1.854343118697934001e+00
4.900963190935600622e+00
-2.651778569957645715e+00
3.600640133427006617e+00
-2.059621389844741746e+00
4.617521525624132650e+00
-2.577813872886506097e+00
3.410095833377461805e+00
-1.899115648437690984e+00
4.929005559990734753e+00
-2.654409325880931370e+00
3.626142151901078137e+00
-2.080328129834799977e+00
4.560749819273638650e+00
-2.556026863119115422e+00
3.389240004597185330e+00
-1.880314417273932559e+00
4.951004577407188023e+00
-2.654535733221508043e+00
3.656360377146511631e+00
-2.103728689927774287e+00
4.487301551672349120e+00
-2.523714945473956028e+00
3.371402466479047177e+00
-1.862207284003786878e+00
4.968542184823961705e+00
-2.654514690649329545e+00
3.677685062155110263e+00
-2.120796113435980956e+00
4.436778104283745527e+00
-2.502051824896733834e+00
3.357418973310771548e+00
-1.848848113162363749e+00
4.975562109887157192e+00
-2.649279553422937195e+00
3.698896625430294627e+00
-2.136684163669586134e+00
4.381234079077026777e+00
-2.476626126583447718e+00
3.349092949781649953e+00
-1.839934784501549014e+00
4.988653636991326579e+00
-2.653438153139874967e+00
3.705091979337649999e+00
-2.141977196010347306e+00
4.345079499625200015e+00
-2.460223913114573335e+00
3.341935530670880450e+00
-1.832704605992871105e+00
4.991367898811538417e+00
-2.650992983788986734e+00
3.715182282797088842e+00
-2.149685538881478841e+00
4.339520831680053981e+00
-2.456413578036902301e+00
3.345019178633554802e+00
-1.835125023361825924e+00
4.988277257719797575e+00
-2.651605096829350749e+00
3.709204193257004789e+00
-2.145110638201455089e+00
4.333497789098103681e+00
-2.454586022667840872e+00
3.342834834401296362e+00
-1.833525922861678703e+00
4.991978398190973998e+00
-2.652282194345271904e+00
3.712467292688729437e+00
-2.147757130536072978e+00
4.325263784841375525e+00
-2.450512686321151268e+00
3.341362324049037547e+00
-1.831698304986181247e+00
4.991703273595087254e+00
-2.651539291998333159e+00
3.714564680318058976e+00
-2.149424251683068388e+00
4.341151578342764772e+00
-2.457453896784592473e+00
3.344873121960450835e+00
-1.835259769118730233e+00
4.988122281017439263e+00
-2.651596467118900069e+00
3.709314580432116149e+00
-2.145363669185214039e+00
4.332855036739200472e+00
-2.454423841431671693e+00
3.342808365503617374e+00
-1.833687439380057072e+00
4.990741855864690990e+00
-2.651571197811259495e+00
3.713534393452272209e+00
-2.148754863418525840e+00
4.344931347382768649e+00
-2.459744929179844775e+00
3.343769791291986593e+00
-1.834563379506800374e+00
4.989077033518190873e+00
-2.651493235294058337e+00
3.710940682371804744e+00
-2.146721699118230742e+00
4.328404476337721185e+00
-2.452280763942669140e+00
3.342890252143587038e+00
-1.833617978354025624e+00
4.984031535491437737e+00
-2.648674452679427471e+00
3.711023954033236816e+00
-2.146376585401836845e+00
4.349529237708519958e+00
-2.462023950198468647e+00
3.343954529393323938e+00
-1.834982452540145692e+00
4.988846420260228953e+00
-2.651545466252795524e+00
3.710728285003896509e+00
-2.146676083956164494e+00
4.328759301543462001e+00
-2.452558838142524511e+00
3.342964943789974441e+00
-1.833835636993702112e+00
4.988734082113069235e+00
-2.651641921855475204e+00
3.710460156374623786e+00
-2.146535612636612633e+00
4.329384508757802230e+00
-2.452924502952239738e+00
3.343114425604918782e+00
-1.834314107485774281e+00
4.989901411782513563e+00
-2.651613129083962406e+00
3.712806494027195203e+00
-2.148462182837810097e+00
4.346423319262579632e+00
-2.460776924242966679e+00
3.343541447461724214e+00
-1.834740766190773309e+00
4.989203462312902460e+00
-2.651733644104667498e+00
3.711942653090054556e+00
-2.147905918910244960e+00
4.348545079445119477e+00
-2.461770837204545259e+00
3.343796508778894783e+00
-1.835079061112994125e+00
4.988786930054088131e+00
-2.651759922426910610e+00
3.710675007585366281e+00
-2.146880928516946785e+00
4.328724698892880696e+00
-2.452781150874834282e+00
3.343409522229664699e+00
-1.834645182030205435e+00
4.990569949119546322e+00
-2.652958448087317844e+00
3.710106106517408797e+00
-2.146613159339433530e+00
4.330439993978512980e+00
-2.453694459995543475e+00
3.343440356991374873e+00
-1.834763937510937248e+00
4.988455802754371504e+00
-2.652043266464199078e+00
3.709656739803671499e+00
-2.146237450704954863e+00
4.331109117783061180e+00
-2.454083535806567351e+00
3.343279606078027211e+00
-1.834698265703341713e+00
4.988559344865039158e+00
-2.652050230506469042e+00
3.709872142376136051e+00
-2.146461521048331544e+00
4.330446978120606083e+00
-2.453806215253268252e+00
3.343375752074551954e+00
-1.834838624996565359e+00
4.988446458654418159e+00
-2.652133438339387084e+00
3.709634268168861215e+00
-2.146342869666523434e+00
4.331013352313100029e+00
-2.454142137381405853e+00
3.343241828516918090e+00
-1.834794947197727399e+00
4.988521636893515243e+00
-2.652144678609922313e+00
3.709803529227512886e+00
-2.146531666505357538e+00
4.330474548013210523e+00
-2.453926389352124371e+00
3.343315447106086857e+00
-1.834917289635863424e+00
4.988431966692693287e+00
-2.652222998737718829e+00
3.709606734200707745e+00
-2.146444303392151198e+00
4.330931055074205283e+00
-2.454207474687017942e+00
3.343201335556785558e+00
-1.834889501923478772e+00
4.988483274022708969e+00
-2.652235831674282451e+00
3.709741935843015259e+00
-2.146606901549611202e+00
4.330482938351165600e+00
-2.454037012264319362e+00
3.343258077710605569e+00
-1.834998350325743433e+00
4.988408564550970148e+00
-2.652309204123167952e+00
3.709575777161534749e+00
-2.146542728259465349e+00
4.330856792619001361e+00
-2.454276844340989250e+00
3.343159185278036460e+00
-1.834982756252099945e+00
4.988444511017451788e+00
-2.652325098101243395e+00
3.709684311422940972e+00
-2.146685011029840329e+00
4.330480393246809001e+00
-2.454142187482826643e+00
3.343202468399514959e+00
-1.835080845371502178e+00
4.988380493559226636e+00
-2.652393912396931341e+00
3.709542414306227442e+00
-2.146639131637816167e+00
4.330788416667799012e+00
-2.454349162015358132e+00
3.343115838586887101e+00
-1.835075070208698644e+00
4.988405473670551871e+00
-2.652413077097009797e+00
3.709629384264712559e+00
-2.146765073114772271e+00
4.330470367757230932e+00
-2.454243635190064055e+00
3.343148108985243283e+00
-1.835164356886283210e+00
4.988349549381395853e+00
-2.652477854501219756e+00
3.709507209207475675e+00
-2.146734028240328662e+00
4.330724671731419839e+00
-2.454423796872613472e+00
3.343071558604156390e+00
-1.835166649245733250e+00
4.988366272421804304e+00
-2.652500120779972548e+00
3.709576456489026342e+00
-2.146846584526160839e+00
4.330454775349023677e+00
-2.454342308236584724e+00
3.343094706425264739e+00
-1.835248644937613749e+00
4.988316694078096525e+00
-2.652561392848374666e+00
3.709470532213333005e+00
-2.146827743503682218e+00
4.330664699394392692e+00
-2.454500318476445120e+00
3.343026523285699270e+00
-1.835257632466383404e+00
4.988326992980833374e+00
-2.652586463034061204e+00
3.709525082045102895e+00
-2.146929224606966446e+00
4.330434849456059609e+00
-2.454438821002888016e+00
3.343042064818674053e+00
-1.835333549385058660e+00
4.988282507703882374e+00
-2.652644726349888682e+00
3.709432652219876836e+00
-2.146920506767409975e+00
4.330607855303591158e+00
-2.454578404111308565e+00
3.342980865153062364e+00
-1.835348123668606446e+00
4.988287697695491296e+00
-2.652672269646813241e+00
3.709474947825389002e+00
-2.147012768485840439e+00
4.330411461562913900e+00
-2.454533607709830978e+00
3.342990041151922220e+00
-1.835418953592188318e+00
4.988247364973545928e+00
-2.652727969131371655e+00
3.709393776348739458e+00
-2.147012490474625057e+00
4.330553629315974540e+00
-2.454657798475734509e+00
3.342934688354525008e+00
-1.835438204616527624e+00
4.988248429266000095e+00
-2.652757662357794199e+00
3.709425820610173119e+00
-2.147097048507367489e+00
4.330385263503885973e+00
-2.454626993224786613e+00
3.342938525397589178e+00
-1.835504768042882429e+00
4.988211519041889197e+00
-2.652811187382221103e+00
3.709354069915167251e+00
-2.147103829591067825e+00
4.330501605163235013e+00
-2.454738293356244050e+00
3.342888077279110526e+00
-1.835527941720773271e+00
4.988209214890379606e+00
-2.652842732425179317e+00
3.709377519836360992e+00
-2.147181934568128447e+00
4.330356761009632294e+00
-2.454719229661338709e+00
3.342887430231615387e+00
-1.835590921867700676e+00
4.988175146405317228e+00
-2.652894418873944282e+00
3.709313667685987692e+00
-2.147194632412369852e+00
4.330451437507325529e+00
-2.454819716086610981e+00
3.342841101449660179e+00
-1.835617389810903610e+00
4.988170070155675262e+00
-2.652927549143300201e+00
3.709329902189427486e+00
-2.147267323079734336e+00
4.330326355686862527e+00
-2.454810517268995351e+00
3.342836684987591234e+00
-1.835677357838503498e+00
4.988138373121311808e+00
-2.652977684124894875e+00
3.709272680972429015e+00
-2.147284987246510291e+00
4.330402837137098615e+00
-2.454901922106259349e+00
3.342793818716507825e+00
-1.835706594600806429e+00
4.988131002272420567e+00
-2.653012165627573804e+00
3.709282851949647686e+00
-2.147353130106577801e+00
4.330294371642873230e+00
-2.454901017682150410e+00
3.342786231788880347e+00
-1.835764029177590295e+00
4.988101290993459003e+00
-2.653060993099610521e+00
3.709231202455745446e+00
-2.147374966863534240e+00
4.330355560628182943e+00
-2.454984789767745035e+00
3.342746277495967089e+00
-1.835795594417624521e+00
4.988092012684893106e+00
-2.653096622905128932e+00
3.709236274588047166e+00
-2.147439286836386074e+00
4.330261073312576592e+00
-2.454990862796310847e+00
3.342736022847728972e+00
-1.835850897325864484e+00
4.988063967998566994e+00
-2.653144349348101727e+00
3.709189309707061621e+00
-2.147464631659569356e+00
4.330309402494213700e+00
-2.455068216404582504e+00
3.342698518417867248e+00
-1.835884421469401673e+00
4.988053099065376195e+00
-2.653180952871267095e+00
3.709190092300821640e+00
-2.147525736436128430e+00
4.330226678007413454e+00
-2.455080161016885754e+00
3.342686018497831757e+00
-1.835937930323377154e+00
4.988026455213480759e+00
-2.653227752611669210e+00
3.711372049119101124e+00
-2.147554031994893808e+00
4.332287426096575800e+00
-2.455152115250068157e+00
3.345118445279812391e+00
-1.835973102895519515e+00
4.989947710212591758e+00
-2.653265180490921082e+00
3.711369225577162201e+00
-2.147612431676177103e+00
4.332214635804460201e+00
-2.455169001993010802e+00
3.345104062898540676e+00
-1.836025101574359608e+00
4.989922257225948066e+00
-2.653311200463404962e+00
3.711329541464317927e+00
-2.147643209993376434e+00
4.332243043524800719e+00
-2.455236412946600666e+00
3.345070375938176355e+00
-1.836061661573432646e+00
4.989908967225172631e+00
-2.653349325417433846e+00
3.711323681242816974e+00
-2.147699333175651759e+00
4.332178585357921108e+00
-2.455257460136992531e+00
3.345054403387009323e+00
-1.836112388889052482e+00
4.989884507252057233e+00
-2.653394689343133717e+00
3.711286785766396701e+00
-2.147732200985704942e+00
4.332199334263145296e+00
-2.455321047419719793e+00
3.345022176061202668e+00
-1.836150116794017517e+00
4.989870283223790892e+00
-2.653433403219723985e+00
3.711278369133327093e+00
-2.147786408007598791e+00
4.332141891139084322e+00
-2.455345597399429813e+00
3.345004864621798024e+00
-1.836199773706496563e+00
4.989846659553037078e+00
-2.653478215211275248e+00
3.711243820885157252e+00
-2.147821034627151793e+00
4.332156193280083833e+00
-2.455405966199481593e+00
3.344973866084820280e+00
-1.836238484835844176e+00
4.989831651648684030e+00
-2.653517426301748916e+00
3.711233251925764698e+00
-2.147873628589406447e+00
4.332104656714689916e+00
