6.774104210215328159e+00
-2.749529115707689986e+00
5.458659521240409873e+00
-3.247614988850177742e+00
3.323275720741868167e+00
-1.888077543589214313e+00
4.108744611644794986e+00
-2.324369344688911099e+00
3.734518729223353706e+00
-2.131362615960040952e+00
3.717254936876809523e+00
-2.104306775361550308e+00
3.769360964533076341e+00
-2.138098270943904922e+00
3.750978067515700509e+00
-2.126868747683657190e+00
3.751397992299438489e+00
-2.126876963534853893e+00
3.752017480772169566e+00
-2.126214464723656050e+00
3.752425623088419648e+00
-2.125451103924343776e+00
3.753586693875320179e+00
-2.129722269280123648e+00
3.753121881175605523e+00
-2.128251470654488386e+00
3.753050671753995093e+00
-2.127012365207802347e+00
3.752337722155766997e+00
-2.127056545810143362e+00
3.751531715791732946e+00
-2.125333993496551166e+00
3.754953641673013376e+00
-2.131453959658734298e+00
3.752360789455380985e+00
-2.128435933135727876e+00
3.752871892666527653e+00
-2.127503732985615237e+00
3.755345968829354675e+00
-2.128450580997747643e+00
3.751156129674322326e+00
-2.125987164867821910e+00
3.753112075845153939e+00
-2.126251336060727581e+00
3.752315229859945145e+00
-2.128888045271991825e+00
3.754447889382076742e+00
-2.129445636760829430e+00
3.752137434037332131e+00
-2.126626636205179999e+00
3.752368996678272950e+00
-2.127204027705110967e+00
3.753262830092353397e+00
-2.127081888361821882e+00
3.751064690743656005e+00
-2.128611343433341574e+00
3.753583329553679349e+00
-2.129202226875973825e+00
3.753491511857367513e+00
-2.128250347455062474e+00
3.753718502840367677e+00
-2.127295670558366325e+00
3.751571583794802489e+00
-2.126366314246731726e+00
3.752405090260024778e+00
-2.125794609357866349e+00
3.754409001920606226e+00
-2.130836737766697020e+00
3.752573441013961730e+00
-2.128241204528880992e+00
3.753969859951922672e+00
-2.128209576382838364e+00
3.751436686773259588e+00
-2.126975597339090474e+00
3.752887148557964458e+00
-2.126883275319358280e+00
3.752350090977382813e+00
-2.125359554217577607e+00
3.753569514937832974e+00
-2.129678010625836393e+00
3.752696841649790116e+00
-2.127849623422321201e+00
3.753502577286446318e+00
-2.127336203241383394e+00
3.751961310612599299e+00
-2.126725897550019617e+00
3.753389399890313616e+00
-2.126840762574981447e+00
3.752193600602565127e+00
-2.129167809155246616e+00
3.753393960073195146e+00
-2.128869399050720812e+00
3.753627573200180478e+00
-2.128009705115146311e+00
3.751730777625086777e+00
-2.127199040189732493e+00
3.752169949164566365e+00
-2.126443543435827088e+00
3.752562707006092069e+00
-2.125658948645887669e+00
3.752927798190044406e+00
-2.129177284017409022e+00
3.753074940255880954e+00
-2.128188292374477264e+00
3.753952719721772802e+00
-2.127768326455020897e+00
3.752055931980542880e+00
-2.127025387249004140e+00
3.752204529145564571e+00
-2.126037333774127625e+00
3.752781701873563414e+00
-2.129696328657724180e+00
3.753142689064963733e+00
-2.128896345341147800e+00
3.753542870331286530e+00
-2.128113600690340945e+00
3.753942845082174795e+00
-2.127330020301882119e+00
3.751955100571698232e+00
-2.126442980511007441e+00
3.752460709336840061e+00
-2.125749059974329391e+00
3.753484055334308955e+00
-2.129891611865724954e+00
3.752252671051790056e+00
-2.127821484440318933e+00
3.754091735841571964e+00
-2.127997299921253749e+00
3.751058789616079192e+00
-2.126314852695335489e+00
3.754393854370507544e+00
-2.128028864915819440e+00
3.751738001873678563e+00
-2.129220032983978772e+00
3.754604162516825827e+00
-2.130439867981837487e+00
3.752860340496241953e+00
-2.128036961552073336e+00
3.753479795689844689e+00
-2.127156261996761000e+00
3.753198458471529442e+00
-2.127682848959818518e+00
3.750760553576446110e+00
-2.124769210564256383e+00
3.753335557690645974e+00
-2.129724764917195756e+00
3.754226789125838515e+00
-2.129608584108170444e+00
3.752024135458483123e+00
-2.126800860651181679e+00
3.752254912773454798e+00
-2.127375133979843458e+00
3.752397512057068507e+00
-2.126615221260608202e+00
3.752213596813348762e+00
-2.125339304538924168e+00
3.752484510871976653e+00
-2.128614047186479841e+00
3.754999834536515646e+00
-2.129615056579109211e+00
3.753038906942174791e+00
-2.127133133181044577e+00
3.752149935564777827e+00
-2.126919909295664546e+00
3.752402543696504278e+00
-2.126081240978950682e+00
3.752740284877998711e+00
-2.129580494949828484e+00
3.753189311414561580e+00
-2.128830183350176597e+00
3.753583882768245505e+00
-2.128047858915547597e+00
3.753969114105164540e+00
-2.127252760344223947e+00
3.751954111108624090e+00
-2.126341440982195685e+00
3.752619214673190040e+00
-2.125769925785236047e+00
3.752204120771399865e+00
-2.128607839419092151e+00
3.755393662604247229e+00
-2.130203924040884544e+00
3.752914131756238447e+00
-2.127425401343884914e+00
3.752734171798998375e+00
-2.127701568444529734e+00
3.751901868187177413e+00
-2.126018293586568575e+00
3.752225038909555721e+00
-2.129356236189142493e+00
3.753008939706881542e+00
-2.128811007143944778e+00
3.753832190643481947e+00
-2.128528831140596989e+00
3.754414916228845378e+00
-2.127884893164597280e+00
3.752957292433741099e+00
-2.127624344653741950e+00
3.751960919113349391e+00
-2.125553127328287051e+00
3.753167033270398356e+00
-2.129763075661390559e+00
3.752884497490753368e+00
-2.128509996567417240e+00
3.754550108758567095e+00
-2.128565008233084477e+00
3.750805167450852462e+00
-2.126386406128522033e+00
3.752252300137129293e+00
-2.126236803862624480e+00
3.753668772021108158e+00
-2.126483105660462947e+00
3.752371765806238990e+00
-2.128711814604436370e+00
3.753027859852568149e+00
-2.127947906182557247e+00
3.753851114263893063e+00
-2.127479442981814461e+00
3.753042676082303686e+00
-2.127740395570137721e+00
3.751671879427640466e+00
-2.125563837757116659e+00
3.752293036397709614e+00
-2.129093230217670385e+00
3.753531120730662529e+00
-2.128945866869281556e+00
3.752924738607192445e+00
-2.127361512405602895e+00
3.753720727317668260e+00
-2.128843238486710199e+00
3.751462126078338954e+00
-2.126228948471544200e+00
3.752761150886683605e+00
-2.125775894647743414e+00
3.752875272562322451e+00
-2.129148810486099386e+00
3.753555734333021476e+00
-2.128580069949958187e+00
3.753679478431890537e+00
-2.127589767550590150e+00
3.751963368080426964e+00
-2.126897814921448138e+00
3.752339207063011717e+00
-2.126106888973116504e+00
3.752736977090295856e+00
-2.129654549179658574e+00
3.753134371221503951e+00
-2.128868625884688726e+00
3.753402526184781873e+00
-2.127972271436953555e+00
3.753973696988031516e+00
-2.127329071188898801e+00
3.752989300444424803e+00
-2.127350183387577864e+00
3.750951572277626322e+00
-2.124706799331244511e+00
3.753510936496086359e+00
-2.129712718413625971e+00
3.753457090083618386e+00
-2.128930707743083239e+00
3.752914587042261552e+00
-2.127234632319858765e+00
3.754127089025405706e+00
-2.129016405736744666e+00
3.751192940470790660e+00
-2.125751288470457467e+00
3.752293592036944681e+00
-2.129464192183405657e+00
3.754121041545466664e+00
-2.129901868789115582e+00
3.752671518488001734e+00
-2.127726174587665220e+00
3.754117652453814902e+00
-2.127576568369090815e+00
3.752049600935268181e+00
-2.126705181371235653e+00
3.752406181128314255e+00
-2.125884252390088047e+00
3.752851595825473119e+00
-2.129462880027649163e+00
3.753195220844855129e+00
-2.128635852034539866e+00
3.753294022247155581e+00
-2.127610420071047059e+00
3.752011276124811001e+00
-2.127266108001875544e+00
3.752353117400900828e+00
-2.126528151937286282e+00
3.752477912812289595e+00
-2.125508259032668157e+00
3.753077150843805665e+00
-2.129178563489475096e+00
3.753423036954085745e+00
-2.128367720015650555e+00
3.753822154834073554e+00
-2.127582920947385325e+00
3.751968779592776748e+00
-2.126810788411734876e+00
3.752363713525116218e+00
-2.126025315182922704e+00
3.752690726351583628e+00
-2.129510903804925803e+00
3.752885813414494898e+00
-2.128572978806720695e+00
3.754134340171107809e+00
-2.128504353518973602e+00
3.752939802258883795e+00
-2.126410291711467782e+00
3.754616326205038046e+00
-2.128605514802065724e+00
3.751506811030821620e+00
-2.125273154149632582e+00
3.752511977093194506e+00
-2.128907725862219991e+00
3.754487875663654606e+00
-2.129458247960612560e+00
3.752916589480217002e+00
-2.127194681635677043e+00
3.752135028147729479e+00
-2.127063888064218311e+00
3.752327170537033574e+00
-2.126189129954131563e+00
3.752678182378932359e+00
-2.129694955091756547e+00
3.753130136976453812e+00
-2.128947429507749067e+00
3.753521799430197703e+00
-2.128163170214468103e+00
3.753901867516434621e+00
-2.127363313292228497e+00
3.751858296392230230e+00
-2.126430763239000044e+00
3.752579023251381596e+00
-2.125898637059897567e+00
3.752117464799248125e+00
-2.128704729619518954e+00
3.755375557794844887e+00
-2.130358937572598421e+00
3.752529949791340247e+00
-2.127185226209690416e+00
3.752027082231984334e+00
-2.127347020241407982e+00
3.751740461493459300e+00
-2.125958489819919972e+00
3.754190690821690435e+00
-2.126891148030023437e+00
3.752139210173198069e+00
-2.128563295284376711e+00
3.753115558796846329e+00
-2.128076236836351054e+00
3.754086655885475743e+00
-2.127677250401826647e+00
3.751849610677437497e+00
-2.126636768675675526e+00
3.752130570391909448e+00
-2.125723721115701625e+00
3.752984299895187448e+00
-2.129624390694470293e+00
3.753348928918706306e+00
-2.128876946269967263e+00
3.753502301798361529e+00
-2.127891889323176855e+00
3.751811546146886389e+00
-2.127218719379911249e+00
3.752172567059026242e+00
-2.126418659265340239e+00
3.752573043825388588e+00
-2.125636091310350029e+00
3.752973274766029377e+00
-2.129184010860495135e+00
3.753254047050477382e+00
-2.128298882701847639e+00
3.753747070307410283e+00
-2.127595401502211381e+00
3.752715291908838235e+00
-2.127592863261909883e+00
3.751597662993623850e+00
-2.125620893770981290e+00
3.752974692290411252e+00
-2.129770685221964222e+00
3.753160227277477112e+00
-2.128887260402710702e+00
3.753530873886482766e+00
-2.128075509834246759e+00
3.753972388196601173e+00
-2.127320952923184016e+00
3.752052092546840800e+00
-2.126495820366733014e+00
3.752162432742018883e+00
-2.125478942545667493e+00
3.753121001670390200e+00
-2.129448004189205879e+00
3.753479906635638130e+00
-2.128718570664165810e+00
3.753602295860122950e+00
-2.127699984011620415e+00
3.751928893029460532e+00
-2.127034589153463884e+00
3.752278011760746157e+00
-2.126225676151754840e+00
3.752676878832819085e+00
-2.129772189097069557e+00
3.753089654701305733e+00
-2.128999871933523025e+00
3.753484192429838551e+00
-2.128214070699265825e+00
3.753807823818195555e+00
-2.127365443500131903e+00
3.751777122618459526e+00
-2.126461632340666430e+00
3.753112558930299603e+00
-2.126522115738898044e+00
3.752510283150282344e+00
-2.129282205610937950e+00
3.752443207426876981e+00
-2.128038203559302843e+00
3.754097091615252957e+00
-2.128157246773604960e+00
3.751919143858835515e+00
-2.127271651933073215e+00
3.752067095704317623e+00
-2.126262173571457748e+00
3.752679761704905026e+00
-2.125612389716521555e+00
3.753020233319433352e+00
-2.129130270508608813e+00
3.753421534021363470e+00
-2.128346932301145245e+00
3.753834922227388127e+00
-2.127575320569921491e+00
3.751958332645886962e+00
-2.126785270566204922e+00
3.752238312043106205e+00
-2.125898477622179428e+00
3.752750116952245918e+00
-2.129540886135302014e+00
3.753653438872244674e+00
-2.129246231337467599e+00
3.752911989390019354e+00
-2.127569338564327506e+00
3.752542976101812311e+00
-2.127940025281922498e+00
3.751353198306954795e+00
-2.125967422141507690e+00
3.753581257056812781e+00
-2.126579634355580506e+00
3.752197162622723958e+00
-2.128790236699404481e+00
3.753571143803603682e+00
-2.128591901616058379e+00
3.753785818272258545e+00
-2.127727531814286088e+00
3.751875272766740821e+00
-2.126906440560920153e+00
3.752322617292480178e+00
-2.126155964782572738e+00
3.752714239592920720e+00
-2.129702463869382001e+00
3.753082446532208571e+00
-2.128892151256821741e+00
3.753246533729058143e+00
-2.127915779017514275e+00
3.754088204570657616e+00
-2.127470033408335404e+00
3.752197196076427765e+00
-2.126722600658835560e+00
3.752355082822160792e+00
-2.125745931518235210e+00
3.752928009427804135e+00
-2.129403584362583146e+00
3.753292780930865824e+00
-2.128606426441876032e+00
