8.144063859946180983e+00
1.312013295753574060e-01
2.381326120955244097e+00
5.392580809418577203e+00
3.388240368825793158e+00
4.323310224310121797e+00
4.382660249240660555e+00
4.247439333280816243e+00
4.347931841320884949e+00
4.298270239596915232e+00
4.313503800348270190e+00
4.314992587834481697e+00
4.309463805110434365e+00
4.311954488430616905e+00
4.311587629318783144e+00
4.311072675810344812e+00
4.312661421413766405e+00
4.311288560159852956e+00
4.313080832488641825e+00
4.311766749427385470e+00
4.310562380557692030e+00
4.312213785375167419e+00
4.310974524381554041e+00
4.312635540369928577e+00
4.311397538987208122e+00
4.313054765091091980e+00
4.311819674028428473e+00
4.310584346821141111e+00
4.312240800875565938e+00
4.311005627297313403e+00
4.312661767471495544e+00
4.311426830990387593e+00
4.313082750588878689e+00
4.311847946044965241e+00
4.310612742325066193e+00
4.312269010299535132e+00
4.311033963256006629e+00
4.312690038155690075e+00
4.311455123774735831e+00
4.313111035903705037e+00
4.311876232161761635e+00
4.310641043792582394e+00
4.312297295897701055e+00
4.311062259018914489e+00
4.312718322138035631e+00
4.311483415655058771e+00
4.313139318034804326e+00
4.311904520892730908e+00
4.310669343387178110e+00
4.312325581910433137e+00
4.311090554445262235e+00
4.312746605886422557e+00
4.311511707405868421e+00
4.313167600000059387e+00
4.311932809448989268e+00
4.310697642682655761e+00
4.312353867753242476e+00
4.311118849612837423e+00
4.312774889497929642e+00
4.311539998928119566e+00
4.313195881862548653e+00
4.311961097807430754e+00
4.310725941685998208e+00
4.312382153430577958e+00
4.311147144520544927e+00
4.312803172976940935e+00
4.311568290222465016e+00
4.313224163625194230e+00
4.311989385970948163e+00
4.310754240399052861e+00
4.312410438945539326e+00
4.311175439170422230e+00
4.312831456325262103e+00
4.311596581291595065e+00
4.313252445289280423e+00
4.312017673941539897e+00
4.310782538823879406e+00
4.312438724299861192e+00
4.311203733564361151e+00
4.312859739545634952e+00
4.311624872136997411e+00
4.313280726858353731e+00
4.312045961720763820e+00
4.310810836963040238e+00
4.312467009495369652e+00
4.311232027704943626e+00
4.312888022639761232e+00
4.311653162761494684e+00
4.313309008333020778e+00
4.312074249311988794e+00
4.310839134817902263e+00
4.312495294534708812e+00
4.311260321594312828e+00
4.312916305609873824e+00
4.311681453167725664e+00
4.313337289716391076e+00
4.312102536716196255e+00
4.310867432392157639e+00
4.312523579419646147e+00
4.311288615234602162e+00
4.312944588458580419e+00
4.311709743355966573e+00
4.310474489327106973e+00
4.312130823935705237e+00
4.310895729686134992e+00
4.312551864153527426e+00
4.311316908627911282e+00
4.312972871187223944e+00
4.311738033330760445e+00
4.310502790694534347e+00
4.312159110973935228e+00
4.310924026703346179e+00
4.312580148737089836e+00
4.311345201775674596e+00
4.313001153799029375e+00
4.311766323092776965e+00
4.310531091755553490e+00
4.312187397831740654e+00
4.310952323445173207e+00
4.312608433173028999e+00
4.311373494681873808e+00
4.313029436295395591e+00
4.311794612644384905e+00
4.310559392510978860e+00
4.312215684511531144e+00
4.310980619914683842e+00
4.312636717463258051e+00
4.311401787347459269e+00
4.313057718678927621e+00
4.311822901987813594e+00
4.310587692963529172e+00
4.312243971016151534e+00
4.311008916114047906e+00
4.312665001610035631e+00
4.311430079774727808e+00
4.313086000951337873e+00
4.311851191126080174e+00
4.310615993115513689e+00
4.312272257346756454e+00
4.311037212043684619e+00
4.312693285616592043e+00
4.311458371965841252e+00
4.313114283115358383e+00
4.311879480059495506e+00
4.310644292968528468e+00
4.312300543505964256e+00
4.311065507707802169e+00
4.312721569484108564e+00
4.311486663922583062e+00
4.313142565172915610e+00
4.311907768792218931e+00
4.310672592524463553e+00
4.312328829496824056e+00
4.311093803107511668e+00
4.312749853214906004e+00
4.311514955647496095e+00
4.313170847126446716e+00
4.311936057325819860e+00
4.310700891786539479e+00
4.312357115320540224e+00
4.311122098244476675e+00
4.312778136811707519e+00
4.311543247143387880e+00
4.313199128977501573e+00
4.311964345661104758e+00
4.310729190756661389e+00
4.312385400979601435e+00
4.311150393122994195e+00
4.312806420274905683e+00
4.311571538412096061e+00
4.313227410728430300e+00
4.311992633802550934e+00
4.310757489437322398e+00
4.312413686474970476e+00
4.311178687743656646e+00
4.312834703608535492e+00
4.311599829454673127e+00
4.313255692381947171e+00
4.312020921751594571e+00
4.310785787828278259e+00
4.312441971811183272e+00
4.311206982107714580e+00
4.312862986814526955e+00
4.311628120274900056e+00
4.313283973939276095e+00
4.312049209508869829e+00
4.310814085933937889e+00
4.312470256989895390e+00
4.311235276219228751e+00
4.312891269894065793e+00
4.311656410875204237e+00
4.313312255403568329e+00
4.312077497078716348e+00
4.310842383757192309e+00
4.312498542011081959e+00
4.311263570080272167e+00
4.312919552850210003e+00
4.311684701254928420e+00
4.313340536776506973e+00
4.312105784461107483e+00
4.310870681298196949e+00
4.312526826878879227e+00
4.311291863691748105e+00
4.312947835685037923e+00
4.311712991418629848e+00
4.310477738702772399e+00
4.312134071660680412e+00
4.310898978560809169e+00
4.312555111594837953e+00
4.311320157056283797e+00
4.312976118400516867e+00
4.311741281369089407e+00
4.310506040035922304e+00
4.312162358677327667e+00
4.310927275546203141e+00
4.312583396160278859e+00
4.311348450177379554e+00
4.313004400998741161e+00
4.311769571106493615e+00
4.310534341061583063e+00
4.312190645513949150e+00
4.310955572257890722e+00
4.312611680579815143e+00
4.311376743055196137e+00
4.313032683482214580e+00
4.311797860634424495e+00
4.310562641780858684e+00
4.312218932174739727e+00
4.310983868694906462e+00
4.312639964854610319e+00
4.311405035692402521e+00
4.313060965853173556e+00
4.311826149954574916e+00
4.310590942199910458e+00
4.312247218658199266e+00
4.311012164863362806e+00
4.312668248984968145e+00
4.311433328093071893e+00
4.313089248112927265e+00
4.311854439068658174e+00
4.310619242316974464e+00
4.312275504970071616e+00
4.311040460762437299e+00
4.312696532975207830e+00
4.311461620257103888e+00
4.313117530263752997e+00
4.311882727979785557e+00
4.310647542135316534e+00
4.312303791110315920e+00
4.311068756395205703e+00
4.312724816827382845e+00
4.311489912186769580e+00
4.313145812309719496e+00
4.311911016689811582e+00
4.310675841657435114e+00
4.312332077081691750e+00
4.311097051765129251e+00
4.312753100541521611e+00
4.311518203887034772e+00
4.313174094250045165e+00
4.311939305200448658e+00
4.310704140885905034e+00
4.312360362885591769e+00
4.311125346873477149e+00
4.312781384122761352e+00
4.311546495355647046e+00
4.313202376090278456e+00
4.311967593513355013e+00
4.310732439823868667e+00
4.312388648524892787e+00
4.311153641721515051e+00
4.312809667571590566e+00
4.311574786598146858e+00
4.313230657829865144e+00
4.311995881632799232e+00
4.310760738469554987e+00
4.312416934002603952e+00
4.311181936312595830e+00
4.312837950890759942e+00
4.311603077615647983e+00
4.313258939472587095e+00
4.312024169558670295e+00
4.310789036828264642e+00
4.312445219321131340e+00
4.311210230648056196e+00
4.312866234082159522e+00
4.311631368409384990e+00
4.313287221019842299e+00
4.312052457294718977e+00
4.310817334902344200e+00
4.312473504480339948e+00
4.311238524730793387e+00
4.312894517146971474e+00
4.311659658984422272e+00
4.313315502472820029e+00
4.312080744842511137e+00
4.310845632691823859e+00
4.312501789484922021e+00
4.311266818562406122e+00
4.312922800089097564e+00
4.311687949340237580e+00
4.313343783835667189e+00
4.312109032204059389e+00
4.310873930201873705e+00
4.312530074334004482e+00
4.311295112146658504e+00
4.312951082909206590e+00
4.311716239479947532e+00
4.310480988075042319e+00
4.312137319381651679e+00
4.310902227433340173e+00
4.312558359032667710e+00
4.311323405482504256e+00
4.312979365612536142e+00
4.311744529404652582e+00
4.310509289373491981e+00
4.312165606377750926e+00
4.310930524386828999e+00
4.312586643582789314e+00
4.311351698574637403e+00
4.313007648197384469e+00
4.311772819117914324e+00
4.310537590363311189e+00
4.312193893194987027e+00
4.310958821064913238e+00
4.312614927985271684e+00
4.311379991425867253e+00
4.313035930666851314e+00
4.311801108622178802e+00
4.310565891048817377e+00
4.312222179835723423e+00
4.310987117471626107e+00
4.312643212242809554e+00
4.311408284036401639e+00
4.313064213024297544e+00
4.311829397920206475e+00
4.310594191430094924e+00
4.312250466299736296e+00
4.311015413609668556e+00
4.312671496357491030e+00
4.311436576409375832e+00
4.313092495272620397e+00
4.311857687010032691e+00
4.310622491514457089e+00
4.312278752589526754e+00
4.311043709478927788e+00
4.312699780331840316e+00
4.311464868545984430e+00
4.313120777411403317e+00
4.311885975897952861e+00
4.310650791298926698e+00
4.312307038711071350e+00
4.311072005080826663e+00
4.312728064167602682e+00
4.311493160448755191e+00
4.313149059445181344e+00
4.311914264583807999e+00
4.310679090788033463e+00
4.312335324663954417e+00
4.311100300418932108e+00
4.312756347868225149e+00
4.311521452121037434e+00
4.313177341374719198e+00
4.311942553072108275e+00
4.310707389981965676e+00
4.312363610450097084e+00
4.311128595497227600e+00
4.312784631433440374e+00
4.311549743564945913e+00
4.313205623203028694e+00
4.311970841363080176e+00
4.310735688885277028e+00
4.312391896070340458e+00
4.311156890315881007e+00
4.312812914866269942e+00
4.311578034781122781e+00
4.313233904930644513e+00
4.311999129459752389e+00
4.310763987499020899e+00
4.312420181529449614e+00
4.311185184877747822e+00
4.312841198170845658e+00
4.311606325772852522e+00
4.313262186562297984e+00
