6.110429180123170489e+00
-2.136335369041099330e+00
5.986760770561725842e+00
-3.193589513293476401e+00
4.859171765802186016e+00
-2.896562361815236741e+00
4.189822147668743391e+00
-2.459621775977017588e+00
4.224802078503755887e+00
-2.433554694065760415e+00
4.318687626039363181e+00
-2.485028778122094995e+00
4.323163450137702313e+00
-2.496740086871685804e+00
4.315158679244474271e+00
-2.491139068826341507e+00
4.310233936766707075e+00
-2.486447665080675051e+00
4.309501177486659174e+00
-2.487083953317506424e+00
4.311524953966540785e+00
-2.487307063218702652e+00
4.307820053796501014e+00
-2.486609919222637632e+00
4.312473839507044104e+00
-2.487127631036610609e+00
4.308062479345967866e+00
-2.487199563226491161e+00
4.311737976433359876e+00
-2.487425040517325048e+00
4.309117531840131576e+00
-2.484732844132259810e+00
4.310328658889963194e+00
-2.487288583441693568e+00
4.312438237623179127e+00
-2.487864601213601645e+00
4.311978671047778988e+00
-2.489519899853071649e+00
4.308673922537835210e+00
-2.484858903294850929e+00
4.307519980503186297e+00
-2.486578497200026661e+00
4.312025991275955761e+00
-2.487445794304600444e+00
4.309817971375290213e+00
-2.485148777300414835e+00
4.314105827029078633e+00
-2.490118405274726054e+00
4.310717119261753716e+00
-2.486944680695139631e+00
4.307439714267356834e+00
-2.486231407828744189e+00
4.312422314372510002e+00
-2.486915702583052834e+00
4.309610107352018993e+00
-2.488299875731097899e+00
4.313634965625885442e+00
-2.489055700614169364e+00
4.311549370791646574e+00
-2.486720759673993975e+00
4.311482721222470893e+00
-2.488241064298886585e+00
4.306925692023396479e+00
-2.483835134484211782e+00
4.313323582633124431e+00
-2.490147016605620323e+00
4.312812305972823168e+00
-2.487628948806215323e+00
4.307544973702274405e+00
-2.487074684419288140e+00
4.307757591802310770e+00
-2.484199163379575470e+00
4.309966416360268227e+00
-2.484865809017884786e+00
4.314832396573504703e+00
-2.490423875155438171e+00
4.311359834944863856e+00
-2.487488374272887270e+00
4.310985711940974241e+00
-2.488666207125237673e+00
4.310871064749624892e+00
-2.486177422557811489e+00
4.310522477235574357e+00
-2.488887965386031187e+00
4.308076956203859886e+00
-2.484528623074047538e+00
4.310745803356639705e+00
-2.485392294021628423e+00
4.309506953438750898e+00
-2.486404208644261704e+00
4.307089923137296772e+00
-2.483715963075729505e+00
4.308183907050207928e+00
-2.486078085875139898e+00
4.311064974809043271e+00
-2.485974586720931523e+00
4.307841191852114449e+00
-2.487024798045687657e+00
4.314089841541749237e+00
-2.488869937374474706e+00
4.312826653304606239e+00
-2.487451644171839504e+00
4.312956963103829366e+00
-2.489391346847008357e+00
4.311508436551484635e+00
-2.487359668561406778e+00
4.311208105174655358e+00
-2.488674840758308360e+00
4.310071487025726178e+00
-2.485347590107773730e+00
4.312331440877251509e+00
-2.490145104213088878e+00
4.313776283064910899e+00
-2.488990005443371345e+00
4.312059915837174628e+00
-2.486931957837642315e+00
4.311575205828295232e+00
-2.488144953260413406e+00
4.307127417537558678e+00
-2.483722992592339640e+00
4.311120466894187153e+00
-2.488130081658985304e+00
4.312097847381363813e+00
-2.486585329630428998e+00
4.313378051493237386e+00
-2.490856615668497032e+00
4.312558729444536887e+00
-2.488066702461415147e+00
4.309214959187724681e+00
-2.484596061538847156e+00
4.313742949571223839e+00
-2.489426839538447123e+00
4.311791540718175497e+00
-2.487345271676026925e+00
4.311327405925316825e+00
-2.488625486171871959e+00
4.310528981853122943e+00
-2.485595042552516176e+00
4.312135333337841381e+00
-2.489906702444395492e+00
4.313174700722212762e+00
-2.488353160574572343e+00
4.310975990872124797e+00
-2.485789146633402780e+00
4.311946039935141251e+00
-2.488070345206010892e+00
4.307815957669505202e+00
-2.484136302610205682e+00
4.307920909383229358e+00
-2.485751916670253525e+00
4.313174327617815607e+00
-2.487093584300228422e+00
4.312684686726653283e+00
-2.490164298125978171e+00
4.312322353272399766e+00
-2.487621306518598807e+00
4.310055521760360442e+00
-2.485005085345416198e+00
4.314232703139208702e+00
-2.489771908550173940e+00
4.312460947588462545e+00
-2.487878746760550541e+00
4.310941012961522212e+00
-2.488346923327809712e+00
4.312006882786512563e+00
-2.486437384894092162e+00
4.309957393369639789e+00
-2.488070746002294609e+00
4.314892674439497533e+00
-2.489363438316411603e+00
4.311293770212440535e+00
-2.486074016469634884e+00
4.308451956832463736e+00
-2.485733659190953126e+00
4.312453019734347137e+00
-2.487263681019387107e+00
4.313355036590870384e+00
-2.489982873522520901e+00
4.310596089595211566e+00
-2.487072792729561943e+00
4.307592555445411975e+00
-2.486591073567003374e+00
4.308442190700898067e+00
-2.484401830911701303e+00
4.311857604531051713e+00
-2.489774324545341422e+00
4.312983378079157326e+00
-2.488530350089042109e+00
4.307258307112629581e+00
-2.483734110797993111e+00
4.311906420513188287e+00
-2.488350735987054474e+00
4.306856656958902185e+00
-2.483832084501208737e+00
4.311203469777749930e+00
-2.488582412517700959e+00
4.311417959345666517e+00
-2.486543739939317543e+00
4.314198214221792504e+00
-2.491970633558899806e+00
4.312333967933813739e+00
-2.488514877559719896e+00
4.310248253302428445e+00
-2.485791569977669813e+00
4.311515997814067802e+00
-2.488241984770938942e+00
4.309371650290361622e+00
-2.485772521134254731e+00
4.313415156427290675e+00
-2.490421557227938010e+00
4.315185774392603868e+00
-2.489783670916142277e+00
4.311305456970188743e+00
-2.490219076167031531e+00
4.311331979520494961e+00
-2.487472714809122909e+00
4.307443450736785806e+00
-2.483444782716661692e+00
4.311307323528277280e+00
-2.487811565097201694e+00
4.311026195369876746e+00
-2.486770741939754004e+00
4.311913657090716612e+00
-2.489236161893526589e+00
4.308707747463900617e+00
-2.484711257252648853e+00
4.311405527266423121e+00
-2.489381878061837305e+00
4.309513056048973390e+00
-2.485768690871397180e+00
4.310695799167529429e+00
-2.485707925559369258e+00
4.309125803916632691e+00
-2.486338384517449374e+00
4.311361493005448686e+00
-2.487011692211173575e+00
4.313328270508933748e+00
-2.490393762631456731e+00
4.312603014369048360e+00
-2.487589193471933857e+00
4.309060664570684374e+00
-2.488048235681947773e+00
4.314161295953073072e+00
-2.489226866931250282e+00
4.311013112253115231e+00
-2.486213823856656457e+00
4.307660160248199865e+00
-2.485260743299427588e+00
4.310165487496819381e+00
-2.485873718536578458e+00
4.309138143594863024e+00
-2.486975905086026728e+00
4.308777493234352107e+00
-2.484524565549616426e+00
4.308601642410586408e+00
-2.487408462252566288e+00
4.311424351620407158e+00
-2.486925441376083512e+00
4.312447325276323795e+00
-2.486904926165902197e+00
4.308420195746824000e+00
-2.486079403792728737e+00
4.308210631592699791e+00
-2.484528978328008897e+00
4.312580144416729766e+00
-2.489481703892566955e+00
4.314288607812133414e+00
-2.488619288832444987e+00
4.311858705780929668e+00
-2.490149560859627353e+00
4.311765390103468931e+00
-2.487511325131972040e+00
4.307113819640346009e+00
-2.483194078212960676e+00
4.313639144801961756e+00
-2.489291921321586276e+00
4.312657321525236398e+00
-2.488088285283581502e+00
4.312716244294852785e+00
-2.490016089483548356e+00
4.312401436233799679e+00
-2.487269897601721791e+00
4.307903481451084815e+00
-2.487183904506872878e+00
4.313727247340375826e+00
-2.488621525111593513e+00
4.311555195925537376e+00
-2.486344199899845897e+00
4.308485534415571472e+00
-2.485989867040218737e+00
4.312123069128753983e+00
-2.487247986306913461e+00
4.312764391079431547e+00
-2.489717355496462670e+00
4.312387706914322827e+00
-2.487063017708343260e+00
4.311348087197898415e+00
-2.489334159075766273e+00
4.308487389572845494e+00
-2.484983114904113943e+00
4.311539399134417749e+00
-2.485842041468363739e+00
4.308587697172647779e+00
-2.485786500869670679e+00
4.313175911735617873e+00
-2.488008239535052901e+00
4.313095066779719211e+00
-2.490091085450010233e+00
4.312330539428435472e+00
-2.487086291110979897e+00
4.307264786540924817e+00
-2.486491027362814688e+00
4.312368391899211062e+00
-2.487276262482023270e+00
4.311904740252957779e+00
-2.486212358427063673e+00
4.310745090763684395e+00
-2.487283625008942067e+00
4.312639562577444075e+00
-2.487688007024357439e+00
4.312217134631395332e+00
-2.489294815321902998e+00
4.311203230755257465e+00
-2.486106732483752690e+00
4.313530789642216590e+00
-2.490892779246249411e+00
4.314138920095127894e+00
-2.489283005995997833e+00
4.310565533171375030e+00
-2.485661311748311508e+00
4.307555220174600130e+00
-2.484787060685486271e+00
4.310303344925019431e+00
-2.485558926256769219e+00
4.310277007204641464e+00
-2.487460098476551806e+00
4.314103011342258043e+00
-2.488120327767397111e+00
4.311446467937098959e+00
-2.489419269182543637e+00
4.308287334690080073e+00
-2.484719550218336792e+00
4.311222995755461085e+00
-2.485397767331663843e+00
4.310149680181282861e+00
-2.486543070515984333e+00
4.311170706792522012e+00
-2.486468718817412604e+00
4.311806137880885181e+00
-2.488635948578846957e+00
4.307145468419633083e+00
-2.484242651525975454e+00
4.310920513657604758e+00
-2.488530919223496340e+00
4.312350008570275506e+00
-2.487212097323915572e+00
4.313343477853159413e+00
-2.491339500430031606e+00
4.314007650994261311e+00
-2.489826688519482190e+00
4.310750267973624261e+00
-2.486491760255280070e+00
4.309547405855159496e+00
-2.487070723491018320e+00
4.313040080979923196e+00
-2.488567376123304697e+00
4.311588732590862172e+00
-2.489464960119982084e+00
4.308167847097938541e+00
-2.484561142399263733e+00
4.313922924415894755e+00
-2.491558832630038189e+00
4.314194935826440869e+00
-2.489912904324945497e+00
4.313193038545277247e+00
-2.488472136868007389e+00
4.311082873538999216e+00
-2.488485296235310784e+00
4.306081807680198992e+00
-2.483632695560832992e+00
4.312173627784585683e+00
-2.489203265870520099e+00
4.311472323606063028e+00
-2.486631990501101619e+00
4.313058591906775874e+00
-2.490993695348557413e+00
4.314663241411876626e+00
-2.490172913982434899e+00
4.311524161736719485e+00
-2.487068785541173277e+00
4.312384055240172209e+00
-2.489209086901481349e+00
4.310209220515289985e+00
-2.486497583313053372e+00
4.310501408867721373e+00
-2.488137198346802581e+00
4.314809570229459545e+00
-2.488988211630569936e+00
4.312852798830898671e+00
-2.491145304183355336e+00
4.311341111476261645e+00
-2.487550370677737543e+00
4.307588356267609164e+00
-2.483619663211894757e+00
4.307448604695280459e+00
-2.485130503917899691e+00
4.311239569437292474e+00
-2.486570328990748813e+00
4.310988466084882731e+00
-2.488491006909820946e+00
4.314336249459541861e+00
-2.488661569062789791e+00
4.311603820146289401e+00
-2.490029096951286824e+00
4.310211324893614915e+00
-2.486528639497012083e+00
4.314119067291905196e+00
-2.488432274615347328e+00
4.312412064481251583e+00
-2.489227118910557035e+00
4.310102704633409054e+00
-2.486340960490621477e+00
4.310307765795822199e+00
-2.488034218036641043e+00
4.313611457584930697e+00
-2.487969966235383801e+00
4.311294318605259690e+00
-2.489579301238645126e+00
4.308140767065594900e+00
-2.484743565963653644e+00
4.310534900693491878e+00
-2.485324036242421819e+00
4.308720884185476940e+00
-2.485990856197870524e+00
4.313751512446125425e+00
-2.488668420124369618e+00
4.312202160881374091e+00
-2.489667957489837047e+00
4.311940056123139797e+00
-2.486894370412009891e+00
4.307968724008257588e+00
-2.487006884938621099e+00
4.308448360175092695e+00
-2.484968678131473929e+00
4.313709428013308589e+00
-2.487660819895186837e+00
4.313101780795587814e+00
-2.489425750901353318e+00
4.310429389118844767e+00
-2.486468780471650764e+00
4.308297040121634502e+00
-2.486389072100468667e+00
4.311873972720882797e+00
-2.486424844578087434e+00
4.310972228303130649e+00
-2.488867758821608156e+00
4.315186078821908744e+00
-2.489861632804218239e+00
4.312242449883090245e+00
-2.487192778466801535e+00
4.312590345973612571e+00
-2.489087814097287854e+00
4.310292407676771020e+00
-2.486272087884659143e+00
4.309550816054179556e+00
-2.487343864583205111e+00
4.312934713860840930e+00
-2.487365615361264215e+00
4.311453211945594610e+00
-2.489449001486626400e+00
4.309075032352933654e+00
-2.485521376149427475e+00
4.310705696763551309e+00
-2.485432327217269144e+00
4.314326995177285795e+00
-2.490028310588182414e+00
4.312612876814165830e+00
-2.488206304147350334e+00
4.311131485266183283e+00
-2.488718329861991041e+00
4.308612649318362742e+00
-2.484174327202926413e+00
4.309046724790426275e+00
-2.487478099033533230e+00
4.312267522125877939e+00
-2.487394814577963409e+00
4.308081946766195713e+00
-2.483514187780167859e+00
4.313014399523178888e+00
-2.488775232738308585e+00
4.312280295096716287e+00
-2.487571043364040779e+00
