7.945083872516639723e+00
-4.045093196186257956e+00
2.861017599527228228e+00
3.989286374765866228e+00
-6.819960742531460118e-01
5.376520206741396635e+00
-2.525999522340932835e+00
5.359240347310298525e+00
-2.673665572486009445e+00
5.186716626335497793e+00
-2.390038694225520288e+00
5.416810365397133786e+00
-2.753251767316188481e+00
5.313227429643040622e+00
-2.531974086265708301e+00
5.415019029336979983e+00
-2.741792826473911759e+00
5.342208839669193132e+00
-2.570278354378888075e+00
5.415410210679154623e+00
-2.729117480204450441e+00
5.356545787493470101e+00
-2.594527017214422138e+00
5.414483636214331597e+00
-2.728747226013956695e+00
5.368694480603058317e+00
-2.611798590635148187e+00
5.414028565513118174e+00
-2.722921592233573662e+00
5.376295572288267266e+00
-2.627393997012682725e+00
5.413179584823311075e+00
-2.722663296555607904e+00
5.379659426341016015e+00
-2.634046147226495993e+00
5.413029662913307227e+00
-2.716880023326643911e+00
5.384527866961984266e+00
-2.641100493607922317e+00
5.412019034621819991e+00
-2.711601881462349262e+00
5.386050452637888952e+00
-2.645671561610916989e+00
5.408913009294820107e+00
-2.707141813998463764e+00
5.388502645475790942e+00
-2.648533956659248290e+00
5.408767183213078589e+00
-2.700093969723938780e+00
5.391241187839953319e+00
-2.656663723856563575e+00
5.408836570120833187e+00
-2.702900858227142322e+00
5.392460879175934529e+00
-2.657407374875602191e+00
5.409026773769859631e+00
-2.702380547337008387e+00
5.392864819374824314e+00
-2.656818666221233194e+00
5.409340601496676726e+00
-2.701192730301210876e+00
5.391655643918004337e+00
-2.656332187174485160e+00
5.407822084610856450e+00
-2.700473588017569870e+00
5.392174557904106713e+00
-2.655676161334523222e+00
5.408149661882955428e+00
-2.698660876910062623e+00
5.392480215758618911e+00
-2.659526217884925270e+00
5.408518698178058415e+00
-2.703051804623206156e+00
5.393077243527839570e+00
-2.658947356237362225e+00
5.408839089019469526e+00
-2.703455371674215346e+00
5.393205264568076807e+00
-2.657693371313775366e+00
5.409228973998112089e+00
-2.696868240831328922e+00
5.393040707598315997e+00
-2.658762777425368817e+00
5.407536082491589013e+00
-2.699548722367772768e+00
5.392597787947847721e+00
-2.657801673479337268e+00
5.407780071771794539e+00
-2.698540256768569456e+00
5.392618835864345428e+00
-2.662271249915922677e+00
5.409251115950526767e+00
-2.702728135166789336e+00
5.395085208595317816e+00
-2.664429163258578814e+00
5.407735881774939912e+00
-2.696816210428575111e+00
5.395598770527067600e+00
-2.665557496451046671e+00
5.406029241125461127e+00
-2.689416034429465530e+00
5.396948240362285709e+00
-2.666987990961441124e+00
5.407998105465772198e+00
-2.693083541677696147e+00
5.395751560234321786e+00
-2.668109684825657357e+00
5.404707068242077916e+00
-2.689333595183002856e+00
5.395339569084084630e+00
-2.664707722955504732e+00
5.407322583163006513e+00
-2.692582551824772796e+00
5.398057705837098652e+00
-2.675308357064428044e+00
5.403608191274299699e+00
-2.689939315846462620e+00
5.395644799764794719e+00
-2.669460303961439962e+00
5.407247264599169156e+00
-2.687576194253603390e+00
5.399782209587248083e+00
-2.674155867984707946e+00
5.401826554172546757e+00
-2.685419105229791992e+00
5.397047570552463647e+00
-2.673262545840386917e+00
5.404761977593419253e+00
-2.685927174908488979e+00
5.397727578448841435e+00
-2.673607671095630245e+00
5.405206845058409648e+00
-2.689616421876924068e+00
5.397322587732853449e+00
-2.675374875782106088e+00
5.402639237629841773e+00
-2.685713791705073739e+00
5.398796017248665535e+00
-2.677322663101470823e+00
5.405923730615254996e+00
-2.687158924235589552e+00
5.395469215210505709e+00
-2.673298523565987406e+00
5.401955477377125447e+00
-2.679886092991367263e+00
5.402580671734237505e+00
-2.678179273904528035e+00
5.402374976730670575e+00
-2.678199754403387089e+00
5.402553186247896377e+00
-2.676698893902000442e+00
5.402735140123193780e+00
-2.682317998909503842e+00
5.402858968694092212e+00
-2.680549992145252691e+00
5.403063682858881833e+00
-2.681408607416650103e+00
5.403158508685842243e+00
-2.679377279953035540e+00
5.403387606912960273e+00
-2.680510907039694413e+00
5.401592383325608537e+00
-2.678177269633834179e+00
5.401854204143203830e+00
-2.679626673393526559e+00
5.401870326394809574e+00
-2.676947090718462263e+00
5.402169538409646421e+00
-2.678757721338016484e+00
5.402135542594093565e+00
-2.675683889219189648e+00
5.402480646406500497e+00
-2.682930680143212676e+00
5.402386788261079431e+00
-2.679384672139461188e+00
5.402386962629224243e+00
-2.681810805490873140e+00
5.402592523351882114e+00
-2.677907458672790675e+00
5.401910741302640595e+00
-2.680548838559214886e+00
5.400819334040132702e+00
-2.676066499974715018e+00
5.402012426425177871e+00
-2.684861120114526045e+00
5.397466928539022213e+00
-2.674780716277920245e+00
5.404764785568458407e+00
-2.686150109521640239e+00
5.397134756323756832e+00
-2.671836029097001575e+00
5.400111154205192499e+00
-2.681598499837027028e+00
5.398134865501844182e+00
-2.676283535106243061e+00
5.401149980085420133e+00
-2.682895949673463232e+00
5.397200918466325881e+00
-2.673856485402057448e+00
5.404496343146942827e+00
-2.681147828604306227e+00
5.401809270496452875e+00
-2.679107353691246640e+00
5.402050863336111064e+00
-2.679235231044112542e+00
5.402238830714841455e+00
-2.678115691394622466e+00
5.402390599552607142e+00
-2.678288413120583744e+00
5.402564722015790188e+00
-2.677009615700698841e+00
5.402728673322017450e+00
-2.682364042831904438e+00
5.402883643552159221e+00
-2.680891082179205576e+00
5.403062767955534085e+00
-2.681440213493786029e+00
5.403194860087612739e+00
-2.679749119490972831e+00
5.403392515527489337e+00
-2.680526024527868589e+00
5.403497332257045649e+00
-2.678583513617958545e+00
5.401864770995958409e+00
-2.679623037168974875e+00
5.401934889707797005e+00
-2.677391510181781786e+00
5.402185923618704422e+00
-2.678732909849162791e+00
5.402216529782768006e+00
-2.676170265819619143e+00
5.402502518794870312e+00
-2.682878436134630284e+00
5.402485841852966431e+00
-2.679917993544338017e+00
5.402814769989761068e+00
-2.682026431232482189e+00
5.402741578202494566e+00
-2.678632851791532321e+00
5.402909518658030485e+00
-2.681036318214155223e+00
5.402966376314870978e+00
-2.677233968646601792e+00
5.400607364107423258e+00
-2.679728403518595314e+00
5.401236769423687356e+00
-2.675503052389907044e+00
5.402390710642492877e+00
-2.683797500791776702e+00
5.397830337671696732e+00
-2.674285188616743358e+00
5.405133115326982818e+00
-2.689557036118427114e+00
5.396977104911711010e+00
-2.675615701152227910e+00
5.403070139185436993e+00
-2.682674168241427459e+00
5.402469688917483026e+00
-2.682538314924090894e+00
5.405184715246861060e+00
-2.686054829386924414e+00
5.404763172706617880e+00
-2.679600857288381821e+00
5.401926858987455837e+00
-2.683415322023306793e+00
5.397697907784505311e+00
-2.675543810199217720e+00
5.404688633685003296e+00
-2.685498185866278753e+00
5.396575280656707996e+00
-2.671702401428579954e+00
5.402651212002964165e+00
-2.683646117597078717e+00
5.402538354169701407e+00
-2.683754928825182073e+00
5.404756335364079511e+00
-2.688148523027567460e+00
5.404157761618274769e+00
-2.682676586293718302e+00
5.404888808594210836e+00
-2.681301510577754676e+00
5.400919762315342432e+00
-2.681069506818794856e+00
5.396556041820080196e+00
-2.674410867590415908e+00
5.400740532122665805e+00
-2.684569276248614411e+00
5.395620643936465122e+00
-2.671618556546910828e+00
5.402834862239696001e+00
-2.678965827414133916e+00
5.402259216737708591e+00
-2.680663103468658992e+00
5.402617938744953996e+00
-2.682571645868026433e+00
5.402579088335646595e+00
-2.679456075516878144e+00
5.402926333866995279e+00
-2.681723875115962663e+00
5.402829788815692424e+00
-2.678157680895242976e+00
5.402800033775211119e+00
-2.680578695647555243e+00
5.401175392545563447e+00
-2.676666489836780016e+00
5.400478665261597477e+00
-2.679328908967899991e+00
5.401253072383278564e+00
-2.674810702669849327e+00
5.402452192831646016e+00
-2.683709066670107113e+00
5.397907367723417060e+00
-2.678387131546125399e+00
5.405211264150389106e+00
-2.690028507921877754e+00
5.397439791357583339e+00
-2.675097696035425354e+00
5.400554864413216194e+00
-2.682287555142532032e+00
5.398197553288934358e+00
-2.674261949784630499e+00
5.400795420580895012e+00
-2.679303312150017380e+00
5.399973783508911218e+00
-2.678134271327205163e+00
5.403876399256730245e+00
-2.687494625805435522e+00
5.395953985547423670e+00
-2.671375256455003289e+00
5.403198422852531380e+00
-2.680267942401370895e+00
5.401704541513519864e+00
-2.674496577231756156e+00
5.401086338393719544e+00
-2.682385156154524886e+00
5.401933246500940200e+00
-2.677751182702836630e+00
5.403147237396256131e+00
-2.686801097243250780e+00
5.398600553466764929e+00
-2.676397643654558678e+00
5.405921992452763725e+00
-2.688622046099188090e+00
5.395309139871620197e+00
-2.671934090567396947e+00
5.402615182709138431e+00
-2.679933950501883100e+00
5.402039160487461800e+00
-2.677338423321868888e+00
5.402323858271986801e+00
-2.678391030552348173e+00
5.402398528103478981e+00
-2.676215503361540904e+00
5.402643563987108877e+00
-2.682514211034187301e+00
5.402682435894073265e+00
-2.680002561758267010e+00
5.402960806836838437e+00
-2.681640741379913262e+00
5.402954028639248563e+00
-2.678757550217198080e+00
5.403273652595030896e+00
-2.680783677785720354e+00
5.401356114259781016e+00
-2.677478024518135769e+00
5.401624113355363299e+00
-2.679866843319209213e+00
5.401591723490872354e+00
-2.676123552323550481e+00
5.401250047988852998e+00
-2.678575622559946190e+00
5.401747998751414315e+00
-2.674476740003292274e+00
5.400869693701151775e+00
-2.682549459362804090e+00
5.401756137607205410e+00
-2.677455605142002426e+00
5.403054971664345452e+00
-2.687186695976173212e+00
5.398481031578591605e+00
-2.676092649361933695e+00
5.405867128162781476e+00
-2.689654026916128426e+00
5.396077252864122542e+00
-2.672954368675970915e+00
5.401219681094734604e+00
-2.679947161630232166e+00
5.401349749697355485e+00
-2.675536579922727753e+00
5.400520055592710200e+00
-2.678536169506956277e+00
5.401398366157699193e+00
-2.673576497816865682e+00
5.402681232545045731e+00
-2.688143470882685016e+00
5.398111410934959054e+00
-2.677166180113288885e+00
5.405488142655236139e+00
-2.690454268708504237e+00
5.397158330970692752e+00
-2.673315991457322571e+00
5.404396969734153622e+00
-2.682922281264735531e+00
5.399118649008500803e+00
-2.678984259849829463e+00
5.404167716247265218e+00
-2.684979600824019652e+00
5.397177159529317869e+00
-2.673532812100912981e+00
5.398897098469799261e+00
-2.675577763032699785e+00
5.402388781192900780e+00
-2.675928768768988775e+00
5.402417875846195372e+00
-2.683044370803338019e+00
5.402309314494200265e+00
-2.679285144825921616e+00
5.402063618346456764e+00
-2.681747727043375829e+00
5.402485234106980450e+00
-2.677690769834737416e+00
