8.110774000804617856e+00
3.276309260735301709e+00
1.260653915214146048e+00
5.731460861231560955e+00
4.479387463779744394e+00
4.253087292731242641e+00
4.861190512791304208e+00
4.575434971329301881e+00
4.607626743382253309e+00
4.657493187831867054e+00
4.614595416038472564e+00
4.634475240461630285e+00
4.635304779372347639e+00
4.626758332068154012e+00
4.633944439893051381e+00
4.629590069451963608e+00
4.631918088493365282e+00
4.628848915930618091e+00
4.632326653069736011e+00
4.631680884746489646e+00
4.631656853822264885e+00
4.630849408541052092e+00
4.631750724901229077e+00
4.631118677508844428e+00
4.631009019260326376e+00
4.630237408834184443e+00
4.631152475672309698e+00
4.630521887577689455e+00
4.633181431119569815e+00
4.629618314345162133e+00
4.633344498815137769e+00
4.629927137598038200e+00
4.632561333016421479e+00
4.628999884909439366e+00
4.632743540917869218e+00
4.629331112628592315e+00
4.631941907665689584e+00
4.631186878547843833e+00
4.632141826867805179e+00
4.631538658654696938e+00
4.631323261281324655e+00
4.630570315119795666e+00
4.631539364924465829e+00
4.630940478654274273e+00
4.630705462843606846e+00
4.629954441980806301e+00
4.633729077002368690e+00
4.630340939850781545e+00
4.632881064469769328e+00
4.629339214769595756e+00
4.633125701564301480e+00
4.629740052554200958e+00
4.632265597426710180e+00
4.628724575604081792e+00
4.632521638166237743e+00
4.631942423204290726e+00
4.631650989315099665e+00
4.630915292834059116e+00
4.631916929000077232e+00
4.631339414732574156e+00
4.631037180727894942e+00
4.630302032899227704e+00
4.631311622127277872e+00
4.630735277223383406e+00
4.633216264982219279e+00
4.629689157018383128e+00
4.633498950013638762e+00
4.630130116406940388e+00
4.632604379736907418e+00
4.629076600210994208e+00
4.632893164104742389e+00
4.629524041087741182e+00
4.631993055229869150e+00
4.631268895276384967e+00
4.632286939252920455e+00
4.631721876275669558e+00
4.631382202883520982e+00
4.630657208419201254e+00
4.631680319202053475e+00
4.631114689102391324e+00
4.630771738620168776e+00
4.630045680114088569e+00
4.633866210192530311e+00
4.630506885161581820e+00
4.632953974921207418e+00
4.629434269642715094e+00
4.633259468819890259e+00
4.629898546189104458e+00
4.632344631754789610e+00
4.628822942181818334e+00
4.632652446544839542e+00
4.632094220269670437e+00
4.631735480614043610e+00
4.631016424300555379e+00
4.632045168445094063e+00
4.631485421463985119e+00
4.631126467557733939e+00
4.630405583898423494e+00
4.631437655469393455e+00
4.630876274170862672e+00
4.630517545971352789e+00
4.629794751353897730e+00
4.633623022524981039e+00
4.630266823299875156e+00
4.632701292986823205e+00
4.629183909510366846e+00
4.633015648152396082e+00
4.629657106597623972e+00
4.632093015831634020e+00
4.628573044185050556e+00
4.632408092958161028e+00
4.631851795474625888e+00
4.631484740077547180e+00
4.630767063655283344e+00
4.631800365884036985e+00
4.631242041230191120e+00
4.630876441179839098e+00
4.630156523067959995e+00
4.631192473873087856e+00
4.630632100382596761e+00
4.633060378398980106e+00
4.629545929568994467e+00
4.633377747812209790e+00
4.630021990849098046e+00
4.632452541964904746e+00
4.628935276726032555e+00
4.632770104343762796e+00
4.629411727385400077e+00
4.631844641734305767e+00
4.631129238455624630e+00
4.632162319382617355e+00
4.631606125952079545e+00
4.631236664859640584e+00
4.630518856984418896e+00
4.631554394707999123e+00
4.630995993582394554e+00
4.630628600313216658e+00
4.629908402869196138e+00
4.633739328189736995e+00
4.630385737233646992e+00
4.632812947099520073e+00
4.629297873275724839e+00
4.633131683351482621e+00
4.629775363586993819e+00
4.632205253157826164e+00
4.628687265900114589e+00
4.632523911559983887e+00
4.631969441112516073e+00
4.631597459229781499e+00
4.630881422270259229e+00
4.631916012199319255e+00
4.631359253183816804e+00
4.630989558862284916e+00
4.630271058867446499e+00
4.631307984308660863e+00
4.630748961265252817e+00
4.633173719925193446e+00
4.629660612826885568e+00
4.633493048362891997e+00
4.630138568344440486e+00
4.632566155592479085e+00
4.629050083171860841e+00
4.632885320964560627e+00
4.629528076859643626e+00
4.631958481835098063e+00
4.631244071760376002e+00
4.632277472208002678e+00
4.631722216067533537e+00
4.631350694236560983e+00
4.630633777606808721e+00
4.631669500256852423e+00
4.631111937938966250e+00
4.630742788700418444e+00
4.630023397648236561e+00
4.633854296744257084e+00
4.630501565962592103e+00
4.632927162883918371e+00
4.629412931491456717e+00
4.633246627012802321e+00
4.629891101263418740e+00
4.632319581010340137e+00
4.628802378825531250e+00
4.632638839501685979e+00
4.632085031205248171e+00
4.631711882980726891e+00
4.630996506319323913e+00
4.632030931979986832e+00
4.631474788604350579e+00
4.631104065429580530e+00
4.630386184783269243e+00
4.631422902164715083e+00
4.630864455290883974e+00
4.633288193288351842e+00
4.629775775897081225e+00
4.633607864946569066e+00
4.630254031772215839e+00
4.632680690332509954e+00
4.629165279559718904e+00
4.633000142845097535e+00
4.629643518500574650e+00
4.632073071121926233e+00
4.628554695692641552e+00
4.632392302981005905e+00
4.631837566577365450e+00
4.631465332627041853e+00
4.630748955394914823e+00
4.631784342920379771e+00
4.631227279685267817e+00
4.630857471855485130e+00
4.630138601065099557e+00
4.631176260231506525e+00
4.630616903678491880e+00
4.633041780981529634e+00
4.629528158851752728e+00
4.633361395152912898e+00
4.630006438788298873e+00
4.632434235344688567e+00
4.628917628752912350e+00
4.632753623844847013e+00
4.629395885220478846e+00
4.631826571444034535e+00
4.631111701227098365e+00
4.632145734117490754e+00
4.631590058137344812e+00
4.631218786415108646e+00
4.630501400280491175e+00
4.631537723474386858e+00
4.630979732427154438e+00
4.630610877403385395e+00
4.629891011242468046e+00
4.633722602368488097e+00
4.630369318191662309e+00
4.632795365742925497e+00
4.629280534140831627e+00
4.633114899519573449e+00
4.629758815553476126e+00
4.632187773949935305e+00
4.628669969017562558e+00
4.632507079862971722e+00
4.631952798916167957e+00
4.631580062456285063e+00
4.630864170610316854e+00
4.631899140889927935e+00
4.631342524733886634e+00
4.630972228451116557e+00
4.630253834328333262e+00
4.631291080087338585e+00
4.630732162176293798e+00
4.633156458340025097e+00
4.629643409896687878e+00
4.633476132461035846e+00
4.630121711308240684e+00
4.632548936989582700e+00
4.629032897353377862e+00
4.632868382269858643e+00
4.629511172241658201e+00
4.631941297493556320e+00
4.631226910736971902e+00
4.632260514305402310e+00
4.631705283582059351e+00
4.631333537073083484e+00
4.630616627071220570e+00
4.631652526037580486e+00
4.631094973125630787e+00
4.630725652920459900e+00
4.630006255175896257e+00
4.633837324033279970e+00
4.630484574398973763e+00
4.632910059535932490e+00
4.629395795120958113e+00
4.633229642534069548e+00
4.629874087472375166e+00
4.632302490833160924e+00
4.628785246960760880e+00
4.632621844778315179e+00
4.632068010213393094e+00
4.631694802820450541e+00
4.630979388988228251e+00
4.632013928246412782e+00
4.631457752085462509e+00
4.631086992693453475e+00
4.630369069593562870e+00
4.631405890407308767e+00
4.630847405672210648e+00
4.633271141462789622e+00
4.629758661983651713e+00
4.633590861497663305e+00
4.630236971042407390e+00
4.632663642455220554e+00
4.629148166226802807e+00
4.632983133108761642e+00
4.629626448257023519e+00
4.632056025783335862e+00
4.628537582376078596e+00
4.632375287446079959e+00
4.631820499496095422e+00
4.631448288639617772e+00
4.630731852968883899e+00
4.631767321985155839e+00
4.631210205486721243e+00
4.630840428250461827e+00
4.630121497802228703e+00
4.631159234203938269e+00
4.630599823241521307e+00
4.633024752694677950e+00
4.629511054449533702e+00
4.633344379922648137e+00
4.629989352811579195e+00
4.632417206327662740e+00
4.628900522970113229e+00
4.632736604258026247e+00
4.629378794268199648e+00
4.631809541152308363e+00
4.631094605202341619e+00
4.632128710302080066e+00
4.631572974025940148e+00
4.631201754373503121e+00
4.630484302505927907e+00
4.631520695523035691e+00
4.630962644183950871e+00
4.630593843228334450e+00
4.629873911570077105e+00
4.633705585802072591e+00
4.630352226143974015e+00
4.632778344971190343e+00
4.629263432473909923e+00
4.633097879245110740e+00
4.629741719963950786e+00
4.632170750758263900e+00
4.628652865264981209e+00
4.632490055905983617e+00
4.631935711314130621e+00
4.631563036605702344e+00
4.630847076043124844e+00
4.631882113248302346e+00
4.631325433933406899e+00
4.630955199726256133e+00
4.630236737559724425e+00
4.631274048733754256e+00
4.630715068305142346e+00
4.633139442246947404e+00
4.629626310862655636e+00
4.633459112962461823e+00
4.630104614486858061e+00
4.632531918022886330e+00
4.629015796021064943e+00
4.632851359338726382e+00
4.629494072564428464e+00
4.631924275501213550e+00
4.631209818419121049e+00
4.632243487902267809e+00
4.631688192476580923e+00
4.631316511906958588e+00
4.630599532389205741e+00
4.631635496122653350e+00
4.631077879291526145e+00
4.630708624460675438e+00
4.629989158112281622e+00
4.633820305939852169e+00
4.630467477883625449e+00
4.632893043493336194e+00
4.629378695660218312e+00
4.633212621146243215e+00
4.629856988323213685e+00
4.632285471625301909e+00
4.628768145091645358e+00
4.632604820039524007e+00
4.632050919806371070e+00
4.631677780341584949e+00
4.630962296053462879e+00
4.631996900093170666e+00
4.631440659074449684e+00
4.631069966861584675e+00
4.630351974233311907e+00
4.631388858774374562e+00
4.630830310089872448e+00
4.633254127792607591e+00
4.629741564181726332e+00
