7.212664725420996634e-04
3.141022550699417749e-03
4.150949560565816120e-03
-9.280187632409966263e-04
-2.493300539238161879e-03
-2.249465651347886622e-03
4.896698704380527539e-03
-1.333966810251749281e-04
-1.730431851015042230e-03
-1.068304770826519675e-04
3.835110533718325693e-03
4.990513290140282700e-03
4.849760056553077160e-03
3.571724035063129563e-03
-1.075455845469584434e-03
5.364059767313657939e-03
5.696250892683787058e-03
4.107074191420968107e-03
5.853420151608218838e-03
5.072392924616496435e-03
5.449772511241667353e-03
5.428530189940205045e-03
5.994604337378263946e-03
4.937897075776246508e-03
4.785549609448757138e-03
4.158920112621883151e-03
