3.029682341936544739e-03
-2.212957541636487548e-04
-6.051141057475729369e-04
-3.869568716660410908e-04
-1.068362969703344533e-03
-1.116661511371602310e-03
-4.858819706167694856e-04
-1.063200113952238526e-03
-5.313443798971153936e-04
1.255083293972902815e-03
-7.114882161036666748e-04
5.166406309736394642e-03
5.793462819286785206e-03
6.526314182130428868e-03
6.288873973665903491e-03
6.727436404090022561e-03
6.407611257260222362e-03
6.566979896599018686e-03
6.193131706237960631e-03
6.482415084337420780e-03
5.894105380191176462e-03
5.463555087691860865e-03
6.284058349301720713e-03
6.318474328534207790e-03
5.227577683291927992e-03
6.305933335646328117e-03
