1.373554808368395797e-03
3.205298419048951009e-03
5.089560742567610617e-03
-1.168248926152925605e-03
-3.516587171281995152e-04
-1.499770082841349328e-03
-1.697232632769134306e-03
-1.564203641121002328e-03
-1.774257027909104936e-03
1.121839064184903829e-03
5.040076916198273603e-03
5.000276320267515312e-03
4.960039868215478966e-03
4.656638395381370275e-03
5.421289553483135334e-03
5.549643949626961205e-03
5.482156779519785708e-03
5.095815853104534131e-03
5.041747518293037029e-03
5.499192548806065665e-03
5.193928748648204627e-03
5.544765186796200146e-03
5.567271727795992248e-03
5.480114478298330968e-03
3.548178456288209829e-03
5.141006168488669245e-03
