2.109744665485622107e-03
3.678995483627692156e-03
-3.154455961264699911e-04
-1.169646849056329681e-03
-1.201924360973173492e-03
-1.441403472943571847e-03
-1.468861770288074119e-03
-1.677180689118703844e-03
-1.386087463804111910e-03
1.161875039032047056e-03
4.828715301988874796e-03
5.285781411607294936e-03
5.405070979519763577e-03
5.653551811524905150e-03
5.749216272854905038e-03
5.645171777818597768e-03
5.466265290477118587e-03
5.626386031896572770e-03
4.943635757561530911e-03
5.377739457253120220e-03
5.975050506219662522e-03
4.171361892373178989e-03
6.916828300451047587e-03
5.931956056803174525e-03
5.473213415400223110e-03
6.179134827625706872e-03
