-4.056149434069386550e-03
-4.309863532456739005e-03
-4.491048222425921520e-03
-5.050958708157193833e-03
-4.400719287863574108e-03
-4.365467249457457774e-03
-4.598959605986352797e-03
-4.536571403863845671e-03
-1.964414902774328994e-02
-3.530201090291930788e-03
-2.853994157052864526e-03
-3.945550647547081853e-03
-4.116678004166765374e-03
-4.812893938194077494e-03
-4.463726311595231713e-03
-4.264917345998806009e-03
-5.100204339724969185e-03
-4.365697029498815697e-03
-5.604814755339917846e-03
-1.117615708376633495e-02
-1.323809196194193800e-02
-5.683053926088821491e-03
-4.925255748442758201e-03
-4.999206147828403127e-03
-5.671401870053118487e-03
-5.548844031227168246e-03
-5.740890222839250753e-03
-5.465213107067826842e-03
-5.083022776074403067e-03
-5.447820366886722311e-03
-4.777041476943537715e-03
-4.508612351262327768e-03
-5.218392083556674249e-03
-4.147750227005060977e-03
-4.631894990015727499e-03
-4.125759122149268675e-03
-3.910750795989678848e-03
-4.694201639768878775e-03
-4.606514621544929161e-03
-4.048839644773726855e-03
-4.617430102051631527e-03
-4.101495261949333893e-03
-4.232901817533321273e-03
-3.391816423701178064e-03
-4.650785966279128922e-03
-3.528674148392118345e-03
-3.872994482812860267e-03
-4.356768374658694272e-03
-2.235976766824855112e-03
-3.881786614801008197e-03
-4.490215788240802149e-03
-2.711531648324324879e-03
-5.144986023136411887e-03
-5.134143661626083648e-03
-4.842224351389479153e-03
-4.806076667037676234e-03
-4.732758538089282437e-03
-1.665513983885563362e-02
-5.262024659469953167e-03
-5.029446070695152773e-03
-2.445327737243396457e-02
-5.450606980447549738e-03
-2.414675644533116616e-02
-2.498175384116080311e-02
-5.273330928434066291e-03
-5.158457661861765020e-03
-5.228374706725314597e-03
-4.955612158235801930e-03
-2.243191759298206536e-02
-4.101701515908905138e-03
-2.324059478554471939e-02
-2.373482545126865198e-02
-4.883096115039406784e-03
-5.907146212413347600e-03
-5.520645102916866241e-03
-5.045259605364525723e-03
-5.961970148531932877e-03
-5.681732511654538284e-03
-2.505182793198018620e-02
-5.039901221210991641e-03
-5.212992082137496083e-03
