-4.047536870026358265e-03
-3.841004247242527959e-03
-4.407060744616522058e-03
-4.197156593699970760e-03
-4.247974156532770100e-03
-4.246800755089719277e-03
-4.369782448555742035e-03
-4.564229197272584929e-03
-5.121426914086736962e-03
-4.740783972859852723e-03
-2.754848571573648066e-03
-3.950935564334193996e-03
-2.014457397637076097e-02
-3.957033309443605713e-03
-4.026481765929179613e-03
-4.010330563998582530e-03
3.363422342690953332e-03
2.824316187205180503e-03
3.188844883096455043e-03
2.778747138042000821e-03
2.800177145426044085e-03
-3.229800893502618366e-03
-6.012398672248535011e-03
-6.128287749409143739e-03
-2.240128865338611094e-02
-5.495511092973117719e-03
-6.151195479724784997e-03
-5.664295694295821103e-03
-5.881553398243993640e-03
-5.418128069551474309e-03
-5.116241877850708462e-03
-2.031642828967301570e-02
-4.990634436526177921e-03
-1.890834097568168393e-02
-4.866746614118013306e-03
-4.960704625842716001e-03
-5.286370612433358672e-03
-5.070024856254093902e-03
-5.085793226987224934e-03
-5.332890765643584843e-03
-5.108594637584271993e-03
-5.383727047334559493e-03
-5.158230244648789702e-03
-4.971399004647476458e-03
-5.072088358895559743e-03
-5.459643271635283845e-03
-5.049307115021124844e-03
-5.566474835098023793e-03
-4.992462975469739300e-03
-4.994935700997749257e-03
-4.796274021219656784e-03
-4.929801140896345087e-03
-4.769233238409229317e-03
2.082762707292144713e-03
-1.924205964958294055e-03
-5.189822035292027298e-03
2.804132663630542859e-03
2.314943952391685777e-03
2.422903051958540457e-03
-5.250988135746764360e-03
-5.898976373942874281e-03
-6.814818968631669062e-03
-6.545275749877742938e-03
-6.349461225954225636e-03
-6.013406294658277598e-03
-5.849864847827485927e-03
-5.730351733242914150e-03
-5.526339273566451514e-03
-5.214985677618644462e-03
-5.570489319325591659e-03
-6.021587537192863229e-03
-5.394537511240232903e-03
-4.886560695057806311e-03
-5.616276586186822947e-03
-5.652651648791921085e-03
-5.841814563171491073e-03
-5.711052961517343492e-03
-5.811312018633771510e-03
-6.013537603995726052e-03
-5.608013586220028483e-03
-5.334147560996892190e-03
