-4.007466902679371681e-03
-2.031978725099056055e-02
-2.308163219040290648e-02
-3.834466598891146660e-03
-4.439005810882053552e-03
-1.995759589604785209e-02
-5.365640622452385287e-03
-4.487040450586522386e-03
-4.576148595053568420e-03
-3.661994630248951565e-03
-3.891501603874124218e-03
-3.362726587519334741e-03
-4.212335995905410434e-03
-4.339233328618779389e-03
-4.364122445932968296e-03
-4.368764802726347006e-03
-4.930889342272081269e-03
-2.771160424232367928e-03
-5.291321098027396835e-03
-4.610112578289487020e-03
-5.917175851218079742e-03
-2.516639051625323836e-02
-5.794950891301747786e-03
-7.122035758902555899e-03
-5.101354839500468925e-03
-5.527707802135259016e-03
-5.308034410484410021e-03
-5.445608821509629639e-03
-5.518746472381015969e-03
-5.473070232263951146e-03
-4.954507553573729746e-03
-5.569782825239528307e-03
-5.289753378120145774e-03
-5.227332747796879439e-03
-5.503802247449405063e-03
-5.409982542785470028e-03
-5.195013025681484778e-03
-4.963427131775470166e-03
-5.199150930855005528e-03
-5.626434547793469042e-03
-5.048912329073017985e-03
-5.004023353487030250e-03
-5.006983336028066056e-03
-5.468758058114840843e-03
-5.330179573349034909e-03
-4.592289314981220193e-03
-4.662790702052005930e-03
-4.020610808086259348e-03
-3.971374423302699921e-03
-3.260940302089547754e-03
-1.537556371098667022e-03
8.212882819578064828e-04
1.605932599046913005e-03
-5.223755663002906113e-03
-5.139990267535756233e-03
-5.994009782442777032e-03
-5.347541304713768033e-03
-5.102556840876695810e-03
-5.262913751524012432e-03
-6.256470234477631842e-03
-4.988525656449890704e-03
-5.849347823527880838e-03
-1.875539516489483846e-02
-2.432501104287712601e-02
-5.800168798445199357e-03
-6.114296817488160465e-03
-2.327179477108902786e-02
-5.954077774423486603e-03
-6.065423034786299183e-03
-1.913208003960078585e-03
-5.314555597494692932e-03
-4.630405601787247402e-03
-5.737372979401234724e-03
-5.280201063580054407e-03
-5.432025070086865179e-03
-4.599412143606604678e-03
-4.953838533041614658e-03
-4.511075952613131414e-03
-5.326019649607996280e-03
-5.706560854055443832e-03
-4.667935130309036791e-03
