-4.066074854916520639e-03
-4.254464191771145307e-03
-4.472276836122863510e-03
-4.219845511181546591e-03
-4.212719667676630315e-03
-4.082482249002195723e-03
-4.551293561074753156e-03
-4.605080008793748826e-03
-4.532418598010983478e-03
-1.832754166117258124e-02
-6.556902259674116280e-03
-4.170515517542540580e-03
-3.691436546547930807e-03
-3.590122470995037521e-03
-4.377710751219167536e-03
-3.458181795181106567e-03
4.077266136463315004e-03
3.462403388714919809e-03
3.113377327682384770e-03
2.302161848527248950e-03
-2.224321719415282145e-03
-4.911425191329975813e-03
-5.877012843286406885e-03
-5.860398402876007898e-03
-5.922456665162355305e-03
-2.332885104961436931e-02
-5.966190737679898624e-03
-5.439086821203688478e-03
-5.226756658158472103e-03
-5.218417355201764203e-03
-4.922214097663423632e-03
-5.331658425543275501e-03
-5.146275991132683372e-03
-4.786496606673410620e-03
-4.465270880698999321e-03
-5.184095255498820561e-03
-5.005572982810469092e-03
-5.329443613658205528e-03
-4.979000988299163780e-03
-5.106927953026902875e-03
-5.280157227487746255e-03
-5.679529786435723836e-03
-5.522845222113804964e-03
-2.241718756232085816e-02
-5.587872330986501899e-03
-6.205313364436516183e-03
-5.550328035577711122e-03
-5.370482414463453348e-03
-5.598388918821395853e-03
-5.148656501098839225e-03
-4.838275551542795330e-03
-5.020231388802924750e-03
2.037614408390149047e-03
-4.682707515636402862e-03
-5.244943507795767415e-03
-4.619261448895790705e-03
5.671949385277927857e-05
-3.158074513741043196e-05
-5.253012598001172498e-03
-2.412185650150516086e-02
-6.249269381446945215e-03
-6.818611203832002088e-03
-6.240902545320978038e-03
-6.240283486842651377e-03
-2.322571116133697461e-02
-5.682512230320673798e-03
-5.662922666113577412e-03
-2.162923946962685279e-02
-5.545464397128091645e-03
-6.080451703516636178e-03
-5.279538728550265542e-03
-2.231794431864235484e-02
-5.714430724294342762e-03
-5.601021779256801746e-03
-6.117433920196155631e-03
-5.583490874728654074e-03
-5.697715700217961636e-03
-6.171998704716474132e-03
-5.538911939122881552e-03
-5.903816362488557498e-03
-6.150362927250250904e-03
