4.959979463685630363e-01
4.134693839317649111e-01
-1.711250920357416661e-01
2.066628651497576519e-01
4.003026131319273317e-01
2.416780647201604293e-01
2.859015855144353413e-01
2.844481603849778328e-01
2.719180016586582038e-01
2.835084854444788194e-01
2.774878092562058640e-01
2.791036519590572862e-01
2.794199568391838584e-01
2.782900410842854555e-01
2.795645644003700858e-01
2.785174894794741896e-01
2.787292076593471113e-01
2.791290082758648983e-01
2.785031837297929913e-01
2.788144525643951877e-01
2.790295612894194699e-01
2.785718353407776737e-01
2.789320247088674654e-01
2.788581712078790353e-01
2.787483962452592112e-01
2.791306241989630621e-01
2.790192375809412706e-01
2.782619144793966881e-01
2.800604432822733081e-01
2.783153559236474228e-01
2.786728493226280357e-01
2.790682167150638771e-01
2.788680968177438269e-01
2.785390441644032822e-01
2.786053053373118704e-01
2.792377713192684130e-01
2.784486266458551795e-01
2.786161035770593486e-01
2.797250355239486175e-01
2.784629758744155970e-01
2.785134149160568007e-01
2.798121853125173364e-01
2.780983422118961657e-01
2.795029662044820062e-01
2.777406171775617105e-01
2.801983961715105997e-01
2.786134563598761660e-01
2.783495472063990395e-01
2.792205537629799394e-01
2.787687579446836983e-01
2.783143648893054989e-01
2.793438335786840310e-01
2.785391615154947376e-01
2.794175884214669670e-01
2.781670808978585208e-01
2.788966245333581728e-01
2.791039788915903874e-01
2.789594145972314476e-01
2.786790605113954045e-01
2.789196684940170590e-01
2.794288779133112244e-01
2.778858709302788332e-01
2.800326390215990835e-01
2.782149598519617073e-01
2.788608851936275612e-01
2.797524808187340506e-01
2.778583516798679431e-01
2.792763423322570659e-01
2.792955888744148574e-01
2.780152389635406895e-01
2.793437452249042385e-01
2.791189595776562560e-01
2.781582520949671400e-01
2.790059492732606117e-01
2.795281675783274355e-01
2.786452343415738442e-01
2.783340580604465875e-01
2.797799562699875286e-01
2.782172561872769956e-01
2.797375907608611878e-01
2.786803394879974194e-01
2.783140317286895704e-01
2.796561349475090164e-01
2.786453500025532493e-01
2.783635138566507572e-01
2.797934617537652380e-01
2.780899370705726681e-01
2.790626950814957818e-01
2.789713541961809651e-01
2.787835100917197551e-01
2.787310939181076863e-01
2.787146558609269187e-01
2.794681168128486104e-01
2.787244285653693310e-01
2.788225272912191466e-01
2.785769642402508017e-01
2.797191863954808788e-01
2.781190130117760506e-01
2.795604435835853385e-01
2.789011209498023502e-01
2.784132030294933502e-01
2.794658318493280502e-01
2.783159986513417672e-01
2.795232568377530313e-01
2.786691085461444617e-01
2.785400495226944551e-01
2.793448212722920432e-01
2.783642032940618072e-01
2.790149334158028571e-01
2.787699825050792279e-01
2.789692765804606678e-01
2.785002826745001103e-01
2.795991182037985689e-01
2.780171101037786641e-01
2.792575113000348996e-01
2.789426829124710405e-01
2.782619155980074477e-01
2.792354811902745260e-01
2.793212793241959813e-01
2.786529265466194394e-01
2.790348145533698698e-01
2.793123529601130306e-01
2.776060506064873534e-01
2.797540667009436044e-01
2.784125982643244068e-01
2.787890502698350259e-01
2.795496960981976309e-01
2.788472459133630177e-01
2.790004424279305395e-01
2.790965919238134751e-01
2.787522503603246382e-01
2.780810003246663720e-01
2.794702899562142018e-01
2.792381427259250093e-01
2.779932300802649969e-01
2.787639651903677240e-01
2.785581247635506852e-01
2.798286671758500321e-01
2.782244418822335530e-01
2.795706846498987042e-01
2.779787027335745009e-01
2.792842859385361032e-01
2.793677232037071190e-01
2.785778319588650409e-01
2.785483931065199092e-01
2.791838166401363619e-01
2.784546173670897629e-01
2.790643285208505020e-01
2.794029361828492264e-01
2.778280062111100901e-01
2.800224330281180229e-01
2.785408226116000696e-01
2.793154433964747940e-01
2.782712716127122565e-01
2.792951833462380962e-01
2.784292689504747620e-01
2.789556945684749656e-01
2.790180808975503690e-01
2.793582304173118924e-01
2.782655781694923780e-01
2.793010821320078274e-01
2.784433989133091591e-01
2.791622333321289728e-01
2.790362457363685378e-01
2.779956418277337860e-01
2.800386976588853383e-01
2.776901099316676502e-01
2.792185850313038120e-01
2.792779525093546655e-01
2.781663039687632399e-01
2.791813099979981172e-01
2.787202362350638674e-01
2.794007785573719427e-01
2.787583745108164757e-01
2.783423345917460101e-01
2.797453860736306974e-01
2.784819771740270622e-01
2.788145210810279995e-01
2.794908216860952921e-01
2.786789871858416645e-01
2.788425219089386564e-01
2.782548355090393444e-01
2.794601995147935058e-01
2.791403614669881184e-01
2.784402354662759982e-01
2.788093070699227405e-01
2.794519555332709571e-01
2.782350591373862203e-01
2.790207642638297125e-01
2.789424409903997759e-01
2.785647291278814386e-01
2.787283227991240175e-01
2.787740550691706343e-01
2.790209980212564611e-01
2.793644493403331097e-01
2.788239631661279527e-01
2.786873679371064672e-01
2.785709120806042494e-01
2.786021008358644524e-01
2.792185620622154030e-01
2.787635840781418350e-01
2.793615996163401061e-01
2.786340701719522417e-01
2.789305882244270673e-01
2.785890420034294324e-01
2.789715379883327406e-01
2.787055211208757655e-01
2.786275697902175219e-01
2.789970903081967490e-01
2.788509152015468673e-01
2.784855329374504862e-01
2.791090757486615614e-01
2.787717830473952496e-01
2.790983690439938769e-01
2.787887953750082248e-01
2.792211269426677078e-01
2.781289586004832004e-01
2.791473183513439316e-01
2.788733295541298007e-01
2.793076311069458417e-01
2.781370688979459271e-01
2.792774779767738247e-01
2.783878598893541056e-01
2.795223372914940052e-01
2.780039410415112711e-01
2.792689131226407939e-01
2.785895009012725465e-01
2.793723843655763206e-01
2.780505081956100022e-01
2.794448985247665607e-01
2.785068651158444930e-01
2.794834350352088936e-01
2.787308528356328141e-01
2.778923418346809782e-01
2.799415421331903353e-01
2.779086465277609275e-01
2.800327525130550388e-01
2.785513227137529357e-01
2.784509245998209037e-01
2.796888663576865275e-01
2.777705504421726368e-01
2.799658161064436657e-01
2.787138869927615059e-01
2.789456986142823114e-01
2.793463113109950768e-01
2.777968061345004180e-01
2.799643884010009631e-01
2.784827451935549814e-01
2.783567396799196403e-01
2.801799728970973402e-01
2.781792621818296452e-01
2.793984120702646679e-01
2.787786975721177618e-01
2.789922274249698741e-01
2.784715660442229068e-01
2.796776354631877459e-01
2.778708262894898917e-01
2.792904968258557163e-01
2.790795832044853375e-01
2.785177212368454280e-01
2.795842694622248104e-01
2.788071867800753223e-01
2.786861220877908663e-01
2.794041039741798071e-01
2.786489009954166707e-01
2.790787082925650919e-01
2.785386470624465760e-01
2.789721410767395660e-01
2.786967518640362518e-01
2.787212680171629042e-01
2.787956742888452188e-01
2.788237859657012874e-01
2.793154060022325913e-01
2.789668633472149328e-01
2.789026874644693343e-01
2.789320373258369901e-01
2.791198439106986617e-01
2.784247281652385553e-01
2.795285721430796899e-01
2.785340582664404541e-01
2.789915947654540984e-01
2.784434046020805020e-01
2.796147094156235524e-01
2.785269782933747496e-01
2.794245688599793498e-01
2.788192021570884971e-01
2.789058256416160342e-01
2.791298760010591518e-01
2.776607674839029483e-01
2.797849141995368827e-01
2.789299045623662154e-01
2.789433048568649709e-01
2.785673447849530415e-01
2.782948317317655018e-01
2.793906897765370823e-01
2.778655841644246394e-01
2.800746812438167921e-01
2.786377209703537194e-01
2.783472806091497609e-01
2.792731586123162746e-01
2.792406626884790799e-01
2.786679449022378963e-01
2.786205105176632335e-01
2.788262407929446574e-01
2.795964401387925347e-01
2.786385740327380067e-01
2.787474455690091557e-01
2.795020382487992117e-01
2.780879557804493696e-01
2.792399028429432550e-01
2.787210013613700132e-01
2.791663246810184296e-01
2.779977602755915322e-01
2.800734540835191910e-01
2.776312680721860215e-01
2.797611929325611313e-01
2.781858883287014472e-01
2.797947532878374832e-01
2.778133876263914614e-01
2.793297016518948017e-01
2.788622694277924641e-01
2.789273360191393825e-01
2.790446455020186844e-01
2.786935266272911882e-01
2.790941537874185863e-01
2.782041447727288119e-01
2.792515344792354526e-01
2.792728627749362924e-01
2.789580074763313156e-01
2.787998515820234169e-01
2.791214630290286269e-01
2.788919748763637463e-01
2.783962672020259821e-01
2.790049922594424747e-01
2.788912561885791286e-01
2.785331048889714278e-01
2.790621253283593894e-01
2.781592134397334881e-01
2.794490807350419326e-01
2.789766911431933449e-01
2.790622802311572559e-01
2.790450570530809693e-01
2.787985014059671807e-01
2.783862079633143138e-01
2.797523965707185423e-01
2.782643973114366509e-01
2.788940797975525965e-01
2.795357635860418744e-01
2.786023789980203724e-01
2.785074167545993906e-01
2.789876417278302489e-01
2.789761112166783130e-01
2.784058032971736818e-01
2.793681774955146246e-01
2.783300792817416935e-01
2.798358021335241030e-01
2.780558486706272703e-01
2.788952790540542570e-01
2.788712076178041510e-01
2.794677424592582060e-01
2.785359047045232739e-01
2.787578983851753400e-01
2.794347056235632065e-01
2.781147007251215664e-01
2.792939079564464855e-01
2.794561165302785199e-01
2.779274673596269229e-01
2.791855428922287996e-01
2.793517133153151089e-01
2.787687081843022163e-01
2.791433531713014005e-01
2.790391246808752723e-01
2.790396688645990220e-01
2.783148993487452594e-01
2.796738760330610973e-01
2.784969260132805213e-01
2.783118228142651973e-01
2.793927979997724020e-01
2.791905354706503140e-01
2.783618367573755248e-01
2.796309042286120317e-01
2.785722177629940677e-01
2.785784199510865644e-01
2.797973447060574381e-01
2.783089605990281545e-01
2.794063338952081366e-01
2.781531071518090759e-01
2.790420552913565055e-01
2.794859335261841160e-01
2.779701943710397583e-01
2.793306096248251991e-01
2.786304796204433498e-01
2.785879759308758641e-01
2.796321352486406675e-01
2.787169523356393119e-01
2.792413881820023924e-01
2.781858129691033299e-01
2.799121604639721594e-01
2.783111173455333764e-01
2.792324948253733785e-01
2.792009819362504808e-01
2.788420681336777340e-01
2.783220965329124552e-01
2.791986909293218133e-01
2.782311002549628376e-01
2.792073624539780363e-01
2.784324053540706556e-01
2.791260394438672132e-01
