4.961858009890180998e-01
4.106528388361029291e-01
-1.691107977881897151e-01
1.977289751831706743e-01
3.977128962760851372e-01
2.454078362838971739e-01
2.809271989763633126e-01
2.857583664176697180e-01
2.703738034942861912e-01
2.821563339192740827e-01
2.761450638116992318e-01
2.784959956378735835e-01
2.773729088697124423e-01
2.784593300894485646e-01
2.772774072936063927e-01
2.775546425907147174e-01
2.782953042449103354e-01
2.770016845511861781e-01
2.785264420062702473e-01
2.772411800003241056e-01
2.785894412887114369e-01
2.776928538345459496e-01
2.780067275277500749e-01
2.777959239803309277e-01
2.773468587006461261e-01
2.781437908636053558e-01
2.781358518342076369e-01
2.774869160020848602e-01
2.781147728261663121e-01
2.779187400135694763e-01
2.780576690788684746e-01
2.782395792706347515e-01
2.779486832651550388e-01
2.781157116201614654e-01
2.777195057512075183e-01
2.775509800834563001e-01
2.787860513776352911e-01
2.776643041246542598e-01
2.774191114560303206e-01
2.781034055400718463e-01
2.781658759259811875e-01
2.777936445636187135e-01
2.778434078169693677e-01
2.777363554736390072e-01
2.776809074336278327e-01
2.786197769166849914e-01
2.768610213952002463e-01
2.789233684411768222e-01
2.766369852605881641e-01
2.782678525676732795e-01
2.777365339124797661e-01
2.784530889167633472e-01
2.766347803488324875e-01
2.792102301901228101e-01
2.768137793288498738e-01
2.788145631495199672e-01
2.777554277182119336e-01
2.782414508173272627e-01
2.778802617046081114e-01
2.780940852478004377e-01
2.779996800523717448e-01
2.780308508932513023e-01
2.780058885753624587e-01
2.777132571397136207e-01
2.783068003812758651e-01
2.775885750809000130e-01
2.779677386506609338e-01
2.773830393445652076e-01
2.787889953009020649e-01
2.768070764112966486e-01
2.788954468038560841e-01
2.767449003172237632e-01
2.783571011349376678e-01
2.775207460726207831e-01
2.773249401231958067e-01
2.790360146063565194e-01
2.766836721373972519e-01
2.792695947928105493e-01
2.768467829405640845e-01
2.789587916503137865e-01
2.771119119840642631e-01
2.778941699391160869e-01
2.782324888312052158e-01
2.780918093067408225e-01
2.778640976270654317e-01
2.777593613136986050e-01
2.776026382223805156e-01
2.781670858187694217e-01
2.774095678648492713e-01
2.780143260274325900e-01
2.784526346791229012e-01
2.767826942353677766e-01
2.791245934605280365e-01
2.775412897339856189e-01
2.773854088563773579e-01
2.789281015867366431e-01
2.765786437307213852e-01
2.792086167262837759e-01
2.762986068240025350e-01
2.783427046401676930e-01
2.783599229732163782e-01
2.777643833973711396e-01
2.783685329251960883e-01
2.779828270524473677e-01
2.772782262077569948e-01
2.783735202380840934e-01
2.775481344463631705e-01
2.775134138373376858e-01
2.789920670183115847e-01
2.774462453639219839e-01
2.774350496856793358e-01
2.787805404294564915e-01
2.770752828593049943e-01
2.787610085021023920e-01
2.777689933755329577e-01
2.770794068733904991e-01
2.792430056609467859e-01
2.770302830784731052e-01
2.775707047795727966e-01
2.787752614407669749e-01
2.767774168701742088e-01
2.783212702228149982e-01
2.773927309318117151e-01
2.786628337512185860e-01
2.766412546389609428e-01
2.792274922602980269e-01
2.769136376122214305e-01
2.782597192776947170e-01
2.774002146592298157e-01
2.780421521864370193e-01
2.783869819472151175e-01
2.770577720473531014e-01
2.782683938618997210e-01
2.778973763019177978e-01
2.776634444201789842e-01
2.787093340792007878e-01
2.767996838098208401e-01
2.784881884004828945e-01
2.778585221972858510e-01
2.776296789093822825e-01
2.786398720523857730e-01
2.765472872064353993e-01
2.790875128555921347e-01
2.768748561269310793e-01
2.780042338590720252e-01
2.785120504343224779e-01
2.768413216182447623e-01
2.779936874995005969e-01
2.777383076373999282e-01
2.784249131726963533e-01
2.778519690410829468e-01
2.781348048465520639e-01
2.773721876956671828e-01
2.787649495268272326e-01
2.770048060809898183e-01
2.782011893990148366e-01
2.783209698188469083e-01
2.777848615142050615e-01
2.778098278061225668e-01
2.775873184117325088e-01
2.782342048028679793e-01
2.782708223601859099e-01
2.771167233677109820e-01
2.789065540917576302e-01
2.769272636921525921e-01
2.784580689202068027e-01
2.776971467678122085e-01
2.781668693104178414e-01
2.772309039871693748e-01
2.786556150030085055e-01
2.767109542589824556e-01
2.785092117347842122e-01
2.775167948409217877e-01
2.777822031358601618e-01
2.781712180006424839e-01
2.773512366136748897e-01
2.784152528568802909e-01
2.776023643204553748e-01
2.778858799132107316e-01
2.785590512671209384e-01
2.777112839227200980e-01
2.776336781408182963e-01
2.784058684751913870e-01
2.771946611192743770e-01
2.786717496673500882e-01
2.766797281266244468e-01
2.783797329580210977e-01
2.785042309071880662e-01
2.767118872859523626e-01
2.785985879287635747e-01
2.773536349925155298e-01
2.777705217206387633e-01
2.779804794493967446e-01
2.772498217427881717e-01
2.781575488828220699e-01
2.775344707063955862e-01
2.778116459885047185e-01
2.784628121599228012e-01
2.774231481545056943e-01
2.784566493071313764e-01
2.772631907443894872e-01
2.787588866617716210e-01
2.777287926161826070e-01
2.781801415145470635e-01
2.780419930534531736e-01
2.774773723260369196e-01
2.786137343275421063e-01
2.767936106499276905e-01
2.781730871732405741e-01
2.779988691449588045e-01
2.782044781149560775e-01
2.772800540719642104e-01
2.780207998132649405e-01
2.778656017736991779e-01
2.785088616739397893e-01
2.776549171579408837e-01
2.772975351124932208e-01
2.780272242965073359e-01
2.782507820836755408e-01
2.771899050930564101e-01
2.780299770687747474e-01
2.779278568663149374e-01
2.778128635051308470e-01
2.774124069669527404e-01
2.786064726454112739e-01
2.768895803646372333e-01
2.790167173713407611e-01
2.769112317273261237e-01
2.790430223102249863e-01
2.775312204593722853e-01
2.783486586606148117e-01
2.772350175925072380e-01
2.779431565648062818e-01
2.781717349718636489e-01
2.774050287773207613e-01
2.786977725820853347e-01
2.773547444902486059e-01
2.778037403503711977e-01
2.786904258122239186e-01
2.768363952263630523e-01
2.790577672776169971e-01
2.767746410219373288e-01
2.789376502645614098e-01
2.775264196032721231e-01
2.780692245458770695e-01
2.774207362218882311e-01
2.785316407340764355e-01
2.775970941251169055e-01
2.775445576664042902e-01
2.786797877388339506e-01
2.768546299150475565e-01
2.791411977551332968e-01
2.767771472187172677e-01
2.785106619203592260e-01
2.783287421844754528e-01
2.776799345775725070e-01
2.776301283417400012e-01
2.781901101027433043e-01
2.781194946517753785e-01
2.776378998092819961e-01
2.783957710780046724e-01
2.775996080596397353e-01
2.783601118474295366e-01
2.776854454395558114e-01
2.783431561565985479e-01
2.777398381012630701e-01
2.780254288611437308e-01
2.776917825558367081e-01
2.772326650918751634e-01
2.790368575097271209e-01
2.763347976114845506e-01
2.787256132784100560e-01
2.773407889945058713e-01
2.785536029172582806e-01
2.769670630202156203e-01
2.788721667781156044e-01
2.770522312466148773e-01
2.778777966023655566e-01
2.780306246920354329e-01
2.784560651034857504e-01
2.771104188538052737e-01
2.786290161226346318e-01
2.779493827125302241e-01
2.774311730817959343e-01
2.782308578133599331e-01
2.779343661466827098e-01
2.774573565216715831e-01
2.786603880751980511e-01
2.768163414272248879e-01
2.783347749086128586e-01
2.783310764095721090e-01
2.776669386837185005e-01
2.781940269799722532e-01
2.771339254458151657e-01
2.782879860949393769e-01
2.770349055634822033e-01
2.782454779478785167e-01
2.782088967560499837e-01
2.769531249972985165e-01
2.789846036603411683e-01
2.763728133253420260e-01
2.791768504344491197e-01
2.776284618239386326e-01
2.780878327801190042e-01
2.778301106186727987e-01
2.784303145533040258e-01
2.778107004836732341e-01
2.780345179821735457e-01
2.775420539481352478e-01
2.780457001068376566e-01
2.777520768218507130e-01
2.776298307215128158e-01
2.780050052016768136e-01
2.777442441454845423e-01
2.778160287845560239e-01
2.785487577568689921e-01
2.769578270466429570e-01
2.780919836132884626e-01
2.773755788096310404e-01
2.777536994272449267e-01
2.785527711798552186e-01
2.768169546287810867e-01
2.784250855160924631e-01
2.779847208232452127e-01
2.774454266516737100e-01
2.776586447721767770e-01
2.780574297158596719e-01
2.777709981316460741e-01
2.780189415782294837e-01
2.784904462949300274e-01
2.777008583559913424e-01
2.772430896764570551e-01
2.793192216815943985e-01
2.768424367888702720e-01
2.787640251994660812e-01
2.771413508265303527e-01
2.781133427419348880e-01
2.781003718524697743e-01
2.770290217100274122e-01
2.788985858198681500e-01
2.768267922753724908e-01
2.782262521858378523e-01
2.781859275554230404e-01
2.767945360416756428e-01
2.791670893109240437e-01
2.774528034797484333e-01
2.773970320841188109e-01
2.787436609108869257e-01
2.769113337910796280e-01
2.781696572904210907e-01
2.776201982147731839e-01
2.778175076166588542e-01
2.787918791878213343e-01
2.769536670813957935e-01
2.783745592165112193e-01
2.777738579712183964e-01
2.776546101564553726e-01
2.787115338029831912e-01
2.766437847675329298e-01
2.790539923208044115e-01
2.768322766239886268e-01
2.790232098722531529e-01
2.767922227723612627e-01
2.791908603758258001e-01
2.765806718743752945e-01
2.792690848680447480e-01
2.766202426400493630e-01
2.789638446142427286e-01
2.772103617477165161e-01
2.776744196440338319e-01
2.779832840422798435e-01
2.782599563125853215e-01
2.772440594963233029e-01
2.778545888511034234e-01
2.786753073526847535e-01
2.768637719985208578e-01
2.788836368341031657e-01
2.775522051725868300e-01
2.783357397073198403e-01
2.768076292456609355e-01
2.788113434942421365e-01
2.779998045127340389e-01
2.771749834745307339e-01
2.783918785035868759e-01
2.776872352290219448e-01
2.777097972054426434e-01
2.785786564750699079e-01
2.771496975329865720e-01
2.779039648869869317e-01
2.782046345199122861e-01
2.772609648149514938e-01
2.788034494021306986e-01
2.768317428388646362e-01
2.784037297492932828e-01
2.775589048180485130e-01
2.774571329993294477e-01
2.788164881514528792e-01
2.773476673235317214e-01
2.775704618610720931e-01
2.780566687421156535e-01
2.776790908271488112e-01
2.779276646640728154e-01
2.782491134193565974e-01
2.775642438850087212e-01
2.776533133149625132e-01
2.787450258816962512e-01
2.777330755977040488e-01
2.775131828832345660e-01
