5.351650973625020624e-01
-3.277388451012014370e-01
1.898245851497801229e-01
2.053026071897569027e-01
-7.661493057555332498e-02
2.543731349349313553e-01
-1.624140339648628972e-01
2.943437211110088714e-01
-1.510505369657227370e-01
1.968805847168948464e-01
1.495404345555515768e-01
2.278181778053686712e-01
-9.625580731522753730e-02
1.603124831262042194e-01
2.602848375652488944e-01
-1.125250935030303601e-01
1.552001486345249426e-01
2.671462674486309030e-01
-1.174654530592013635e-01
1.509523873806986327e-01
2.716756202574072132e-01
-1.210807045216380495e-01
1.475063625156260994e-01
2.731730255073848146e-01
-1.229322715665579491e-01
1.455656631311271765e-01
2.750023921098760926e-01
-1.243605139439788732e-01
1.439367135602578340e-01
2.761299592628602695e-01
-1.255304082079594097e-01
1.429196958967046127e-01
2.775473263118106715e-01
-1.266322756153971940e-01
1.420339973140385681e-01
2.780551450324032503e-01
-1.273123739369247387e-01
1.413018131825682089e-01
2.785890862585462258e-01
-1.276277307429710128e-01
1.409095691364635194e-01
2.787737776438743431e-01
-1.278659810505920758e-01
1.408092407873763885e-01
2.790551448326047401e-01
-1.281846556767211320e-01
1.404362006414129893e-01
2.791242274836870374e-01
-1.281476252802468963e-01
1.401747579201136906e-01
2.787186871028371482e-01
-1.280028380516680109e-01
1.401766689923996667e-01
2.790829710819042742e-01
-1.283146967601037913e-01
1.402556962321672984e-01
2.788557513610072092e-01
-1.280435857491916130e-01
1.402094337285327286e-01
2.792156822967796215e-01
-1.283270205412628817e-01
1.399145710521355057e-01
2.794047833421816063e-01
-1.285147564953212362e-01
1.401332756644230459e-01
2.793560838099723997e-01
-1.285725520438407710e-01
1.398493664019897498e-01
2.792925936007195076e-01
-1.284347274108556258e-01
1.399432029232996200e-01
2.795791901961077741e-01
-1.286062000229679370e-01
1.397256376860219196e-01
2.788460650740351987e-01
-1.283239070839535811e-01
1.399462873475979530e-01
2.785746368989361899e-01
-1.279830433113713084e-01
1.401911980467926422e-01
2.793720320391562817e-01
-1.283681539124806870e-01
1.398901625003841076e-01
2.792672480350230635e-01
-1.284693996683624884e-01
1.401443635356844908e-01
2.788012059138028631e-01
-1.280191211141117891e-01
1.402416994046138121e-01
2.790405524933985970e-01
-1.282219069447368687e-01
1.400777248354385662e-01
2.784987856472102563e-01
-1.279618022087253004e-01
1.404269526353042197e-01
2.793160469250158262e-01
-1.284649877904901760e-01
1.402157033922576124e-01
2.783400434797767553e-01
-1.278058089046896773e-01
1.403522955349587320e-01
2.788509352275578834e-01
-1.280489531302863859e-01
1.401664903973123266e-01
2.791514689546121808e-01
-1.283624992585120639e-01
1.400700585089366679e-01
2.791231574478675870e-01
-1.282548305649857667e-01
1.400675597958278285e-01
2.785055365562847940e-01
-1.280016722267119378e-01
1.401841603477207709e-01
2.790380269074896891e-01
-1.282565222906655589e-01
1.401944130005662870e-01
2.785125151977215219e-01
-1.278358492263004520e-01
1.403167385616056473e-01
2.786907369151583880e-01
-1.280020323327859810e-01
1.401278878253722771e-01
2.791930899545618794e-01
-1.283174195887457070e-01
1.403140251185966692e-01
2.785406447276532194e-01
-1.280656270286708864e-01
1.403654539544241797e-01
2.791637185283172284e-01
-1.282132869083647542e-01
1.402603791116960874e-01
2.787586161071364810e-01
-1.280239387648113014e-01
1.400980486117316681e-01
2.792373394586623592e-01
-1.284227753756352897e-01
1.402319612120288828e-01
2.793028756176212934e-01
-1.283089923761098761e-01
1.399274666889124830e-01
2.782548293421359120e-01
-1.278811829183739146e-01
1.400752311331180666e-01
2.787745953120274733e-01
-1.281438350708553608e-01
1.401584230156779631e-01
2.786654604140886837e-01
-1.281855048266686836e-01
1.402676380633266218e-01
2.791724555666597607e-01
-1.282759820490377289e-01
1.400824493170372553e-01
2.789348412663050780e-01
-1.281936687220179005e-01
1.401443675923822463e-01
2.789919589805919253e-01
-1.283508288118354601e-01
1.400761926150674852e-01
2.792439969317528359e-01
-1.283194085183092525e-01
1.399368710676830163e-01
2.794609839330799983e-01
-1.284823060978771692e-01
1.399438985410803027e-01
2.793591221027157401e-01
-1.285356029224924423e-01
1.398199330687363295e-01
2.795034650231308926e-01
-1.285046545766172221e-01
1.398392591967194953e-01
2.793027477324918073e-01
-1.284845946530661365e-01
1.399212573145758864e-01
2.788741460213540746e-01
-1.282313229523990017e-01
1.400576265180484281e-01
2.792465857204970425e-01
-1.285230690562821632e-01
1.399792649268792877e-01
2.784819371975511548e-01
-1.279526762521209504e-01
1.402073960843560341e-01
2.787053468610635187e-01
-1.280208908318593852e-01
1.401161745181133955e-01
2.791638282890528955e-01
-1.283735454802296672e-01
1.402548472179965255e-01
2.793345183048151492e-01
-1.283415856011621559e-01
1.400760869188583946e-01
2.788878496767831505e-01
-1.281297273215829813e-01
1.399817312293008542e-01
2.790577195338649341e-01
-1.283215239664653451e-01
1.400722397284919207e-01
2.792280955821987432e-01
-1.282701290294028240e-01
1.401313084715476165e-01
2.788872005693084355e-01
-1.281611576916630579e-01
1.401545197770648343e-01
2.785762251975670845e-01
-1.279934707655918658e-01
1.403677815402759876e-01
2.788270376146585461e-01
-1.282086694639830160e-01
1.403436233167064673e-01
2.790734020122930259e-01
-1.281688716873460865e-01
1.402641020498145152e-01
2.787193090741347246e-01
-1.280021508339601044e-01
1.401217329790932775e-01
2.781384828795581687e-01
-1.277991301264936042e-01
1.403765931501954889e-01
2.783682450857188351e-01
-1.277315783836423246e-01
1.404493059923989651e-01
2.790041842572139608e-01
-1.281707690033855318e-01
1.402771367655989698e-01
2.788121695524445887e-01
-1.281033246364611244e-01
1.404576408165551238e-01
2.791038985657163796e-01
-1.281126906491342199e-01
1.402609458108374507e-01
2.786141863110047634e-01
-1.279754162129359274e-01
1.400971877389061704e-01
2.783006315400381459e-01
-1.278326633978289217e-01
1.403567202451630469e-01
2.791052545508883043e-01
-1.283475840596671469e-01
1.402640067450885153e-01
2.791994037357702907e-01
-1.282592644699916962e-01
1.400528290736204051e-01
2.787978911384872416e-01
-1.280935382150532598e-01
1.399750584390694608e-01
2.791394232376573914e-01
-1.284006987320721604e-01
1.401607865143420228e-01
2.790442554450566215e-01
-1.281718379284632336e-01
1.401758643048817976e-01
2.792032677090431902e-01
-1.283378372721000471e-01
1.401481560067726617e-01
2.792639708693678280e-01
-1.284019141647703699e-01
1.402424127893228123e-01
2.793548986915874721e-01
-1.285505899813248476e-01
1.399942027827862090e-01
2.787515920232519484e-01
-1.280988254372428248e-01
1.401498453397928834e-01
2.787096752782814990e-01
-1.280454178121175068e-01
1.402361943859747884e-01
2.786833646388645613e-01
-1.281331161422740172e-01
1.403326148230675252e-01
2.791580687278236161e-01
-1.282085540849709493e-01
1.400578744108985640e-01
2.787864948164832657e-01
-1.280695044638069102e-01
1.400014710094839576e-01
2.787025659422557311e-01
-1.281317782816468742e-01
1.402990229772434760e-01
2.787037985807119256e-01
-1.279233836332565599e-01
1.402365906321249023e-01
2.787523331398500392e-01
-1.280675098750257979e-01
1.402405985093691798e-01
2.786846463309934907e-01
-1.280364357420932242e-01
1.402674134701378250e-01
2.785026850595119230e-01
-1.280526360175660294e-01
1.402954907490765180e-01
2.782492247491371584e-01
-1.277302611044824066e-01
1.404012356485063173e-01
2.790914407082491500e-01
-1.281700640946563385e-01
1.400829885382725015e-01
2.792448770307814354e-01
-1.284271970482330494e-01
1.400889530108303249e-01
2.786897093198654751e-01
-1.280018556130114726e-01
1.400591353902465308e-01
2.786803606600929961e-01
-1.280070635582869765e-01
1.401938114762278365e-01
2.789865872192049401e-01
-1.282521074554584528e-01
1.401843509586374603e-01
2.785967140169777756e-01
-1.278823771497673012e-01
1.402768015524095135e-01
2.791567080855703598e-01
-1.282880855401731524e-01
1.399719913832201124e-01
2.793187454555356442e-01
-1.284386430815392388e-01
1.402174761736533493e-01
2.794455335134347074e-01
-1.286133452147821543e-01
1.400775766055325777e-01
2.785523955708192334e-01
-1.279616105646194379e-01
1.402021040446909672e-01
2.789341412233803941e-01
-1.281434060759259475e-01
1.399528924961530307e-01
2.786997187955107536e-01
-1.281591956803185828e-01
1.402689298476380020e-01
2.787851736840380457e-01
-1.279929476199176963e-01
1.402743326680647162e-01
2.781022273101252384e-01
-1.277048238909710420e-01
1.402948018137975261e-01
2.785855404882549569e-01
-1.279778214175752715e-01
1.403362095355520089e-01
2.785708989534911861e-01
-1.278215481564814182e-01
1.402325162903158562e-01
2.783549052689859304e-01
-1.278183670398265748e-01
1.403867814294790517e-01
2.785009114220996507e-01
-1.278653611414280467e-01
1.405494756364688014e-01
2.787736712211994483e-01
-1.281065279515541666e-01
1.403480741009869304e-01
2.790427759969248966e-01
-1.281473198162149940e-01
1.401876072856972910e-01
2.794426989534604111e-01
-1.284116396289232132e-01
1.398684484463376954e-01
2.783524353397886508e-01
-1.279821408119239667e-01
1.402142049194899376e-01
2.789898045504425883e-01
-1.281297737582102747e-01
1.399179096757416918e-01
2.786796268623385475e-01
-1.281147769487727128e-01
1.400211411212365642e-01
2.792774957745546294e-01
-1.284351809532929545e-01
1.401312136844490019e-01
2.788464243491917682e-01
-1.283010341144978084e-01
1.402093738163734393e-01
2.792404784712351762e-01
-1.283137119605637089e-01
1.399844633671852856e-01
2.788246855393070045e-01
-1.281433515473106577e-01
1.401547680523278772e-01
2.792983230625767921e-01
-1.284975387169507433e-01
1.400296066721375410e-01
2.786995731766005457e-01
-1.280331501250623061e-01
1.400554863866887989e-01
2.793100892670922208e-01
-1.283580491864752260e-01
1.400033812449883730e-01
2.794575919334186254e-01
-1.285522427616906105e-01
1.399749072247946369e-01
2.793336060203667204e-01
-1.283621566578884154e-01
1.398740195175444678e-01
2.783854788968349592e-01
-1.279569569375210991e-01
1.401040314818745858e-01
2.786309560027381838e-01
-1.280420973898847570e-01
1.403662807990282979e-01
2.787434969187326805e-01
-1.281623781149979768e-01
1.403385109358174787e-01
2.793154722897255859e-01
-1.283153239906975607e-01
1.401487943184032969e-01
2.794338570233617092e-01
-1.284275070803032603e-01
1.400940685777278261e-01
2.789108434408683612e-01
-1.282478206780996999e-01
1.403014351955406136e-01
2.788193239048443184e-01
-1.280202313925428714e-01
1.402934850100535369e-01
2.789831956638545440e-01
-1.282104129880511922e-01
1.401732188634945975e-01
2.794737034526004749e-01
-1.285115108003878626e-01
1.400372239086818404e-01
2.789586183099785899e-01
-1.281261994123153725e-01
1.401904155573229782e-01
2.788074381336248520e-01
-1.280934351095930623e-01
1.402057496383111446e-01
2.792666117831261730e-01
-1.283528370140585850e-01
1.401866210569630289e-01
2.792711832244956227e-01
-1.284893778604240533e-01
1.400707231871697322e-01
2.791093621922696721e-01
-1.282844782466929234e-01
1.399299864820013617e-01
2.786073806158132493e-01
-1.280274712426435757e-01
1.401293398880756325e-01
2.787826223497798517e-01
-1.281552063079263726e-01
1.403133393452308531e-01
2.792539539116157266e-01
-1.282484799784164298e-01
1.401046105800159425e-01
2.783707627067476542e-01
-1.278986754024616368e-01
1.401173949468173807e-01
2.791499863955075322e-01
-1.283382621840861992e-01
1.400997103220882889e-01
2.785261103414721773e-01
-1.281372636344970395e-01
1.402469281728261352e-01
2.786847603770506443e-01
-1.280019853346787695e-01
1.401131230627181146e-01
2.786809969870926995e-01
