5.284963384942983344e-01
-3.416605854929210540e-01
2.817908140173578380e-01
1.945919465949352001e-01
1.998452114750445541e-01
2.120502331905619597e-01
1.823967811728685329e-01
2.419271964027402411e-01
1.060441500148330274e-01
3.171532690946153865e-01
-1.676676218388594430e-01
2.793483585624150778e-01
2.155809859272459494e-01
1.390374329962300037e-01
2.991977808455585364e-01
-1.463654101655877393e-01
2.509056129390688228e-01
2.597240815614636489e-01
-1.018387080705390468e-01
1.547346887289008932e-01
3.208550468684098211e-01
-1.564503756683494062e-01
1.637551546703738259e-01
2.988786683097601204e-01
-1.401398989778046000e-01
1.932679220220129834e-01
2.720572366822517352e-01
-1.178133144872376969e-01
2.409582675141659081e-01
2.711299199590613829e-01
-1.098213275551635226e-01
1.478003994365965357e-01
3.209852002883638589e-01
-1.582184987870211557e-01
1.512298883317753639e-01
3.042485538556188862e-01
-1.466195572701344818e-01
1.632840109938219486e-01
3.189278288675960749e-01
-1.531415633154663558e-01
1.779949955633066128e-01
2.893130122987003783e-01
-1.311193381949272707e-01
1.967666551196522173e-01
2.566269518728815369e-01
-1.079099192189793555e-01
3.083330808965024095e-01
-1.844575727107722607e-01
2.835362473563886043e-01
-1.348050925405333555e-01
2.918547508185122541e-01
1.898877804008932413e-01
2.088500019072528080e-01
1.937581795639508608e-01
2.203849452034899181e-01
1.636741677808607187e-01
2.700657487283315561e-01
-1.220611804670572592e-01
3.035048869972457597e-01
-1.838414556148413592e-01
2.611767880399844532e-01
-1.168979111984858599e-01
3.187976326962003171e-01
-1.827313238105249538e-01
3.168732051452487486e-01
-1.740894527725896368e-01
3.112517919452302828e-01
-1.827443421618561437e-01
3.023781380149291875e-01
-1.524667792156410850e-01
2.780953334591973469e-01
2.183981442201069489e-01
1.300570805506588712e-01
3.059371371293206354e-01
-1.533555786958094025e-01
2.526413766534056915e-01
2.577190968426654183e-01
-1.004297854159619946e-01
1.840999986437584501e-01
3.130054789869064491e-01
-1.448488183614459746e-01
2.006412970751096370e-01
2.599889084285348928e-01
-1.093018019815547581e-01
2.950813804582904654e-01
1.138135355632786533e-01
2.202578492155608247e-01
1.686574843200994434e-01
2.631337119700263849e-01
-1.168513345758265681e-01
3.131300900200596482e-01
-1.845690676050083245e-01
3.030681105086740490e-01
-1.533831021802412042e-01
2.783554794370306507e-01
2.174249262122424919e-01
1.337132948829758416e-01
3.032752157781281044e-01
-1.507224108842589727e-01
2.512757232777537708e-01
2.592103279313551778e-01
-1.014427597380100632e-01
1.549923323071457915e-01
3.204866309570429395e-01
-1.561115219024064027e-01
1.643722298585184038e-01
2.984616414735653533e-01
-1.399586833652078088e-01
1.943780123924949699e-01
2.707202888250748729e-01
-1.167495108664110826e-01
2.470224267732581969e-01
2.647535553213204995e-01
-1.052013684331284948e-01
1.519792796984894001e-01
3.211509274612791009e-01
-1.574497081153528599e-01
1.584822844117563245e-01
3.005681425369374216e-01
-1.425093889731352259e-01
1.451948594063970366e-01
3.209303568765791703e-01
-1.589211099967939300e-01
1.470677307062854267e-01
3.051312561354226904e-01
-1.483662182922469430e-01
1.842560894266519200e-01
3.119595531801214738e-01
-1.440480451643933735e-01
2.007185524270310162e-01
2.595336438260134049e-01
-1.090298572441554398e-01
2.970149380603803735e-01
-9.626946366301035451e-02
2.312058999102116208e-01
1.423719837377665776e-01
2.934772607294652280e-01
-1.418499835057932534e-01
2.641110309116483368e-01
2.415597099183063312e-01
-9.002097188217346446e-02
3.084570304915756345e-01
-1.848008003716243852e-01
2.830743809341981776e-01
-1.343637233451954738e-01
2.918068889085749795e-01
1.900823322556469130e-01
2.079719268016128331e-01
1.957920167901734676e-01
2.168101913542112569e-01
1.721739905542918059e-01
2.583810773230184044e-01
-1.132346028618856082e-01
3.182719147849186747e-01
-1.838678336844965233e-01
3.155029670254913543e-01
-1.705955281025520742e-01
3.049184331621292987e-01
-1.830167182692310490e-01
2.745029553641495923e-01
-1.271881562483554995e-01
3.046478775046770893e-01
-1.836986422708225264e-01
2.692259275051024359e-01
-1.230407812952999669e-01
3.110299351921199662e-01
-1.842623319919260705e-01
2.962268498274228667e-01
-1.464852654478564775e-01
2.786887977155853013e-01
2.169893453783264259e-01
1.350700622662063810e-01
3.015627431361457833e-01
-1.490716622116435019e-01
2.534531313757014681e-01
2.561723237881038950e-01
-9.943824160093615860e-02
2.134137243171749798e-01
2.955219189163398319e-01
-1.285773766407239949e-01
1.301791408757214108e-01
3.188370956193414818e-01
-1.617418777161478416e-01
1.967082204782981958e-01
3.067586070826650579e-01
-1.382856446569452613e-01
1.913815672731602746e-01
2.600360076803993059e-01
-1.108919798333708046e-01
3.039944059586928149e-01
-1.841512562408529896e-01
2.635044477359098081e-01
-1.185815748363990979e-01
3.168260389599524274e-01
-1.837083990292825153e-01
3.136390624642922398e-01
-1.670544418585918067e-01
2.974082230907709734e-01
-1.707002298354470815e-01
2.390216334185441549e-01
1.228014077741904075e-01
3.097454543799663673e-01
-1.579357532823839894e-01
2.612198746569934782e-01
2.448398287535656359e-01
-9.222155457422023805e-02
2.973492281617161614e-01
-1.200018735897642463e-01
2.321226104205363905e-01
1.401765671392730117e-01
2.965517698668064250e-01
-1.443414200154951033e-01
2.579299719136218250e-01
2.503110563779981090e-01
-9.562545856714169124e-02
2.673529389132713874e-01
2.380606175520183498e-01
-8.773685427727971609e-02
3.156142140722902334e-01
-1.850210319135011383e-01
3.085510928369570305e-01
-1.597595414223899613e-01
2.849852450893357036e-01
2.043044432716704939e-01
1.724177164759376768e-01
2.597733339308057054e-01
-1.139565532079308829e-01
3.168788896297611846e-01
-1.847533121148240975e-01
3.126279265872520807e-01
-1.647632152476703193e-01
2.906519601882087689e-01
1.906904845683168870e-01
2.070621315090755976e-01
1.974326601967807959e-01
2.136154960838655970e-01
1.795702656241827400e-01
2.462643891846645616e-01
-1.041719651495133375e-01
3.204538690880583962e-01
-1.737281557141604482e-01
2.961444932081737091e-01
-9.760010852387268621e-02
2.326127925106708794e-01
1.385634809345591412e-01
2.978429146972823016e-01
-1.457130960764319860e-01
2.569892451216116980e-01
2.512205919695366108e-01
-9.640160406496139922e-02
2.626638890503649737e-01
2.444062982116156080e-01
-9.171634783955702475e-02
2.983663230147136081e-01
-1.681170226446602467e-01
2.346317857335256385e-01
1.340159956535442454e-01
3.013144675006014239e-01
-1.493867881836771216e-01
2.577477155019919919e-01
2.505043557314635128e-01
-9.570131167757550683e-02
2.658334443246704870e-01
2.393703939967513072e-01
-8.860156215365871946e-02
3.137013826560876573e-01
-1.852768088159095494e-01
3.033596759160505640e-01
-1.534317469226304798e-01
2.768103119638478660e-01
2.203733794286144021e-01
1.239483661570340428e-01
3.104299144224292317e-01
-1.581209911255859468e-01
2.557847468606239127e-01
2.528275730823963952e-01
-9.741128441471440247e-02
2.498197553269723703e-01
2.609290715683758033e-01
-1.026824048481346230e-01
1.539107094005296716e-01
3.207277766314320933e-01
-1.565350515403483578e-01
1.623566957477484696e-01
2.991955936815849371e-01
-1.408879124114587600e-01
1.928896325298722902e-01
2.588028806891992106e-01
-1.098240770794661064e-01
3.054639767047919729e-01
-1.839531770707632519e-01
2.721526319966786067e-01
-1.251996625480722158e-01
3.074123574582870999e-01
-1.842641669078924349e-01
2.807219934469373790e-01
-1.324790107857341526e-01
2.962178266086989420e-01
-5.265962062995939441e-02
2.301651687514446876e-01
1.450674948259116914e-01
2.918296593425659946e-01
-1.400711532913253288e-01
2.628617267134837898e-01
2.427284523986461273e-01
-9.088946711497232489e-02
3.057177429122805434e-01
-1.848565822422562066e-01
2.689118433867536129e-01
-1.227410859301152068e-01
3.119700135866994017e-01
-1.849003676452217748e-01
2.974878015344463722e-01
-1.476363867722678691e-01
2.785443885132717901e-01
2.172141302870170820e-01
1.342535313002586883e-01
3.022252890551149762e-01
-1.497526696814831526e-01
2.537952029760194295e-01
2.554972366254161242e-01
-9.920312856859229977e-02
2.233119007195903949e-01
2.885514670198646714e-01
-1.225429958131634828e-01
1.361290767044312788e-01
3.198879226480894622e-01
-1.607550894160341415e-01
1.579157187106722260e-01
3.193220811057634889e-01
-1.548136403404099803e-01
1.694514351689204723e-01
2.958460767382434797e-01
-1.369789524938981318e-01
1.989894960813919922e-01
2.624155089846736399e-01
-1.109948596456288156e-01
2.869140316879643104e-01
2.019593580594532256e-01
1.785315376568491763e-01
2.504197660652712765e-01
-1.071709672940737434e-01
3.208123020230744249e-01
-1.783224419202290301e-01
3.117121335679312599e-01
-1.827120402810970545e-01
3.038791132325986410e-01
-1.543094914799531814e-01
2.796170436395343795e-01
2.154207189292925706e-01
1.400987063326723236e-01
2.981535993395025286e-01
-1.455124948160973208e-01
2.506257095750888952e-01
2.586508899995281219e-01
-1.014720249876782943e-01
1.769894344350075588e-01
3.159485161462118330e-01
-1.480469274748740238e-01
1.954037862214137722e-01
2.703626697106291665e-01
-1.163788333379476569e-01
2.475503978033827823e-01
2.645256410624727272e-01
-1.051433584235362956e-01
1.521509567313913680e-01
3.200892406922865030e-01
-1.566054798092252343e-01
1.594312077522209992e-01
3.004983327870212051e-01
-1.422662155938686501e-01
1.365209161144075867e-01
3.198093630606503868e-01
-1.607637016477673764e-01
1.542044913444866050e-01
3.198196167106238108e-01
-1.559021832082894410e-01
1.631106116909166182e-01
2.992307884460752576e-01
-1.405934484629601799e-01
1.927982282851843088e-01
2.736105717251444136e-01
-1.189142982046996061e-01
2.295978642280158133e-01
2.829280891054641311e-01
-1.182501268537167471e-01
1.400254967978170617e-01
3.210492035484487916e-01
-1.604364564227037104e-01
2.003618620108750525e-01
2.585129452326164756e-01
-1.085706033745493237e-01
3.007463996237082493e-01
-1.833608596043690420e-01
2.478965060041704582e-01
-1.049384002701505975e-01
3.193169943840815650e-01
-1.715604036844965152e-01
2.917660637555309355e-01
1.893543114824073337e-01
2.096843623277353796e-01
1.917208751794807209e-01
2.244762047542352423e-01
1.538138609043381011e-01
2.827125800074511974e-01
-1.321047820122380478e-01
2.777265214248844649e-01
2.192795801912814091e-01
1.275793303519120181e-01
3.076686964159914828e-01
-1.552527371151288527e-01
2.534878211329887887e-01
2.562716005360125004e-01
-9.954473551845346990e-02
2.107032582090065387e-01
2.985194609796559817e-01
-1.306193752231847860e-01
1.282561923950865379e-01
3.186797688852683885e-01
-1.622531681710369100e-01
2.053845469214421182e-01
3.011764779821073934e-01
-1.333489458104419878e-01
1.256057705841571726e-01
3.176865531320373637e-01
-1.622969754537318676e-01
2.226218985686889973e-01
2.877512672481362666e-01
-1.222899560424483556e-01
1.358734972995344348e-01
3.195437890314116736e-01
-1.606498813963432304e-01
1.613289765173010759e-01
3.185684451429517394e-01
-1.532795991200610053e-01
1.752030145723231791e-01
2.915768382842748863e-01
-1.331545009677708169e-01
