5.006061525019531722e-01
-2.356362498268819994e-01
2.425877026337245890e-01
-1.867787831317822833e-01
1.831367827336184695e-01
-9.302502772338631931e-02
1.834815672538349374e-01
-1.140043827591479403e-01
1.436633608116396066e-01
-7.823290556435925913e-02
1.706742139719549245e-01
-1.009072132857314202e-01
1.553799334044551339e-01
-8.896183954509503944e-02
1.624069105977506422e-01
-9.435280427185169239e-02
1.592450163282511377e-01
-9.187821200915517739e-02
1.605805995965099708e-01
-9.279332415028555825e-02
1.601581152071271663e-01
-9.269436884517801012e-02
1.601225427749891073e-01
-9.269867099293487012e-02
1.602134679895383940e-01
-9.273060851822792494e-02
1.599188436766110222e-01
-9.231622167064357232e-02
1.603142465233205194e-01
-9.257426094456626398e-02
1.600674644073274699e-01
-9.253655739700833438e-02
1.601280422958573646e-01
-9.265125433379728381e-02
1.600963529727566226e-01
-9.257227705785729677e-02
1.603171878499045910e-01
-9.275142691522746119e-02
1.600116741957290922e-01
-9.237486271900072210e-02
1.601905478326221266e-01
-9.239610517395677181e-02
1.600389536262683543e-01
-9.260030098553834188e-02
1.601552704449219766e-01
-9.265281029318442330e-02
1.603033015714197818e-01
-9.278555722128634109e-02
1.600468210256874579e-01
-9.246125423458929904e-02
1.602992691949776394e-01
-9.258390940795127588e-02
1.602593729139690226e-01
-9.276133865395505551e-02
1.601055745989095058e-01
-9.269106686889370950e-02
1.600536231774044860e-01
-9.252579327826862543e-02
1.603272555593818760e-01
-9.272483190318461799e-02
1.600222173415398741e-01
-9.234832891579854153e-02
1.604242795942956157e-01
-9.290229769975676122e-02
1.601052843340543819e-01
-9.275057548920230543e-02
1.599370534787545317e-01
-9.243386781807863550e-02
1.602568640624427443e-01
-9.262288541456822899e-02
1.601423260878407639e-01
-9.247223953468516888e-02
1.602175181675640492e-01
-9.245489249534222242e-02
1.601911786541590776e-01
-9.281187678860590429e-02
1.600812672780780876e-01
-9.264144505456232970e-02
1.602219283361168700e-01
-9.269155811740729944e-02
1.601709767190446776e-01
-9.256873013327006350e-02
1.599788941054426095e-01
-9.220963448541835694e-02
1.600719511344779189e-01
-9.258131774969213801e-02
1.604849082408500160e-01
-9.304433647508700278e-02
1.598680628446707552e-01
-9.241468672861902212e-02
1.603668010857546566e-01
-9.274796419166944639e-02
1.600081427837079517e-01
-9.232963885091899359e-02
1.604518849486335774e-01
-9.292414769612884762e-02
1.600670578968431401e-01
-9.270483241995569612e-02
1.599029074921544114e-01
-9.236737907094969002e-02
1.605136485196157758e-01
-9.290511472096660284e-02
1.600400728605161083e-01
-9.244719738642263873e-02
1.600446466949175528e-01
-9.223105853165458612e-02
1.604426032688410775e-01
-9.301409049053790956e-02
1.597580029147755154e-01
-9.228889672648128706e-02
1.603474545332463919e-01
-9.270543504619074837e-02
1.602895466104523048e-01
-9.269006635766455227e-02
1.599120176280970085e-01
-9.218301053555227886e-02
1.603988738922187407e-01
-9.298564421990404560e-02
1.597601659407566488e-01
-9.229898263366016764e-02
1.602956270667729999e-01
-9.266006178742000610e-02
1.603518758569862646e-01
-9.276666958419284292e-02
1.600599561624965750e-01
-9.240539265755487452e-02
1.602161090234560936e-01
-9.267126828976469943e-02
1.602467466048607403e-01
-9.282707926963489065e-02
1.600428251078069020e-01
-9.256773613358747210e-02
1.602212164999432809e-01
-9.262546134343772886e-02
1.599618876602349193e-01
-9.223483249530026185e-02
1.606926831437691383e-01
-9.318287056811416780e-02
1.598358161839897595e-01
-9.252837566023677796e-02
1.599867232187588695e-01
-9.242596394919638803e-02
1.605471813853693586e-01
-9.296629768125339033e-02
1.599430329886398494e-01
-9.236683699858230789e-02
1.603376365856611085e-01
-9.259039282041710284e-02
1.600759432028715790e-01
-9.272655550133772351e-02
1.598168817424167609e-01
-9.230268499399091331e-02
1.605813773551726387e-01
-9.299761151984302365e-02
1.599554528906641515e-01
-9.240395276820183301e-02
1.601036606407649776e-01
-9.233942972179864928e-02
1.602733969409744219e-01
-9.268083419052870753e-02
1.603251433459138564e-01
-9.290989306044070140e-02
1.599578114989112232e-01
-9.248587008356941308e-02
1.603251916716544045e-01
-9.272600700128758033e-02
1.601464837519936957e-01
-9.250739825548245920e-02
1.601535604045827565e-01
-9.263840502972491009e-02
1.602380380366262014e-01
-9.281689756283841020e-02
1.601253150782160350e-01
-9.267580072978884309e-02
1.601581126953049994e-01
-9.260576143137519423e-02
1.602530693902279868e-01
-9.262341765584990172e-02
1.600956205151535527e-01
-9.236255611334515114e-02
1.602474437177470457e-01
-9.285574203073265753e-02
1.598393870327154409e-01
-9.235457095566851349e-02
1.605187384083060220e-01
-9.294198809301304487e-02
1.599891333930414106e-01
-9.242313885696554210e-02
1.600571569155232188e-01
-9.226442141272186981e-02
1.604951909746286931e-01
-9.311872993810633992e-02
1.597287236848689840e-01
-9.233445289564176650e-02
1.602391965171197641e-01
-9.262623235177475101e-02
1.603917558695920897e-01
-9.281380190400773111e-02
1.598497412873549905e-01
-9.217752809953300153e-02
1.605861638646441381e-01
-9.304363860644729312e-02
1.599491318667109474e-01
-9.259509362694079426e-02
1.602472107096615250e-01
-9.276223518593275374e-02
1.601735346345345423e-01
-9.264616443337284069e-02
1.600323307174521259e-01
-9.236561494625941671e-02
1.604410119352611686e-01
-9.268219602063132445e-02
1.598801282013762315e-01
-9.250350464922318938e-02
1.601110705489081631e-01
-9.257051739265392820e-02
1.601009081338701234e-01
-9.248777929819387844e-02
1.601908107176201468e-01
-9.250105928658831911e-02
1.603716091487026318e-01
-9.265566980066158864e-02
1.597124884891783225e-01
-9.231764162606415081e-02
1.605970290156717162e-01
-9.311121902438411480e-02
1.595732725000635899e-01
-9.204435750779707548e-02
1.605092457465830957e-01
-9.276549087211408140e-02
1.602112833898841349e-01
-9.254836404234823011e-02
1.598385252339994678e-01
-9.223397082305559436e-02
1.605769042619468179e-01
-9.304614041466575947e-02
1.599856698205630867e-01
-9.254430904438637473e-02
1.602191651639808256e-01
-9.262959839471715529e-02
1.602070501510853284e-01
-9.255419942060837124e-02
1.601462282304899620e-01
-9.264769021441807140e-02
1.602303666163115703e-01
-9.282170016233146081e-02
1.600984304196718111e-01
-9.265319135804234163e-02
1.599417910765610629e-01
-9.234311106168363592e-02
1.605051436214489369e-01
-9.283344131638435193e-02
1.600542723899232855e-01
-9.238221290937209673e-02
1.598382791189963126e-01
-9.238150417321139285e-02
1.603275971241622799e-01
-9.278198104271409563e-02
1.602427225739751493e-01
-9.274703845591228402e-02
1.598878289617902126e-01
-9.226342017252237016e-02
1.602834023785900397e-01
-9.249206002391530124e-02
1.604108643898719544e-01
-9.289699303309942313e-02
1.597938545859915460e-01
-9.234772277411026908e-02
1.602858035744713916e-01
-9.268599452905601499e-02
1.602417697123973972e-01
-9.265751216978185267e-02
1.602248833145286655e-01
-9.258520161477454269e-02
1.601716767408464803e-01
-9.268746666538260626e-02
1.602254047747569132e-01
-9.283344487606304263e-02
1.600472664292843239e-01
-9.259404698170722869e-02
1.600353176293758117e-01
-9.243157289974450463e-02
1.604432082253237080e-01
-9.278344156226936423e-02
1.601206874712571560e-01
-9.244621402573374724e-02
1.599468323129117908e-01
-9.253751498691067945e-02
1.601601362719451416e-01
-9.264238465860516469e-02
1.600740075291439413e-01
-9.249416971351873129e-02
1.603364924571251404e-01
-9.269023767072986919e-02
1.601826998827854953e-01
-9.250690591471420754e-02
1.598534124508691479e-01
-9.244184051801027091e-02
1.604921109284748182e-01
-9.302047380603521709e-02
1.599300628704128924e-01
-9.247183165790749670e-02
1.601060630638727333e-01
-9.245417475700984378e-02
1.603576133404086834e-01
-9.264660048355947974e-02
1.599890118359658109e-01
-9.246542389037204490e-02
1.604101908694338663e-01
-9.296567007060396737e-02
1.599927001723437381e-01
-9.255176999214259626e-02
1.602629472908466968e-01
-9.269280644558947069e-02
1.601589362053058574e-01
-9.252616667085870883e-02
1.602907577756536583e-01
-9.256604611930102644e-02
1.599451614562067692e-01
-9.255296175878094389e-02
1.603378582175679634e-01
-9.285849935186966941e-02
1.598255534235777653e-01
-9.226922174746163274e-02
1.602896349934960774e-01
-9.256081488308384730e-02
1.603610498356183300e-01
-9.265345180038286887e-02
1.597301403726050784e-01
-9.234270365160929250e-02
1.604878348249453857e-01
-9.298344853740589389e-02
1.597870651304754419e-01
-9.227410862840404460e-02
1.605716749443869273e-01
-9.293636436257257660e-02
1.600153458047930688e-01
-9.240345502839819591e-02
1.602706489554677760e-01
-9.274604019044167813e-02
1.598725859286327378e-01
-9.238441958823495614e-02
1.605848967169693775e-01
-9.305400648390008134e-02
1.597817673497245461e-01
-9.224542309403377383e-02
1.603965221739158120e-01
-9.266429383922121510e-02
1.602344766723642622e-01
-9.277623071371327024e-02
1.600780852684678401e-01
-9.269646641619740113e-02
1.599218729943882311e-01
-9.238662239341016713e-02
1.605619732522912679e-01
-9.297619518648424231e-02
1.599544382496799755e-01
-9.238537197020704750e-02
1.603055486942231711e-01
-9.256164704696778767e-02
1.600963107913400407e-01
-9.274151190429084923e-02
1.599376002297215604e-01
-9.244563316142456744e-02
1.602559573083578437e-01
-9.265406320624636205e-02
1.602877927823975202e-01
-9.269230989206701798e-02
1.600991650844798275e-01
-9.242326974138029283e-02
1.604177575656135502e-01
-9.291460329153278241e-02
1.599684536580887328e-01
-9.257525211242947916e-02
1.602862010619154898e-01
-9.277997249024752535e-02
1.601331337639303742e-01
-9.258771933292077316e-02
1.601946929222897997e-01
-9.253426556403332448e-02
1.600663075007435210e-01
-9.253369088438909151e-02
1.603672550694500154e-01
-9.293798517434341544e-02
1.598706163349476739e-01
-9.240158722984967432e-02
1.601894684070166164e-01
-9.254801665665875199e-02
1.603887268514642972e-01
-9.274791114679750703e-02
1.599800249670732533e-01
-9.226309606938745689e-02
1.601474930973690314e-01
-9.270755069471943444e-02
1.602871976362519046e-01
-9.285014575768096856e-02
1.599940858273625477e-01
-9.248959944980505998e-02
1.603244195578668041e-01
-9.269707644001737301e-02
1.601818201387185114e-01
-9.251465593016081068e-02
1.599759319366831356e-01
-9.260945307059632869e-02
1.603277345262790476e-01
-9.289822823215977687e-02
1.598820613203502106e-01
-9.238296324849798458e-02
1.603860987885554756e-01
-9.274846652637794286e-02
1.599103968212489679e-01
-9.221139558541892323e-02
1.605748574824339137e-01
-9.303204939728948464e-02
1.599309367499146817e-01
-9.257226454868436316e-02
1.601394125981820682e-01
-9.261848503551581291e-02
1.600257728967272031e-01
-9.238901471693430900e-02
1.605763831022248567e-01
-9.291321284438078254e-02
1.598414875951280345e-01
-9.214025101659589767e-02
1.602210269511608054e-01
-9.274571746847548592e-02
1.601108714508213682e-01
-9.262502126255167667e-02
1.602892269601680908e-01
-9.275490221591764506e-02
1.599203743856082993e-01
-9.228754039226760852e-02
1.603118512504858595e-01
-9.252691922109529399e-02
1.602203128559521739e-01
-9.288175677593643598e-02
1.597310095054404189e-01
-9.226455375509280687e-02
1.601806676755747616e-01
-9.251043973802400289e-02
1.605182862833665625e-01
-9.291024976242578948e-02
1.598613607695438255e-01
-9.220926462557715864e-02
1.605833002890309502e-01
-9.305381547174279566e-02
1.599060083011286104e-01
-9.254699520752832087e-02
1.599464311107988701e-01
-9.236935075259562755e-02
1.605369866843558146e-01
-9.292340529000826799e-02
1.599846287218338325e-01
-9.237787916468598315e-02
1.601486139879924331e-01
-9.260769659926006148e-02
1.603375324849510286e-01
-9.293461451888286595e-02
1.598686258525281456e-01
-9.241158327521988014e-02
1.603671080439298680e-01
-9.277212387795905069e-02
1.598741231322904077e-01
-9.219686311611861862e-02
1.604582550904416482e-01
-9.265086178646383952e-02
1.598157769202275535e-01
-9.240189979044521884e-02
1.601680962832308375e-01
-9.259797566057621776e-02
1.601549517753299567e-01
-9.255647806420758128e-02
1.604090823359234086e-01
-9.280335985835011514e-02
1.600442753946493823e-01
-9.239469241879405548e-02
1.601032882693727288e-01
-9.252547789636322850e-02
1.604055561574039834e-01
-9.295828590008325953e-02
1.598090903286423226e-01
-9.232133516819773789e-02
1.604405294723153519e-01
-9.280390169317906390e-02
1.600383485336315526e-01
-9.239152703114922316e-02
1.603904189917650103e-01
-9.289162140447868032e-02
1.599810363895339815e-01
-9.259780504510051191e-02
1.602859337284140706e-01
-9.280922504165746434e-02
1.600669750446454542e-01
-9.254005322046353343e-02
1.602402820149448626e-01
-9.259406205321668581e-02
1.602037381645076419e-01
-9.248054182660983558e-02
1.599257391151942265e-01
-9.251050262546521574e-02
1.603974525928202055e-01
-9.292197794968864999e-02
1.597055401519196227e-01
-9.214990077236739907e-02
1.604019470131290703e-01
-9.266235346194084954e-02
1.603560493454592450e-01
