4.467870763372279175e-01
5.685870036781848214e-01
3.916664402964058489e-01
3.266848731881014656e-01
3.783122931158384161e-01
3.939791033771394835e-01
3.803701028169912401e-01
3.759163954402749419e-01
3.792845004960482269e-01
3.799744565077849412e-01
3.787744481207356850e-01
3.795836914936153716e-01
3.788195640232828731e-01
3.787976183443934608e-01
3.794880391494875882e-01
3.794607512635898017e-01
3.796137359425958424e-01
3.797954295813470438e-01
3.795935258984823313e-01
3.797899810361067829e-01
3.784852510713950791e-01
3.793204773882974945e-01
3.789388833899359765e-01
3.797197494091452130e-01
3.794460366390026151e-01
3.791497808250703927e-01
3.797002551893908784e-01
3.793847198867729698e-01
3.792830584788056680e-01
3.789597470104442145e-01
3.790200953988346888e-01
3.800502629984266467e-01
3.797436174983558343e-01
3.795719595360399490e-01
3.784315245947414974e-01
3.798085207745186542e-01
3.787295310434861673e-01
3.787480417716238557e-01
3.791619863585263261e-01
3.792203329678769941e-01
3.794273863632815491e-01
3.792974996180720759e-01
3.801048578242958720e-01
3.790012142565190589e-01
3.787945762496698343e-01
3.787565829919086191e-01
3.789662147897844280e-01
3.798466598425140339e-01
3.787165688802251462e-01
3.794418709101951559e-01
3.788558912789354860e-01
3.797645455531037384e-01
3.799988257669638658e-01
3.787873191104557669e-01
3.793706387793661094e-01
3.798669964450345216e-01
3.792396484570025872e-01
3.789296677253551904e-01
3.797403935353023674e-01
3.791545956603810108e-01
3.794339823093235697e-01
3.792949701881811464e-01
3.789899367822855414e-01
3.790504585624898670e-01
3.801666317859210831e-01
3.793307914328745700e-01
3.788567702906696644e-01
3.797764955616195759e-01
3.797490148914453023e-01
3.785154350977176785e-01
3.801589001852977434e-01
3.795439485630990317e-01
3.786924513975167272e-01
3.798870675383480000e-01
3.790661795695651204e-01
3.798868413756497642e-01
3.791482252212481363e-01
3.786370466301156590e-01
3.795084312082425693e-01
3.801519311959623004e-01
3.791482817381667259e-01
3.799127168286445255e-01
3.788229754230578172e-01
3.786825567443573015e-01
3.798200992926088482e-01
3.789820201860003013e-01
3.794117274622226810e-01
3.788037764952110198e-01
3.799000829888135589e-01
3.794117735441301376e-01
3.793685380892657388e-01
3.792556876361728446e-01
3.792960954389255068e-01
3.793734617102325624e-01
3.789128655808423618e-01
3.799324466368853570e-01
3.801139879443107272e-01
3.785547675261414780e-01
3.791680406713107132e-01
3.803819845182440096e-01
3.797229977029946690e-01
3.792580539416557928e-01
3.793759490736435813e-01
3.793905269770531108e-01
3.787267109297028922e-01
3.794231642152438577e-01
3.794690417958579420e-01
3.796957312374762417e-01
3.792724985842148566e-01
3.796708658510225542e-01
3.785088719214529940e-01
3.792711418507902499e-01
3.791762589173587883e-01
3.786969617679176725e-01
3.797311473388264025e-01
3.799790658975027435e-01
3.794920860193904399e-01
3.790521480895568951e-01
3.792896429176850770e-01
3.800298124409955403e-01
3.796434259960064228e-01
3.797132409919669604e-01
3.784670286107684745e-01
3.788915311078469017e-01
3.804590791183552478e-01
3.789828037368928038e-01
3.790986064462324445e-01
3.786319239349930088e-01
3.788339016939449300e-01
3.791035386129523177e-01
3.795329158367729550e-01
3.788499921052519426e-01
3.792741091780000295e-01
3.788832460225598497e-01
3.792938038086882679e-01
3.790123903778435666e-01
3.789243471940190178e-01
3.789610369268954226e-01
3.796425677912221852e-01
3.785591874575078286e-01
3.793921392027776451e-01
3.804328189438414554e-01
3.784739237504587961e-01
3.792750736131453304e-01
3.788781572371052175e-01
3.792141401484611096e-01
3.795579643127982572e-01
3.788105608407109637e-01
3.788024734497883461e-01
3.794870499056930968e-01
3.789452001175129814e-01
3.796261341653155430e-01
3.787575912011149626e-01
3.797943387523173286e-01
3.788735770700857874e-01
3.789559104820219848e-01
3.792367832380532100e-01
3.789372725804938669e-01
3.794782343016893100e-01
3.794428051422346071e-01
3.788841508808173941e-01
3.799461497273061705e-01
3.792051551873143467e-01
3.796746181327300129e-01
3.786121677867959612e-01
3.788031132719865135e-01
3.790484238675638218e-01
3.800611674963658704e-01
3.793787038102666154e-01
3.787664604607597907e-01
3.789856195914570458e-01
3.799079585623204025e-01
3.799505020894090035e-01
3.792468378079773550e-01
3.796953791478626106e-01
3.786385543542473142e-01
3.791881753368565033e-01
3.789437072123049699e-01
3.792505652188778997e-01
3.788646902310376929e-01
3.792760724810780859e-01
3.798475563602082272e-01
3.794710559254317328e-01
3.799820187225720347e-01
3.795344130520889592e-01
3.792929582209391137e-01
3.792021518721417350e-01
3.792709548196444569e-01
3.799807120823538997e-01
3.791558225953943762e-01
3.793809766766055858e-01
3.792294274081175476e-01
3.792548797663143345e-01
3.793480550327140155e-01
3.792026736292735123e-01
3.800134527627814784e-01
3.793127799060289629e-01
3.789080282876444161e-01
3.797892919726623129e-01
3.789156796745387634e-01
3.789768385611679280e-01
3.791488848976367620e-01
3.790904772730600003e-01
3.787790020801997670e-01
3.789946871529460415e-01
3.795863571526230107e-01
3.793159208355824097e-01
3.792280602037108039e-01
3.792436829671521625e-01
3.786850214864376785e-01
3.791538437214875823e-01
3.793227687839531015e-01
3.789232610838943471e-01
3.790776928570397386e-01
3.798340639622530546e-01
3.798803425510899334e-01
3.796671533717773106e-01
3.786102071595101037e-01
3.789051290094304081e-01
3.790456611814927990e-01
3.794290630708444523e-01
3.788013572202799661e-01
3.793329054534132494e-01
3.793268873623366066e-01
3.789266195209454735e-01
3.796419357355104163e-01
3.799205683674732326e-01
3.785352390092693309e-01
3.791149496607771896e-01
3.790114537314032139e-01
3.790691871999425921e-01
3.790013714858113114e-01
3.801717986612831446e-01
3.791707015058668473e-01
3.793896528609865815e-01
3.788337166867873917e-01
3.790161294222913480e-01
3.794386531091756831e-01
3.788022350548819195e-01
3.793936983514455963e-01
3.788523068849140585e-01
3.794749392010580147e-01
3.788325068153537423e-01
3.791080102522372819e-01
3.788739448957541556e-01
3.798591400009378449e-01
3.789681325096164732e-01
3.798166312729771010e-01
3.796366252695410060e-01
3.790589841439065966e-01
3.786193583200227475e-01
3.802297428249482580e-01
3.787148243956880433e-01
3.795961729801682893e-01
3.788407494820277277e-01
3.798059114535258796e-01
3.786820846401389162e-01
3.797010584154174584e-01
3.800482826537254222e-01
3.791769550753697482e-01
3.787691137335905123e-01
3.788584427667997523e-01
3.794661809124248997e-01
3.788894640897093602e-01
3.797455805980458621e-01
3.794042930624451637e-01
3.792154822095049616e-01
3.798890920324702880e-01
3.793416982424526740e-01
3.788280169829137956e-01
3.798269957184108869e-01
3.794105123434001192e-01
3.792177868464428059e-01
3.794189364272316789e-01
3.792142924658396530e-01
3.798342872732102249e-01
3.795633367318285156e-01
3.787896052397661251e-01
3.795686902632141591e-01
3.794386864075203758e-01
3.788723004509019221e-01
3.789774434919055968e-01
3.801040726663578173e-01
3.791763983573147034e-01
3.792938778771188235e-01
3.792689229585017308e-01
3.798508618751407218e-01
3.791593918810571839e-01
3.794472917448818983e-01
3.792245081709401666e-01
3.787566402656326048e-01
3.793444673936296474e-01
3.788680732962418918e-01
3.798400412323872377e-01
3.787339407895776722e-01
3.795987959691252134e-01
3.793226087522876266e-01
3.789584279670699662e-01
3.788259395900026028e-01
3.791342379310065902e-01
3.789821043570916204e-01
3.799297003710114806e-01
3.794036272412795174e-01
3.789185135031909457e-01
3.791659561708135007e-01
3.790467096940892677e-01
3.798656767974480930e-01
3.794190248527774534e-01
3.789566470560337130e-01
3.791619816358194339e-01
3.791823017259541850e-01
3.800119128194586193e-01
3.790887583431595820e-01
3.786392784111528576e-01
3.794921789579125959e-01
3.789430520227368149e-01
3.797499612585459317e-01
3.794433169632884795e-01
3.788910543753601923e-01
3.791626273743496922e-01
3.793638954149025633e-01
3.802248209384002098e-01
3.787201933405895948e-01
3.787842399264654270e-01
3.790090577838197694e-01
3.796967746598378102e-01
3.785782240913864172e-01
3.794681385800247608e-01
3.789903129127035197e-01
3.790011876352584186e-01
3.801416013287739482e-01
3.788363451104521107e-01
3.798005108238418637e-01
3.789615948548169522e-01
3.789563965425213343e-01
3.789366297935804484e-01
3.790519285546794515e-01
3.795801010854364388e-01
3.790094236966802255e-01
3.796359850785381851e-01
3.787800685142392876e-01
3.797978375565019271e-01
3.791533057163574139e-01
3.793772908906913877e-01
3.788724156744781579e-01
3.787736430746815874e-01
3.790652034525093250e-01
3.796807393202902281e-01
3.786164259598336912e-01
3.792975739946537472e-01
3.788846588582116537e-01
3.793627051165492925e-01
3.792776289048607752e-01
3.787324227196349202e-01
3.801097544122981620e-01
3.793811545023561549e-01
3.792499782801968533e-01
3.787868419899242389e-01
3.793285388380115419e-01
3.789329380850526841e-01
3.793470625730978596e-01
3.800516571956275569e-01
3.792332972393488433e-01
3.788570141647131795e-01
3.796569209737744033e-01
3.795175514641200287e-01
3.797281608369219574e-01
3.785732945719672005e-01
3.797527843465589581e-01
3.792901654246911836e-01
3.800312852863772517e-01
3.796061288570146131e-01
3.787150990471825907e-01
3.789511125409391612e-01
3.792692479076285594e-01
3.792674449869600228e-01
3.797852506572398368e-01
3.785989268560471244e-01
3.797062152075758590e-01
3.788575138104849360e-01
3.792115658592859484e-01
3.787205197855719740e-01
