4.624903016689731472e-01
5.398835839764165589e-01
2.832756292475788751e-01
3.280251957479050073e-01
3.645811112203812820e-01
3.477761409517733382e-01
3.398243871924729875e-01
3.458930425424514565e-01
3.469823101056002668e-01
3.447899709184167327e-01
3.453436402427234597e-01
3.462284485935934741e-01
3.445721254038051629e-01
3.465238077197410616e-01
3.459388434553825609e-01
3.452853028533355850e-01
3.461205948311079084e-01
3.454539998413012625e-01
3.457305148954263885e-01
3.460400393269338903e-01
3.451146063084254423e-01
3.454149577334047483e-01
3.462390128069652295e-01
3.451507488348591335e-01
3.453742537985580174e-01
3.463302880475839785e-01
3.450916008210909158e-01
3.460573624730508557e-01
3.453698008229185712e-01
3.453151382532562708e-01
3.452157169072636034e-01
3.463290937361915844e-01
3.456577527219141799e-01
3.447849238491713653e-01
3.464685881490977004e-01
3.451015489746007137e-01
3.458946124079179119e-01
3.459262013004973935e-01
3.447124434824647143e-01
3.464344738839421067e-01
3.456417830051302653e-01
3.451645917100771843e-01
3.454280124605220714e-01
3.457491947198296223e-01
3.459516295759870741e-01
3.455646417991392050e-01
3.462169994004573037e-01
3.457062832101887584e-01
3.456191316714661843e-01
3.456690266525985766e-01
3.462441982401661678e-01
3.458164076615781179e-01
3.457076457209729559e-01
3.457919160146170068e-01
3.448806121735587538e-01
3.456157705387273849e-01
3.458230279920531669e-01
3.449698292630879459e-01
3.453472864439991463e-01
3.454633639607359030e-01
3.452801674039562840e-01
3.462143641293548568e-01
3.451510207606005021e-01
3.453328833209020621e-01
3.464716921123914273e-01
3.448020715485866639e-01
3.456231416797277411e-01
3.460398822353711323e-01
3.452042361185891362e-01
3.461343025129810513e-01
3.458001080399640825e-01
3.460426821556677468e-01
3.448727171689682236e-01
3.451247282415678130e-01
3.456835226052176191e-01
3.454206262341292799e-01
3.455863980191852813e-01
3.454840587249051742e-01
3.459879369868216759e-01
3.452135255264938141e-01
3.463054760716191560e-01
3.450496223385163264e-01
3.457568079876190970e-01
3.462964732332933782e-01
3.458712026069806766e-01
3.447400505480248678e-01
3.452963342746079300e-01
3.459772916523392583e-01
3.449794668733775493e-01
3.456958479404846907e-01
3.454345331008530362e-01
3.455698086876498043e-01
3.454046093193407496e-01
3.456710733666619739e-01
3.460090445977527240e-01
3.447039236217844804e-01
3.461857116902037346e-01
3.449578670225839638e-01
3.451699502886510507e-01
3.458619581013613886e-01
3.457561150209559897e-01
3.449863127042684940e-01
3.450479466752088276e-01
3.465639179406069248e-01
3.455670092529932180e-01
3.456531361181972017e-01
3.456453589200753629e-01
3.457523728614093073e-01
3.453950709338995950e-01
3.457361384148787686e-01
3.459366924895043161e-01
3.460905581995806224e-01
3.446530010543469302e-01
3.452305930160513014e-01
3.455247028257271147e-01
3.463498189391783777e-01
3.457091168837178041e-01
3.446862194009682745e-01
3.456433743880198972e-01
3.456969438636741665e-01
3.457893029661175399e-01
3.451779483580793007e-01
3.458642182007505839e-01
3.461696382281643225e-01
3.456895785561697187e-01
3.459221993533169726e-01
3.458332712703530709e-01
3.449910856860635144e-01
3.457874294156895179e-01
3.458396792638755990e-01
3.461802354924371494e-01
3.457335937465905729e-01
3.453305326007446996e-01
3.462504203160175487e-01
3.459211305514077184e-01
3.456068619118328744e-01
3.458815217665294206e-01
3.448526544510492897e-01
3.462088062663229993e-01
3.461426235547361285e-01
3.455133692723565408e-01
3.456012973637128671e-01
3.458685565727440681e-01
3.459461051445947288e-01
3.457710972129817151e-01
3.447947816594752468e-01
3.456514368749836752e-01
3.462945982884619300e-01
3.453522998966261914e-01
3.456453900645171107e-01
3.463068385706480345e-01
3.458111880012337269e-01
3.451601043672448133e-01
3.452696771878684401e-01
3.464258570813181226e-01
3.456664798979980358e-01
3.446390229231763302e-01
3.462817470264800690e-01
3.460881980698486404e-01
3.456382016444885519e-01
3.447370035526917120e-01
3.456310280020754577e-01
3.450004746524398813e-01
3.456094331373765760e-01
3.453535261948076918e-01
3.460986042754662373e-01
3.450749248354820220e-01
3.454932820228254764e-01
3.449291954621483969e-01
3.460389786281857227e-01
3.463949931903947954e-01
3.452559632277855117e-01
3.448501285731366828e-01
3.454714298106319470e-01
3.453526431955092901e-01
3.453222038910446212e-01
3.452423699962129944e-01
3.453161504448629682e-01
3.456337587098328723e-01
3.452315164934131597e-01
3.456650455452998094e-01
3.458195059564873053e-01
3.457506571385629002e-01
3.458019055214605064e-01
3.447506561496387900e-01
3.465671983468475159e-01
3.449881472471958976e-01
3.451568619887868117e-01
3.464048896752071616e-01
3.451559531853550800e-01
3.456579120329220656e-01
3.462280530314222338e-01
3.452775150109639313e-01
3.453194316888895665e-01
3.464876413690528567e-01
3.457763896928191527e-01
3.453380058002545883e-01
3.459208198834702319e-01
3.451714239091415171e-01
3.460969329416418439e-01
3.456478946824237397e-01
3.460268323899971521e-01
3.454079751005293408e-01
3.457326189211181178e-01
3.452890691591755101e-01
3.454298860972962459e-01
3.462956659365973855e-01
3.458607137455346203e-01
3.449368499963061940e-01
3.460931672421245775e-01
3.453106138597249464e-01
3.459652695194895822e-01
3.450691328112525103e-01
3.463468459342548544e-01
3.450800447263840387e-01
3.461707667356608287e-01
3.451396829812452549e-01
3.460492552630872742e-01
3.459425988150027220e-01
3.447734114291103880e-01
3.458492719605871790e-01
3.464756684408928922e-01
3.456836612603708114e-01
3.445894776867089448e-01
3.454675952001893813e-01
3.466392686993973737e-01
3.457328128041163295e-01
3.446839144336534266e-01
3.461454992493276928e-01
3.459924479387954110e-01
3.448390423111337699e-01
3.452803193682795757e-01
3.464956960508016048e-01
3.457600009815413600e-01
3.450152405656540244e-01
3.451675737980290370e-01
3.454859347827083371e-01
3.462819932041139581e-01
3.450770642425780577e-01
3.450322569324669186e-01
3.457571921050768271e-01
3.458681735443052685e-01
3.447319706267460426e-01
3.463005750859216025e-01
3.450047027304281033e-01
3.450627739226623802e-01
3.458070495766247809e-01
3.458661556510003177e-01
3.458049801411888780e-01
3.456550323805120395e-01
3.448893413653761897e-01
3.453429023188518965e-01
3.454072613041802020e-01
3.452366037447427427e-01
3.452889223278733377e-01
3.457394703025765126e-01
3.452119275471654536e-01
3.452750804409389640e-01
3.458012803498021204e-01
3.458047122799273176e-01
3.451630935493539276e-01
3.459341760011465650e-01
3.459712037353960268e-01
3.454008439822640608e-01
3.461979450953553417e-01
3.450600637315343056e-01
3.461462710623138817e-01
3.451553054313104552e-01
3.457135772871177681e-01
3.457610551584755498e-01
3.457328556598078251e-01
3.449766535811032431e-01
3.452286413883641769e-01
3.453192750799554123e-01
3.453845781710787044e-01
3.456200353050845053e-01
3.461568370959632324e-01
3.447579140240934481e-01
3.454571260874952365e-01
3.454479179939322631e-01
3.462342207556798335e-01
3.456056229860928752e-01
3.450546607662856591e-01
3.459032067801884880e-01
3.453326136325304829e-01
3.458322226135216448e-01
3.449893187993396393e-01
3.452125440232236553e-01
3.458968610569524982e-01
3.451313678692700115e-01
3.454614224376093001e-01
3.464298005016201443e-01
3.453603460936890412e-01
3.454865489348941665e-01
3.452070483026435932e-01
3.455846359393494049e-01
3.463747577548362822e-01
3.456415067608616387e-01
3.455143679988220695e-01
3.458016368724471379e-01
3.455240150641764596e-01
3.456036496056186791e-01
3.461984484088378999e-01
3.446628753008356139e-01
3.454024095755156565e-01
3.465663771968530149e-01
3.452942063797820316e-01
3.450361259460492658e-01
3.461076432243389012e-01
3.460335846435664831e-01
3.448444245102254002e-01
3.453147814212850220e-01
3.456873964651460684e-01
3.455758206892418083e-01
3.461085312822851923e-01
3.449500002406243881e-01
3.451698195846325534e-01
3.459712142275178648e-01
3.453377209842213302e-01
3.461912197071950748e-01
3.459170018803093272e-01
3.456621562090638200e-01
3.444375554499642389e-01
3.456904361341065490e-01
3.462828715588845974e-01
3.454457413357759910e-01
3.450674982442310523e-01
3.457851867000327761e-01
3.457721297158263818e-01
3.462224215629718937e-01
3.456530502877416255e-01
3.454086850018026067e-01
3.456481439742198347e-01
3.450504572469947351e-01
3.462115995343687525e-01
3.453558537911567417e-01
3.459496152742563835e-01
3.449967476391687105e-01
3.453906015231661963e-01
3.463676950753556416e-01
3.450407919986074323e-01
3.455171920249097139e-01
3.461631662243264684e-01
3.447897716555402559e-01
3.451330265099769590e-01
3.455463306216607355e-01
3.457157969635134553e-01
3.461404869922238836e-01
3.454103329627796204e-01
3.449714372427846731e-01
3.455455082993780791e-01
3.464520255943923654e-01
3.454972478894986487e-01
3.457369607881202178e-01
3.451425816863156193e-01
3.459057019278244383e-01
3.452130596869286694e-01
3.459418294621660617e-01
3.450736350879902714e-01
3.461432280756143731e-01
3.457286406604845874e-01
3.459049567369112399e-01
3.456222976153096593e-01
3.457564637566088450e-01
3.459035156471207406e-01
3.448042329042482201e-01
3.456146709645825932e-01
3.460019554746627257e-01
3.456849801387369414e-01
3.455964380403109826e-01
3.450257770643756494e-01
3.460763132261600039e-01
3.449722298151643995e-01
3.460017112710626064e-01
3.455503352050514621e-01
3.448447275844058746e-01
3.457331189855086251e-01
3.455189456730369257e-01
3.462527192569023748e-01
3.448123148053028886e-01
3.462309895672100457e-01
3.461019995667854454e-01
3.456279657407504979e-01
3.457286643687046412e-01
3.460585353476720027e-01
3.453542574875759219e-01
3.458586474609666173e-01
3.450018340683705942e-01
3.458547651764768971e-01
