5.343133612147042966e-01
-3.315254726287972797e-01
1.751783173643856328e-01
2.515466991717962841e-01
-1.054643458918417542e-01
1.568825392468887747e-01
2.790892583649975944e-01
-1.253671485556727971e-01
1.403079141450332135e-01
2.891295471674901751e-01
-1.357886357239782016e-01
1.293160329475208092e-01
2.930228277862028663e-01
-1.412852138697837101e-01
1.218581535510734476e-01
2.939983428449532421e-01
-1.440855014543862833e-01
1.729630736360679710e-01
2.183976578902716847e-01
-8.718533708602253796e-02
2.700975826988953887e-01
-1.707844856785942222e-01
2.986500497913225360e-01
-1.543640708196317157e-01
1.888645681448928304e-01
2.089978749446452788e-01
-7.967239713386137234e-02
3.072583483889265166e-01
-1.814423205045680443e-01
1.680698857785846434e-01
2.680973100693923028e-01
-1.164685873277092332e-01
1.485856474617217038e-01
2.842067054542030125e-01
-1.306740940437214060e-01
1.348374972462927646e-01
2.916606929944146609e-01
-1.388228877548646212e-01
1.254092438510896745e-01
2.933754407865718505e-01
-1.425865206075156433e-01
1.196101493788207376e-01
2.942309583083126401e-01
-1.450018545892051702e-01
1.861698961595866508e-01
1.942365185806887162e-01
1.195237729790340903e-01
2.876344612857015259e-01
-1.410361750950624438e-01
1.734901989572822101e-01
2.176849375283931298e-01
-8.671759033080653212e-02
2.754554629487033779e-01
-1.734833100909554671e-01
3.056873092917749002e-01
-1.647354900091924090e-01
1.532952597461907929e-01
2.612318214677056827e-01
-1.159472087954368791e-01
1.442936475980135247e-01
2.867702539312888543e-01
-1.332478681348087113e-01
1.319176515295896746e-01
2.929196706070660294e-01
-1.403297207609136288e-01
1.236198624430276533e-01
2.946792496531543959e-01
-1.439912232414796156e-01
1.602215584350706323e-01
2.412192305142104587e-01
-1.027510490038349850e-01
1.543173308753678641e-01
2.802945663003960641e-01
-1.268633403735320297e-01
1.386716147930784349e-01
2.903644382377004729e-01
-1.368205956541877488e-01
1.280826851960047974e-01
2.936127485288846928e-01
-1.419405108395009885e-01
1.212141126684728454e-01
2.946737963400321014e-01
-1.449645798168886224e-01
1.803298246190686571e-01
2.046663055736591130e-01
-4.554602897806432626e-02
3.119663158290036375e-01
-1.721077588029659433e-01
1.789544875432849957e-01
2.150149961369374751e-01
-8.430039783554980903e-02
2.872877789772109169e-01
-1.778729241561272378e-01
3.019729030141385939e-01
-1.785780089069732290e-01
2.005302853174386613e-01
2.331125051233149670e-01
-9.097572301058640121e-02
1.714207968723781839e-01
2.670783456624026275e-01
-1.152505448206318228e-01
1.502467637181000015e-01
2.843629276726518662e-01
-1.300978550816085377e-01
1.356335271471471593e-01
2.915809962699860702e-01
-1.383984497867998542e-01
1.260711176206289197e-01
2.943845923367274797e-01
-1.431822480417000443e-01
1.198864190613965347e-01
2.948558465976198750e-01
-1.453960478841904436e-01
1.856953104685532263e-01
1.947005155045510305e-01
1.183521835039834796e-01
2.895765650693776783e-01
-1.427983055603090357e-01
1.857553425752077603e-01
1.953716562909535159e-01
1.151413464917110524e-01
2.920067140105708781e-01
-1.451772467739113615e-01
1.951753948526898097e-01
1.795258035378404227e-01
1.691579380464508509e-01
2.032161033099349201e-01
9.142422825664267561e-02
3.080886144310593933e-01
-1.638813388497388779e-01
1.676757092121638759e-01
2.456809487373931844e-01
-1.037128090051913504e-01
1.557313570120570090e-01
2.796369357317045612e-01
-1.259905404971456977e-01
1.397594061254247289e-01
2.898497072034979527e-01
-1.362103106345521064e-01
1.285965681884815304e-01
2.935347353936686998e-01
-1.419081581918331947e-01
1.214966281838348733e-01
2.938725694771518460e-01
-1.442995598283101644e-01
1.775192045164812604e-01
2.104636055139353368e-01
-8.202836927330733885e-02
3.077816463915918344e-01
-1.807147968123225534e-01
1.455440105967623909e-01
2.837297534038359936e-01
-1.311140977287554577e-01
1.333769693359939112e-01
2.922755841118806486e-01
-1.395103728210380645e-01
1.246148116977269793e-01
2.943797025836425441e-01
-1.435038038751425271e-01
1.347494121303041137e-01
2.775413504442813539e-01
-1.304733431444747294e-01
1.296548971728748167e-01
2.925247529221248755e-01
-1.409176739633203335e-01
1.221987564192833081e-01
2.945150995290470863e-01
-1.443531387396688737e-01
1.728232198723101964e-01
2.190639601014688909e-01
-8.761649145414032724e-02
2.628576789223780463e-01
-1.670309086678703758e-01
2.812193274938962206e-01
-1.370008081372323383e-01
1.324451166955938897e-01
2.810342721260623566e-01
-1.329564273561882060e-01
1.274711429123086270e-01
2.935148048653909991e-01
-1.422005095210135406e-01
1.209698333283940747e-01
2.942145026751780135e-01
-1.446423972157725446e-01
1.808706030870649295e-01
2.040076862531097490e-01
1.667307849986658305e-02
3.117512390331446670e-01
-1.709124924902693521e-01
1.511184674831672348e-01
2.569045772448440013e-01
-1.137515605939513064e-01
1.447596486910265323e-01
2.857152398611112476e-01
-1.323384862639295778e-01
1.324895643036425874e-01
2.920125805872848535e-01
-1.396132736809131414e-01
1.240982284834261373e-01
2.944535980498144689e-01
-1.438710309567823864e-01
1.567452360558535540e-01
2.476498354383514233e-01
-1.070799368109804084e-01
1.505600539415511974e-01
2.820674835295933769e-01
-1.286840533530170250e-01
1.366097580296103120e-01
2.909834126971409529e-01
-1.377720393514903219e-01
1.267047241263080659e-01
2.939010554407064935e-01
-1.427148991100586906e-01
1.203660959273399889e-01
2.943064237904214342e-01
-1.449256181482129202e-01
1.835680324279598541e-01
1.989180394267147101e-01
1.013937881421316523e-01
3.033753322473116132e-01
-1.572631596016278721e-01
1.880012394125199493e-01
2.116293256849642868e-01
-8.115584698983062395e-02
2.976247978711072384e-01
-1.808217334666683274e-01
2.648212906303969438e-01
-1.673318625150421457e-01
2.892594752569807026e-01
-1.444645527627283210e-01
1.971906412665458408e-01
1.775209165508704889e-01
1.747760175557651341e-01
1.888889047578436731e-01
1.458718303911129555e-01
2.519533234919100195e-01
-1.121991367790119432e-01
1.441818923983000100e-01
2.864598618887357895e-01
-1.330789126852361670e-01
1.318508287584855276e-01
2.928597902038743706e-01
-1.403080154310036853e-01
1.235964417490905964e-01
2.940608535762982423e-01
-1.436194168094607204e-01
1.553699766243619163e-01
2.496012490794034810e-01
-1.086427021717216584e-01
1.494099497224473938e-01
2.834709835276784662e-01
-1.299651829647735790e-01
1.353287300379481251e-01
2.916400166281090667e-01
-1.385638262842681934e-01
1.257757207262244770e-01
2.941169317970465102e-01
-1.429774444690076751e-01
1.196985447513338324e-01
2.947454989628733313e-01
-1.455191352890616296e-01
1.868726452998314413e-01
1.931160518223782041e-01
1.239007009416104449e-01
2.830537365606421996e-01
-1.367926215904814446e-01
1.217839547878009909e-01
2.940734666660885233e-01
-1.441541136141336887e-01
1.770754349624173996e-01
2.107410228415873832e-01
-8.243655316122862342e-02
3.072979460086358583e-01
-1.808124168805119170e-01
1.581423422050806105e-01
2.757425510866255425e-01
-1.231281917031314677e-01
1.418856597745390136e-01
2.881786090877238027e-01
-1.347981778390060226e-01
1.304189508719360013e-01
2.926204351531772607e-01
-1.407170561418432109e-01
1.226614280924679945e-01
2.946757656329322961e-01
-1.442582320256350359e-01
1.681636429755704321e-01
2.273782402497145916e-01
-9.307191660046335024e-02
1.619223593335915035e-01
2.733390958615170563e-01
-1.210335433086017209e-01
1.444572446360681273e-01
2.876293326604864031e-01
-1.336783249246943639e-01
1.317895514821370018e-01
2.930191878487529156e-01
-1.403958660941716785e-01
1.235317951813969667e-01
2.937087884313500652e-01
-1.433868362935097340e-01
1.540852954897867777e-01
2.512363598403286602e-01
-1.098726819222745898e-01
1.481217218340551978e-01
2.842652961186206140e-01
-1.307460015448970725e-01
1.345681285286809414e-01
2.921699808612502336e-01
-1.390723825665766133e-01
1.253151980180509661e-01
2.943894843395056249e-01
-1.432467243987003702e-01
1.194196749254122780e-01
2.948331468005493394e-01
-1.456333966031216343e-01
1.878854119392558419e-01
1.910912259912616873e-01
1.312772609679901115e-01
2.739814935251174144e-01
-1.291186434258475013e-01
1.288093642993399790e-01
2.920030800171836138e-01
-1.409362973797176066e-01
1.221133516045526668e-01
2.947094398348602540e-01
-1.446156390049253559e-01
1.733172958090477001e-01
2.182673091599927340e-01
-8.705961836227307793e-02
2.713282434526758102e-01
-1.714044485312567756e-01
3.006463316143176412e-01
-1.571542247250209134e-01
1.808751220898999756e-01
2.246335717280199262e-01
-8.938188078819130078e-02
1.674841526819411397e-01
2.699638672764749225e-01
-1.178621611289957100e-01
1.480439174911841183e-01
2.858211572067979600e-01
-1.317127920891681403e-01
1.340651227965313774e-01
2.922555940913245665e-01
-1.392986130723586347e-01
1.249220749901535643e-01
2.942630646179349441e-01
-1.433356687299132681e-01
1.191277483260349823e-01
2.941856653585940284e-01
-1.451077058897946859e-01
1.883649122623425043e-01
1.903832210983991968e-01
1.339138151589068793e-01
2.706172919644045383e-01
-1.262663157713797835e-01
1.313393600399079264e-01
2.919114501655578620e-01
-1.398522889248803303e-01
1.235019255218326450e-01
2.944254734657039130e-01
-1.439995305958818306e-01
1.615411010828581295e-01
2.392902074874789786e-01
-1.012355438780653538e-01
1.554464511587450026e-01
2.794453528292590860e-01
-1.259175318370234498e-01
1.396322585200466260e-01
2.898962270626590509e-01
-1.362365514980283243e-01
1.286130037797944548e-01
2.937206204885632332e-01
-1.419885084074864190e-01
1.214778749387365187e-01
2.942645861850757827e-01
-1.445180642898630796e-01
1.780685530706237196e-01
2.092301598970155163e-01
-8.125349396094551369e-02
3.107085588527399023e-01
-1.801252861417829698e-01
1.711165953016675623e-01
2.326509666058215464e-01
-9.563249640948770502e-02
1.611555392370181417e-01
2.749880876542555863e-01
-1.219625725305715086e-01
1.435673152285790177e-01
2.879709390039555950e-01
-1.340232008713813927e-01
1.311995545198914315e-01
2.930162233628707535e-01
-1.407860619545426573e-01
1.232059859577526034e-01
2.947678794778898492e-01
-1.442950174535378993e-01
1.687106833461209376e-01
2.264476302300777455e-01
-9.245084447198931299e-02
1.625180679084137214e-01
2.728672734808262890e-01
-1.204573852284937518e-01
1.448727384572354449e-01
2.865785474616375228e-01
-1.330682921963597387e-01
1.322202654244328257e-01
2.921770172412335165e-01
-1.399346852605916902e-01
1.237416180851767245e-01
2.944823231163813948e-01
-1.438175363834192921e-01
1.537547019527707448e-01
2.514753626734863023e-01
-1.099187787289433726e-01
1.479539823717233860e-01
2.837576324947619910e-01
-1.305850235325557995e-01
1.346815169384960320e-01
2.919191948358901834e-01
-1.390443592748524249e-01
1.252980048591315065e-01
2.942392468250866200e-01
-1.431830193532888096e-01
1.194073697705656106e-01
2.943670929881718745e-01
-1.451780946316940379e-01
1.870754188246078753e-01
1.923774052367354104e-01
1.262521585992785189e-01
2.804414391308990284e-01
-1.345318367244960622e-01
1.238160844996488708e-01
2.937028213935058973e-01
-1.433524318289012278e-01
1.492254099402906264e-01
2.584271014837363767e-01
-1.152715931680600298e-01
1.435522701387268174e-01
2.862304586410174823e-01
-1.331751550099097570e-01
1.317214540088730845e-01
2.917442038097627921e-01
-1.397894984605342894e-01
1.236592288919775434e-01
2.936043037986750259e-01
-1.432643201518590814e-01
1.558393775620375010e-01
2.477673082925933579e-01
-1.072620022248071264e-01
1.499533214229670230e-01
