5.789415721449414631e-01
1.235101960858500936e-01
1.996641758083466112e-01
7.072648238142806645e-03
2.071999723509836688e-01
1.866367056576644090e-02
2.594201492564727762e-01
1.277866563072237172e-02
1.887755481217810449e-01
1.615414520156653599e-02
2.614034359631449700e-01
1.259002005522756595e-02
1.864504344303118677e-01
1.642476979983333724e-02
2.644474499987468086e-01
1.235198035086587827e-02
1.826879228426459556e-01
1.550001455281713875e-02
2.615730214855246372e-01
1.252435261962637353e-02
1.871114877627065298e-01
1.631883946159129462e-02
2.636762561596383558e-01
1.262303293898922076e-02
1.846138436767361946e-01
1.582493026311188045e-02
2.634628693832907209e-01
1.276183317933049337e-02
1.855048211414888348e-01
1.590285864813284489e-02
2.630963067906655350e-01
1.273206839661268630e-02
1.855238105817690331e-01
1.611380312113403629e-02
2.635236943009898747e-01
1.281372696410340573e-02
1.861572650352444069e-01
1.642166095614645827e-02
2.638843031675220385e-01
1.181123047162187245e-02
1.810878241201251959e-01
1.568361763824845795e-02
2.636615355345788836e-01
1.208603101179277217e-02
1.832483625620779655e-01
1.584505928923036350e-02
2.644158617210651263e-01
1.263085642958748298e-02
1.842230669805213772e-01
1.604603079517102210e-02
2.643578713777693379e-01
1.240213916995044213e-02
1.837389802911656156e-01
1.579517833556032258e-02
2.628786287782005071e-01
1.230099340541569719e-02
1.835568874264218164e-01
1.562642410090343131e-02
2.618149549164274226e-01
1.251145809674676646e-02
1.868622852034293458e-01
1.643436727115119012e-02
2.646143333459609615e-01
1.219355437532365291e-02
1.825266972423611744e-01
1.569528512225675659e-02
2.641460176158303974e-01
1.272827826607348702e-02
1.845746286959709104e-01
1.570886665858685360e-02
2.621184894205631499e-01
1.249083472598590955e-02
1.849776847807754199e-01
1.581053766894714024e-02
2.632593181981779940e-01
1.290522024302739532e-02
1.859411857539999824e-01
1.578827068503994846e-02
2.616038148415549824e-01
1.309887263870491460e-02
1.883230958807543820e-01
1.605050546024302388e-02
2.616037818257765379e-01
1.316689941355434629e-02
1.899761201663705545e-01
1.670896337783752544e-02
2.629137372562185826e-01
1.199117936594871342e-02
1.836126726704073731e-01
1.605125819181740104e-02
2.641197570260900851e-01
1.197956851287618890e-02
1.821070645749318651e-01
1.579999556506692798e-02
2.645132450052365969e-01
1.209947893579087913e-02
1.819857014581506838e-01
1.573718169209972761e-02
2.639803429445607974e-01
1.221225999917560645e-02
1.838874799563938178e-01
1.605350559712109132e-02
2.636947841569225459e-01
1.187148459575634168e-02
1.821438770300592425e-01
1.595179222188300439e-02
2.645705594141747330e-01
1.184607389893935908e-02
1.803186927620082647e-01
1.524135984103590358e-02
2.626388400104620047e-01
1.250529002865720385e-02
1.858183827809355981e-01
1.594128447797094755e-02
2.630325143647602171e-01
1.300888486037089960e-02
1.872064328901251462e-01
1.635371409589840563e-02
2.637411271108984767e-01
1.229430943883888169e-02
1.831480536767544354e-01
1.591758615074217315e-02
2.645952019445361181e-01
1.227897495113862078e-02
1.839545821243891710e-01
1.612647199698944572e-02
2.647677822125555358e-01
1.227533600430338184e-02
1.833737375707984729e-01
1.568591769237348554e-02
2.635461001398932690e-01
1.272106628732462899e-02
1.857768804343125080e-01
1.620249176813336883e-02
2.641660455343710634e-01
1.265167158501825755e-02
1.838016257397686593e-01
1.557276951761046857e-02
2.623034084798659404e-01
1.261874249209234133e-02
1.855829484832721143e-01
1.614038459778474599e-02
2.644722404188531995e-01
1.249348659471514154e-02
1.840437734987875884e-01
1.620737395471650438e-02
2.652342066383511221e-01
1.218855466374351576e-02
1.817575332787426112e-01
1.575376639395951323e-02
2.632026966636178966e-01
1.204758631457197859e-02
1.827747087202211129e-01
1.593628688906039564e-02
2.645081962629099448e-01
1.249236910739613682e-02
1.834678377291355245e-01
1.591027801459411056e-02
2.647338315094435734e-01
1.248132085535156449e-02
1.835004928436914928e-01
1.597674314454680666e-02
2.646659240460485507e-01
1.239285508275662397e-02
1.832168076615426355e-01
1.585452029337991453e-02
2.646073963467452383e-01
1.240381738346823561e-02
1.833381968222936309e-01
1.581907919798356682e-02
2.636892179444116913e-01
1.274774504379137981e-02
1.857544355497399158e-01
1.602543064093536751e-02
2.630289686380809511e-01
1.245234589023952280e-02
1.841232434216326097e-01
1.561979171877915518e-02
2.626654988436825100e-01
1.306217731115504044e-02
1.876052247621633751e-01
1.634040625977731254e-02
2.621844473475677950e-01
1.232328358251141148e-02
1.843748802771627282e-01
1.605488425929357810e-02
2.645946667192917157e-01
1.253936402445489373e-02
1.834288150149043228e-01
1.593756251562558623e-02
2.642013490335701764e-01
1.249213913521242739e-02
1.837388722434124821e-01
1.587715693729972732e-02
2.641966953590146883e-01
1.240159973638991185e-02
1.838701281232573148e-01
1.603939113127252764e-02
2.633510881681468963e-01
1.176379100315695647e-02
1.813315487381327307e-01
1.575506873366688126e-02
2.647769942383760844e-01
1.193030922363491619e-02
1.800436805897745185e-01
1.513275837539238694e-02
2.631859161522422386e-01
1.287981942980434558e-02
1.861550132782471834e-01
1.611241488646254078e-02
2.633974290337531277e-01
1.219357916361498567e-02
1.829874805116208369e-01
1.593876299414466458e-02
2.649937959116383523e-01
1.257389304656137199e-02
1.839996660538474882e-01
1.602360368978771044e-02
2.636335934112651880e-01
1.207989619167262885e-02
1.828636650982365941e-01
1.556193699345868181e-02
2.625607573982431941e-01
1.244305858774660822e-02
1.847902078388990454e-01
1.607685973229166371e-02
2.640876667458438298e-01
1.258554110291602857e-02
1.842246766852580486e-01
1.600709944704335058e-02
2.644834554568843421e-01
1.246918870844691135e-02
1.835280825825289508e-01
1.610268133041580646e-02
2.648297123804192466e-01
1.220000673463226583e-02
1.828703887228474434e-01
1.563661756231089078e-02
2.625582542251632678e-01
1.230755315387137283e-02
1.842445381424352435e-01
1.554581665376125743e-02
2.610204514883636140e-01
1.250161557243943330e-02
1.867386129927689487e-01
1.631571954028724486e-02
2.636221153040795850e-01
1.261813444981813200e-02
1.846221706021983489e-01
1.613435617953793560e-02
2.643669770739169866e-01
1.188299595468925163e-02
1.804080051423941344e-01
1.556611461205165137e-02
2.654456173352727211e-01
1.237415039975561445e-02
1.823402886785033816e-01
1.577651468064858453e-02
2.634412827610326246e-01
1.214398755341412200e-02
1.839899967516757107e-01
1.609422480292337782e-02
2.646688177801456709e-01
1.240484688132645515e-02
1.836060520243476823e-01
1.596212285068530218e-02
2.638230267767965320e-01
1.217375324722963503e-02
1.824151195785270740e-01
1.586762837697450884e-02
2.640873691590105432e-01
1.193103426477924722e-02
1.812781357549996808e-01
1.566634705444733267e-02
2.644050683500239196e-01
1.249540237011888960e-02
1.828655131831047886e-01
1.543576083381325431e-02
2.624867586055261715e-01
1.266543395618708462e-02
1.852643594082401812e-01
1.576243404791510122e-02
2.614910043844376752e-01
1.257752487565742816e-02
1.868636399641728507e-01
1.617476456499372661e-02
2.624903663571464540e-01
1.236243866615909653e-02
1.853206977167297376e-01
1.621561136059142955e-02
2.645570855442441194e-01
1.245831380108884320e-02
1.831817554889725030e-01
1.581556258493502232e-02
2.632042239806893225e-01
1.226308917236300366e-02
1.834298194514165925e-01
1.580411116004402233e-02
2.636588066627298943e-01
1.244820341044518795e-02
1.846407599093019269e-01
1.608536947023198743e-02
2.638129064701851823e-01
1.259455557218265749e-02
1.848135258127885372e-01
1.620978243418075282e-02
2.640516535169313284e-01
1.203191819542261121e-02
1.818471709742499054e-01
1.579684776509961835e-02
2.652057770758384225e-01
1.238416414501220496e-02
1.816332758185085217e-01
1.537959311919145922e-02
2.622993763900393072e-01
1.248736575564891871e-02
1.856540981876730889e-01
1.617645360440096020e-02
2.647127116125546631e-01
1.245032911907092629e-02
1.832830274756906408e-01
1.574503631207697929e-02
2.631798822711355901e-01
1.228914837520193003e-02
1.835346482577842886e-01
1.602952528313267982e-02
2.643632540764150329e-01
1.228210047814605292e-02
1.822661863690829831e-01
1.546915913999346442e-02
2.628972838125254174e-01
1.295127556104169221e-02
1.877192519673121784e-01
1.639009259609341268e-02
2.631221626532914692e-01
1.250570154380932150e-02
1.849075073851484952e-01
1.614009214022177341e-02
2.644348662915502191e-01
1.247906424753087579e-02
1.830636719696334125e-01
1.577993052400045171e-02
2.639415652273632840e-01
1.237136053954951409e-02
1.826672140497594132e-01
1.551926460158217780e-02
2.628114541080328603e-01
1.298611972559046528e-02
1.875355889452255953e-01
1.651772846979007031e-02
2.631250476066925859e-01
1.206034987317686213e-02
1.838088977458136875e-01
1.571295212927936724e-02
2.627620205266276154e-01
1.270159357225032065e-02
1.860732454619237475e-01
1.581006239542068204e-02
2.620051524385443864e-01
1.258596027494404690e-02
1.854131337113673894e-01
1.574004403730562551e-02
2.621461976357437607e-01
1.261613357779650321e-02
1.861389563526617830e-01
1.615413524610276319e-02
2.638293283714797655e-01
1.230504436575909077e-02
1.830810496515297148e-01
1.595404434347590106e-02
2.637745781653215715e-01
1.196658927979953047e-02
1.819672512723988778e-01
1.552122748628447652e-02
2.625945676762311831e-01
1.227777798684078631e-02
1.840719719386454678e-01
1.571076408448882078e-02
2.619480720409666508e-01
1.254444525408866806e-02
1.856348505177068675e-01
1.625023684012662228e-02
2.648286500372912800e-01
1.247139389737026739e-02
1.823966001604276910e-01
1.537574879911118853e-02
2.623544898911511769e-01
1.272929580038174684e-02
1.866391483098693849e-01
1.609091126167421643e-02
2.618830535932796799e-01
1.255061242901696350e-02
1.854938724945629502e-01
1.568487469045639487e-02
2.611451095930205080e-01
1.278951646071628361e-02
1.887160018201159972e-01
1.662031363176425663e-02
2.636082982706201561e-01
1.244163852420693446e-02
1.844502099513147531e-01
1.608984735174779496e-02
2.643035841897829474e-01
1.214729815363386860e-02
1.817690611235440457e-01
1.533353337851352249e-02
2.622052652629420222e-01
1.245666004214491390e-02
1.852255325891651594e-01
1.592835243276449070e-02
2.633191098086938298e-01
1.281370048011680474e-02
1.861499891701624831e-01
1.611736650029924750e-02
2.624335847130009336e-01
1.232980694273191208e-02
1.847059468156572459e-01
1.617691854053626699e-02
2.646764816111165652e-01
1.240085817588942874e-02
1.827740829293308666e-01
1.549111328857328412e-02
2.622059112504153688e-01
1.266127399244755883e-02
1.856346997504670360e-01
1.605761705383922794e-02
2.628746729017651385e-01
1.224764828072170963e-02
1.830552323846968421e-01
1.535688942623024411e-02
2.623489015892624399e-01
1.326505480365642795e-02
