7.360074740640868418e-01
1.989059430267715034e-01
2.116251347569751001e-02
2.571119896695485685e-01
1.429887223083979864e-01
7.239526706708748760e-02
1.364152144747731721e-01
1.229205070283917872e-01
1.115906221326747189e-01
1.183230362618553771e-01
1.201484374225964824e-01
1.163130322259846861e-01
1.182493441467840356e-01
1.182203392454530683e-01
1.176165823945815453e-01
1.177352553516880784e-01
1.183962288101532978e-01
1.168130150134415873e-01
1.187686613740053937e-01
1.178069067894686739e-01
1.181335809224642874e-01
1.173221063964090261e-01
1.183007359409963821e-01
1.186048535770433676e-01
1.172701973910140194e-01
1.175804757601972284e-01
1.178018846637360340e-01
1.177294804165033154e-01
1.185164708706349379e-01
1.172407698690549616e-01
1.174944937003660206e-01
1.189388639450824348e-01
1.170177905516971151e-01
1.176670836164561973e-01
1.191404824953957720e-01
1.169673852296484740e-01
1.179871710029456872e-01
1.177800417309825265e-01
1.181736444302168010e-01
1.174772177462055367e-01
1.177379658982536936e-01
1.170578613893526881e-01
1.191319706388749844e-01
1.170877223753245266e-01
1.176376818245290778e-01
1.180771925110273707e-01
1.183114281650559096e-01
1.171781854290632197e-01
1.183336045778954626e-01
1.185797304412714581e-01
1.171620359625628605e-01
1.183902345819729529e-01
1.173508605533869487e-01
1.179832713596151994e-01
1.185051422664226417e-01
1.172657572366695988e-01
1.185247262489548536e-01
1.172694736390048897e-01
1.176603131448144962e-01
1.188669120818287295e-01
1.168175822805803954e-01
1.179375115046327194e-01
1.187125570908798833e-01
1.169796762591886474e-01
1.186031020758629984e-01
1.175083229023268228e-01
1.177708823020352097e-01
1.175107112158537276e-01
1.174446465441466719e-01
1.181078663125838812e-01
1.181932910321526614e-01
1.181054990223193990e-01
1.175870958646937359e-01
1.176332760582709247e-01
1.177514955664501622e-01
1.183066875456107725e-01
1.177175887595675596e-01
1.168025663811765869e-01
1.190094169377908517e-01
1.170906575740037481e-01
1.177095827924394267e-01
1.183386480046513534e-01
1.176001476824810044e-01
1.182984162429936981e-01
1.176117784274430117e-01
1.175992336916919928e-01
1.172574291858707457e-01
1.190849873271004888e-01
1.168650674226146546e-01
1.184976812711578537e-01
1.174026920975675403e-01
1.177875985926836178e-01
1.184684468268638047e-01
1.174163972076667922e-01
1.185694686813283938e-01
1.170067400620244807e-01
1.189340123163698526e-01
1.173605980263645598e-01
1.176804339563174567e-01
1.180015380160798211e-01
1.176338606039638579e-01
1.176665368755091673e-01
1.178069304404811279e-01
1.182328383290190271e-01
1.181155060010169872e-01
1.169849334344981451e-01
1.182755522651773167e-01
1.177627204109542580e-01
1.172569212727766208e-01
1.180003508468974449e-01
1.173589693352833641e-01
1.181293057091849508e-01
1.178306150526359231e-01
1.171937521372832802e-01
1.183096812146060411e-01
1.184962136635953067e-01
1.166106221148515837e-01
1.184611355606931954e-01
1.180303117739350816e-01
1.178958213397998944e-01
1.176957353838982423e-01
1.183262460801458027e-01
1.181516006114864681e-01
1.173656156107190374e-01
1.173495474693953822e-01
1.180912762235961921e-01
1.184683871710933423e-01
1.172991703021908083e-01
1.183100178504261774e-01
1.183455902867064924e-01
1.166181361076998324e-01
1.181246077869175654e-01
1.185902112342997194e-01
1.170166653998926665e-01
1.183612187361145901e-01
1.184289866018702064e-01
1.178047894484475777e-01
1.170092281472573104e-01
1.188025749828280908e-01
1.178406573825319936e-01
1.175011591903915020e-01
1.184941111401071057e-01
1.182083409538222940e-01
1.170700297558895792e-01
1.179616671263712946e-01
1.182563272963343959e-01
1.177382299723942760e-01
1.171569146340450812e-01
1.182409874291859009e-01
1.183783580613317343e-01
1.175104444247486446e-01
1.173640073355011193e-01
1.190230797065434526e-01
1.169454757634239561e-01
1.187957199742059461e-01
1.168917259412532994e-01
1.181816884732164175e-01
1.174393104005410082e-01
1.179051634540383836e-01
1.185983262449599590e-01
1.174396982444642357e-01
1.174767060438028921e-01
1.188195153771945400e-01
1.173425280791615954e-01
1.180874405058674192e-01
1.184769377897468556e-01
1.170666459444680563e-01
1.181010304902779806e-01
1.181924131596306660e-01
1.174412377899059223e-01
1.174164830101745577e-01
1.181325047386280469e-01
1.178447160053147924e-01
1.171629394693043946e-01
1.184958893061185681e-01
1.180803335664136478e-01
1.184015078658482711e-01
1.172270006981241675e-01
1.175934163428997981e-01
1.178994895623537986e-01
1.174171110249120908e-01
1.180963013518248755e-01
1.183146477927255746e-01
1.175777097150135925e-01
1.177475438888968690e-01
1.176524498281472098e-01
1.183290786590503463e-01
1.177000287451282490e-01
1.185394407350016388e-01
1.175627397942297925e-01
1.174891616641454417e-01
1.178405757071606663e-01
1.177753788395076440e-01
1.176596481878499911e-01
1.174077673734855165e-01
1.185898026934414790e-01
1.170143461820711828e-01
1.186310540934538693e-01
1.172341264377739778e-01
1.178850285690055538e-01
1.185369696630322600e-01
1.172116205174154602e-01
1.183874742016086945e-01
1.182746167239006052e-01
1.179234643295137830e-01
1.173228387735871930e-01
1.180751804793061244e-01
1.179915958462335879e-01
1.175139436010921856e-01
1.178324136519657284e-01
1.178782840359053896e-01
1.181032728415989941e-01
1.177056040332806336e-01
1.187145141223880096e-01
1.168505158009026101e-01
1.186649679683190461e-01
1.170798756943100677e-01
1.183823056972065496e-01
1.176531949110648928e-01
1.185099336274517273e-01
1.172400496905596501e-01
1.182004225901469446e-01
1.177595444720809931e-01
1.180474650427211641e-01
1.172363195032881528e-01
1.183805140602479794e-01
1.180074837695684470e-01
1.176128097333812711e-01
1.184774120232821443e-01
1.177044763733799820e-01
1.177314142180752032e-01
1.173128573521249884e-01
1.184576983437234665e-01
1.180047931686043217e-01
1.174749877630401063e-01
1.182544977468703296e-01
1.169194191005313299e-01
1.180786664534558272e-01
1.186435515844246336e-01
1.166964663674407710e-01
1.183917776527926291e-01
1.182408289093404979e-01
1.182880415939153440e-01
1.168425574700731467e-01
1.184701969156596313e-01
1.179996627422670585e-01
1.183299061204157454e-01
1.171318800127571502e-01
1.182234268226436957e-01
1.187661797670529484e-01
1.164782379467434598e-01
1.185931871181266084e-01
1.176512558306861966e-01
1.182834770592995632e-01
1.178739860028558961e-01
1.174545960547594137e-01
1.173402631663355566e-01
1.190106901222884594e-01
1.169712910687542573e-01
1.185433575375839099e-01
1.172601925872060191e-01
1.185105311546034157e-01
1.176247749298552636e-01
1.173654269826679697e-01
1.175611838991421770e-01
1.178535745341305618e-01
1.184256348732197206e-01
1.177381631665935791e-01
1.174283514927986355e-01
1.176285433073286646e-01
1.184032746756852744e-01
1.175086147473025783e-01
1.181935707684672043e-01
1.179754876534193087e-01
1.175682556104676035e-01
1.183168861261987281e-01
1.169862049965260942e-01
1.187926056944927367e-01
1.169895364184194569e-01
1.182291074706872946e-01
1.180691191591738132e-01
1.183396612892394506e-01
1.172407782572658097e-01
1.188761955276421284e-01
1.169052795566917491e-01
1.184357133575450055e-01
1.181464559398227032e-01
1.170515383175941421e-01
1.184850373174489713e-01
1.175763591612785930e-01
1.182984956386753522e-01
1.179131240774286271e-01
1.174983601282975354e-01
1.177554692307007655e-01
1.175177034825735517e-01
1.183651855226789396e-01
1.175464256174159755e-01
1.185280484273914803e-01
1.175647791394767994e-01
1.171758009563362846e-01
1.183508619934454248e-01
1.180494571342306787e-01
1.179533523193037337e-01
1.184215517462363920e-01
1.169578059612795123e-01
1.177639097216371111e-01
1.187958548930131142e-01
1.172413538118742549e-01
1.175434089334927157e-01
1.178065860893006689e-01
1.188932631829165143e-01
1.165723471181744908e-01
1.178391199804562778e-01
1.190876510168478453e-01
1.168553655796918112e-01
1.178044451070807963e-01
1.175197175267544691e-01
1.182011769070785978e-01
1.178193792651076599e-01
1.185469629838065975e-01
1.168019175518733022e-01
1.186914462446341245e-01
1.179647580843257992e-01
1.172178505818282090e-01
1.182098328366502638e-01
1.170416776437696038e-01
1.186143480736692180e-01
1.175824374044119325e-01
1.178608371952215711e-01
1.181021411842891194e-01
1.178558827782901358e-01
1.176720798621422731e-01
1.182167939318749250e-01
1.183704890426166834e-01
1.174667255128047094e-01
1.175646400983392792e-01
1.182237345101200821e-01
1.185691359860602256e-01
1.171442406837479855e-01
1.176516164011489896e-01
1.182601468006161949e-01
1.170105475400362999e-01
1.188284979944771308e-01
1.175888422005802042e-01
1.179117828225171305e-01
1.174317983853356145e-01
1.175914593397395513e-01
1.180237080744759304e-01
1.179887982413913017e-01
1.185848126454832618e-01
1.170825628591562750e-01
1.174381363504561487e-01
1.183691750693127570e-01
1.177479892921878546e-01
1.170835361255068152e-01
1.190105524036571966e-01
1.169541662574231505e-01
1.179255348412933113e-01
1.178880059851274698e-01
1.185062136295533530e-01
1.170199563600431286e-01
1.184989559479282806e-01
1.180676053275366427e-01
1.182330449298665959e-01
1.169468646252789096e-01
1.182830431770720142e-01
1.183396759035938994e-01
1.179316108466696711e-01
1.174214472923375829e-01
1.186662679256594854e-01
1.170404506483411072e-01
1.177587792310376552e-01
1.190911290094674446e-01
1.170720449013911979e-01
1.176434340350293040e-01
1.177995804915754480e-01
1.185402807672123748e-01
1.171502587200591583e-01
1.178838363402669454e-01
1.173409761966103526e-01
1.183624079996191403e-01
1.184014985803811537e-01
1.171603863133861140e-01
1.173358346444687283e-01
1.184338623940624224e-01
1.180240965895111432e-01
1.182581776775308846e-01
1.174273104101567905e-01
1.173812637292635241e-01
1.181224937223536997e-01
1.181405340468303644e-01
1.181093403392210195e-01
1.171940836570428413e-01
1.180104983381737027e-01
1.181141240840710566e-01
