7.580296668576361752e-01
2.746599648481139466e-01
7.056845915508432043e-03
1.569879253876161340e-01
1.687107076149265417e-01
1.293204497637504835e-01
1.311955070944350044e-01
1.416437107612996682e-01
1.392035821911842830e-01
1.366897627094787737e-01
1.382120445793184604e-01
1.385645571016839717e-01
1.368984859993906678e-01
1.390308521381033446e-01
1.376016537596650713e-01
1.373259432171067274e-01
1.383687779967517906e-01
1.373594245023707361e-01
1.379736595967602786e-01
1.381204386839063325e-01
1.372817897865805103e-01
1.381582595678060854e-01
1.383361445515307597e-01
1.371960282077880622e-01
1.381537372294001087e-01
1.384741013380834385e-01
1.371806795568859538e-01
1.383015078683814403e-01
1.374530458486688811e-01
1.380042640530519393e-01
1.379648772537009349e-01
1.386684751273618010e-01
1.373394819001470812e-01
1.373151851407858060e-01
1.390524373008797387e-01
1.371025076027199419e-01
1.383735018416626938e-01
1.377936319057616599e-01
1.371454640354700660e-01
1.390608262861046940e-01
1.373912323639031874e-01
1.375837255119094493e-01
1.380346245625301838e-01
1.381517618045219886e-01
1.381246459000921023e-01
1.375718769341329750e-01
1.382135719196836698e-01
1.373477287062325747e-01
1.376617300668033228e-01
1.379698097078610186e-01
1.381334591181422877e-01
1.375119682684257105e-01
1.375488070481103720e-01
1.377874494139118000e-01
1.374680409120293823e-01
1.384414391207274553e-01
1.381775019650059999e-01
1.373588243431445588e-01
1.382357743136542472e-01
1.382629326337866116e-01
1.379384022388875364e-01
1.385616306594573688e-01
1.371798957459575141e-01
1.379901429372575872e-01
1.386960743266094642e-01
1.368692270993129012e-01
1.384612220461615695e-01
1.381089674759233277e-01
1.373419806875657012e-01
1.384930691703207262e-01
1.375979590547494191e-01
1.378920681794899017e-01
1.370362874456115543e-01
1.381078354991805424e-01
1.385551678832970812e-01
1.378755609063023746e-01
1.381000814484369399e-01
1.377953904142490416e-01
1.381666247790271362e-01
1.375389449779348960e-01
1.384483679638596199e-01
1.371695901991398792e-01
1.381828979675711611e-01
1.381352794804294737e-01
1.375495593282066165e-01
1.371099676433082948e-01
1.383972973513640792e-01
1.383899130907976782e-01
1.373574251699930526e-01
1.384953822475982754e-01
1.378315967389116548e-01
1.380604423780270873e-01
1.377550874975904116e-01
1.380615432126585107e-01
1.381955551620045464e-01
1.371280996264798713e-01
1.388556140747612133e-01
1.371800839033099351e-01
1.381114909480219144e-01
1.386017992989544978e-01
1.378477254694133736e-01
1.375170589184093461e-01
1.380161516707983649e-01
1.388729243442236028e-01
1.373410965842803699e-01
1.377622944523398396e-01
1.378815025412760686e-01
1.378068690103227689e-01
1.376137888143914578e-01
1.382066800989171784e-01
1.379770958338452647e-01
1.378789497311233292e-01
1.368789453054252703e-01
1.383417699224177011e-01
1.384407365591765193e-01
1.384043288763163182e-01
1.374239013624368178e-01
1.371369006100432719e-01
1.385711862124686666e-01
1.381735333012684697e-01
1.379193709732051965e-01
1.375748065140323106e-01
1.382193709713828988e-01
1.380000286130872167e-01
1.375431095210776222e-01
1.378272392000779445e-01
1.377302974801706825e-01
1.372412358876412553e-01
1.383656414699031556e-01
1.380765613669688308e-01
1.379619492102281408e-01
1.374794180868770810e-01
1.374272421102360198e-01
1.383334594298720188e-01
1.376561118811486240e-01
1.374883564704280359e-01
1.379645643120223364e-01
1.371841747295523550e-01
1.386784678231167689e-01
1.378895821983631698e-01
1.372990419292849373e-01
1.378673097114044843e-01
1.378924702594325757e-01
1.377874610746752382e-01
1.377326801909766751e-01
1.372661138893441768e-01
1.385672703030293162e-01
1.382187786628668313e-01
1.371946925148362639e-01
1.380740992232219189e-01
1.381969181166433636e-01
1.374544111323735829e-01
1.372677295821123078e-01
1.379856951255556963e-01
1.387147813156193732e-01
1.373091518456860394e-01
1.372801312362169623e-01
1.388344582225809476e-01
1.377013824262889041e-01
1.375201518114930188e-01
1.373034558750177991e-01
1.386204444784324419e-01
1.376364614340124248e-01
1.383635882162103092e-01
1.380053143603920396e-01
1.383480760089242922e-01
1.373408114329500718e-01
1.380762332488974786e-01
1.376918013559605969e-01
1.387717571967359287e-01
1.380442648785706328e-01
1.370720607066595875e-01
1.375557584942387890e-01
1.384323811532079396e-01
1.381481168955415173e-01
1.380176496749944137e-01
1.380703226953009510e-01
1.380328876865610788e-01
1.382025575886511870e-01
1.378636950530196803e-01
1.382188103905789833e-01
1.380723659860760288e-01
1.377073883742289118e-01
1.377792785522103380e-01
1.373833063639515739e-01
1.389504893735473978e-01
1.370104786381854400e-01
1.379118274005540212e-01
1.386630845124331990e-01
1.372300447748554808e-01
1.381291155484940525e-01
1.382229032442375549e-01
1.371200176970932549e-01
1.378380853819141383e-01
1.386759817644264148e-01
1.372892026082609129e-01
1.374963832989631041e-01
1.380602655065796547e-01
1.374083510281889908e-01
1.385072581216579835e-01
1.375506288198344584e-01
1.380213188318727413e-01
1.373150525588470727e-01
1.379607339630841978e-01
1.377359861006334785e-01
1.380010101290259084e-01
1.384388725567821665e-01
1.373817943016308885e-01
1.371837503061040797e-01
1.386651190222480401e-01
1.374345289799963343e-01
1.382474340671868696e-01
1.372714387016289450e-01
1.385563740993790149e-01
1.372190302086810920e-01
1.384348120942316129e-01
1.373112639460073725e-01
1.382840993728375878e-01
1.377068817481175433e-01
1.372382694059622876e-01
1.385528100695564979e-01
1.382901701255269122e-01
1.370955217366315038e-01
1.371097592733765691e-01
1.386863800426978988e-01
1.386395004695499533e-01
1.372113335250217947e-01
1.370479204290265818e-01
1.387584713605065079e-01
1.378847441478325553e-01
1.371126848345999849e-01
1.382807616700624520e-01
1.385941930930907895e-01
1.372805830170821806e-01
1.374157484281018360e-01
1.380409879431435671e-01
1.383051340887600511e-01
1.382949674089498371e-01
1.370839537499259908e-01
1.380024710836580959e-01
1.384717385211084173e-01
1.380522879810106573e-01
1.371500567671813942e-01
1.388285784080362240e-01
1.372877461483635597e-01
1.379958583859455523e-01
1.385609282069809045e-01
1.378690825280400878e-01
1.377050252172234424e-01
1.377742880648002988e-01
1.374148755342120554e-01
1.383565314612218156e-01
1.380451905548702451e-01
1.379190743406523423e-01
1.382024158003867242e-01
1.382535668651996286e-01
1.377181875706234571e-01
1.379441682637687072e-01
1.382661503794933577e-01
1.380060576355872648e-01
1.374776937861857395e-01
1.383973216404929540e-01
1.377506985336514056e-01
1.373848968311407182e-01
1.383444683069189884e-01
1.371294971902349280e-01
1.384870222736206413e-01
1.371913793052050301e-01
1.381495756440933032e-01
1.380357046647004982e-01
1.377956844502652434e-01
1.374811615060032022e-01
1.380770826651274430e-01
1.381302637538308620e-01
1.382172810768041438e-01
1.381345264919268123e-01
1.382273407570585033e-01
1.369326629390130445e-01
1.383469331815670722e-01
1.381471776148894270e-01
1.383307515977003355e-01
1.374415919789692686e-01
1.373901536918871458e-01
1.383731309985967162e-01
1.377150107832595394e-01
1.381391769973237538e-01
1.374934656196479810e-01
1.380611051846291626e-01
1.384145686225419780e-01
1.376099809312848476e-01
1.381405775559440552e-01
1.384921399530090191e-01
1.370273026416651274e-01
1.378269669441375411e-01
1.378763780919375070e-01
1.381713325854967700e-01
1.383822091645557917e-01
1.371809111872476505e-01
1.375961086202699690e-01
1.380756023431632395e-01
1.376476626543070292e-01
1.379235743238227951e-01
1.380633665070468696e-01
1.368975946079495909e-01
1.385236989686190745e-01
1.386311565378550159e-01
1.370601955570448227e-01
1.375691900442243543e-01
1.385335058743787373e-01
1.378740054473549526e-01
1.370582842855434802e-01
1.382621963759842754e-01
1.381512790596130524e-01
1.378211647468003953e-01
1.382401596408810995e-01
1.371331789136737700e-01
1.381219640239273461e-01
1.384029068634725634e-01
1.375042934432086916e-01
1.384214653603103029e-01
1.375505811298335379e-01
1.375619843204244630e-01
1.370685857870753144e-01
1.387583892819258535e-01
1.384322222625917753e-01
1.372468670212081965e-01
1.376633248858978587e-01
1.382734158541617797e-01
1.378705577578034913e-01
1.381249585075406683e-01
1.373226800302676243e-01
1.376307243513843204e-01
1.379071855074551767e-01
1.375467354803097675e-01
1.387038697246174845e-01
1.373397437308816749e-01
1.381582330706847550e-01
1.372139815866063595e-01
1.381374370312584698e-01
1.385938238368505937e-01
1.370161482409930631e-01
1.381892358116884045e-01
1.381672421977403475e-01
1.370116685336817686e-01
1.383028831160603989e-01
1.383393171467852123e-01
1.381273034308300451e-01
1.379539075060484676e-01
1.372707960810683747e-01
1.377172601532554441e-01
1.383443773130580423e-01
1.384710481440777907e-01
1.370586886085162215e-01
1.377997986771763161e-01
1.376043546971735254e-01
1.383121466785173503e-01
1.375657688948022095e-01
1.381919639450020498e-01
1.373584103668442358e-01
1.385840899495341116e-01
1.375432843424365392e-01
1.378416722136296402e-01
1.374621533305115939e-01
1.377914692594487400e-01
1.379420702812604871e-01
1.371715019867544016e-01
1.384891386292102788e-01
1.380658218446245700e-01
1.375554589196691657e-01
1.378052967468808010e-01
1.375421881057392881e-01
1.385772505411166922e-01
1.371846465329173981e-01
1.384548754223494105e-01
1.377143295576120086e-01
1.374764625071098201e-01
1.385822909374966050e-01
1.377579330210172981e-01
1.381907869132338873e-01
1.370671760230016134e-01
1.386519610625513432e-01
1.377406977750100792e-01
1.372564200601664730e-01
1.377143235667943610e-01
1.380207460147031551e-01
1.372984768135553646e-01
1.381262732988207120e-01
1.372849630084738703e-01
1.383639156139706838e-01
