5.020761110183616927e-01
2.290325838273165326e-01
1.801786247105463812e-01
8.382227479511884793e-02
4.674489983811728339e-02
1.208170215542521964e-01
1.335285462550730995e-01
6.586905967486275659e-02
3.931299860773347643e-02
1.649838783634303141e-01
6.352679575534106449e-02
1.406261562076495941e-01
4.602784891053213201e-02
3.303844191581943243e-03
2.718335245204900330e-01
5.490247148583919656e-02
2.599613369020278841e-01
4.044310717557938334e-02
2.107448844629278978e-02
1.799592913427875418e-01
1.009560621237479139e-01
5.847112957591542315e-02
9.604827471343123368e-02
1.448761785712708305e-01
6.576059715648063797e-02
1.067298037094303736e-01
4.527651170954127141e-02
1.259980111931108000e-03
2.100568187774861650e-01
6.463241911417326457e-02
5.297133556056946718e-02
1.297046421145526540e-01
5.279817966277725733e-02
4.421213354404535112e-02
1.623982743595093203e-01
6.355002052763969456e-02
1.397137148801220752e-01
4.311913543645073260e-02
-9.639503677155635496e-05
2.442919516249263678e-01
6.194331183435539817e-02
6.110719571469278716e-02
1.242429528976423669e-01
5.152403414790755753e-02
5.391550975780269594e-02
1.591954354090255319e-01
6.420692317900381085e-02
1.375532571083107891e-01
3.994681536591289384e-02
2.552749393207208103e-03
2.025192627613237040e-01
6.415051052800366249e-02
7.976169159859748670e-02
1.134313233861380943e-01
4.858755916405277375e-02
7.298920682885406963e-02
1.521645409790780556e-01
6.495387952422942979e-02
1.279093674178167772e-01
3.705270991854123230e-02
1.000517339844966998e-02
1.533094622771732363e-01
5.526009613644758400e-02
1.320754140571287760e-01
3.865307973823393917e-02
5.836219516841092622e-03
1.794205652924888150e-01
6.160004973796642802e-02
1.305467568411729229e-01
6.923646069704311734e-02
2.579199511184157925e-02
1.424588119981349821e-01
1.209352075287199041e-01
6.291359496614154501e-02
6.244804122937626378e-02
1.579239660994122274e-01
6.537411737846313131e-02
1.360926593974272347e-01
3.883021588559160131e-02
4.459970486421925041e-03
1.891993915273609828e-01
6.325741376123844573e-02
1.142138385645928983e-01
8.700459327946677424e-02
3.739679315198619208e-02
1.155657802734895157e-01
1.345489342434709190e-01
6.534930172194398923e-02
3.734949643760684945e-02
1.658841816906139466e-01
6.368013273943148866e-02
1.406556766646497592e-01
4.683106315517808482e-02
4.279823314971700071e-03
2.788319477582053008e-01
5.170357276234022886e-02
2.883541582976419382e-01
1.027129486302403964e-02
1.853494333142469142e-02
1.185843673331073433e-01
4.180257855137431422e-02
6.275231432506807316e-02
1.550757901482809897e-01
6.450108864817455379e-02
1.331951572839019660e-01
3.794399737754421131e-02
6.766556478071041915e-03
1.737580515976944739e-01
6.062743494126382471e-02
1.363394652011724328e-01
5.993149844658358233e-02
1.762133306594920734e-02
1.554552169227631508e-01
1.132727274182217803e-01
6.123865346911396695e-02
7.570673450338133437e-02
1.525880333034592418e-01
6.516196528250858822e-02
1.281205201105314051e-01
3.698627511219623742e-02
1.003089739882669605e-02
1.527598601335413975e-01
5.495342866154617756e-02
1.315079692054127725e-01
3.847168902119149636e-02
6.691134225280369503e-03
1.742051872429752901e-01
6.083264674275500744e-02
1.360753437041833380e-01
6.079879891361623934e-02
1.891556170722042199e-02
1.533351724295906049e-01
1.141155621227605971e-01
6.126303603012726862e-02
7.342898615704748777e-02
1.541908458192255416e-01
6.610738381708214373e-02
1.302771335405438213e-01
3.717700259309959787e-02
8.892846693778851466e-03
1.599995936145139908e-01
5.734072345818502087e-02
1.386823920075037075e-01
4.252383565168501439e-02
-8.137211976274756880e-04
2.357275966602715433e-01
6.359550463815721866e-02
9.235334010303676566e-02
7.678497718306842579e-02
2.514148785982861165e-02
1.309970585833263867e-01
1.258004648491832800e-01
6.341670118838538261e-02
5.403007667849653306e-02
1.608858282466954503e-01
6.497054050390059510e-02
1.387905483972484422e-01
4.072573271995454797e-02
1.257463814107666160e-03
2.135718668441285162e-01
6.516068020642278025e-02
8.912292555718370757e-02
7.035098935321143498e-02
1.918727538375286992e-02
1.402037213962691042e-01
1.205317707087922990e-01
6.247464184167065421e-02
6.193665488494247418e-02
1.576113283516722419e-01
6.493048602413604986e-02
1.356889271343511560e-01
3.862422175453601031e-02
4.833848298900619497e-03
1.864294934187341601e-01
6.295416206178597318e-02
1.200185253970495192e-01
8.142396918531238925e-02
3.425843559341434919e-02
1.244124485422812704e-01
1.305063697662461608e-01
6.502112107534088747e-02
4.445279838785779619e-02
1.636320864333941083e-01
6.423824226813532046e-02
1.405176863282191491e-01
4.374366098696359784e-02
7.693046675756466234e-04
2.513395928295240611e-01
6.050328561181873149e-02
5.969046463215151033e-02
1.538146896178622658e-01
6.312718212938049633e-02
1.306922974301325813e-01
3.733998819734241775e-02
8.615272608914887470e-03
1.611998487959659110e-01
5.719031258401276185e-02
1.392094043877248610e-01
4.435404164225161677e-02
1.111573199967021272e-03
2.550551649616388805e-01
6.032616926839767107e-02
1.028895859173837302e-01
1.375341792009062147e-01
6.452651913977455744e-02
5.772537028557171018e-02
1.085603601795389894e-01
4.257249106905769409e-02
8.064739537771534184e-02
1.490569581034123514e-01
6.542217000555165807e-02
1.201326427293085281e-01
3.864174602605562059e-02
9.242916084752823142e-03
1.572028366222598117e-01
5.660371167671975068e-02
1.363950856969599890e-01
4.029055517020369709e-02
2.610383805952871256e-03
2.023921569025956824e-01
6.392608492038398538e-02
7.867869107685235286e-02
1.141473959937560206e-01
4.891480563675008886e-02
7.205450757134185258e-02
1.529605059528873767e-01
6.549614199609865572e-02
1.289490558598894165e-01
3.719613437665458822e-02
9.352288109245630171e-03
1.574113230639084260e-01
5.655791609682315341e-02
1.368289090061894364e-01
4.095574187225745066e-02
1.049212573519813342e-03
2.145009943309138523e-01
6.444661424830418206e-02
9.790943528100112814e-02
6.498444870277768348e-02
1.602205921805742450e-02
2.757786127584400115e-01
2.821443032079791469e-02
9.837027714510060417e-03
3.038477268669794729e-01
2.778203870366096825e-03
8.977937527751954361e-02
1.997220237916218222e-02
2.579917304898717845e-01
4.441895946882622875e-02
2.558275888944955279e-02
1.753329027837924881e-01
1.043678159467800737e-01
5.930552262229789318e-02
8.981000422128095073e-02
1.479217501368438326e-01
6.654728636856394042e-02
1.155365849460766592e-01
4.054554292363601875e-02
6.670300218620648161e-03
1.720428029592722119e-01
5.984300453527713337e-02
1.377810572449099935e-01
5.741545686565895090e-02
1.548419295360572295e-02
2.676737640675732610e-01
3.676795699086149449e-02
1.905434613295206581e-02
1.844192979467120796e-01
9.782778170680893337e-02
5.695443712826396554e-02
1.006123502288799598e-01
1.437069991536607805e-01
6.664733676146182562e-02
9.985871699859148742e-02
5.032303737752107098e-02
5.568335660692716026e-04
2.470948970474275974e-01
6.197501309751299314e-02
1.205121380843567624e-01
7.845405269639804668e-02
3.187292902693029950e-02
1.291092683339080949e-01
1.277342196949112774e-01
6.408054617532085717e-02
5.035264768225106158e-02
1.614198040069896312e-01
6.408980881196572887e-02
1.395576834379918807e-01
4.169508314816012390e-02
-6.273380059917398359e-04
2.296195902838572556e-01
6.403172439018010864e-02
7.475255252450530019e-02
1.057776348783635162e-01
4.358840343273667761e-02
8.565748229509438649e-02
1.469073805713896896e-01
6.490484689487591163e-02
1.134909143680213894e-01
4.130464288142694784e-02
5.789198837805053371e-03
1.790858035343588783e-01
6.154235277071272436e-02
1.313243140692808841e-01
6.819040522596903076e-02
2.451737483723583425e-02
1.438458022880913789e-01
1.198224733173579304e-01
6.246545962499903265e-02
6.406689695200254442e-02
1.572157700544032366e-01
6.532680067550478142e-02
1.349842565820046636e-01
3.821694627999266958e-02
5.786681870531099579e-03
1.805964298464353690e-01
6.199385732176745933e-02
1.286066829248465604e-01
7.143768955931714681e-02
2.695614243580055081e-02
1.381314129850871875e-01
1.222954734727116216e-01
6.276940623995121149e-02
5.982287245765896544e-02
1.583926173030846818e-01
6.461780017353624395e-02
1.365301525095151125e-01
3.918849657708963624e-02
3.776049850036022112e-03
1.935188917799637587e-01
6.346838121900509611e-02
1.044794080266304159e-01
9.545367307463831219e-02
4.175957329872109769e-02
1.024480882049036146e-01
1.406317814890716000e-01
6.581308831370558110e-02
8.585035339119821696e-02
6.402622084362136201e-02
1.263493473416793349e-02
3.040977278719182442e-01
8.382815597559116830e-03
1.205067119357516314e-01
3.845239887275684471e-02
5.803644959673429082e-02
1.558702828262319706e-01
6.355224604635813235e-02
1.341914869914098973e-01
3.802372028901213064e-02
6.184273713549956648e-03
1.776380369476372734e-01
6.144741553883565494e-02
1.328207163993285755e-01
6.601778768212740456e-02
2.280179966611747128e-02
1.461640807205818460e-01
1.182033342589551006e-01
6.198310184393374112e-02
6.751337005121767210e-02
1.560045111905997706e-01
6.546697371654396080e-02
1.335442682918354385e-01
3.760357394014596233e-02
7.106725448086551739e-03
1.718614340970202048e-01
6.035683276461447505e-02
1.379866336736241261e-01
5.684853196324755886e-02
1.503101949948593835e-02
2.762794697121583876e-01
2.762598489929845788e-02
8.956813108647815672e-03
3.048672299665487473e-01
1.154669663089866877e-02
1.396734084872681414e-01
4.654514615250419235e-02
9.778411225274077911e-02
5.300771840128028212e-02
3.561294331502308681e-03
2.684228811731498854e-01
5.493867402725410160e-02
2.529565275801451407e-01
4.756174461441205203e-02
2.795052986814818355e-02
1.709968981381292663e-01
1.069322029249815398e-01
6.053445364852123867e-02
8.632400338172413479e-02
1.493896219722869456e-01
6.649785360943036294e-02
1.199383551768700151e-01
3.841194024165994758e-02
9.679418876001093242e-03
1.548326009611294962e-01
5.597711711560800912e-02
1.338962605625041435e-01
3.897202621567082831e-02
4.706337688247987788e-03
1.871580707628092144e-01
6.270469411137999383e-02
1.186791018005173559e-01
8.252748717549573954e-02
3.431852334377851615e-02
1.225426432484815337e-01
1.311238564537660078e-01
6.501842859927278728e-02
4.406043343063815315e-02
1.639774356813955003e-01
6.407301108415633384e-02
1.404607393415890637e-01
4.416850478619890191e-02
1.021086489605399234e-03
2.528033005984161585e-01
6.005170798924625020e-02
9.013236361228310622e-02
1.427686032416069506e-01
6.463211226453099978e-02
9.706504236478946668e-02
5.271408139847207075e-02
3.129663516699086705e-03
2.676831649318175965e-01
5.671930809877778062e-02
2.341844971538028508e-01
6.275561819732655700e-02
3.909531661117855023e-02
1.518485891180945402e-01
1.182907102872947230e-01
6.308353784174786094e-02
6.746997004461691150e-02
1.559155331035751990e-01
6.505259689179551663e-02
1.340385999818027862e-01
3.767898496374860740e-02
7.230924474768349319e-03
1.706907503780139279e-01
6.000151340175535752e-02
1.384043289005757460e-01
5.573668767854651762e-02
1.362722141737918169e-02
2.945831656502863605e-01
6.021073965473632515e-03
2.998055855837659239e-02
7.166465445138650581e-02
1.091046457333043340e-02
3.021730347621467971e-01
2.705295677225637296e-02
2.276194121231333578e-01
5.992044783728903146e-02
