4.547695642101232671e-01
2.860597694116369105e-01
1.869327544043474509e-01
7.813954795323322516e-03
6.294503896296940737e-02
1.766383305785883609e-02
1.746146086415058529e-01
6.113914466291105188e-02
4.482000697685025598e-02
1.809288354133402332e-01
6.223971726697415108e-02
4.760420228632253337e-02
1.812737212317198365e-01
6.290411943785781390e-02
4.825241804807627044e-02
1.795309616255079677e-01
6.344660281820037329e-02
4.850646271160287404e-02
1.789588584302220231e-01
6.393251637700819723e-02
4.871720469827625632e-02
1.783489275140468233e-01
6.442746456037966307e-02
4.921446089673629787e-02
1.789395619041140861e-01
6.441833498385871049e-02
4.958236732771053451e-02
1.779861052568595114e-01
6.482603220078127226e-02
4.971246108255034102e-02
1.774715017001766426e-01
6.514287656203870958e-02
4.984210246886837392e-02
1.775635088899915892e-01
6.509221983271834544e-02
4.995592794855069352e-02
1.773722742305250122e-01
6.519158683214155980e-02
4.979905696250256503e-02
1.775516935180339040e-01
6.528996620833338316e-02
4.990652195839094529e-02
1.770614718955898226e-01
6.496534346257874792e-02
4.908106422717400941e-02
1.768045373628757688e-01
6.517720014836549114e-02
4.964994621222822146e-02
1.781727008444145555e-01
6.499293080207618756e-02
4.949629230083471554e-02
1.778399596589536891e-01
6.489420790652586368e-02
4.976334382595919842e-02
1.777849192085938224e-01
6.485443995305636977e-02
4.929954845547797337e-02
1.775883734256818447e-01
6.495830304398927946e-02
4.936453931691284214e-02
1.774275712468962873e-01
6.480532698608648667e-02
4.928819353833377437e-02
1.776095727916898737e-01
6.495622513564233702e-02
4.973115748600716313e-02
1.784520578961709958e-01
6.495779510931500023e-02
4.989592183970973510e-02
1.780085528352497726e-01
6.474534289292387113e-02
4.946451597837232816e-02
1.784539984166647886e-01
6.461279368696601355e-02
4.925597017402486011e-02
1.787701032970097637e-01
6.462874682681464533e-02
4.945498901875920728e-02
1.779502573980792091e-01
6.496748921135311883e-02
4.970376631412674884e-02
1.785273959451036119e-01
6.448906369754713042e-02
4.890392501577330020e-02
1.790479344653774230e-01
6.434470037805356535e-02
4.898698647899837888e-02
1.790028907559414462e-01
6.437431916932775944e-02
4.898355378250719705e-02
1.782463259108629239e-01
6.430890563158507545e-02
4.876871889911524316e-02
1.781353295114191937e-01
6.468026685494286665e-02
4.955529680733973541e-02
1.776620041666305272e-01
6.502686696070938965e-02
4.965343803731159938e-02
1.786340996160070971e-01
6.471591406098324561e-02
4.975287600481750894e-02
1.774160854439151835e-01
6.483783864293665711e-02
4.898308973339947359e-02
1.785198908118693362e-01
6.480997319210222984e-02
4.964989012433068671e-02
1.778799032342476549e-01
6.467053304313871709e-02
4.919397178306628149e-02
1.777755193027422687e-01
6.490822525687060807e-02
4.967889214569676248e-02
1.775794466153147178e-01
6.517265048961080887e-02
4.984881088995679610e-02
1.772949459913534254e-01
6.502236814669619391e-02
4.943251957139206676e-02
1.768428373198366321e-01
6.532384661521124791e-02
4.994305337167887632e-02
1.765850429325371840e-01
6.545482592671234001e-02
4.960301292502436454e-02
1.775251724901613926e-01
6.504779183674425092e-02
4.950451460520220032e-02
1.777261315792711127e-01
6.497389540334402858e-02
4.945356256338474810e-02
1.776791001508046253e-01
6.480155827217348730e-02
4.883869194304903821e-02
1.785097174093702721e-01
6.453086870795125829e-02
4.944764429047499021e-02
1.778767088766944338e-01
6.487040136522306821e-02
4.977163080276687107e-02
1.777184637680082613e-01
6.498762581173775366e-02
4.947332610311858114e-02
1.774561235736155929e-01
6.485385450742472968e-02
4.932859656958736572e-02
1.777923556132335603e-01
6.483321300803795983e-02
4.930801674873348805e-02
1.774509553757983027e-01
6.497248147223214088e-02
4.939526680430447736e-02
1.780561104844170517e-01
6.456566490594163599e-02
4.889266198842953659e-02
1.782162362285171497e-01
6.476698394940709480e-02
4.974629416674372639e-02
1.777146617461046185e-01
6.504428290174586735e-02
4.971903829335783120e-02
1.775215923319616029e-01
6.502466561529218758e-02
4.987262390746925733e-02
1.774996757859357566e-01
6.518240080082148002e-02
4.994688762483569244e-02
1.775489044415564932e-01
6.502572724066477128e-02
4.912150707498964819e-02
1.771261762411141250e-01
6.476429119951600255e-02
4.893032976655018601e-02
1.785517607257624262e-01
6.465864286294509267e-02
4.961181896564269278e-02
1.788250598582299677e-01
6.459833419563081047e-02
4.925595209802979130e-02
1.785137016679815836e-01
6.456622359164963798e-02
4.963748944719195005e-02
1.785241878648325953e-01
6.455205786572031090e-02
4.917462729665330462e-02
1.786503715400815651e-01
6.442529708001953903e-02
4.878966330270501084e-02
1.788813160025720383e-01
6.413454980513640102e-02
4.887771503112291194e-02
1.790387487441313652e-01
6.425896034791764300e-02
4.922803921751017775e-02
1.792644731358400412e-01
6.420280450762841373e-02
4.880185639466809444e-02
1.788519179066190290e-01
6.440749576897869533e-02
4.914392153699465027e-02
1.779711630654549348e-01
6.459486554950434611e-02
4.947641135215533059e-02
1.778727667978440008e-01
6.474252051129084085e-02
4.917468882868827190e-02
1.776344653745309532e-01
6.503767079372095583e-02
4.974600510809271126e-02
1.784021497972841097e-01
6.483745590508355194e-02
4.987887101353109115e-02
1.784845893207432921e-01
6.482325501727101424e-02
4.952609206573373862e-02
1.785028677390954888e-01
6.485095417571519472e-02
4.966040281571849901e-02
1.778137939287943170e-01
6.473730489732028304e-02
4.932659824973233131e-02
1.785489625920717305e-01
6.462266747089996655e-02
4.922518370075948391e-02
1.786993977418830370e-01
6.465026787124610042e-02
4.945734573350826779e-02
1.778962193709322237e-01
6.470471061345167696e-02
4.941518102924775252e-02
1.778128543280873830e-01
6.495636775218587011e-02
4.975494003282018851e-02
1.774111319918011409e-01
6.522013872194366846e-02
4.983927675686707776e-02
1.772607679267744207e-01
6.502349371280286006e-02
4.939814505016355828e-02
1.781644985036087703e-01
6.494226074713813079e-02
4.971833501114943793e-02
1.784302155780825849e-01
6.464843765990939406e-02
4.886496283513899752e-02
1.776884393922924521e-01
6.475892002274122317e-02
4.960650194186676243e-02
1.784553241845653615e-01
6.469903808145836821e-02
4.935921483129506598e-02
1.778085132068315255e-01
6.481027506441887354e-02
4.921287904521244594e-02
1.783418704455552728e-01
6.460007003204974729e-02
4.937132597676197054e-02
1.786719529113842408e-01
6.465325759259132887e-02
4.962400513863328422e-02
1.784479830518556076e-01
6.463558265761118471e-02
4.916082829375101326e-02
1.787094025241884598e-01
6.448150597217160163e-02
4.950383274302205816e-02
1.786619334406431281e-01
6.460350025807899688e-02
4.948006502649798105e-02
1.777177519296185004e-01
6.470401130402664291e-02
4.879048552914493075e-02
1.772480845769042468e-01
6.456284571635183267e-02
4.870292199726813931e-02
1.775615806248561357e-01
6.460469398872992208e-02
4.884133912245473136e-02
1.787559846004616038e-01
6.452456837937756151e-02
4.915678941617265124e-02
1.785373638363941529e-01
6.447278176531409666e-02
4.944297799625379380e-02
1.781086611451509483e-01
6.457968063626501332e-02
4.909952172430501194e-02
1.776810258374498241e-01
6.495361282817915805e-02
4.969498892576633409e-02
1.773869513957345712e-01
6.474215830177391939e-02
4.899095093917697763e-02
1.783457018680571493e-01
6.480394422435192814e-02
4.984636156218930775e-02
1.776849620949088326e-01
6.489105613530023187e-02
4.915650072766273443e-02
1.781482986595447904e-01
6.478009708104612296e-02
4.984921950294983473e-02
1.785793223693668830e-01
6.478905103544507771e-02
4.981553388248641939e-02
1.785823575718785694e-01
6.479646289638063550e-02
4.952846994872378561e-02
1.779652431352703734e-01
6.494232896003032662e-02
4.945012022592162881e-02
1.784619528748443984e-01
6.465941144026028653e-02
4.943985337044094763e-02
1.778385086013529182e-01
6.480065205503085513e-02
4.924653884404926740e-02
1.785489137508919633e-01
6.477444821870120828e-02
4.947479961038257767e-02
1.779917038174289035e-01
6.450437894551719342e-02
4.878895119814471992e-02
1.780234265882313649e-01
6.478922506061864095e-02
4.965025539355003015e-02
1.783540041694919309e-01
6.483848085604780598e-02
4.950566794250579883e-02
1.784497669322128166e-01
6.460727440807831345e-02
4.938201230206418907e-02
1.784506533809590012e-01
6.477508344797576478e-02
4.967781980839719447e-02
1.778115700672858734e-01
6.479661383454107804e-02
4.895831982115972369e-02
1.784828796569453147e-01
6.460404571719502442e-02
4.964016274063098866e-02
1.787806676629961067e-01
6.469928539452617089e-02
4.968364417979674597e-02
1.772788283307374091e-01
6.485702354603155306e-02
4.885247647107437974e-02
1.786198254489008430e-01
6.449143499474659091e-02
4.931735896398296848e-02
1.788953889806151054e-01
6.451263864167849915e-02
4.938139041122478756e-02
1.780536810594944008e-01
6.471703837896725098e-02
4.920479050912010544e-02
1.777539501903566410e-01
6.464982099136773463e-02
4.914532505623084302e-02
1.780106091585276495e-01
6.466722713939998535e-02
4.909615136553936721e-02
1.775177310504701678e-01
6.499997433875506769e-02
4.968357857877087058e-02
1.785178435335784131e-01
6.478787272363338567e-02
4.983450595660071647e-02
1.779422037922198385e-01
6.480490830726436113e-02
4.921776893028680794e-02
1.776397671004273648e-01
6.487731476624518379e-02
4.925775914636318364e-02
1.776408489382241551e-01
6.486273316171448089e-02
4.965549703290783601e-02
1.775585625599404305e-01
6.496259170486708145e-02
4.947596154019970327e-02
1.781503619642207936e-01
6.484949791819766274e-02
4.939016588913525130e-02
1.774374880528281351e-01
6.494302280133268379e-02
4.976723792463491614e-02
1.771576144577999001e-01
6.527381225390049835e-02
5.006241439226571943e-02
1.780689468534781550e-01
6.525626865275689636e-02
5.009897134794788487e-02
1.772181129595676863e-01
6.501400478296701091e-02
4.934075181279042044e-02
1.774220876738272501e-01
6.502607625336120911e-02
4.952393615421450679e-02
1.772558821963277631e-01
6.511516111669564399e-02
4.937100269582567202e-02
1.774536981264077384e-01
6.480975082474130233e-02
4.918835749691127801e-02
1.770602120333549523e-01
6.514513079120361205e-02
4.987758258592880217e-02
1.774678915478030972e-01
6.520794688888154056e-02
4.967007247865365405e-02
1.782680768158433904e-01
6.473381645587146516e-02
4.939052199839877311e-02
1.777857133344589446e-01
6.474479643925393213e-02
4.919562769422266418e-02
1.774408912563449625e-01
6.481981721012805564e-02
4.897802095342786849e-02
1.785155622643258555e-01
6.460151566059996187e-02
4.899209311374537468e-02
1.787538728456928849e-01
6.446805440490463446e-02
4.951281600902075752e-02
1.778701905706980280e-01
6.475665410923034382e-02
4.924139844898090673e-02
1.775025645250829509e-01
6.509851987785852945e-02
4.974966096010650929e-02
1.784426691274503263e-01
6.490213054791066360e-02
5.002316492829182726e-02
1.777261860892138390e-01
6.498582749217489407e-02
4.941974477092997420e-02
1.772863447659932534e-01
6.511435831197501245e-02
4.941167367942682354e-02
1.780601916752946878e-01
6.481625623813458414e-02
4.953891659287704835e-02
1.775267179882083213e-01
6.494820192121655844e-02
4.935020076360667474e-02
1.782424723042298764e-01
6.484284364771038256e-02
4.933042539118465131e-02
1.777254877108624398e-01
6.490784544107275345e-02
4.987678801350077518e-02
1.777428385759022011e-01
6.495580838491082920e-02
4.941233242355061450e-02
1.773997631209309200e-01
6.502110491997151187e-02
