8.291717674055188780e+00
-4.176944710103385638e+00
1.813311750867822703e+00
3.745687066181693226e+00
-1.456330958834516132e+00
4.170416776789933166e+00
-2.403709224282961188e+00
5.141515055626763697e+00
-2.746484654815211535e+00
3.088893732070947085e+00
-1.297291947729475758e+00
5.070469186651380689e+00
-2.313613072401328186e+00
3.023324235888864120e+00
6.301298528103072005e-01
2.899008467376830378e+00
-1.108786387732810130e+00
4.858154657399804677e+00
-2.702127146943726466e+00
2.614911684621155974e+00
1.259238101187942105e+00
3.359377054797025419e+00
-1.287270389484122202e+00
4.250043527248528186e+00
-2.459162504903233959e+00
4.857741517532305764e+00
-2.681801229301266964e+00
2.476118839555819573e+00
2.081863279657085286e+00
2.211741661768900968e+00
2.269599193312008989e+00
2.077432782615784124e+00
2.711498101491959023e+00
-9.079355518667766578e-01
5.376329920226968540e+00
-2.654393415876733275e+00
2.269259802457383568e+00
2.949063333441809931e+00
-1.061979006594401032e+00
4.472310264633747146e+00
-2.516834591486933448e+00
3.807232399962398262e+00
-2.187931716580507224e+00
5.317770090098343339e+00
-2.664837150545623423e+00
2.115152166501482078e+00
3.123134025864038765e+00
-1.145673037474800982e+00
4.400621985616522736e+00
-2.525912439546077692e+00
4.259091539597689824e+00
-2.429438938913484058e+00
4.491403756708294281e+00
-2.527544487205455326e+00
3.312118672456012547e+00
-1.338279385189328874e+00
4.571245209799696951e+00
-1.976288825140236405e+00
3.547522498167416050e+00
-2.008267729079381336e+00
4.791490121786913470e+00
-2.119365815543256204e+00
3.325603720113212258e+00
-1.081332423626308881e+00
4.117478315571446501e+00
-1.672313566517834360e+00
3.858738091531190406e+00
-2.269906084578775296e+00
5.288120150395667629e+00
-2.582639640862016250e+00
2.384860513067670773e+00
2.812277562171151768e+00
-9.898061934019348751e-01
4.877497950962456308e+00
-2.712618614130144046e+00
2.603582753410818906e+00
1.251928644620057929e+00
3.324105775912055805e+00
-1.283236787095187736e+00
4.252722366849559954e+00
-2.430032518036927769e+00
4.842383506305100838e+00
-2.679466674383913727e+00
2.444802647902422965e+00
2.114299384257924075e+00
2.135968313577367272e+00
2.479353801466457341e+00
6.117908665279843117e-01
4.560732949723174556e+00
-1.923018144649811134e+00
3.597677153325816946e+00
-2.109667132001308509e+00
4.899970084828942696e+00
-2.205829623387046912e+00
3.193454585110283350e+00
-4.261425412803582224e-01
3.652512712392466998e+00
-1.433101122946929262e+00
4.117364420484941334e+00
-2.394480895041855462e+00
5.183585879100064631e+00
-2.741205799726069259e+00
3.230218000349701857e+00
-1.604655882791574228e+00
5.341471393202887441e+00
-2.590054356014806825e+00
2.386881181601072655e+00
2.805777882880584606e+00
-1.023804695804681364e+00
4.726072453792999006e+00
-2.648856100977275307e+00
3.179375613330313044e+00
-1.534224216435336796e+00
5.359998840003999732e+00
-2.611147603748758428e+00
2.288817559029358240e+00
2.890287085459128491e+00
-1.059174231045415304e+00
4.476118012058014628e+00
-2.539936742635842126e+00
3.709967951701819366e+00
-2.096998508126176830e+00
5.296037593962896750e+00
-2.577776037509338813e+00
2.446202441893155388e+00
2.700140779008556979e+00
-9.641726823082897857e-01
5.323480335177389833e+00
-2.769531027117345001e+00
3.321082231429449472e+00
-1.619197468776874871e+00
5.340049638416199507e+00
-2.753096997993049300e+00
3.235919916345601610e+00
-1.557453085073748245e+00
5.305183423667061859e+00
-2.749338501192887030e+00
3.320466829271539133e+00
-1.606267951513931314e+00
5.304951874093374542e+00
-2.770683336056591894e+00
3.304242809085526478e+00
-1.635613015119341540e+00
5.312160730449231316e+00
-2.744216197348604780e+00
3.305034246533999909e+00
-1.587591370153466075e+00
5.291769351335883442e+00
-2.777789144934903476e+00
3.288688810601258616e+00
-1.641109165317098384e+00
5.344977997560466321e+00
-2.718377811883875950e+00
3.002380301477338698e+00
-1.231971974275033466e+00
5.283986875120407767e+00
-2.485462723215813519e+00
2.627823403340230346e+00
2.314314043458765013e+00
1.348838801773600826e-01
4.960603583769779945e+00
-2.210419208657038226e+00
3.224106971311185621e+00
-4.937374333779125379e-01
3.712812555624610766e+00
-1.490752473599858963e+00
4.073644853760553630e+00
-2.373988025545490821e+00
5.222835298710645446e+00
-2.728473975201217705e+00
3.299583508544138066e+00
-1.613944717508801752e+00
5.362141099859597304e+00
-2.733664480055757018e+00
2.925949723975920236e+00
-1.052784267661997397e+00
5.152182234615136025e+00
-2.381627507155852363e+00
2.905476614337601404e+00
1.267678899129793368e+00
2.346129947364405499e+00
1.688566115731383155e+00
3.297723203835207340e+00
-1.284153814273664818e+00
4.260782875004100134e+00
-2.450221746886362073e+00
4.790136329897774381e+00
-2.635900087173628226e+00
2.613515295944489392e+00
1.410096886749306888e+00
3.255615644924142238e+00
-1.269778062268164476e+00
4.262933565883359144e+00
-2.450663343182423848e+00
4.761204611767116290e+00
-2.627406868659697636e+00
2.549998098124292678e+00
1.771096150855227203e+00
2.806454785251925710e+00
-1.070493026506014855e+00
5.175403646963784965e+00
-2.775313517942239017e+00
2.979906955892314802e+00
-6.434783574861322464e-01
4.676252215408180923e+00
-2.004170343185408765e+00
3.472223812998348702e+00
-1.825398426727054879e+00
4.592807605885845135e+00
-1.990490595710073141e+00
3.513260783641320550e+00
-1.854894162650787992e+00
4.696300611213505505e+00
-2.030374170173460335e+00
3.417054144908550306e+00
-1.650511152113410596e+00
4.447424734186542494e+00
-1.900798605797513474e+00
3.630615472107510122e+00
-2.104408145262255392e+00
4.974247729351895408e+00
-2.233967566580745245e+00
3.128507115695322138e+00
-8.075790883680711296e-02
3.309815595442838987e+00
-1.295331087346419663e+00
4.230329692383680396e+00
-2.428734460354543323e+00
4.873361198069936506e+00
-2.659781165804750547e+00
2.497579923414950720e+00
2.031786100578536480e+00
2.208566454752952879e+00
2.209514023208391187e+00
2.213344735146466125e+00
2.222017615462451801e+00
2.212089486579686071e+00
2.263030708661676105e+00
2.112502493077192955e+00
2.581669610096299916e+00
-3.903527465817639985e-01
5.160636917874268370e+00
-2.387185512195986625e+00
2.916598220705329148e+00
1.168846763938828914e+00
2.404135859159169275e+00
1.356198612202752951e+00
3.848387101030263935e+00
-1.562976855505395557e+00
4.030875731943462270e+00
-2.355019065222816899e+00
5.280295313056996953e+00
-2.709137267883378719e+00
3.238933380806717999e+00
-1.526622850332669534e+00
5.332822648554088829e+00
-2.763922592666209432e+00
3.288692427524937401e+00
-1.603967242287397621e+00
5.278476380274554458e+00
-2.755356073789349658e+00
3.305687214213359315e+00
-1.618073855491764412e+00
5.360023706350261818e+00
-2.735565960545962128e+00
2.976792435313406759e+00
-1.240207157204392230e+00
5.255549382263409619e+00
-2.483554803486505591e+00
2.690591323927745915e+00
2.225661862047511708e+00
6.849267776032691435e-01
4.615725269092838978e+00
-1.999281443974901595e+00
3.543821721053932450e+00
-1.974685394561152663e+00
4.761888410937827665e+00
-2.090714300208766918e+00
3.364715572841945779e+00
-1.227736314470906143e+00
4.239838843182312189e+00
-1.772886308154014712e+00
3.789308806616495495e+00
-2.223834218504387561e+00
5.229131106040840749e+00
-2.488351210539837766e+00
2.626828105050288631e+00
2.425795204724105147e+00
5.627505863837745093e-02
5.043812565484881105e+00
-2.297949566822182543e+00
3.091241405120156216e+00
1.155198821427495526e-01
3.210228380111471935e+00
-1.229207727789247251e+00
4.280073422715035214e+00
-2.431228066910954944e+00
4.708040454147804255e+00
-2.634574876414610856e+00
2.846913874530057509e+00
-1.109902907456650212e-02
4.253952143450044687e+00
-1.760046655166358276e+00
3.810584771523597425e+00
-2.206788782474337740e+00
5.219732542121867880e+00
-2.508561894295586292e+00
2.606197726114629631e+00
2.399167401093728280e+00
-8.084370244935774885e-02
5.104292522339873628e+00
-2.314444166352948695e+00
3.041644080575636622e+00
6.034007064237385531e-01
2.907697558216773004e+00
-1.118532445618263038e+00
4.536038182712999856e+00
-2.565484558451074371e+00
3.266698221164859639e+00
-1.157863301556389946e+00
4.443566676315506392e+00
-1.861330059438411233e+00
3.646917661789439435e+00
-2.151012848469142646e+00
5.011861235601534403e+00
-2.290281236751201988e+00
3.043903409665496440e+00
4.512473388130795460e-01
3.021876358267252094e+00
-1.129864860051683628e+00
4.320956274313031642e+00
-2.484614552571075663e+00
4.411329615480025446e+00
-2.496761680956072205e+00
3.775312277073539668e+00
-2.143369397992003211e+00
5.324416385848090627e+00
-2.609857509074928306e+00
2.238202352395126216e+00
2.942361604548527687e+00
-1.086616120456909806e+00
4.454385355013930514e+00
-2.533188398796253349e+00
3.857621807115298118e+00
-2.186023944279428921e+00
5.325941869171040288e+00
-2.669851705460871027e+00
2.680475015925393389e+00
4.389568899590150508e-01
4.148771650722451909e+00
-1.708876950105079562e+00
3.871698964296473200e+00
-2.251751101481577866e+00
5.295991654412582683e+00
-2.558057645700212213e+00
2.383630329829996342e+00
2.773539352876581709e+00
-1.001678922834508656e+00
4.997859074028204951e+00
-2.734257117740567011e+00
2.502649675443901600e+00
2.061742731672423279e+00
2.293293839916812793e+00
1.966129771011448035e+00
2.822767579497075907e+00
-1.069576164946202557e+00
5.089673682836680868e+00
-2.757915978946859692e+00
2.720983640889368171e+00
9.849706170755339052e-01
3.504048084838839561e+00
-1.385018236860474872e+00
4.175531775178445315e+00
-2.426383431225063170e+00
5.026783719617193391e+00
-2.716271269991996196e+00
2.821869169003928146e+00
3.386808871457490655e-01
4.020358033243193852e+00
-1.611975879308115589e+00
3.938190461917079332e+00
-2.315247805236039902e+00
5.309000421963211203e+00
-2.655637052390024344e+00
2.136641156910537465e+00
3.099540498884632012e+00
-1.132827362371760405e+00
4.411053481859187109e+00
-2.529222729579253759e+00
4.201353270136541695e+00
-2.399220016047330706e+00
4.699861246673921578e+00
-2.613850406031044127e+00
3.074573328655453519e+00
-1.193605102863566136e+00
5.089094297305551073e+00
-2.338297235825062437e+00
3.001119032053122027e+00
5.560371815343700952e-01
2.852148753603737319e+00
-1.078146540677729970e+00
5.052890406642977617e+00
-2.738296426540918205e+00
2.619568225124867311e+00
1.617288233485334681e+00
2.892367789868893979e+00
-1.106149028798502076e+00
4.610643603067701157e+00
-2.598168775673785014e+00
2.754010988594847831e+00
1.592381607402402199e+00
2.379776709787770006e+00
1.544068602319379035e+00
3.632699745765673338e+00
-1.448269997526133279e+00
4.132300259276142640e+00
-2.398659221859512858e+00
5.149774785797876397e+00
-2.724835631947293280e+00
3.149577341883545323e+00
-1.387450599681577579e+00
5.165124069062145828e+00
-2.422570400164342885e+00
2.830986422800890079e+00
1.523635396403149489e+00
2.021633723248633885e+00
2.854919766461508246e+00
-1.054272787037682679e+00
5.013434813773240961e+00
-2.757290954731233423e+00
2.489572359000145063e+00
1.989198437822499166e+00
2.303021578878452047e+00
1.847967193435879008e+00
3.135302416146307003e+00
-1.181347187281320821e+00
4.330635462843977379e+00
-2.451290574535425648e+00
4.515409355935770641e+00
-2.552952828552784492e+00
3.067070570145380426e+00
-2.046392093011592528e-01
3.774454155613967465e+00
-1.501183578985698652e+00
4.062585309910793363e+00
-2.335123340019077176e+00
5.250498029370796793e+00
-2.735234521751867653e+00
3.294326854404201921e+00
-1.605263610811108466e+00
5.291724472798967405e+00
-2.748286911899069818e+00
3.321259114668324575e+00
-1.612369022401844987e+00
5.315295837383538391e+00
-2.751958380474912147e+00
3.252200232697083138e+00
-1.565201697123206781e+00
5.297783010534041104e+00
-2.749291693379605661e+00
3.323097587330177571e+00
-1.611447338807115104e+00
5.302316308126377109e+00
-2.759173426901143866e+00
3.290902070416667602e+00
-1.602815274179443028e+00
5.279088295841539491e+00
-2.753831134995017749e+00
3.305986762819738800e+00
-1.616116792088932774e+00
5.362661912560023225e+00
-2.732415263294146968e+00
2.946392853792973110e+00
-1.122929225261222186e+00
5.195746223983159773e+00
-2.419171370328707660e+00
2.827552284941059035e+00
1.673592562576769360e+00
1.939307516404692233e+00
3.086413799185182327e+00
-1.189677416510338315e+00
4.327413490105976202e+00
-2.478491667585574376e+00
4.473498388289891103e+00
-2.511272356179647058e+00
3.450404694391071558e+00
-1.780769476876441937e+00
4.881124231913791967e+00
-2.201075556865275118e+00
3.212739019438934029e+00
-6.067911813997327597e-01
3.740273749303876905e+00
-1.489859741617913347e+00
4.071247365739607993e+00
-2.342962030989047317e+00
5.236724133752480803e+00
-2.742183716935542748e+00
3.299979054148118873e+00
-1.623959121230827973e+00
5.311507137122088551e+00
-2.745016192529440069e+00
3.316577035489348901e+00
-1.595513450191141436e+00
5.294668225334532075e+00
-2.772866629000919403e+00
3.296767533418133667e+00
-1.638528901628865775e+00
5.339818216956558672e+00
-2.725145578072301067e+00
3.148737364152314644e+00
-1.463611459827767858e+00
5.378888391937263869e+00
-2.716206623827381428e+00
2.287509301834050213e+00
2.572456729231099803e+00
-3.711416605828940507e-01
5.205509845444578509e+00
-2.410405728864542851e+00
2.860145429187321398e+00
1.549437073852939495e+00
2.056469674637542600e+00
2.681698361248503470e+00
-9.000636074446363155e-01
5.383719830769017278e+00
-2.653265166983574730e+00
2.261056031575189085e+00
2.971569101902598931e+00
-1.063597442749842692e+00
4.444916176104987571e+00
-2.549159407753621931e+00
3.854850387698320890e+00
-2.206399970328506210e+00
5.311451758008065127e+00
-2.687281915456044334e+00
2.817515334188414045e+00
-2.747410083817042326e-01
4.745723996702700731e+00
-2.075600934908149231e+00
3.428370147771341081e+00
-1.634432010819852010e+00
4.455124997698090006e+00
-1.893600033275954164e+00
3.636840882591647173e+00
-2.092345878594442876e+00
4.978933901586995781e+00
-2.263842825483799448e+00
3.106192602433871297e+00
-5.009646676923162900e-02
3.319591844111540624e+00
-1.288926390639540065e+00
4.237073925001349828e+00
-2.421983083436296980e+00
4.880151592913652081e+00
-2.692573052704530401e+00
2.473469570554339914e+00
2.037012692015188975e+00
2.243488293122628541e+00
2.122214396635867306e+00
2.525044680784732876e+00
2.855543181688852128e-01
4.814739266475356771e+00
-2.083430760313119912e+00
3.373988079311502020e+00
-1.440157277617351461e+00
4.285720480511781005e+00
-1.797872413742173325e+00
3.754277181182858580e+00
-2.182925307138914750e+00
5.183903357872652329e+00
-2.413711856337596995e+00
2.746547335468972673e+00
1.840308949304225505e+00
1.447828919592368369e+00
3.810919150726999938e+00
-1.517323595577193540e+00
4.071031218734420420e+00
-2.351126872274826418e+00
5.265014968477114365e+00
-2.741236548557404618e+00
3.293499446070223602e+00
-1.617382835758345294e+00
5.292093423705521715e+00
-2.752071387259956481e+00
3.318764486319382812e+00
-1.615468534518468724e+00
5.324043338410290538e+00
-2.764590382088117693e+00
3.287787903024586456e+00
-1.608903685030510955e+00
5.277983027533257321e+00
-2.758594302290873657e+00
3.304269218811974440e+00
-1.621297288203737086e+00
5.356352241916642498e+00
-2.700876590607812044e+00
3.001162303268622100e+00
-1.322108904394151629e+00
5.294666412469938521e+00
-2.535225504894468962e+00
2.572786921158337403e+00
2.548622952310748868e+00
-4.732163704721357167e-01
5.321157141961776915e+00
-2.540937266786977844e+00
2.608922408322803754e+00
2.393647448274230261e+00
-1.156440754455473896e-01
5.119849444236364455e+00
-2.331272507788849424e+00
3.014490786320747517e+00
7.317674285932106448e-01
2.793149086984684004e+00
-1.072476625156807861e+00
5.255120121107777820e+00
-2.781544648182814328e+00
3.202533927857886820e+00
-1.567795106442295250e+00
5.297634447143710013e+00
-2.519058083700409068e+00
2.541981696675004176e+00
2.530566399572183212e+00
-6.152631643908523795e-01
5.334736717765659719e+00
-2.562918703232317963e+00
2.527251093155931549e+00
2.639531817840297112e+00
-7.817167064380377006e-01
5.408207368105799162e+00
-2.690093425208820221e+00
2.181593649098412691e+00
3.030479181304871261e+00
-1.117698361224802373e+00
4.429912445072331728e+00
-2.514332789269417390e+00
4.065122378582607610e+00
-2.291557066433870915e+00
5.091774775216695303e+00
-2.743979974700751612e+00
2.984454177314225909e+00
-7.630947286724210077e-01
4.728563578144280299e+00
-2.053515356261568670e+00
3.439128259656688780e+00
-1.531443450718513510e+00
4.426524375898869046e+00
-1.900625403609505604e+00
3.635552879109073210e+00
-2.128340776920333077e+00
4.988824567039934266e+00
-2.259224803745775834e+00
3.092090463709225912e+00
2.492331797674958160e-01
3.174993286113509505e+00
-1.244897965348887414e+00
4.269233926391913236e+00
-2.455735505713430911e+00
4.696384253913394424e+00
-2.608059767267411289e+00
3.087409161487329357e+00
-1.235039175427827374e+00
5.126116714863877100e+00
-2.365561646372298821e+00
2.949295417298624766e+00
8.716245051909802255e-01
2.606588626582795332e+00
-3.530706039992523859e-01
5.167350897454448422e+00
-2.366859181199261641e+00
2.937938532977327988e+00
1.013482289937825964e+00
2.424987205922613409e+00
9.652649415796590304e-01
4.189857360729526192e+00
-1.723591446391870230e+00
3.863836309477471254e+00
-2.244496657469607470e+00
5.289050440137394560e+00
-2.578146677525187336e+00
2.430084197523909584e+00
2.720483289506011815e+00
-9.725196950806037632e-01
5.267801772312593833e+00
-2.774916228683960373e+00
3.216431742517813053e+00
-1.563454824481542493e+00
5.311429530198148008e+00
-2.561382020540627025e+00
2.514200028015025179e+00
2.615728674334742543e+00
-7.955009093559030076e-01
5.394701373844758230e+00
-2.656208465324446877e+00
2.236233809862216315e+00
3.015912950467878328e+00
-1.114395410277662091e+00
4.434550662934993781e+00
-2.534881200558669168e+00
3.959468014009930759e+00
-2.254292277951483570e+00
5.248083730960281912e+00
-2.722505429865634152e+00
3.318027279051669165e+00
-1.645943346252026762e+00
5.328965852736589959e+00
-2.742100523055531092e+00
3.200351411284893643e+00
-1.517627665376651391e+00
5.343659810419699951e+00
-2.728319827540724773e+00
3.240527531224142166e+00
-1.556887445562480599e+00
5.313426443056520121e+00
-2.758692119084562577e+00
3.297335862617922775e+00
-1.599752754642439934e+00
5.279929009084174396e+00
-2.748488830308201791e+00
3.308676944858161662e+00
-1.610651751164906331e+00
5.339730606824832471e+00
-2.724956302637922878e+00
2.916243337913914324e+00
-9.620508174536122059e-01
5.117254842135711357e+00
-2.339437363085163035e+00
2.979995141886874865e+00
9.304117403095872874e-01
2.641497100535144416e+00
-6.997659354165199908e-01
5.303726180430462733e+00
-2.530541191504514842e+00
2.606628205602427251e+00
2.464749629176656853e+00
-1.866006068638852988e-01
5.190247729261091791e+00
-2.408051723029041469e+00
2.896450987021475409e+00
1.154160776683866185e+00
2.342839757532512834e+00
1.645201273955859023e+00
3.450481133360127739e+00
-1.327419492828461056e+00
4.225870569109684283e+00
-2.451196131381652155e+00
4.943786030111664509e+00
-2.707319778050612413e+00
2.623375598093779626e+00
1.430287214597966594e+00
3.041798843328420876e+00
-1.144128467756763801e+00
4.346021672103198341e+00
-2.454684816749517662e+00
4.405102057405361649e+00
-2.503950139904559613e+00
3.781739550018111018e+00
-2.158143260063398738e+00
5.321930971457121906e+00
-2.627482129290208857e+00
2.230152139503853270e+00
3.014448158162450930e+00
-1.115351752917509653e+00
4.431961840104794881e+00
-2.534194500345763323e+00
3.966888734487919344e+00
-2.259442699022333745e+00
5.238301365682145772e+00
-2.723397256497861019e+00
3.308864853997753208e+00
-1.646793337011028147e+00
5.340560963803957506e+00
-2.727233777515665203e+00
2.982465932864105884e+00
-1.214304138443990322e+00
5.260584589643887199e+00
-2.473229518208901023e+00
2.703474002816240507e+00
2.108402488114091700e+00
6.512024086336715145e-01
4.569172774713123886e+00
-1.957252943376236010e+00
3.594790057390747862e+00
-2.049752458154537216e+00
4.875073106917178656e+00
-2.158611506041590022e+00
3.252976896421784225e+00
-7.770525220277195722e-01
3.802455000895793358e+00
-1.539540497230079463e+00
4.027764549712603781e+00
-2.338484164168193491e+00
5.285933167137593536e+00
-2.700351195874397536e+00
3.242294171308512940e+00
-1.556971452484383622e+00
5.315290026588981753e+00
-2.754247357668904161e+00
3.290303529479106981e+00
-1.589154396793690083e+00
5.283230171945377585e+00
-2.748160902111006720e+00
3.309668824235293627e+00
-1.650943230356611169e+00
5.342995293600383278e+00
-2.722635296029643825e+00
2.889747162978193451e+00
-8.193329645733568034e-01
5.040738961592847289e+00
-2.272672349166321215e+00
3.099023034904544005e+00
2.690527233182280487e-01
3.174449217471166484e+00
-1.238149890233591899e+00
4.275481812037581264e+00
-2.452848355941796843e+00
4.692837758654627933e+00
-2.601614129520574359e+00
3.151813676404634279e+00
-1.444410954445424000e+00
5.258757455487411470e+00
-2.516342215548046379e+00
2.626659204955559268e+00
2.359383733288037188e+00
8.921759987426858274e-02
5.014758287803963377e+00
-2.238164676387942809e+00
3.172925513394185604e+00
-3.264779918458647900e-01
3.460984232256103077e+00
-1.370178949498098042e+00
4.175619317832842015e+00
-2.409383223547618247e+00
5.041171341457761912e+00
-2.706149856338806892e+00
2.853674425202034293e+00
7.541903697109278437e-02
4.102590415228767995e+00
-1.697456662759399881e+00
3.884022886511309114e+00
-2.269786543048589067e+00
5.300634144403656656e+00
-2.585420020585818435e+00
2.351028703221042626e+00
2.874909684854042968e+00
-1.044420820165159691e+00
4.486819000920059253e+00
-2.551560690077787630e+00
3.582936859674479280e+00
-2.028111490279392193e+00
5.161089255710484380e+00
-2.392649844976177054e+00
2.837959649648661653e+00
1.524589695393257838e+00
1.942924141474482003e+00
2.984325974454233865e+00
-1.130293007110079850e+00
4.362949745339372853e+00
-2.477091067049148609e+00
4.299080502901293066e+00
-2.415149470757660399e+00
4.386098762481579705e+00
-2.498328250689490382e+00
3.884783890730453937e+00
-2.221427740218691493e+00
5.303621954396008142e+00
-2.702915642688405562e+00
3.128650169388075941e+00
-1.446796202588280345e+00
5.356045518346151724e+00
-2.690621085697133985e+00
2.129401132748411918e+00
3.089618843158818517e+00
-1.145893218224021126e+00
4.406121674345971684e+00
-2.503406571848949547e+00
4.212067124280488351e+00
-2.367653375664316329e+00
4.716359784973054303e+00
-2.636475307292642789e+00
2.796021622592892886e+00
3.351880998101118836e-01
4.012000201050377690e+00
-1.622396566645234239e+00
3.955467394139684956e+00
-2.282822997604961213e+00
5.302548483598821250e+00
-2.665740137084590788e+00
2.127839050985527170e+00
3.089225483858732080e+00
-1.143177133313033167e+00
4.405436975976241065e+00
-2.499505871868627160e+00
4.217617279542460906e+00
-2.409057206782486471e+00
4.705196248913205537e+00
-2.629247106289072100e+00
2.949423108819185124e+00
-6.107297639921803745e-01
4.678134450551279855e+00
-2.014210599474523633e+00
3.491908898919232840e+00
-1.828638421098900846e+00
4.578521613215190023e+00
-1.990752754683976722e+00
3.516576218987986113e+00
-1.893985419497722145e+00
4.710291979889339231e+00
-2.049543386995192673e+00
3.422131088638772134e+00
-1.454770677541616264e+00
4.388876159667665533e+00
-1.873670902273774308e+00
3.670095368423986315e+00
-2.149255382467455622e+00
5.053587984657152532e+00
-2.308816300906804564e+00
3.000327695360859970e+00
7.959443205992664527e-01
2.763577467578967717e+00
-1.058600263530924845e+00
5.337732744591574097e+00
-2.767217572876063958e+00
3.314500210291199345e+00
-1.605764720125417266e+00
5.286686095387242545e+00
-2.742904547518135505e+00
3.284008684325671279e+00
-1.646048485049874444e+00
5.343425892007321210e+00
-2.720887879524641395e+00
2.961883237543869729e+00
-1.115008832078500767e+00
5.215436542213014448e+00
-2.419733611047136801e+00
2.812622557750124930e+00
1.671885289245746309e+00
1.717481093655073288e+00
3.420848528961621948e+00
-1.328520711320165137e+00
4.227784861839702479e+00
-2.425518607763242240e+00
4.934591188955331553e+00
-2.671941402441619928e+00
2.556613965591737703e+00
1.674952552245956960e+00
2.719241508745630753e+00
-9.741008352787718927e-01
5.395349415978473395e+00
-2.694977664646251103e+00
2.088692029485691215e+00
3.177521144545012888e+00
-1.199011864318763276e+00
4.365221410359978904e+00
-2.510110665253987516e+00
4.361523971012983836e+00
-2.466024328622012263e+00
4.063028861020237414e+00
-2.300462106530685169e+00
5.109913733717814210e+00
-2.750062314691672061e+00
2.974331734826490159e+00
-7.619493958333574124e-01
4.703957085074802258e+00
-2.046911551498124648e+00
3.452052839226209535e+00
-1.623516945280911061e+00
4.508730238664404588e+00
-1.902793359626186787e+00
3.589983454732157409e+00
-2.088414242794356390e+00
4.895127436429773660e+00
-2.196266069717064173e+00
3.205453284198709341e+00
-4.572833341164201926e-01
3.683593485763802189e+00
-1.443092788858355124e+00
4.082531740989044700e+00
-2.385122917393733388e+00
5.202587852422684733e+00
-2.734911878310164468e+00
3.271185912563717046e+00
-1.614446897695295036e+00
5.366072902367088560e+00
-2.655841915652787044e+00
2.121408400846248377e+00
3.080521417066905521e+00
-1.153789967632527391e+00
4.400655738443234100e+00
-2.511777805436799405e+00
4.206520722580714633e+00
-2.376273906350589993e+00
4.736935217587904035e+00
-2.645401228595757104e+00
2.775422080406097614e+00
3.879443316889665816e-01
3.936845011328230282e+00
-1.593552106479637409e+00
3.987298430468179777e+00
-2.311023376818793107e+00
5.315684959765046180e+00
-2.663282441504992715e+00
2.631528615934912274e+00
7.976991151961386750e-01
3.848865318980819072e+00
-1.547172064160184268e+00
4.035185611733487221e+00
-2.337413898784968858e+00
5.289970475651035287e+00
-2.694135481361176865e+00
3.204921934749277668e+00
-1.544435576764525475e+00
5.327327380036662063e+00
-2.746929274645850683e+00
3.273757034359173534e+00
-1.564684167335066878e+00
5.294031736362909690e+00
-2.740985087783990082e+00
3.292741816230240204e+00
-1.645568314523912612e+00
5.331284403207680711e+00
-2.734609823631294123e+00
3.181069225875858386e+00
-1.497078764684551810e+00
5.359826994341999828e+00
-2.711349210885670935e+00
3.047178625044142830e+00
-1.427264312611146391e+00
5.341578701005986751e+00
-2.615356900126944772e+00
2.360935711265351511e+00
2.839923868714744337e+00
-1.008083071051037338e+00
4.620383376949613208e+00
-2.577727728080685843e+00
2.769873890851782150e+00
1.352707935730089295e+00
2.513058681021962837e+00
3.049400223272499821e-01
4.754222419488561613e+00
-2.059577348738710345e+00
3.446209472566221343e+00
-1.545623498769491455e+00
4.437329637571254537e+00
-1.905225326195796542e+00
3.630055664904919155e+00
-2.120405186259634256e+00
4.975151351757459928e+00
-2.246497155752240182e+00
3.113378198364291194e+00
1.381587295485049438e-01
3.261561293950280493e+00
-1.283407673982460029e+00
4.243170860025572644e+00
-2.444630254785621126e+00
4.812239955219308030e+00
-2.648759430660798664e+00
2.562655455744057509e+00
1.672490991015861406e+00
2.922556641951691070e+00
-1.125518424466614098e+00
4.359599364548310874e+00
-2.490188503389513919e+00
4.241705592221747700e+00
-2.403750560853835871e+00
4.596342510474616283e+00
-2.556661564646915963e+00
2.598824316163870218e+00
2.198277744884288953e+00
1.084757856668988385e+00
4.170028788423386423e+00
-1.716375200620547048e+00
3.875849807389865287e+00
-2.256688930999008580e+00
5.297963615069351206e+00
-2.559917128687659638e+00
2.380947763118419935e+00
2.775212278891290296e+00
-1.003315797590888181e+00
4.987969817511357817e+00
-2.732991777950082746e+00
2.480350671579851785e+00
2.135649800639077167e+00
2.161647880397196353e+00
2.440060477599912403e+00
7.141722098632889981e-01
4.408349624342724482e+00
-1.858788805626219620e+00
3.714329594870924289e+00
-2.169204247499238569e+00
5.114723323134249711e+00
-2.352225241120048160e+00
2.908795392117635714e+00
1.168889025787231750e+00
2.310698593910205823e+00
1.784888611742251108e+00
3.205491486627921827e+00
-1.222085759411483785e+00
4.303829768337134709e+00
-2.449445395875275544e+00
4.652919600067466632e+00
-2.608112907744077447e+00
2.419847112322516036e+00
2.172290798440111192e+00
2.049137254465410507e+00
2.734122806256429339e+00
-9.792850853840330272e-01
5.395876928086726920e+00
-2.705518342205165183e+00
2.705117274981470032e+00
2.347900625385196394e-01
4.299145068314043527e+00
-1.797860322765959307e+00
3.775926684425271684e+00
-2.201633768175824457e+00
5.205133603280224897e+00
-2.440495838510075899e+00
2.689143700041566554e+00
2.060862268067843228e+00
8.747419980609647538e-01
4.403765898438134485e+00
-1.848179077453308894e+00
3.726345397901278389e+00
-2.168893020026754215e+00
5.128223183294709386e+00
-2.358020712900646743e+00
2.861308394516500542e+00
1.294897025705929794e+00
2.226215700118646890e+00
2.191775307804223250e+00
2.297496178929647304e+00
1.917233089451447992e+00
3.043437481329920757e+00
-1.128423781108332857e+00
4.339579215567614057e+00
-2.494315139684225802e+00
4.360090173784628931e+00
-2.471117549472311659e+00
4.057806956572096446e+00
-2.303144346961392586e+00
5.110928954123906465e+00
-2.714959295594350230e+00
2.980629512453116803e+00
-8.292508269604516036e-01
4.736594842431594898e+00
-2.074850193457613567e+00
3.413141657386020267e+00
-1.498640165399579116e+00
4.398759292541014609e+00
-1.841264533481357990e+00
3.666557912007768483e+00
-2.165755969170811479e+00
5.053142409101111454e+00
-2.329272589020990214e+00
2.975713612795623852e+00
8.145713489460826295e-01
2.723508628648751095e+00
-9.024965792823184119e-01
5.402396354950210977e+00
-2.685160121683462187e+00
2.191689542863560547e+00
3.018845451352907716e+00
-1.111839061391547645e+00
4.434410979189020274e+00
-2.515950098652503630e+00
4.035181490580574959e+00
-2.275011851876803437e+00
5.143522959786899662e+00
-2.750158024766743203e+00
3.120956030653585955e+00
-1.393455736217686702e+00
5.146015527705760206e+00
-2.373583712515037192e+00
2.906055286770635071e+00
1.307458561471266600e+00
2.300888144050292627e+00
1.781582803899702361e+00
3.175426984314297485e+00
-1.219766026602606246e+00
4.304095833823524231e+00
-2.459113905395441169e+00
4.617945655379730674e+00
-2.563581475426287781e+00
2.390436081953348335e+00
2.605410334694891361e+00
-7.083398370956408563e-01
5.354823648805792757e+00
-2.592460827773704679e+00
2.450193356734442940e+00
2.741950524988540749e+00
-9.547716585226906361e-01
5.257319574784839133e+00
-2.796166217247167740e+00
3.143058208508393125e+00
-1.476669160271639525e+00
5.194830518427719035e+00
-2.425817603515499243e+00
2.805436844050326783e+00
1.768784541534233590e+00
1.796187915550843783e+00
3.367440918478320278e+00
-1.320184803104224702e+00
4.237366793357582040e+00
-2.446011050559576905e+00
