8.241814053428065279e+00
-4.100565476635948059e+00
1.818901918587618960e+00
3.748560658114523214e+00
-1.434209433423609070e+00
4.171706809394263971e+00
-2.363693627116709717e+00
5.143284205149185162e+00
-2.701307731118455457e+00
3.173065014622691304e+00
-1.480904931084587206e+00
5.224828515056015199e+00
-2.425955300154057692e+00
2.753523090351798430e+00
2.116704921624589897e+00
1.229659786867925764e+00
4.159889169190364555e+00
-1.698895266246441826e+00
3.881215118698807309e+00
-2.236734694674282320e+00
5.276778848154164869e+00
-2.525079555205040016e+00
2.455590095666413841e+00
2.779263573278963229e+00
-9.818162975021829109e-01
5.207679333400817789e+00
-2.739037458220900501e+00
3.165176039768400784e+00
-1.419396858162980557e+00
5.191279610332643735e+00
-2.379591758855881256e+00
2.844066104242903847e+00
1.631155465702241125e+00
1.900773970909192645e+00
3.124955779927988786e+00
-1.174728205950426041e+00
4.328076516825414721e+00
-2.430199303439699587e+00
4.530068757132771573e+00
-2.487284325769044457e+00
3.155829192832750874e+00
-4.636011271624774222e-01
3.924071943583943511e+00
-1.574822851854352113e+00
3.984115734987903057e+00
-2.278762426941992381e+00
5.301219230592844944e+00
-2.618056412480398887e+00
2.108057141858207473e+00
3.158463460736152584e+00
-1.176541055762556409e+00
4.368301066643130781e+00
-2.463649560956953088e+00
4.390062803602341468e+00
-2.433463669161478826e+00
3.991472305026571465e+00
-2.217256494783184095e+00
5.214761288638263714e+00
-2.699557059322248875e+00
3.282866527494151754e+00
-1.581327471348986435e+00
5.332691629743277595e+00
-2.672048649232330764e+00
2.905705180205854887e+00
-6.117967076721003705e-01
4.941017400922370406e+00
-2.202807437552056768e+00
3.205095480390537599e+00
-3.848661176173162612e-01
3.633247515148456230e+00
-1.412250544791015416e+00
4.127198331446044755e+00
-2.332006099531561016e+00
5.180584258410620535e+00
-2.702869076201201981e+00
3.239248582682072275e+00
-1.588523763945413725e+00
5.328124870161408566e+00
-2.567328863301808095e+00
2.389290655445413414e+00
2.858634833280854881e+00
-9.828250226783880050e-01
4.716452765917204637e+00
-2.615049133569093964e+00
3.167372382474436421e+00
-1.499840742175361230e+00
5.321157597424541308e+00
-2.540916597701337487e+00
2.464300297807876738e+00
2.771973200347032318e+00
-9.781929537415452458e-01
5.232879951550108544e+00
-2.739727800347137254e+00
3.219607119088576663e+00
-1.553477074124543833e+00
5.294373229778009282e+00
-2.497126546747837406e+00
2.572156915769821417e+00
2.585614982488522173e+00
-6.743035790210440972e-01
5.340113313433861641e+00
-2.557608299162207555e+00
2.475670940175125789e+00
2.738969024263439689e+00
-9.388661459464692216e-01
5.312470944668937989e+00
-2.706854463504731356e+00
3.287867647445160912e+00
-1.598825581150154385e+00
5.326198736108628928e+00
-2.681553583638383031e+00
2.951064611751941680e+00
-9.038192320171153371e-01
5.111990460370370748e+00
-2.290179808957181429e+00
2.990945557752411332e+00
7.665683079722583892e-01
2.743942746448619019e+00
-9.534909216972600188e-01
5.379429232764994850e+00
-2.639394631536934988e+00
2.179600626136841246e+00
3.112873340030581915e+00
-1.142588221859548892e+00
4.401495534949699362e+00
-2.485034085160092943e+00
4.193059560201464642e+00
-2.345188969465930029e+00
4.789759965714846857e+00
-2.595135348391139463e+00
2.497414509045188247e+00
2.126500320364461682e+00
2.107171291261534130e+00
2.587991051786042718e+00
-1.633395552344778789e-01
5.064847239900421627e+00
-2.262059314748212202e+00
3.099822666153388973e+00
4.009100087200980767e-01
3.148178859707844612e+00
-1.195320739588375147e+00
4.296032502685585897e+00
-2.427936990982416443e+00
4.605686680665811217e+00
-2.533065849871083408e+00
2.487215333505158554e+00
2.583390782098439864e+00
-1.795206355597595838e-01
5.155799534934259576e+00
-2.364056261393193914e+00
2.929893568892594224e+00
1.193118931408857941e+00
2.431197724625350887e+00
1.256363578535382608e+00
3.997081543622588384e+00
-1.570237922417182519e+00
3.974074430925091495e+00
-2.299991524991956915e+00
5.290414995200798387e+00
-2.630283489127610341e+00
2.109778310865908502e+00
3.160388765863441751e+00
-1.143632937045081288e+00
4.392147683719914930e+00
-2.485208052831938019e+00
4.335068336726085825e+00
-2.430421894433290486e+00
4.205479209222820813e+00
-2.354022862626923285e+00
4.752938234963810515e+00
-2.582764900337667147e+00
2.517146193619694827e+00
2.135592822217945219e+00
2.248338851083415246e+00
2.131516953866825936e+00
2.511078356985272819e+00
4.837607952013219803e-01
4.657813129308538080e+00
-1.966372154448651211e+00
3.549859994366931559e+00
-1.789266890267880994e+00
4.687914655317531043e+00
-2.035999886849682916e+00
3.432186364937588330e+00
-1.501541008956981171e+00
4.428488701399242444e+00
-1.843003977957103245e+00
3.676608656246952211e+00
-2.079166113023919849e+00
4.990956967936632793e+00
-2.259018072618935502e+00
3.076263218311515946e+00
3.452535473887949902e-01
3.121789588744153132e+00
-1.168321566727202221e+00
4.313541565422306157e+00
-2.406728771935635613e+00
4.577144125116863194e+00
-2.544517372126384291e+00
2.619718240015415311e+00
2.197989634206294784e+00
1.351325576679128337e+00
3.970807354205492690e+00
-1.565343575237908347e+00
4.009971939290019272e+00
-2.273165924591730835e+00
5.284889122411910556e+00
-2.647900450387016491e+00
2.201076204815930470e+00
2.869171163971966365e+00
-1.028369263851765414e+00
4.790474324637232328e+00
-2.610819537479295960e+00
2.673081276143397744e+00
1.334849491391758791e+00
3.143678006374356126e+00
-1.191623140892881461e+00
4.307765134701277532e+00
-2.423803739421050985e+00
4.602140622722631136e+00
-2.520734790873940145e+00
2.570190409177735447e+00
2.383258491177753235e+00
5.452277712132065357e-01
4.653317263994640740e+00
-1.979817881096537446e+00
3.541311076271280278e+00
-1.827557675990355790e+00
4.698130565281303461e+00
-2.002327614319300508e+00
3.432563468205353185e+00
-1.581771329891473066e+00
4.444728039401364406e+00
-1.870276272513076821e+00
3.650111251060997652e+00
-2.074429073368616372e+00
4.972077206438433983e+00
-2.201887572422530859e+00
3.149488434908908729e+00
-1.788286975033304138e-02
3.334401054426655353e+00
-1.283370601626522722e+00
4.229232523499020679e+00
-2.389171983440179226e+00
4.899549582346427457e+00
-2.625647926223126483e+00
2.658517713535032190e+00
1.446981464048092469e+00
3.005392441900969214e+00
-1.130025451230187050e+00
4.346011313630853579e+00
-2.436026543054241156e+00
4.389967606669208600e+00
-2.427431423019380752e+00
4.018961579534312101e+00
-2.267122301808289553e+00
5.189073467427408382e+00
-2.698841931311091180e+00
3.272451690238004751e+00
-1.586982474420720157e+00
5.349935055544333018e+00
-2.617851100290951472e+00
2.199301596153621752e+00
3.058173696833556665e+00
-1.128105029052687724e+00
4.409795830432338803e+00
-2.482501450661162679e+00
4.153198841933260610e+00
-2.320207072456165420e+00
4.915912574293892057e+00
-2.630184031640509623e+00
2.676972115890604798e+00
1.358999775150117273e+00
3.102630921715325396e+00
-1.171521224019653751e+00
4.320818671486072127e+00
-2.426721514644545330e+00
4.540102683774672521e+00
-2.492867674590540261e+00
3.069062440269531677e+00
1.289041470729990202e-02
3.598961762462165481e+00
-1.410576665372936578e+00
4.133167715810843745e+00
-2.351161483544486508e+00
5.147733766399449351e+00
-2.673750226911838723e+00
3.220160126029373515e+00
-1.557732224756968487e+00
5.265201339108257272e+00
-2.493088375266421242e+00
2.613943260142892022e+00
2.492616835114207507e+00
-1.401600155912146595e-01
5.152104085941660472e+00
-2.317194711358038006e+00
2.960022293123098613e+00
9.244314286027244254e-01
2.594913839053059057e+00
-1.546672909745222535e-01
5.048168731903603046e+00
-2.248586682659476921e+00
3.122938622453455881e+00
2.677095662063647685e-01
3.246209956773971506e+00
-1.240278255568385113e+00
4.264468675936066155e+00
-2.416364662832489962e+00
4.746231956188380785e+00
-2.586677223557804162e+00
2.517100995884339554e+00
2.104707461988760908e+00
2.312269816683163892e+00
1.990272383988398452e+00
2.839384360518300010e+00
-1.053856765681462582e+00
5.128747018581771400e+00
-2.717672918284920414e+00
2.966434725265006733e+00
-3.469507891856201121e-01
4.536419649616362015e+00
-1.917411379181217512e+00
3.613708958246355962e+00
-2.055079667851153147e+00
4.898550281340768642e+00
-2.165403420396943446e+00
3.222770356741193165e+00
-3.576115989173078158e-01
3.685631870663568677e+00
-1.456086175147503159e+00
4.094675565431370678e+00
-2.349729067624156009e+00
5.192546431159272835e+00
-2.685482541012241597e+00
3.285468000248945586e+00
-1.577290934412221235e+00
5.354641263751298119e+00
-2.625015069700322723e+00
2.108831319428149609e+00
3.135088517274857267e+00
-1.154764790661709561e+00
4.386801667912465952e+00
-2.463313617451718951e+00
4.320176735443766347e+00
-2.391797322363984346e+00
4.350339803256556337e+00
-2.435869456636013730e+00
4.236511840892003278e+00
-2.379856915167699594e+00
4.629684420222050178e+00
-2.544737324808732826e+00
2.278220818637579637e+00
2.861664735538062221e+00
-9.991048983327380784e-01
4.842968997733626324e+00
-2.661467604470687309e+00
2.529449047359139779e+00
1.855962681766275324e+00
2.681456524689234122e+00
-6.559861861665529092e-01
5.318802504693337596e+00
-2.491011527563639749e+00
2.580387526298957290e+00
2.517363985067848198e+00
-4.047748359216451486e-01
5.247806730768796335e+00
-2.432733570097165288e+00
2.774894723392316465e+00
2.018737131703560284e+00
1.429496658141964582e+00
3.960275073259223788e+00
-1.578423732182359540e+00
4.004328202100406742e+00
-2.305350438177985684e+00
5.288029169098202864e+00
-2.640851048843984916e+00
2.578852019957593722e+00
1.572173370070569121e+00
3.209817936926336213e+00
-1.218331567684965755e+00
4.292030151476327937e+00
-2.430904915271095312e+00
4.645604111140791304e+00
-2.550557644917098798e+00
2.585429217093222931e+00
1.556472699609741550e+00
3.207602329735648183e+00
-1.219026771572973455e+00
4.290701889037224603e+00
-2.431638854505649761e+00
4.644174672718281549e+00
-2.551275721692181975e+00
2.563650555086697480e+00
1.678145170515389140e+00
3.049821359862501691e+00
-1.149829634280265411e+00
4.337460196973010440e+00
-2.449524114210245962e+00
4.398360965143970347e+00
-2.446815652206903557e+00
3.915839198430140389e+00
-2.185163211168973607e+00
5.296127884623929916e+00
-2.643789820644152577e+00
2.962374083789982127e+00
-1.079052290453827112e+00
5.161498312616161321e+00
-2.364536872712497129e+00
2.898393075071695968e+00
1.441917088784157031e+00
2.254308670428519346e+00
2.244512552218482782e+00
2.230299264907963597e+00
2.177801332640723952e+00
2.367247381070238799e+00
1.563065027114454608e+00
3.613530954332650147e+00
-1.387779019931361102e+00
4.168496898227317615e+00
-2.351231453964873985e+00
5.099391833171100785e+00
-2.697580558059953226e+00
3.126513833343672388e+00
-1.313735910890164948e+00
5.112182591429836442e+00
-2.314591260890648705e+00
2.979358636063875743e+00
1.077638457145065676e+00
2.589529563910132559e+00
-2.113958460345153889e-01
5.055574422330839646e+00
-2.269504663264851896e+00
3.094762950740618024e+00
3.402740082110477515e-01
3.150630226080506802e+00
-1.169271503929673273e+00
4.312137944776540444e+00
-2.436835704598740993e+00
4.614779394491197451e+00
-2.549067430202226703e+00
2.347801774995856405e+00
2.748657167040628568e+00
-9.581337583986226925e-01
5.335763930070294592e+00
-2.701394770123268785e+00
3.261951277647471059e+00
-1.565631985781098967e+00
5.311408779025168059e+00
-2.694323508849960636e+00
3.156187334557273960e+00
-1.453486595647914825e+00
5.360749746360617962e+00
-2.611660424629347332e+00
2.183997089151444193e+00
3.048447744735990561e+00
-1.114109943538460268e+00
4.421405993640820320e+00
-2.479565053060989843e+00
4.115527729919036481e+00
-2.291678135054052046e+00
5.017382923223149049e+00
-2.688816780071206392e+00
2.866587382030199471e+00
6.365510447465694277e-02
4.181989972085655261e+00
-1.701460623906952963e+00
3.859686885574383108e+00
-2.205959403932427065e+00
5.265277241369128447e+00
-2.482847218708453596e+00
2.516082773984133603e+00
2.643835186213725041e+00
-7.961438442697217344e-01
5.377892865866783723e+00
-2.619932616034134298e+00
2.266750500710213334e+00
3.007787837979478240e+00
-1.054492110038162567e+00
4.439537986053822216e+00
-2.503074133483224273e+00
3.939299616302425200e+00
-2.215051269394873401e+00
5.265211105362814337e+00
-2.669367480157973649e+00
3.219568731580307208e+00
-1.483793656252298421e+00
5.333637147600383877e+00
-2.679693967104395114e+00
2.484621778669784842e+00
1.974282663266605731e+00
2.555309176491063816e+00
2.252763570028459839e-01
4.854437181719626793e+00
-2.087910141535208375e+00
3.344435113641713198e+00
-1.187064028070692334e+00
4.136689978103579080e+00
-1.690899810952072979e+00
3.858428986267486316e+00
-2.210160910118903921e+00
5.267637261439356067e+00
-2.495513581267726710e+00
2.523895129314197572e+00
2.670357046597677808e+00
-8.938415942012396531e-01
5.377288140259497418e+00
-2.675494917626118685e+00
2.165256936861664983e+00
2.991155187065022591e+00
-1.067143657414946656e+00
4.432250826750243178e+00
-2.492080921063892340e+00
4.055034360034817098e+00
-2.285224882184390793e+00
5.108067861801683485e+00
-2.684396346526920496e+00
3.123004822635949029e+00
-1.202956782285972803e+00
5.077137782452361137e+00
-2.298702676791377186e+00
3.033483576401646342e+00
5.571128817261430388e-01
2.930614907095257404e+00
-1.090079601273711729e+00
4.660352240932879475e+00
-2.562679953129431976e+00
2.437625840084060247e+00
2.628263511955793330e+00
-7.173746749255610622e-01
5.341258624036656855e+00
-2.561481718111747075e+00
2.462836438972214381e+00
2.754767718674414834e+00
-9.460438863954895305e-01
5.268641346724809438e+00
-2.712141989119093655e+00
3.243475739881809261e+00
-1.599694320421610971e+00
5.327673212530526392e+00
-2.577585818560057973e+00
2.367660325057638460e+00
2.875596801391506308e+00
-9.977829344390248822e-01
4.569901603547490865e+00
-2.550889115483167213e+00
3.187668047260584281e+00
-7.215304732129331766e-01
4.131544027835077237e+00
-1.675460117567185270e+00
3.876051924002729798e+00
-2.209857023257160602e+00
5.282243566057320372e+00
-2.541582737545834192e+00
2.457857275683919873e+00
2.724143645981105699e+00
-9.524014598191765657e-01
5.314400993435289600e+00
-2.716705032301792500e+00
3.304161088882952235e+00
-1.559268872185019195e+00
5.307450854916797134e+00
-2.703849708817076536e+00
3.113298691378457494e+00
-1.437413502333346083e+00
5.346189514507814877e+00
-2.589934199089378275e+00
2.326340230915754592e+00
2.936565590871084819e+00
-1.018320955535299444e+00
4.465073160954229792e+00
-2.509897632998569605e+00
3.756214140084844999e+00
-2.108106764562383884e+00
5.292759254192744400e+00
-2.539608589700590002e+00
2.420360286931771743e+00
2.826950712509803676e+00
-1.001936147606162120e+00
4.980560927012623651e+00
-2.697303541266226290e+00
2.596762701113513039e+00
1.742181784936934097e+00
2.760979790828712144e+00
-9.468153363763044394e-01
5.384847632689676367e+00
-2.679924236440663687e+00
2.085578301818231672e+00
3.167731265927378193e+00
-1.167638950931625175e+00
4.375844801469535916e+00
-2.455992042981338663e+00
4.388862338445346900e+00
-2.421303056528436581e+00
4.003610186907985202e+00
-2.268071474717558100e+00
5.179244577066953070e+00
-2.695463247165390541e+00
3.260704260596732684e+00
-1.580585981774930149e+00
5.345400095615885583e+00
-2.582217143115419944e+00
2.317446023396543264e+00
2.929584247569093858e+00
-1.059078324715478026e+00
4.463321407229392968e+00
-2.497055072964340816e+00
3.819131782686339349e+00
-2.130830459797914411e+00
5.315893927620805925e+00
-2.581110318359460809e+00
2.223582553922912819e+00
3.001590554380577203e+00
-1.089412055430838411e+00
4.439893400514760557e+00
-2.484541201901436569e+00
4.003130002574939006e+00
-2.229753041356628440e+00
5.217269491107870749e+00
-2.706927678481737765e+00
3.274192364434099556e+00
-1.596194467106680115e+00
5.341754411630445176e+00
-2.648691481002579451e+00
2.101214481389577671e+00
3.182433532144712363e+00
-1.147398278663504190e+00
4.362545515852004563e+00
-2.477000636873127437e+00
4.377533049916688235e+00
-2.443652922848293052e+00
4.007554280028949201e+00
-2.242654749912190049e+00
5.202807715618309459e+00
-2.675917993690954511e+00
3.291357197706601845e+00
-1.605009847710850313e+00
5.339399034858410609e+00
-2.634445537572270624e+00
2.183538029213363707e+00
3.079884930168959478e+00
-1.105157187671640617e+00
4.425630075548237841e+00
-2.459719946154312442e+00
4.139376095204857720e+00
-2.335903631494409716e+00
4.910742708988104610e+00
-2.648985681447127760e+00
2.669869504766001267e+00
1.405807582955632018e+00
3.158719961044497815e+00
-1.164155780451610500e+00
4.299559502616050466e+00
-2.440651384048109662e+00
4.584091255140757326e+00
-2.533156465676235314e+00
2.630679156811352115e+00
2.220918439501800901e+00
1.415457014461102947e+00
3.939077224160962842e+00
-1.572482471639815804e+00
4.010694946416390572e+00
-2.313301416949619771e+00
5.281691767462080911e+00
-2.649304438281148144e+00
2.761103006490740697e+00
2.770585436043813132e-01
4.383975436866421660e+00
-1.787117983130681376e+00
3.732541707168389955e+00
-2.164919922503956151e+00
5.118590104246311334e+00
-2.351393298178848124e+00
2.885931710692732466e+00
1.490942360605710171e+00
2.216216598154915562e+00
2.370251190013496156e+00
1.652901319994248386e+00
3.430580621554849774e+00
-1.319956697197496087e+00
4.223344909520493573e+00
-2.393264783938686691e+00
4.945047725223352231e+00
-2.638494372430955082e+00
2.761135070845416095e+00
8.516638010449222307e-01
3.558603193809752874e+00
-1.388056416193334641e+00
4.160940383520285835e+00
-2.366606808038000054e+00
5.099090139641570651e+00
-2.671553660854365297e+00
3.111229176635713856e+00
-1.216965698132987717e+00
5.005060866430654620e+00
-2.249229516873641366e+00
3.114210579435252590e+00
1.736665752875097835e-01
3.256963452306190554e+00
-1.224892585791538036e+00
4.272589385013708885e+00
-2.386206846162750139e+00
4.768048368009701221e+00
-2.612303609473745958e+00
2.483942234567086960e+00
2.147364539860953769e+00
2.162839495555501035e+00
2.487456885435465281e+00
8.278687453178922295e-01
4.441242496938141215e+00
-1.850086870155964069e+00
3.709784982999230873e+00
-2.147921078557850194e+00
5.080122046254423651e+00
-2.310512324781351712e+00
2.963645660195595166e+00
1.121265043494690472e+00
2.576623344356569145e+00
1.283158647221638859e-01
4.838286758584777303e+00
-2.111990602250981119e+00
3.355073391868436783e+00
-1.114495041040963086e+00
4.151264575273134305e+00
-1.676448419717923910e+00
3.867870775647595849e+00
-2.235153917663474932e+00
5.251042102428607805e+00
-2.517607375131754477e+00
2.507213300633434283e+00
2.681073822557274777e+00
-8.545132973974189916e-01
5.383348527074041989e+00
-2.649570434627528392e+00
2.115600478525469175e+00
3.161986001238932253e+00
-1.175028715208967789e+00
4.371010611455728778e+00
-2.463213876027427585e+00
4.383661029193989478e+00
-2.428239153916731841e+00
4.024785475195460371e+00
-2.233263552902143179e+00
5.174441479606448624e+00
-2.702301900464743056e+00
3.255986074120300611e+00
-1.588174495219046634e+00
5.341001529557658500e+00
-2.591524602753324746e+00
2.302401186531819910e+00
2.967239605932458169e+00
-1.070740581644132217e+00
4.456408191964278842e+00
-2.504072090967003561e+00
3.836134691601009283e+00
-2.151237830953085073e+00
5.312393902941950685e+00
-2.606070256759423831e+00
2.183895723463963101e+00
3.072368246298454508e+00
-1.135444093784416353e+00
4.404249423117082785e+00
-2.480565403881196840e+00
4.186993817601023515e+00
-2.336920252145877175e+00
4.816799706267202552e+00
-2.599071070202060962e+00
2.534214657284937111e+00
2.016789342985110256e+00
2.312165314267091265e+00
1.877171157937075341e+00
3.109353555096193489e+00
-1.156536478225547171e+00
4.337797809409389416e+00
-2.422136726509987792e+00
4.508825257107027085e+00
-2.507982796861393915e+00
3.320865555633366384e+00
-1.345149355461328300e+00
4.544263250621686900e+00
-1.918469524285493444e+00
3.589146109740788404e+00
-1.934588570974790978e+00
4.829684559617750672e+00
-2.122487014462069776e+00
3.307391231942940379e+00
-9.738628825834625413e-01
4.034808864537922979e+00
-1.625756379909675031e+00
3.926388889297697915e+00
-2.238160026272031811e+00
5.305839060844102839e+00
-2.596952094259475263e+00
2.287448344409163337e+00
2.931449721409786768e+00
-1.051525924614317375e+00
4.468006036123039593e+00
-2.491077032381773471e+00
3.816278349724707475e+00
-2.119889795066389748e+00
5.320160924454104823e+00
-2.609644528992367984e+00
2.247440378458367860e+00
2.985827888728424639e+00
-1.072702944136795011e+00
4.450309582225861149e+00
-2.479901460854150752e+00
3.954037647918489107e+00
-2.193624476436979887e+00
5.252976206677531401e+00
-2.689553194312669593e+00
3.210705050207971922e+00
-1.508926816145918615e+00
5.342462745741774377e+00
-2.662609952893591370e+00
2.643366950620523959e+00
1.182429002576922850e+00
3.621248211981514586e+00
-1.423989180342602578e+00
4.135275117662486011e+00
-2.362408155009610766e+00
5.145319771981153423e+00
-2.680841155267149389e+00
3.212378861300358324e+00
-1.492667476265857829e+00
5.253969490701013711e+00
-2.490907873872296729e+00
2.628524439313698835e+00
2.430262287236367946e+00
1.909976327242268734e-02
5.056189475133975542e+00
-2.245311199865691165e+00
3.127719234841648266e+00
2.890863071067446555e-01
3.219856166439749590e+00
-1.236879386724177854e+00
4.267013417554288424e+00
-2.411057806823436067e+00
4.753199177315236668e+00
-2.583189530712155957e+00
2.491461088406428104e+00
2.211420083642130052e+00
2.092054366369414886e+00
2.623102163758302297e+00
-4.315604256549164797e-01
5.199562125071244267e+00
-2.383643371786251741e+00
2.871774102688175123e+00
1.608907767885218609e+00
2.100822480439215934e+00
2.702549481192906278e+00
-8.930649246864919011e-01
5.364893568014362124e+00
-2.612448189086178374e+00
2.301198876871756838e+00
2.953447070810769404e+00
-1.038353775924257150e+00
4.476913218472835077e+00
-2.515971529078247393e+00
3.813211326506184218e+00
-2.153825496077708124e+00
5.302762924950019219e+00
-2.602736126216656842e+00
2.224444269766579829e+00
3.040784638675479101e+00
-1.077104504181814359e+00
4.446786374597437863e+00
-2.501168746307182555e+00
4.039117667389712452e+00
-2.274718773076607192e+00
5.138060150224418088e+00
-2.686232897183552737e+00
3.184152241539978334e+00
-1.425347494903181911e+00
5.227847797447267020e+00
-2.434945631464849214e+00
2.761004251590469583e+00
1.953834274157327577e+00
1.418618182150698903e+00
3.907581615352332172e+00
-1.535257150738822629e+00
4.038139776618235643e+00
-2.290094104602688585e+00
5.269193948518167581e+00
-2.669710720792701331e+00
2.921719199590538718e+00
-8.447498638832593443e-01
5.050062787675534182e+00
-2.256671992487009781e+00
3.094258630689351808e+00
4.395215108846604046e-01
3.096628437675595258e+00
-1.185828514582832005e+00
4.302671101051180891e+00
-2.428607685081211276e+00
4.578794659523327759e+00
-2.520222959998269285e+00
2.723907956307074940e+00
1.925228730142759970e+00
2.083892138089208146e+00
2.757453278864498092e+00
-1.016516844537213693e+00
5.355090623412822382e+00
-2.699043059311717396e+00
3.021555244434086518e+00
-1.188555437004130244e+00
5.254949502660603677e+00
-2.427818479403487384e+00
2.705698015835573234e+00
2.142843943569505694e+00
8.654323310965494898e-01
4.444101638699359924e+00
-1.841016189991891094e+00
3.714448422096566560e+00
-2.122175537456335803e+00
5.073462740036074337e+00
-2.312577883677882085e+00
2.981451108480951628e+00
8.395041611540038362e-01
2.714904959196619227e+00
-8.293469876356504011e-01
5.359380382184880887e+00
-2.568170471600787597e+00
2.406205052146881407e+00
2.817671522332138245e+00
-1.010667798530980210e+00
4.809011488091003983e+00
-2.639906315641953771e+00
2.585928439369241882e+00
1.619825148100625611e+00
3.036607167309155475e+00
-1.112051395707535084e+00
4.360783412226127531e+00
-2.456272759773112213e+00
4.387137173257378286e+00
-2.450050909626877882e+00
3.961376915151578526e+00
-2.218966379671441835e+00
5.253430070934922647e+00
-2.668703188880480859e+00
3.278088183098293307e+00
-1.563111920838697433e+00
5.319525153939096640e+00
-2.692971461245456499e+00
3.043677294358592356e+00
-1.282872236985026060e+00
5.290122564754694778e+00
-2.479584782286845090e+00
2.623796340666156635e+00
2.472577801371316220e+00
-2.781875235237854516e-01
5.181688690399189667e+00
-2.373931424038138616e+00
2.900646622272921693e+00
1.418087622116173119e+00
2.263781576720815369e+00
2.204327899778230737e+00
2.353891906782280330e+00
1.546506584304021770e+00
3.586881292196582027e+00
-1.391552086847869241e+00
4.166802359532256084e+00
-2.366270359934697254e+00
5.104511299764032728e+00
-2.669755377888601622e+00
3.115171935112592827e+00
-1.208231468287959354e+00
5.011399016143329277e+00
-2.248313030510145083e+00
3.112745697322703009e+00
2.159974916559683766e-01
3.243862413714426740e+00
-1.213673621283096526e+00
4.281078152818865945e+00
-2.426763828719459948e+00
4.748254988601221527e+00
-2.601096651665133486e+00
2.462392507616669057e+00
2.229597190519482020e+00
2.012143354302854181e+00
2.923569915548717812e+00
-1.055389103806610551e+00
4.706015554038439852e+00
-2.611248541877928986e+00
3.142924723749771942e+00
-1.471837468355629674e+00
5.326404599128558459e+00
-2.548942756270865750e+00
2.445947342337838837e+00
2.790915478428022123e+00
-9.887456746296746646e-01
5.157888676327345046e+00
-2.736020702403379357e+00
3.042182696919245366e+00
-8.868223049920356260e-01
4.838053014629943860e+00
-2.095792096973926988e+00
3.347533850283350265e+00
-9.413866094912625160e-01
4.077327385486201550e+00
-1.666438149440585770e+00
3.887258186570377472e+00
-2.234231059006675402e+00
5.286965381125768637e+00
-2.539345177554102939e+00
2.412038861515860333e+00
2.836581359443887784e+00
-1.006329316313934186e+00
4.919508612309801521e+00
-2.679042279599324061e+00
2.500971203741195303e+00
2.122636428433567701e+00
2.213192008290977952e+00
2.340435996093152227e+00
1.867368242707258874e+00
3.196100386506711466e+00
-1.219617878436350278e+00
4.296529819165285424e+00
-2.429085994326061204e+00
4.650037342553716257e+00
-2.547070667026917867e+00
2.731854728573185120e+00
5.998436206489774492e-01
4.111573274963553182e+00
-1.680716375555392439e+00
3.890859010794253781e+00
-2.243487406231410741e+00
5.284884906116199765e+00
-2.543497438907823316e+00
2.406943048023072240e+00
2.834635321043438072e+00
-9.699487068944980805e-01
4.910109781866855982e+00
-2.680605944314487843e+00
2.488449947006262430e+00
2.145570593957319971e+00
2.155741653934802216e+00
2.510293967347480670e+00
6.459071578798061264e-01
4.586903091668212973e+00
-1.938389813922031024e+00
3.602648698958224927e+00
-2.030018741187902265e+00
4.859828054637461925e+00
-2.135022872052418919e+00
3.269771302407216584e+00
-6.058130191427124611e-01
3.860115425762952412e+00
-1.542812260620047171e+00
4.014607529183570556e+00
-2.309781521442834773e+00
5.277013537560740986e+00
-2.655742518544990105e+00
2.946535952778467138e+00
-8.613161814601382194e-01
5.092943440156628476e+00
-2.307996507322029878e+00
3.026303992799204146e+00
5.927859836497733070e-01
2.894051354091171202e+00
-1.075670436578494149e+00
4.934021993081959323e+00
-2.661857608810197728e+00
2.532971134463335439e+00
2.101295529192366729e+00
2.297097585042951806e+00
1.921606995142171703e+00
3.008711319963056852e+00
-1.118464001221521231e+00
4.362268782482236595e+00
-2.436167576107892696e+00
4.347127135258746833e+00
-2.398099196636358954e+00
4.221734139092846227e+00
-2.378745189014488393e+00
4.669232747122074478e+00
-2.566453496543097401e+00
3.153700293512362141e+00
-1.457904864773191367e+00
5.333772746076699711e+00
-2.540340635049290974e+00
2.414613514040029774e+00
2.776962390886275500e+00
-9.826994471634777906e-01
5.100982103459746675e+00
-2.715169818985121886e+00
2.882670769451800119e+00
1.702050371185448441e-01
4.182420965055122508e+00
-1.711248910401701240e+00
3.856231658787094396e+00
-2.231314450368262481e+00
5.259807837743314174e+00
-2.512496395070954236e+00
2.502995476221467008e+00
2.706249702195327789e+00
-8.820056292392957076e-01
5.382165089367777711e+00
-2.705243334806114675e+00
2.794762653491233984e+00
-1.141986575935698411e-01
4.599476948886304761e+00
-1.941349679556238383e+00
3.575267182044215009e+00
-1.887003476699722571e+00
4.792641728960084890e+00
-2.094143934912775951e+00
3.350282910260372837e+00
-1.174310152815943642e+00
4.172149654883337000e+00
-1.699982357836127944e+00
3.846972370981482037e+00
-2.193698554954632396e+00
5.261192064010246305e+00
-2.507587711742763847e+00
2.551823626674730505e+00
2.590348776063464697e+00
-5.979345179041071212e-01
5.333677260791129804e+00
-2.523887866525997392e+00
2.548898961092719961e+00
2.668055026662598639e+00
-8.120838248896433686e-01
5.368413558662981977e+00
-2.628140952123206642e+00
2.270906920120688621e+00
2.977697848123388891e+00
-1.058925309973967277e+00
4.463285332699891583e+00
-2.477809099276243820e+00
3.911009750523529060e+00
-2.202842869154557626e+00
5.286036038457648800e+00
-2.661130640714761242e+00
2.806586166343281175e+00
-9.588734392705811072e-02
4.620335446152139092e+00
-1.940473804446551487e+00
3.571699979541720360e+00
-1.940780088086488275e+00
4.737111655765716023e+00
-2.062104525122366194e+00
3.390379981487948946e+00
-1.288145177200236136e+00
4.289131272210502388e+00
-1.752930466493313189e+00
3.783123238754211748e+00
-2.186498597750820672e+00
5.161454975509629506e+00
-2.405661403846472979e+00
2.779994133294548142e+00
1.923724441520416883e+00
1.584646431250093412e+00
3.730477254942086152e+00
-1.432405527134959167e+00
4.102840994993570689e+00
-2.363229038403168225e+00
5.184467950105489109e+00
-2.690974375242965344e+00
3.276553051731247113e+00
-1.582458276648364803e+00
5.352337647320623226e+00
-2.617134578733088635e+00
2.192210809789967740e+00
3.073215570290899645e+00
-1.130058996710491925e+00
4.409389657793055584e+00
-2.478212840278090745e+00
4.180703834116442863e+00
-2.328891270258035107e+00
4.846916752153981101e+00
-2.603708166293237092e+00
2.542959162954269825e+00
1.868200699521677999e+00
2.540005799813508602e+00
2.648927699391775414e-01
4.803108226934124758e+00
-2.064175885197509608e+00
3.413749091656269385e+00
-1.272999930820312597e+00
4.285263291654008100e+00
-1.787275224103281879e+00
3.754175784545868311e+00
-2.164124261647744074e+00
5.156537064132926673e+00
-2.376511096062632333e+00
2.824682594978531469e+00
1.834342926461908885e+00
1.795658903560443331e+00
3.303254728811302776e+00
-1.262518434305307080e+00
4.268048640361728374e+00
-2.414284129488766695e+00
4.786949821895831292e+00
-2.593080876824131575e+00
2.511234948645633125e+00
2.161483978892486224e+00
2.200576363273382796e+00
2.290072112862385989e+00
1.971005244409014479e+00
2.933960197373443268e+00
-1.078825071418127557e+00
4.530118243551647161e+00
