8.823705790541094274e+00
-5.074140638945156212e+00
1.896561684137577197e+00
3.736791432026708826e+00
-1.690664813835140556e+00
4.222396687074277288e+00
-2.920911094589340173e+00
5.108112861146952177e+00
-3.261638678813771008e+00
2.953438477879719137e+00
-1.738619399482500549e+00
5.525875525801672516e+00
-3.257519557266950638e+00
3.540468830493066488e+00
-2.106415795157563942e+00
2.916254452357270655e+00
-1.439394453513636707e+00
4.232890365449739178e+00
-2.096090555262446919e+00
3.611281548936391417e+00
-2.532846420623113382e+00
5.302180551864617897e+00
-2.908981337159007197e+00
2.334952215762478467e+00
2.178162715445865150e+00
-1.086137782824884379e+00
5.495342102077533930e+00
-3.356258676445285971e+00
3.111977874281267376e+00
-1.907571502453726975e+00
5.522298215477449368e+00
-3.203982378825434907e+00
3.499836557123408021e+00
-2.077677574838860508e+00
2.437734865205258394e+00
1.058762271413870248e+00
2.210921393067054375e+00
6.112624735723789504e-01
4.131523914205224024e+00
-1.987131889400900242e+00
3.755813512229935203e+00
-2.641662224114922797e+00
5.409410155305132584e+00
-3.090307820896221358e+00
2.696250323497785040e+00
-1.438282569200963534e+00
5.408120798508900151e+00
-2.973604569986825208e+00
2.281406124599026697e+00
2.392184027639197463e+00
-1.126073850455840297e+00
4.974341032662624507e+00
-3.253811086082952997e+00
3.063401511694056722e+00
-1.808192987196791002e+00
5.490004729964609531e+00
-3.299159979384086228e+00
3.232902761644937950e+00
-2.011172725462705202e+00
5.379931152441003839e+00
-3.330800635201854210e+00
2.764811741542471335e+00
-1.308010137745832191e+00
4.851128514162173389e+00
-2.477117237890499535e+00
3.095777838047482966e+00
-1.840721233350795183e+00
3.933767738714103235e+00
-1.915399228547190580e+00
3.792578156291827263e+00
-2.644513963035434401e+00
5.454878125803935163e+00
-3.149698247927767092e+00
3.435791959417124009e+00
-2.016978435643349776e+00
2.608226519783670927e+00
1.012962206449339320e-01
3.054666776564427977e+00
-1.420859027726386614e+00
4.234985506889955786e+00
-2.877225004262744079e+00
4.705147974579059422e+00
-3.108519545429199837e+00
2.909730099999738862e+00
-1.652817576271673028e+00
5.469967592511124188e+00
-3.329575946199621050e+00
3.115913624017572214e+00
-1.897739220919142378e+00
5.525913692933723809e+00
-3.234716688177795785e+00
3.507943310404694426e+00
-2.073799082874572708e+00
2.431510865080461326e+00
1.153730871043245898e+00
2.153043050795463653e+00
1.201326667580805196e+00
3.459529456341329468e+00
-1.634401929598603864e+00
4.092710053424680972e+00
-2.844130817234854280e+00
5.149764138161719629e+00
-3.263172791326809374e+00
2.986490459821743215e+00
-1.716916858633377174e+00
5.504206249905173820e+00
-3.332246100642093367e+00
3.280126820990815872e+00
-2.033847376238010263e+00
5.267122855552830885e+00
-3.318864833413637250e+00
2.767267168100627117e+00
-1.535507457985418656e+00
5.442126200204258524e+00
-3.008105499274418726e+00
2.160805740244591266e+00
2.615814198007323732e+00
-1.176763966770349334e+00
4.500081472441293862e+00
-3.023344142645045363e+00
3.453398578570922695e+00
-2.301814676998759523e+00
5.454307788147588099e+00
-3.109719559110774689e+00
2.565031245626791634e+00
-9.399623436249089359e-01
4.913037505062392896e+00
-2.538741013782862765e+00
3.055055164145799029e+00
-1.485475338667345158e+00
3.702000139820190938e+00
-1.781891588988856023e+00
3.926752117753705029e+00
-2.744762138408876062e+00
5.397441997756608600e+00
-3.270553172134954778e+00
3.187398447280669345e+00
-1.943101580845842502e+00
5.490176080126759395e+00
-3.320797150329910075e+00
3.286763273410914454e+00
-2.036111798175902710e+00
5.243630192777254173e+00
-3.313880793351294152e+00
2.919923506611528552e+00
-1.656348420622936635e+00
5.535118593554251731e+00
-3.305678455330509635e+00
3.467601500629304390e+00
-2.124516202274819854e+00
4.034463386961369302e+00
-2.739354709722269465e+00
4.924133780277578865e+00
-3.184821941732265849e+00
2.909580529831550688e+00
-1.691490423236377660e+00
5.445502562001752977e+00
-3.077998468780608121e+00
2.056042486707733374e+00
2.762974480627024665e+00
-1.237421018784514271e+00
4.449122023107076274e+00
-2.991137354116620184e+00
3.815407974358449028e+00
-2.587621840945421692e+00
5.298351278776299189e+00
-3.306246805391235277e+00
2.573396874786197053e+00
-3.586384916961435909e-01
4.093885684530382818e+00
-1.975555578120017586e+00
3.751518509088146658e+00
-2.639917905796720810e+00
5.412859906155521372e+00
-3.100333431171988785e+00
2.807617343719215341e+00
-1.555663320027686147e+00
5.545012427828964974e+00
-3.249209668964787134e+00
3.556269273793206676e+00
-2.133664700895156141e+00
2.452701545582721465e+00
9.170483423568385195e-01
2.350070918617311655e+00
-6.431160652892302654e-01
5.242754660081926588e+00
-2.796039647173595988e+00
2.653739202351846238e+00
8.246019362031411504e-01
1.434915431717632694e+00
3.199832941553751198e+00
-1.498562533975905664e+00
4.201913315540488192e+00
-2.881630592474052843e+00
4.854287820986943558e+00
-3.146998123122979329e+00
3.009733758422990846e+00
-1.795504467680189453e+00
5.517389779957775353e+00
-3.235522876834521888e+00
3.525816932432972450e+00
-2.074828216803515701e+00
2.403513995667821312e+00
1.385992935034678020e+00
1.903802729103424962e+00
2.367671162402858354e+00
-8.946077899294540003e-01
5.407490561621927760e+00
-2.984050979753418265e+00
2.304608098012946193e+00
2.345749945201808906e+00
-1.080539917168741315e+00
5.296176921412838468e+00
-3.365336435172707308e+00
2.923278961464792935e+00
-1.689837161469573523e+00
5.503677095213017623e+00
-3.303318496871954224e+00
3.378918464868780447e+00
-2.057935425135437590e+00
4.929186001578947263e+00
-3.230487880721167659e+00
3.027337024080848593e+00
-1.815411033008585528e+00
5.503596519821707389e+00
-3.291295460270833750e+00
3.431509225128658525e+00
-2.083858224593071906e+00
4.558802886697048251e+00
-3.018889546745263441e+00
2.982995713905660207e+00
-1.795795813570659760e+00
4.632856873544819898e+00
-2.352311508236234250e+00
3.291665414968528491e+00
-2.267816758885055961e+00
4.574261370758368805e+00
-2.290888382023371861e+00
3.316273454742792115e+00
-2.342452340220022133e+00
4.690775389262001660e+00
-2.403823976052532618e+00
3.203234374079902747e+00
-2.080976788298029234e+00
4.314861130769732434e+00
-2.118595570972487963e+00
3.532596654205060194e+00
-2.500187754751709512e+00
5.194136305657226949e+00
-2.820113800516967473e+00
2.530249956175999237e+00
1.331353095008287246e+00
3.986106238848578509e-01
4.568939860787113005e+00
-2.292887481815194306e+00
3.420578838324312088e+00
-2.421886064485518908e+00
4.912339718246079734e+00
-2.568540984685131701e+00
2.957598617572855915e+00
-1.058172829761419687e+00
3.359259334479926640e+00
-1.559954820738965520e+00
4.088890822476566989e+00
-2.837206985315126051e+00
5.113279279072091121e+00
-3.256821031585694026e+00
2.979104321151138102e+00
-1.727820039510871597e+00
5.528566959054926677e+00
-3.266715761814227736e+00
3.464593917233762976e+00
-2.124763171019343755e+00
4.046629724222630564e+00
-2.749428578860997341e+00
4.895110334559959142e+00
-3.176049771850367076e+00
2.956645474560571252e+00
-1.727348020687649033e+00
5.492675406393390247e+00
-3.165476625236539387e+00
3.095888989064370822e+00
-1.741485711271773873e+00
4.401397812700602152e+00
-2.954521295980923057e+00
3.740022970209538222e+00
-2.505109215803592360e+00
5.381286055407480617e+00
-3.306727748053758908e+00
3.018234853369185622e+00
-1.856279734182827656e+00
5.467908793092994379e+00
-3.089875905270960565e+00
2.054095691613779362e+00
2.690340649928094408e+00
-1.226456684170801559e+00
4.436143994323272111e+00
-3.008086145117979449e+00
3.694118166400012448e+00
-2.498016055108776445e+00
5.424478086272223720e+00
-3.276482511090275995e+00
3.203133914213084132e+00
-1.941775889314088621e+00
5.460864762948338225e+00
-3.318848076935576152e+00
3.238697525336049488e+00
-1.996547513694878262e+00
5.394208300620841001e+00
-3.320132140300780854e+00
2.804139422575448570e+00
-1.388816398672688912e+00
4.928831479918179603e+00
-2.580602797345362465e+00
2.989333840600042258e+00
-1.298707556151783571e+00
3.469825961103549794e+00
-1.637231581333599806e+00
4.052632264859712841e+00
-2.780060785448750238e+00
5.231457623368236831e+00
-3.294086104206329857e+00
2.369875411871203763e+00
8.182846757340951349e-01
3.058866276032868203e+00
-1.416148183885797884e+00
4.245353130784377704e+00
-2.881030421145475362e+00
4.654685733314767759e+00
-3.093528926447143945e+00
2.390007181153725124e+00
5.170658971635965218e-01
3.467991744417549871e+00
-1.628447873902605147e+00
4.084195798629435714e+00
-2.805021648308054338e+00
5.210976802388536555e+00
-3.289696439047944398e+00
2.869473128210692892e+00
-1.647173880481629382e+00
5.535394621116335401e+00
-3.238620187496042302e+00
3.544953342121784701e+00
-2.078886210551129654e+00
2.356790866667970441e+00
1.540716290399259059e+00
1.280520291919323261e+00
3.359604142085897749e+00
-1.575816558219440999e+00
4.141461774683495634e+00
-2.847295203146969378e+00
5.066153608360087546e+00
-3.221310588204824743e+00
2.907684399060585179e+00
-1.726540694435158896e+00
5.508844845002659696e+00
-3.174113689913314218e+00
3.252219629899178344e+00
-1.832817175825069311e+00
3.133581008456399530e+00
-2.018880551668503998e+00
4.854686283942354130e+00
-2.535368062904395092e+00
3.035734250579316118e+00
-1.537240576498648981e+00
3.696718491465621703e+00
-1.764060552294384854e+00
3.937958092945674338e+00
-2.717656274435207298e+00
5.390132396337360632e+00
-3.283574723343741120e+00
3.197831581289995118e+00
-1.974525962185238459e+00
5.447419304196759349e+00
-3.312821979259683136e+00
3.114560023427733526e+00
-1.893668522659567977e+00
5.528293750087983405e+00
-3.233149313245548218e+00
3.506808226539964046e+00
-2.069183971557041257e+00
2.444723835808609635e+00
1.098767352600327873e+00
2.221856185231176894e+00
6.190751591750113247e-01
4.165526288655299503e+00
-2.032756271168395301e+00
3.716847121473056070e+00
-2.621612152156202136e+00
5.402637768739958268e+00
-3.060516007509333392e+00
2.149326643963433980e+00
2.355188777160789115e+00
-8.826382899281548511e-01
5.478573033067249298e+00
-3.090230410472584843e+00
2.080446126473248114e+00
2.740778738824173111e+00
-1.226709924502761506e+00
4.461397902142953953e+00
-2.999484990895755487e+00
3.745465783027093210e+00
-2.542273670777964067e+00
5.379486615403131999e+00
-3.304035127426139251e+00
2.992493539724786711e+00
-1.831130674500711208e+00
5.435689657409262132e+00
-3.031471462610431544e+00
2.129736407173479673e+00
2.683548638371848760e+00
-1.222040021353534733e+00
4.467908244924001515e+00
-3.023534320895288285e+00
3.629153029765235683e+00
-2.444818109215268542e+00
5.468399757155987473e+00
-3.242230287287801715e+00
3.463538012488232454e+00
-2.115358347759225488e+00
4.305165652314816072e+00
-2.913379134451378860e+00
4.029830150865017835e+00
-2.718285279551922784e+00
4.844941728160788053e+00
-3.149902651760345229e+00
3.091071073672307712e+00
-1.846366884094093219e+00
5.458746074483825872e+00
-3.326239905468478586e+00
3.167834656672194882e+00
-1.947904849166288255e+00
5.500115531388766854e+00
-3.277577191559059688e+00
3.421016103919356954e+00
-2.102676999478736430e+00
4.688790547060889935e+00
-3.121143405209970911e+00
2.314354343578806983e+00
1.625972000441669341e+00
1.484074325637823044e+00
3.128315100498674894e+00
-1.432146293361760803e+00
4.221062016932309646e+00
-2.914559533027993865e+00
4.714467874253234214e+00
-3.108824020185942949e+00
3.166357744153556641e+00
-1.824366858367306721e+00
4.735702038435633199e+00
-3.117569750645010185e+00
2.262636356093674195e+00
1.877762619995634985e+00
5.659128488661501200e-01
4.211414491205244026e+00
-2.057760907114134064e+00
3.685603353775503965e+00
-2.577416201368408544e+00
5.373622364744051971e+00
-2.987443477771160261e+00
2.111097656687999979e+00
2.666711388366129754e+00
-1.202203526949988222e+00
4.478501153814419489e+00
-3.016174875981817660e+00
3.584348768248151629e+00
-2.399790792448956989e+00
5.487128696633942759e+00
-3.237413202900748743e+00
3.520089054992124211e+00
-2.114284149462562379e+00
2.613704208842899668e+00
1.140540522004345192e-01
3.102525481385981720e+00
-1.434606434069130909e+00
4.224455873358214930e+00
-2.903867225405661223e+00
4.747550073855696162e+00
-3.130584463037147103e+00
3.200485573218073476e+00
-1.880930644146530550e+00
4.873057718981338660e+00
-3.184372607680781453e+00
3.179850869613008335e+00
-1.892708141730112814e+00
5.156540353736234650e+00
-3.311110941617326109e+00
2.990819436435917300e+00
-1.753645210057269255e+00
5.513262253631109999e+00
-3.288335477715839339e+00
3.426525285521067055e+00
-2.068870026220591463e+00
4.642462982942610950e+00
-3.101974151611327724e+00
2.512296784133339678e+00
5.738189854587509853e-01
2.784507809709942716e+00
-1.282622559639021720e+00
4.328240115600344495e+00
-2.910504175846841957e+00
4.210172873520801495e+00
-2.850717654965451597e+00
4.195329211390327551e+00
-2.830051761139398714e+00
4.303704953802149902e+00
-2.880542441870889814e+00
3.912639392836111174e+00
-2.623053881490934991e+00
5.132998582701397972e+00
-3.283555273072861436e+00
2.980483823636426166e+00
-1.744694970513869015e+00
5.506329615970189550e+00
-3.298998920370818766e+00
3.379398764974865799e+00
-2.050512843397335860e+00
4.929638881324732047e+00
-3.235244231172130558e+00
2.996554286352476559e+00
-1.787484972803438543e+00
5.524013016791722741e+00
-3.245509262602590983e+00
3.547380432498290492e+00
-2.098000544496334108e+00
2.562348284635183937e+00
4.363066250657493539e-01
2.749455188599741806e+00
-1.286553619072575483e+00
4.324775727011257231e+00
-2.926862076565322379e+00
4.191321498940949297e+00
-2.803027570857590245e+00
4.354892245842618692e+00
-2.928145681253534249e+00
3.731364144393432447e+00
-2.535825879541709682e+00
5.388827499195255832e+00
-3.293514415485623736e+00
3.003852814386097414e+00
-1.819694179451254223e+00
5.444923248867753252e+00
-3.058394271601241332e+00
2.101180677966253629e+00
2.699038327319374098e+00
-1.212074830663166569e+00
4.472728527393279307e+00
-3.009681902747384896e+00
3.647654987274896676e+00
-2.439175905020747770e+00
5.444464115241914648e+00
-3.272349639119113807e+00
3.413458299452628797e+00
-2.091525671296172728e+00
4.567628855443938818e+00
-3.041385065685866085e+00
2.916668331085710886e+00
-1.401005244519139215e+00
4.357639002173436360e+00
-2.186289977566519660e+00
3.509397588618058172e+00
-2.473704728769229977e+00
5.134320920225835749e+00
-2.751157684328188413e+00
2.649959392313432804e+00
7.453670485045053029e-01
1.707410178054989514e+00
2.869105918213946893e+00
-1.343051515138709462e+00
4.309329874714691755e+00
-2.934389509073387803e+00
4.334477421451156331e+00
-2.894462069676110527e+00
3.757008901757204811e+00
-2.515832755645174945e+00
5.369923817242134412e+00
-3.307821097724851889e+00
2.949669938213365761e+00
-1.805660457803838659e+00
5.367631053724609025e+00
-2.952177014933583532e+00
2.310698373622829038e+00
2.366241003078206617e+00
-1.108748423265752958e+00
5.324228324427511261e+00
-3.364341184732137169e+00
2.533874853636110647e+00
-5.145039449198868242e-01
4.489140726840696871e+00
-2.225573269357256301e+00
3.470549271125319635e+00
-2.449762418269851416e+00
4.989254937266082379e+00
-2.645970841316045874e+00
2.841677093681734156e+00
-5.126215288605633358e-01
2.854250349335485382e+00
-1.318878716841608068e+00
4.293884773131915189e+00
-2.891760421093410915e+00
4.381222917890674751e+00
-2.947279618762756570e+00
3.483291559709547069e+00
-2.348566368539324323e+00
5.462882697616990413e+00
-3.125587707729997611e+00
3.168140605454328185e+00
-1.756534081945168912e+00
3.973981105837803174e+00
-2.720591278103312138e+00
5.068273616276230520e+00
-3.249749022215067118e+00
2.935730498252765663e+00
-1.712384573091530138e+00
5.529212423068304183e+00
-3.175669802403783493e+00
3.373879819142318048e+00
-1.956804604236394685e+00
2.759612049491462216e+00
-7.157212203234962766e-01
3.692429032738638650e+00
-1.755020839869650739e+00
3.959458915502426457e+00
-2.731513496765422211e+00
5.378073967859950066e+00
-3.289473147915801921e+00
3.113069970420805355e+00
-1.919566208172426292e+00
5.516172775214509549e+00
-3.236685748183087075e+00
3.546779205580301575e+00
-2.093189422345766548e+00
2.441368726504162368e+00
9.310435460846953060e-01
2.301146761758853909e+00
-3.237574605767479241e-01
4.973750023774021756e+00
-2.575186129497063270e+00
3.018760901588717349e+00
-1.289937924424984672e+00
3.524256640199833868e+00
-1.681478056924349929e+00
4.016180418272834451e+00
-2.792374984080716604e+00
5.278165629738164277e+00
-3.282482123231610149e+00
2.541764909239262682e+00
-6.758628186351742229e-02
3.913515986092509280e+00
-1.890509253256732025e+00
3.847240962251271768e+00
-2.701233317754188068e+00
5.447582865138183017e+00
-3.211319335192032387e+00
3.526477086533684968e+00
-2.097403647950225380e+00
3.016002697405818722e+00
-1.804158543582900398e+00
4.545777144379307799e+00
-2.303434832734004623e+00
3.357398457154352478e+00
-2.352886189117028959e+00
4.777623922604567142e+00
-2.447367611979172519e+00
3.133674846617374499e+00
-1.911941115732927132e+00
4.007553893328119621e+00
-1.966569320681214705e+00
3.739974429540720458e+00
-2.618423518372661629e+00
5.432040450180917190e+00
-3.099174841671408664e+00
3.055428696321702109e+00
-1.680397130485681512e+00
4.812435300426296969e+00
-3.187432725727791460e+00
3.163993419233532389e+00
-1.834729447370643030e+00
4.761002768294837928e+00
-3.136871543666733153e+00
2.682542808959942349e+00
-1.282479817284748913e+00
5.227401383149487657e+00
-2.827601676584232671e+00
2.590663803286466838e+00
9.616759890966619650e-01
1.022732726067011821e+00
3.864917664182124568e+00
-1.830673952528346859e+00
3.915918205236944338e+00
-2.743705395787655377e+00
5.426219889391773243e+00
-3.251557042946723541e+00
3.419793239392982187e+00
-2.084633760065555563e+00
4.544923758080692267e+00
-3.021700235475681673e+00
3.052516260665800729e+00
-1.928846667193161890e+00
4.748408406056320530e+00
-2.447176952856261689e+00
3.164820128511667718e+00
-1.996265993601427535e+00
4.173310904981263114e+00
-2.038570814709248058e+00
3.655480399032636107e+00
-2.574564382704817245e+00
5.336198256116332139e+00
-2.986747202914980637e+00
2.189334648282716955e+00
2.578515983720004456e+00
-1.147600520660813306e+00
4.521355677872878509e+00
-3.018838028015736974e+00
3.372398686801223455e+00
-2.265118299996776052e+00
5.357809375191118662e+00
-2.987658490297653735e+00
2.211318053900758862e+00
2.554308316207305474e+00
-1.134228764079406204e+00
4.531919303611210204e+00
-3.018132149323137892e+00
3.289905570476275631e+00
-2.218607232086929670e+00
5.293939238695990035e+00
-2.906801135304804884e+00
2.382574000620747423e+00
2.043176006195829064e+00
-9.638470242219678852e-01
5.571219412338349386e+00
-3.220216108855900039e+00
3.303034587125022625e+00
-1.893364985104625475e+00
2.892587352574529813e+00
-1.329609318753881553e+00
4.188583337755754421e+00
-2.041237032675477625e+00
3.664502583402357239e+00
-2.581268608534974085e+00
5.338577518236762742e+00
-2.990457861240071402e+00
2.176807304846318569e+00
2.602639986004746220e+00
-1.155332650710879427e+00
4.513442767550619905e+00
-3.014272491727063130e+00
3.415962580518403957e+00
-2.297299176657618514e+00
5.397473766446694299e+00
-3.041888170008064218e+00
2.078942536289269061e+00
2.740509724830430205e+00
-1.217340226683580218e+00
4.464155778758147619e+00
-2.990157078146637115e+00
3.722338126630540422e+00
-2.534379599484898993e+00
5.383545645540534608e+00
-3.296923491456541733e+00
2.995513513777562586e+00
-1.820670350834692419e+00
5.435480266866142607e+00
-3.018153983999110945e+00
2.116947979605400487e+00
2.669197018851609648e+00
-1.203490379113937525e+00
4.480118031937180945e+00
-3.018364781886739845e+00
3.580513820928067137e+00
-2.398180069786287394e+00
5.486377994750689879e+00
-3.234556325160492296e+00
3.520198087261179332e+00
-2.111492301357161150e+00
2.492647977364002454e+00
7.960733563945436853e-01
2.512006541737877185e+00
-1.151489812834521231e+00
5.541322932624760611e+00
-3.350551384285091139e+00
3.311010060713184266e+00
-2.052942043201340994e+00
5.170721159846690007e+00
-3.298104174500877228e+00
3.002881961523353738e+00
-1.740742890152090716e+00
5.506222195154245824e+00
-3.289800077187201133e+00
3.318005925114963173e+00
-2.056529786812710370e+00
5.126647484379420305e+00
-3.287537649441066634e+00
2.974717981517623233e+00
-1.734679574558879445e+00
5.535971188128903542e+00
-3.238361414583098341e+00
3.525669145036904428e+00
-2.128290700823448400e+00
2.664326754781175310e+00
-2.119176463346454375e-01
3.334319423989859033e+00
-1.559503825523672171e+00
4.129314224782627107e+00
-2.822792752084314127e+00
5.062868839143018995e+00
-3.256105731192881159e+00
2.931687092566679809e+00
-1.725220219784089348e+00
5.527510826275028322e+00
-3.202639805411119589e+00
3.472807944544315184e+00
-1.992066912900942732e+00
2.592127095088425648e+00
1.112722595033691642e-01
3.000329242339491387e+00
-1.406427191448063274e+00
4.245425821744740702e+00
-2.893046183599552457e+00
4.626736558173624836e+00
-3.041925459027471135e+00
2.370239661728309244e+00
1.228075034941450205e+00
2.063994684307317140e+00
1.567547668692662821e+00
2.808900129550006675e+00
-1.292819693528477032e+00
4.336496967408248082e+00
-2.923306598094620234e+00
4.225180599379442015e+00
-2.849617366361505422e+00
4.234723985262322188e+00
-2.859399530242609178e+00
4.150694813971758101e+00
-2.795082640801036522e+00
4.483704189924284655e+00
-2.973388950233577077e+00
3.129911287722800139e+00
-2.067402622033807980e+00
4.933225524871213352e+00
-2.587197365940951066e+00
2.954943756643895636e+00
-1.100055402755228506e+00
3.341287585194280485e+00
-1.561950723094433835e+00
4.113909188218920931e+00
-2.846742705686074348e+00
5.097493143406644833e+00
-3.261655725334451805e+00
2.964472455857633637e+00
-1.733623223942813985e+00
5.530327530100867861e+00
-3.257509565376146554e+00
3.535954206505688369e+00
-2.141161426911083687e+00
3.227086047627524046e+00
-2.178042672156313753e+00
5.127988721479255219e+00
-2.741068565542735591e+00
2.693312701631212835e+00
4.613475513954916618e-01
2.047756107426935035e+00
2.009382180767738557e+00
1.879412430013361446e+00
2.128103748841652543e+00
9.789274424640130867e-01
3.674116939790050829e+00
-1.737740352808059052e+00
4.001774848321470124e+00
-2.764797626766868355e+00
5.363286187775621272e+00
-3.299861411607952100e+00
2.893032013141762615e+00
-1.753909625517417137e+00
5.259142097104249736e+00
-2.844007184824638657e+00
2.533392788940563189e+00
1.397439422294499467e+00
2.820050182182396448e-01
4.672588726861677699e+00
-2.376813841577597231e+00
3.310582768850766744e+00
-2.323657287858875264e+00
4.606839263925726513e+00
-2.330863782370324877e+00
3.297589087985161260e+00
-2.254997557493557903e+00
4.570804310827144334e+00
-2.335911423761713124e+00
3.302678647118322264e+00
-2.314437149848312725e+00
4.641842135690512627e+00
-2.357171103947406365e+00
3.264175481057931538e+00
-2.195437853414349494e+00
4.463869153758234454e+00
-2.264655739688702596e+00
3.394871193669559695e+00
-2.389395993078478497e+00
4.894813099975865001e+00
-2.548045560045699265e+00
2.988443210828621410e+00
-1.178089304730443265e+00
3.476412502965133822e+00
-1.655413506089177922e+00
4.039519560355057770e+00
-2.805258886506621252e+00
5.236322081888450164e+00
-3.279804080808192523e+00
2.472213098051609048e+00
9.865516772345511720e-02
3.962466137657084886e+00
-1.917757099804564103e+00
3.821806522016207630e+00
-2.685905207160305341e+00
5.448961693333959744e+00
-3.188825638968607379e+00
3.527152741955461135e+00
-2.068052464577979865e+00
2.384355135744027354e+00
1.390304778574905642e+00
1.611607169435530285e+00
2.821104929833105235e+00
-1.309359649517449320e+00
4.329485056761281037e+00
-2.931903987079460983e+00
4.246809830468691871e+00
-2.832883705321037837e+00
4.121068898336582187e+00
-2.801967814568723014e+00
4.531412968736397318e+00
-3.022827693333145938e+00
2.835014141281695377e+00
-1.112354525143687711e+00
4.126048241055998211e+00
-1.996472312266906135e+00
3.715566853172697748e+00
-2.610381382947013051e+00
5.390367633385785950e+00
-3.055368493885140424e+00
2.015679058879584318e+00
2.807320164210709290e+00
-1.255422355707770166e+00
4.427356520614892155e+00
-2.973087187132802178e+00
3.912985428459549553e+00
-2.663324365070944388e+00
5.083157067139472574e+00
-3.256271815517841617e+00
2.948032128322976231e+00
-1.718884035062816729e+00
5.536083431000557553e+00
-3.202125622713057673e+00
3.483203394870435066e+00
-2.054185444566974716e+00
2.509727800667429953e+00
6.839197319936900499e-01
2.568940840042756246e+00
-1.183848056817972783e+00
5.293559306156810251e+00
-3.330118826198769533e+00
2.905924939453782940e+00
-1.684999686992765255e+00
5.513054134009440332e+00
-3.299290544898178190e+00
3.440242938604881395e+00
-2.093509746289942353e+00
4.466616607810157014e+00
-2.974453420451862673e+00
3.392218589324903721e+00
-2.302282483567159588e+00
5.405090213362676366e+00
-3.049942495435514989e+00
2.062619468097929065e+00
2.760409470119471464e+00
-1.227750804866366785e+00
4.454551154156375148e+00
-2.985395610608285288e+00
3.777267333706429309e+00
-2.571837721005007182e+00
5.320967527655422913e+00
-3.301382930493588219e+00
2.668423418000170688e+00
-8.398465579556877447e-01
4.492638640055051091e+00
-2.220418523240388353e+00
3.439619615723035206e+00
-2.436745366363667564e+00
4.981043220284062656e+00
-2.628766825018542974e+00
2.864017664312201283e+00
-5.724096109215051076e-01
2.938814984700249600e+00
-1.349767607875426156e+00
4.245938252561859194e+00
-2.914020802121289222e+00
4.518737321733769186e+00
-3.011784597861629109e+00
2.855463145221935228e+00
-1.196714709518509334e+00
4.192138377124846826e+00
-2.035571632589212143e+00
3.643888436723782487e+00
-2.579720370858386236e+00
5.347838149733605384e+00
-2.991555418278750711e+00
2.169755007029443128e+00
2.627357746193556665e+00
-1.157643187454442391e+00
4.512688348967838436e+00
-3.008895486093612792e+00
3.425217928296512060e+00
-2.319159295058076165e+00
5.431677999727742012e+00
-3.083824687945746934e+00
2.296849547044068629e+00
1.375788180984560016e+00
2.498970165359311046e+00
-1.131194419627633785e+00
5.545047076285166909e+00
-3.312439451847073002e+00
3.490827579472422837e+00
-2.123407575663590841e+00
3.858178359594385487e+00
-2.611472316405244243e+00
5.293958809499918594e+00
-3.278917058366310311e+00
2.481862409099182987e+00
4.919412148389974704e-02
3.698679994964891637e+00
-1.767405486419263205e+00
3.962119948865648666e+00
-2.749137363633251674e+00
5.392266765461055655e+00
-3.261310162547573110e+00
3.082508827266174922e+00
-1.914601711650231408e+00
5.508893792980866344e+00
-3.216546140711944446e+00
3.502622400137506808e+00
-2.041720595537433347e+00
2.503799092248115699e+00
8.879718717205796752e-01
2.444998912025722060e+00
-1.152280277616134274e+00
5.556609885816442329e+00
-3.242355368496453227e+00
3.499571512177418686e+00
-2.037124484387131229e+00
2.527084240770520740e+00
7.527395612552332249e-01
2.591315283774920264e+00
-1.209646801271918592e+00
5.239328886022867948e+00
-3.342834579295643316e+00
3.004935002366053709e+00
-1.738411703368002659e+00
5.458631376052481166e+00
-3.319309904303648473e+00
3.056336366179329911e+00
-1.882754281459671386e+00
5.471340946889791113e+00
-3.121430088733814223e+00
2.574677863192511129e+00
-9.178405835299483506e-01
4.929954476908919858e+00
-2.537178581378821018e+00
3.053532906388595425e+00
-1.569313169581427747e+00
3.631018947917915796e+00
-1.748305930164566924e+00
3.955566034166236644e+00
-2.748063370396975014e+00
5.378634863985426229e+00
-3.268958018220287975e+00
3.051780780734576481e+00
-1.880271137809605975e+00
5.470937340929491910e+00
-3.128889120391519452e+00
2.691147673720543310e+00
-1.440195535825017581e+00
5.403480691654292123e+00
-2.973162751140506987e+00
2.287383356550790836e+00
2.453959786060355697e+00
-1.124100768172320741e+00
5.062880781203987546e+00
-3.291464059797962083e+00
2.972466584188711014e+00
-1.752393550584798732e+00
5.532052881330828065e+00
-3.209429427976448590e+00
3.526466652002757662e+00
-2.073653086639483778e+00
2.456852285519996570e+00
9.412793873655338484e-01
2.314068647859574224e+00
-3.375374029193837222e-01
5.013295017443795132e+00
-2.594201095506045274e+00
2.985058238044314027e+00
-1.232881573963841682e+00
3.330169026120709308e+00
-1.584610414434218573e+00
4.097624392085805312e+00
-2.824237422454826785e+00
5.116951190047541509e+00
-3.243045328569028829e+00
2.987104705894156886e+00
-1.755403390326318647e+00
5.511922153279877890e+00
-3.285536553738607868e+00
3.493288552080083598e+00
-2.117331328132105561e+00
3.790184669575153986e+00
-2.560838440170995600e+00
5.383682856385457072e+00
-3.313399568544256102e+00
2.919547462527650961e+00
-1.794672295537069751e+00
5.315050649285748996e+00
-2.907069164156536267e+00
2.410969577789765061e+00
1.951801865316489470e+00
-8.589988984297305397e-01
5.531403349800084968e+00
-3.130800523176844763e+00
1.988014481557895285e+00
2.841067904066312710e+00
-1.286444204910422551e+00
4.407620948797378091e+00
-2.978602496818112400e+00
4.021622349173200384e+00
-2.689758117317774477e+00
4.867193840746417699e+00
-3.190319435440779117e+00
2.980660762851100820e+00
-1.775140032666804313e+00
5.525907294708598982e+00
-3.212586537502798656e+00
3.517448255333296636e+00
-2.035295005532909762e+00
2.465941578637195875e+00
8.323451070157553700e-01
2.383781623297497099e+00
-8.816091516423660845e-01
5.406823481740416604e+00
-2.969254201471891452e+00
2.323381205222684098e+00
2.334582631716096035e+00
-1.103577422831228283e+00
5.377388933273424598e+00
-3.370351225582230548e+00
2.532463110439546305e+00
-1.092016164952319679e-01
3.870750423878496438e+00
-1.846257522530592166e+00
3.882447005071823831e+00
-2.723985370630981784e+00
5.434807608843549076e+00
-3.238227296324523774e+00
3.485517714752198515e+00
-2.110175242415877506e+00
3.745540767852888031e+00
-2.532619191082677634e+00
5.425236491893361546e+00
-3.268291575050350506e+00
3.154813217056209318e+00
-1.958467599775001844e+00
5.489643554018653226e+00
-3.291893243324389040e+00
3.399801595166153767e+00
-2.070660818213294174e+00
4.776759512976911815e+00
-3.128227263419934623e+00
3.024091164390250608e+00
-1.741681153242858882e+00
5.159169204704330269e+00
-3.306328009824004432e+00
2.995919794341490139e+00
-1.746908258195538188e+00
5.519910903234423571e+00
-3.275417529605872957e+00
3.425923604366708286e+00
-2.112902374234489233e+00
4.440302105006018962e+00
-2.986193615535347234e+00
3.470955186639553602e+00
-2.327654768691624909e+00
5.461760871210549873e+00
-3.105059717958005283e+00
2.970140155414710659e+00
-1.679490909126016174e+00
5.106922763295834500e+00
-3.294841988294896939e+00
2.961815157660599773e+00
-1.737707981963620085e+00
5.533729874943659865e+00
-3.212296095180403821e+00
3.533336639713565930e+00
-2.080899849659506806e+00
2.430844620224784869e+00
1.085832817738027867e+00
2.174332568375675123e+00
9.257149105233870579e-01
3.770476731698225503e+00
