8.299034973126522274e+00
-4.190993578334357039e+00
1.813321831229759873e+00
3.743394373914248341e+00
-1.459859970374371541e+00
4.170127500318776548e+00
-2.411325131344984385e+00
5.141550036593981687e+00
-2.755962801394143291e+00
3.065438669253989001e+00
-1.223603180700342463e+00
5.017012093201467238e+00
-2.275210325147056345e+00
3.099682158535263188e+00
1.589987301901722994e-01
3.238070175029297726e+00
-1.265912588275208694e+00
4.255883787583517375e+00
-2.461248935092199552e+00
4.741917689768101241e+00
-2.637008594256232019e+00
2.590832671301119827e+00
1.612906135570053578e+00
2.917076683101272216e+00
-1.116952644079399981e+00
4.597661733208697754e+00
-2.611216400879883714e+00
2.800906213635240505e+00
1.259955683709582441e+00
2.645441457887665493e+00
-5.832425168123587245e-01
5.297846916107860515e+00
-2.526962328428750570e+00
2.652461896192903179e+00
2.220724511864006434e+00
3.775094700833272476e-01
4.805131262237350320e+00
-2.102716984113481402e+00
3.395845616597931382e+00
-1.382887572491736661e+00
4.323390086266461374e+00
-1.828048552734436338e+00
3.728100825031553711e+00
-2.196217561849890920e+00
5.156995338116235672e+00
-2.416595482693237429e+00
2.799698442677083676e+00
1.761665317927805230e+00
1.802959771782079557e+00
3.349000678078244864e+00
-1.314855989978074291e+00
4.241118806903240390e+00
-2.453191161472144444e+00
4.851959465399981575e+00
-2.667591809894230614e+00
2.452252319831066618e+00
2.212984123263142422e+00
1.980699511765517284e+00
2.822437377585059526e+00
-1.072516637495622316e+00
5.068394230911008158e+00
-2.761653879482331320e+00
2.630797096237417865e+00
1.463067311758870614e+00
3.039043076060907289e+00
-1.171763559525025089e+00
4.331569733275998146e+00
-2.493590835693844543e+00
4.389716753986022901e+00
-2.488890302058994752e+00
3.905922664703248781e+00
-2.220690799863475284e+00
5.305118892228765759e+00
-2.743675328684878956e+00
3.213829117890546261e+00
-1.552108183807927366e+00
5.317067928196792082e+00
-2.760974489279667488e+00
3.318178903170631688e+00
-1.610741037634987549e+00
5.280182821874950250e+00
-2.749100254566483326e+00
3.271769577299896703e+00
-1.647519689104869123e+00
5.356255351719160451e+00
-2.706652538491934656e+00
2.438700612512747945e+00
2.131648662291563578e+00
2.220860882612808229e+00
2.255233855484159555e+00
2.108489047479358725e+00
2.478450968834807533e+00
4.334054783489801888e-01
4.646665552603241878e+00
-2.002933486186871725e+00
3.532001184417171924e+00
-1.893024635950364631e+00
4.725463168026667660e+00
-2.085656865304981622e+00
3.394117337437359438e+00
-1.547310842601388847e+00
4.384128224350622105e+00
-1.858629586766221031e+00
3.684586266600402116e+00
-2.146079098152029019e+00
5.078310468064962002e+00
-2.355119205258364268e+00
2.948852344027884875e+00
7.989094720456980658e-01
2.646650845619554104e+00
-6.653449711719831017e-01
5.307767726556033239e+00
-2.521623040682207773e+00
2.620079437998811045e+00
2.463930985161764564e+00
-1.958270090128320928e-01
5.129161580042366886e+00
-2.366075914981606410e+00
2.970630711059818463e+00
8.247903366025005623e-01
2.670899100406507021e+00
-6.957099663534871414e-01
5.346812930286111154e+00
-2.582130501981737325e+00
2.515117274170727946e+00
2.607210839370534661e+00
-8.116073151713731892e-01
5.396769056931583819e+00
-2.672167445025209531e+00
2.203158435222767775e+00
3.044748354346193953e+00
-1.134937807429962753e+00
4.421096388179548420e+00
-2.539417536437122980e+00
4.037318659816653721e+00
-2.306199771107353858e+00
5.132098279913180683e+00
-2.732709810875406653e+00
3.052569568192403437e+00
-1.101884681848609882e+00
4.895281622682460920e+00
-2.200991254553887888e+00
3.232451234554588382e+00
-7.001287377257424671e-01
3.797570989459190915e+00
-1.518004870560152098e+00
4.045310013854468423e+00
-2.373164832374849098e+00
5.267128878473260833e+00
-2.736177795926639789e+00
3.274131608507577784e+00
-1.584591574357873345e+00
5.283348119325819603e+00
-2.759288676255838624e+00
3.306279018892460897e+00
-1.618381140608101676e+00
5.345028790150646358e+00
-2.732373707585152633e+00
2.904682304856227137e+00
-9.398885707207754736e-01
5.105110331641225407e+00
-2.334696250749459523e+00
2.997138264783584471e+00
7.983298476998212934e-01
2.733646677368092526e+00
-1.042039841612935502e+00
5.379285528088292523e+00
-2.747784869213766079e+00
3.060955995080461012e+00
-1.398990393688548162e+00
5.360756991156242712e+00
-2.606861091302788314e+00
2.325060327798414317e+00
2.840243068304909801e+00
-1.038694277745608519e+00
4.492845085406498740e+00
-2.552799965591314724e+00
3.572007264821516870e+00
-2.016875084389521788e+00
5.150408335975766860e+00
-2.415255275133877610e+00
2.838567018634847727e+00
1.393734799496706644e+00
2.116946739497848728e+00
2.538288671926188567e+00
7.765621407854983449e-02
4.934115479503595303e+00
-2.182032393430483275e+00
3.264832472420085008e+00
-8.446610562582208548e-01
3.823892254370740318e+00
-1.554682644350218634e+00
4.015170137287027430e+00
-2.338404376480544222e+00
5.296602588602247863e+00
-2.703148976276998017e+00
3.203429958942638045e+00
-1.531447396231460534e+00
5.340984732951228331e+00
-2.750563380600059560e+00
3.197674399955613644e+00
-1.517904661366290098e+00
5.344956277343108297e+00
-2.739458236462838592e+00
3.280420492114351827e+00
-1.590215950279691537e+00
5.275176653442898989e+00
-2.776312615006637952e+00
3.295152584853989985e+00
-1.636869467208392992e+00
5.355908206218941814e+00
-2.713493019795659933e+00
2.992661682826376346e+00
-1.259700832403660709e+00
5.248537781266257696e+00
-2.498359514927873448e+00
2.684065934725505809e+00
2.163481579398118360e+00
7.137010698069017334e-01
4.583781682337255248e+00
-1.942145768699383934e+00
3.579304521900921188e+00
-2.094688447227412986e+00
4.864279954722634081e+00
-2.185744788506489567e+00
3.231063748614791287e+00
-6.692682322304565057e-01
3.799764410585940055e+00
-1.513458584213794644e+00
4.048762158397984479e+00
-2.369533953007996629e+00
5.270271945209897169e+00
-2.733625669085220089e+00
3.279682057793890770e+00
-1.582805500086691852e+00
5.285585842794844780e+00
-2.755942722349298268e+00
3.307732369085213620e+00
-1.655703844958758442e+00
5.349568005223810374e+00
-2.726472988390965746e+00
2.848672380575311802e+00
-6.114578121673373001e-01
4.922397602054759957e+00
-2.183793621539397378e+00
3.252131117249916770e+00
-8.060474973196721793e-01
3.791351542663523144e+00
-1.541436706763980924e+00
4.029137589023988220e+00
-2.349751650542957648e+00
5.282178932124792503e+00
-2.713337649135743046e+00
3.277973073372570045e+00
-1.592763001351219510e+00
5.280827755251296551e+00
-2.776195561440504278e+00
3.303458895565420939e+00
-1.639155795733281185e+00
5.344231900623270803e+00
-2.730148412505492672e+00
3.208619331857839541e+00
-1.498394532640318744e+00
5.331439660889581766e+00
-2.760097276357421414e+00
3.252154723248558366e+00
-1.564704077183804110e+00
5.293290104380333538e+00
-2.759058123822278219e+00
3.317868723181988777e+00
-1.620260919837840152e+00
5.331292031375520324e+00
-2.750932952420205080e+00
3.185065380887360575e+00
-1.516633850562063790e+00
5.347995000984370861e+00
-2.739483221963016746e+00
3.238285599472430221e+00
-1.523421659408201068e+00
5.304854936049137493e+00
-2.773897004402934741e+00
3.311246397832785959e+00
-1.628928999094721108e+00
5.283590278956902253e+00
-2.759457465843654589e+00
3.311052518190085170e+00
-1.621818312422105723e+00
5.335813641805714269e+00
-2.744984906832404814e+00
3.087540204026354207e+00
-1.454163134300924032e+00
5.370416925528314067e+00
-2.662330010531322788e+00
2.203273436789455531e+00
3.038300516039496024e+00
-1.134752380563128327e+00
4.422496517156284668e+00
-2.542685191104624209e+00
4.024753806244662613e+00
-2.301818200765440636e+00
5.152472334960872757e+00
-2.737470320712886540e+00
3.105969409903119871e+00
-1.230165297883765829e+00
5.060440923617417042e+00
-2.332579740247731959e+00
3.010618884967681375e+00
5.401297902647586024e-01
2.888398806927614526e+00
-1.086950936529067047e+00
4.826198926732245376e+00
-2.667768896795023714e+00
2.534869260765194365e+00
1.585346449956250403e+00
2.920291927049214031e+00
-1.110409006847642654e+00
4.384918454619484152e+00
-2.492635089664982484e+00
4.159089114374908469e+00
-2.350487889160375321e+00
4.866857984056442099e+00
-2.699012211235749525e+00
2.451580878208549308e+00
2.125811410290867620e+00
2.103996207026660237e+00
2.588879466593183132e+00
-2.426613585400646533e-01
5.139051005373937109e+00
-2.373031928622794773e+00
2.967597098309334491e+00
7.200341915047310248e-01
2.693466906979683717e+00
-8.856303327788983548e-01
5.388032474286402085e+00
-2.641354387981897922e+00
2.297039649551315232e+00
2.904295909062654335e+00
-1.079328642253489567e+00
4.465118998015105589e+00
-2.552289499980552101e+00
3.756142586490034851e+00
-2.140870929249450327e+00
5.322590056108429835e+00
-2.608870566294655191e+00
2.299862247025059148e+00
2.901188553557545902e+00
-1.073028881629653153e+00
4.468352258830499579e+00
-2.548454439460383192e+00
3.749381635646739319e+00
-2.131107563954422801e+00
5.319595794321354099e+00
-2.595037970020168228e+00
2.298699142790006977e+00
2.868713211819843956e+00
-1.051655928932998751e+00
4.483696447615986180e+00
-2.549004625650615363e+00
3.652672822647815565e+00
-2.066200372614199310e+00
5.252108030018980855e+00
-2.520635471885908085e+00
2.604641202248119125e+00
2.368197567944765769e+00
-4.630738047010612979e-02
5.073571281827926605e+00
-2.301424414977465638e+00
3.076458342386674261e+00
3.319314140843272476e-01
3.084771648379747155e+00
-1.207526849791401347e+00
4.296588332470529181e+00
-2.472870115352356901e+00
4.564971832345557701e+00
-2.562579938887574293e+00
2.781568839825673489e+00
1.472523905813805101e+00
2.509261716083272198e+00
4.420429408130661653e-01
4.602542221292713620e+00
-1.986216150249830115e+00
3.559204660594752045e+00
-1.994864714764486457e+00
4.800762769976866018e+00
-2.112038241738107391e+00
3.330644856467696702e+00
-1.205148180329743024e+00
4.095379639844378694e+00
-1.703043864665260143e+00
3.865996511042511408e+00
-2.261927649644628779e+00
5.301059909108821522e+00
-2.579771397124244192e+00
2.384118746158206736e+00
2.796437466398147276e+00
-1.024688400539763400e+00
4.761096501059344455e+00
-2.670970937900028819e+00
2.949686178621158117e+00
-6.008082656930310295e-01
4.685973950134457056e+00
-2.016601878132024517e+00
3.461693967812670358e+00
-1.815467520457933137e+00
4.574007089295953676e+00
-1.985008509347119476e+00
3.524941381124478745e+00
-1.910934399069347700e+00
4.735568710861133290e+00
-2.063573772903068981e+00
3.374634646678782879e+00
-1.512883516610956214e+00
4.331119942850772730e+00
-1.836383766165712306e+00
3.713458116072528625e+00
-2.172554907811555580e+00
5.132332819438897076e+00
-2.375694374865144454e+00
2.872666870855554500e+00
1.321400876843808803e+00
2.150332169410782424e+00
2.405138565440503751e+00
1.086614009111346757e+00
4.111228530228267175e+00
-1.675547577356000017e+00
3.916333879543900220e+00
-2.271397874915084270e+00
5.297166683787197350e+00
-2.635506799078548568e+00
2.258884246516427829e+00
2.933426115655591193e+00
-1.069037903323895922e+00
4.468863225978874532e+00
-2.531524840400911636e+00
3.813625072490365309e+00
-2.191447464209107299e+00
5.317403412881035685e+00
-2.671383026970433949e+00
2.137088276605598747e+00
3.081127451903024284e+00
-1.137661247684251142e+00
4.412199118643991724e+00
-2.505229107529580723e+00
4.162065656941454250e+00
-2.395357694112120850e+00
4.798559466393455430e+00
-2.666529839159818671e+00
2.615466081681454114e+00
1.234453053708671533e+00
3.398016067810710084e+00
-1.305575480626653073e+00
4.237205863093299385e+00
-2.457044936500649257e+00
4.906041607284440609e+00
-2.700821123043336769e+00
2.526452415880434899e+00
1.886904851408665262e+00
2.513328599616799330e+00
4.053872469706707449e-01
4.731142021593226055e+00
-2.065839467203950175e+00
3.457352617334722211e+00
-1.758772100078285661e+00
4.544797970324583325e+00
-1.956020239089669710e+00
3.559658462170576243e+00
-1.966984389730265015e+00
4.816227003991335742e+00
-2.147431898773251024e+00
3.301491217394110667e+00
-1.135021832455676893e+00
4.077677692743794324e+00
-1.680556631748578278e+00
3.886348335002032250e+00
-2.260532424590386835e+00
5.313099074109510767e+00
-2.624893190973882184e+00
2.309214531482505883e+00
2.862782058657486139e+00
-1.043673717451657490e+00
4.486257275284212476e+00
-2.544487139424140842e+00
3.636244243163401890e+00
-2.050977253416294666e+00
5.207138316945589374e+00
-2.493387481573344111e+00
2.663761870448348557e+00
2.193031452031414918e+00
5.517218035395239362e-01
4.689784089250832011e+00
-2.019205095490498536e+00
3.507064094306747037e+00
-1.780982197537043010e+00
4.622843614622990316e+00
-2.026835736186961334e+00
3.472327662933070602e+00
-1.785256519938847708e+00
4.605938678246100260e+00
-1.987352603499732862e+00
3.514396493857542048e+00
-1.819242746880921580e+00
4.666523388433494901e+00
-2.056879879485685514e+00
3.431880591444170125e+00
-1.655572928149549927e+00
4.484878016580560178e+00
-1.911710892888002666e+00
3.615072456630005426e+00
-2.061776119562561682e+00
4.908912910490702330e+00
-2.230995665173421294e+00
3.164654649911393225e+00
-3.749088882111729082e-01
3.561894370203942728e+00
-1.404490936525455425e+00
4.147443010494397342e+00
-2.385643830913967367e+00
5.112644827842173889e+00
-2.754307713928245249e+00
3.045890760275401288e+00
-1.123354449899840457e+00
4.951538655593258120e+00
-2.221828955063974043e+00
3.187116465328972303e+00
-3.234002988733969408e-01
3.599088621489634932e+00
-1.436634345902309207e+00
4.123479464948395901e+00
-2.403146356626050473e+00
5.144112102248765694e+00
-2.738557162878323403e+00
3.111378903930167361e+00
-1.287257386622512989e+00
5.112189240155195158e+00
-2.361419683301076766e+00
2.961635765476564153e+00
7.639362407794014764e-01
2.681266303822018138e+00
-8.202225107670280124e-01
5.374404062456173747e+00
-2.606368094001922486e+00
2.398966868495745697e+00
2.787951511538249605e+00
-1.019336374806947276e+00
4.818771350141364707e+00
-2.692120809370191825e+00
2.577302853981371378e+00
1.492765156933872683e+00
3.122846409406622836e+00
-1.174428717788984500e+00
4.304931447992805360e+00
-2.490564173636439449e+00
4.522706082689176732e+00
-2.555725111945310601e+00
3.047474336777953763e+00
-7.234393056739352179e-02
3.702958530990175134e+00
-1.459729351814300857e+00
4.074730656328032552e+00
-2.393535669619911932e+00
5.211543421762052652e+00
-2.746683663212159399e+00
3.277427890424715606e+00
-1.626271414201962751e+00
5.368074804892133400e+00
-2.685716312067124356e+00
2.185148340463352934e+00
2.895695732451740945e+00
-1.085325383274057476e+00
4.432866451639240424e+00
-2.529093751875502782e+00
3.910243174755050788e+00
-2.225411784776056390e+00
5.299352047594096504e+00
-2.710360962046405753e+00
3.243705867264376153e+00
-1.578428244078083686e+00
5.290286756193705031e+00
-2.769099510505135253e+00
3.313464220715884867e+00
-1.631736247595647393e+00
5.337469235880943685e+00
-2.728539437034873671e+00
3.244007731321208787e+00
-1.579326599501713835e+00
5.284843989085970861e+00
-2.771318277463494795e+00
3.306303473187487185e+00
-1.632592692979562665e+00
5.350766488186163627e+00
-2.722082501893885897e+00
3.153565910410110806e+00
-1.514769469685997683e+00
5.351562550832960952e+00
-2.738663496767927974e+00
3.073029235431737227e+00
-1.421287404218634975e+00
5.366962287277718957e+00
-2.626573556294989231e+00
2.301740291796202431e+00
2.904866874466864424e+00
-1.073004337023122368e+00
4.467735708674205775e+00
-2.546755510487175300e+00
3.756300900045544733e+00
-2.133783632063263713e+00
5.324523272868201929e+00
-2.602016201129793593e+00
2.277635291159497033e+00
2.896014679340169096e+00
-1.063437146513172005e+00
4.474607343647733160e+00
-2.544626535997243089e+00
3.726022291804314879e+00
-2.109817994289593823e+00
5.311327838006783431e+00
-2.603677192556786757e+00
2.383088406853223429e+00
2.776319687937301772e+00
-1.000383107732994992e+00
4.982653265023272660e+00
-2.734142669761771671e+00
2.443749984662377805e+00
2.251855153435892820e+00
1.842139390286113176e+00
3.097484875191499842e+00
-1.194833109086848033e+00
4.324932286540386528e+00
-2.480885050367852784e+00
4.491383061888771344e+00
-2.522018341183091650e+00
3.330834659715081081e+00
-1.519461360417877493e+00
4.595312604963063485e+00
-2.003282674068716851e+00
3.510239961474676207e+00
-1.894078194005706983e+00
4.696918134266242717e+00
-2.045938476170357845e+00
3.431530840809435379e+00
-1.517176058816627870e+00
4.427290165947474598e+00
-1.902204525997936768e+00
3.636891216490230061e+00
-2.132702255883790698e+00
4.995663176865241972e+00
-2.266067040765436413e+00
3.084820086775004189e+00
2.839757025171297800e-01
3.147604892161026680e+00
-1.232344956289754823e+00
4.283716360010908275e+00
-2.466376874511138517e+00
4.651464647563364530e+00
-2.594973015465226407e+00
2.850216519262612103e+00
-4.284283380695713683e-01
4.799479959149214991e+00
-2.133666986500383445e+00
3.347361351632496707e+00
-1.301592589292096758e+00
4.204538086678818232e+00
-1.745467106335329310e+00
3.814346694261921744e+00
-2.213970889755191074e+00
5.232408270064856204e+00
-2.530228789027669123e+00
2.564085222104642181e+00
2.497047873265916262e+00
-4.327713217800811529e-01
5.279267306897309275e+00
-2.483145046590573557e+00
2.714546964177451116e+00
2.045248839423195353e+00
7.656804507205801080e-01
4.470249611612014284e+00
-1.902302628020738684e+00
3.666302903359784260e+00
-2.148082387588760689e+00
5.035788526304097346e+00
-2.290213950479170535e+00
3.036364672969308565e+00
4.133278020083703819e-01
2.922545069263351447e+00
-1.123206684840946989e+00
4.398428056457655444e+00
-2.504750913765167120e+00
4.078873070740283602e+00
-2.313350999786067508e+00
5.076045739340968588e+00
-2.751662329427413844e+00
2.854353787452933666e+00
-6.241252023971510798e-02
4.235353483610568404e+00
-1.760912231384834881e+00
3.813922253219762748e+00
-2.221585087238973522e+00
5.254105463421732125e+00
-2.532133536435102972e+00
2.565659071655707724e+00
2.475201371174250653e+00
-3.972174519971000128e-01
5.256378696934195460e+00
-2.465671746401003617e+00
2.758293562216452166e+00
1.977190259325583011e+00
1.260332006929108850e+00
3.980403637273437045e+00
-1.628715247200746674e+00
3.971061680311934960e+00
-2.325466214972392365e+00
5.315922978001743182e+00
-2.673264543803939741e+00
2.428666014700055165e+00
2.239079482458617321e+00
1.972282311504598873e+00
2.848032462779567897e+00
-1.080215700297056713e+00
4.916049557047164065e+00
-2.716153525781167311e+00
2.658549798361548255e+00
1.026497237278381824e+00
3.643893794785103335e+00
-1.453029581426096062e+00
4.123794138392166353e+00
-2.407653775727617518e+00
5.151146715610165572e+00
-2.739864766108034200e+00
3.134766725871499737e+00
-1.380600938625170082e+00
5.173362821480034235e+00
-2.418061798084361058e+00
2.854717039134639478e+00
1.333714338088215046e+00
2.171253149361620061e+00
2.371566009390090990e+00
1.415991286764006762e+00
3.783296359772244433e+00
-1.489477813605730283e+00
4.067665269362999325e+00
-2.392550918411822991e+00
5.231899366704624299e+00
-2.742331894595214425e+00
3.305849522969642962e+00
-1.628416952035943943e+00
5.339663679864997903e+00
-2.729716682498199987e+00
3.229940570618010653e+00
-1.571251847307024274e+00
5.294092939505878448e+00
-2.771247100831220944e+00
3.315373743644764115e+00
-1.633421803928188698e+00
5.326519039626605334e+00
-2.740537133654412205e+00
3.318512136081394726e+00
-1.623175179449456884e+00
5.260185281208566543e+00
-2.776535609066962174e+00
3.269388345249742756e+00
-1.628432671561432121e+00
5.369273884386046802e+00
-2.669440203300701864e+00
2.144677712739376130e+00
3.080466058395993301e+00
-1.164052489098163168e+00
4.394587763323563934e+00
-2.522052952516950164e+00
4.215466170441279026e+00
-2.393483183038006779e+00
4.689998598771818905e+00
-2.599283538530099857e+00
3.162681676314615942e+00
-1.568164680879311046e+00
5.344233423561462359e+00
-2.630526508501259464e+00
2.321441808672449536e+00
2.882139305643627303e+00
-1.030534144941890107e+00
4.496729909141464532e+00
-2.571308235033833878e+00
3.625146324874850556e+00
-2.081029398188871671e+00
5.221338596388127584e+00
-2.486099647849212335e+00
2.656512804603109679e+00
2.301145178922306744e+00
3.999506432114857124e-01
4.843555244135473004e+00
-2.139336171948379217e+00
3.354753557239452455e+00
-1.346509099411979049e+00
4.222588440898430662e+00
-1.759531283156092751e+00
3.801549082614400277e+00
-2.210752428040708040e+00
5.245346901610683510e+00
-2.517330397424434985e+00
2.599677295518316722e+00
2.388310867583551822e+00
-7.399502819844527846e-02
5.093791847456561328e+00
-2.314714068020669480e+00
3.051942191762698542e+00
4.905425445569322473e-01
2.969305716722688171e+00
-1.152950098276201096e+00
4.332885648113220967e+00
-2.483268667297214627e+00
4.376147157003368982e+00
-2.474051169998532806e+00
4.000173408384835483e+00
-2.265360610436043309e+00
5.192866190287750428e+00
-2.761055148975181339e+00
3.228858295876767315e+00
-1.622294302462217841e+00
5.346699774879544620e+00
-2.618856534819586912e+00
2.334380634818627342e+00
2.884615133230302053e+00
-1.058982626405202021e+00
4.480256696869600042e+00
-2.562974981076490799e+00
3.612531513938341377e+00
-2.059357945532636069e+00
5.209500276834864607e+00
-2.454624426881454546e+00
2.719056417020188299e+00
2.137711741627173367e+00
9.029676347517936463e-01
4.345867833107739386e+00
-1.828730035177552393e+00
3.754484882379891530e+00
-2.201331281838873721e+00
5.179983496681624722e+00
-2.423836613457964084e+00
2.772493106135839103e+00
1.800924056322589228e+00
1.445337051139336637e+00
3.783253129107351231e+00
-1.515236440626005043e+00
4.076355159051536781e+00
-2.368000102369685500e+00
5.251589803569003401e+00
-2.720059215286720899e+00
3.295409991419258056e+00
-1.645511356445389595e+00
5.314232896843069653e+00
-2.756926302962525277e+00
3.303282584629700480e+00
-1.599177193875095382e+00
5.274586464234342742e+00
-2.753910041940244469e+00
3.258708722684746206e+00
-1.647787786689759226e+00
5.353757755549269248e+00
-2.689944292367415279e+00
2.107295105883329356e+00
3.124213446310823539e+00
-1.153792706159147308e+00
4.400062811006305807e+00
-2.496125324405549684e+00
4.256661588506529981e+00
-2.438083138241146308e+00
4.480891136731272262e+00
-2.533676480524071017e+00
3.369031821748829980e+00
-1.590851380156607542e+00
4.743311339303423857e+00
-2.060573544713684591e+00
3.382061725282393017e+00
-1.517903847049210775e+00
4.346050913161366935e+00
-1.840094961936542317e+00
3.708538711445339864e+00
-2.164782293558931592e+00
5.121236635239539758e+00
-2.360126130893427376e+00
2.868492241406632282e+00
1.210100020606609483e+00
2.271793295419393122e+00
1.986236330730433597e+00
2.829226028224870237e+00
-1.054606028707699927e+00
5.118226725280551115e+00
-2.755287577175533187e+00
2.724888526651168874e+00
7.021134440219789496e-01
3.629011490240739324e+00
-1.445703738677553307e+00
4.125417702094249073e+00
-2.390772054036583327e+00
5.169507228637300500e+00
-2.728087926467490210e+00
3.138553593686838727e+00
-1.519467234856086924e+00
5.211409327256205870e+00
-2.461534660846905975e+00
2.749348129144939978e+00
1.931006354762442756e+00
1.364014573005694064e+00
3.973376350932937839e+00
-1.583690263272102161e+00
3.979171973084429048e+00
-2.344671748501777842e+00
5.303757221833649282e+00
-2.695321082958869852e+00
2.797415625056685506e+00
-2.306823016385091962e-01
4.703476234239881926e+00
-2.022391446778199153e+00
3.458876387783421436e+00
-1.793599824478377069e+00
4.558420097039231678e+00
-1.972294225971468862e+00
3.540992028514637013e+00
-1.942164502982023144e+00
4.775079099653905423e+00
-2.088120258320381506e+00
3.336969419720323682e+00
-1.338719242815376687e+00
4.206039555029209787e+00
-1.760311890044294447e+00
3.801405360439597203e+00
-2.220656247945210104e+00
5.248612942306950302e+00
-2.494810380825463358e+00
2.573259624710964033e+00
2.430583257479646875e+00
-3.023596171000098032e-01
5.199692244279762399e+00
-2.418628678595679204e+00
2.864073468739488870e+00
1.449611761378391428e+00
2.145690203440545396e+00
2.487664588149241407e+00
2.663805396204967924e-01
4.749337244327250573e+00
-2.081143357529338100e+00
3.430547610866941710e+00
-1.594765513014752667e+00
4.451046226864269428e+00
-1.881148674925721576e+00
3.649885231810894304e+00
-2.147977018385348824e+00
4.978657834550398675e+00
-2.275185463812999132e+00
3.083438970326255912e+00
1.506426562825093352e-01
3.212427787377845956e+00
-1.227100772468764589e+00
4.285210691397048244e+00
-2.476577150204942956e+00
4.705199967070411660e+00
-2.635139001933174185e+00
2.932381583073246922e+00
-5.338335019560844774e-01
4.627880583544629722e+00
-1.985342428220098210e+00
3.534064541181196617e+00
-1.960431237481004896e+00
4.700157454685905734e+00
-2.075241627309999171e+00
3.401358819135205103e+00
-1.515780137892369872e+00
4.390557803640317225e+00
-1.848774502801600050e+00
3.691564098009419759e+00
-2.178604034856931104e+00
5.058372991934040996e+00
-2.347168469973364147e+00
2.953423299103028032e+00
8.608995000452048796e-01
2.639356397165133039e+00
-5.443600394665735198e-01
5.277131582348712158e+00
-2.468425223851126837e+00
2.699932222661373782e+00
2.035744642961340833e+00
9.173406387576558130e-01
4.370222830344300036e+00
-1.828534699457584178e+00
3.752104615863839143e+00
-2.185660433222862409e+00
5.172879591245307829e+00
-2.438727110022876232e+00
2.778044132554752910e+00
1.705988596088507947e+00
1.725418859770185609e+00
3.430556109778939433e+00
-1.326222991947963781e+00
4.232297214588169432e+00
-2.424883887641740898e+00
4.917988073133379601e+00
-2.712438737379745390e+00
2.547446966086423625e+00
1.749107283999079776e+00
2.658419500149600712e+00
-7.050732794662590841e-01
5.342224681014807963e+00
-2.551620169589336129e+00
2.506139362580273033e+00
2.600380079280828483e+00
-8.313474930436114407e-01
5.395466317088430941e+00
-2.683377953992606813e+00
2.184466766177106223e+00
3.052397612405759020e+00
-1.108711995383062199e+00
4.411877835318923857e+00
-2.545317282829141270e+00
4.065832719226497360e+00
-2.331725777950855782e+00
5.064791153542033797e+00
-2.729509054132072343e+00
2.874833885988418825e+00
1.248177553273099871e-02
4.262361900060292363e+00
-1.784489269796562194e+00
3.795127700199396159e+00
-2.237520299311342775e+00
5.236613082892859872e+00
-2.503868970287991935e+00
2.602627233239428239e+00
2.470480943365086723e+00
-1.614085462084616784e-01
5.157666748302865756e+00
-2.401732272321179362e+00
2.908706500085588065e+00
1.106022846802954263e+00
2.401659736669762069e+00
1.261254234360962290e+00
3.942422701571595134e+00
-1.571986586238068195e+00
3.990080583927873015e+00
-2.353604634725968481e+00
5.297402964569974948e+00
-2.706059223909559996e+00
2.984770243724558014e+00
-1.216444313408423739e+00
5.269542674734799093e+00
-2.481469169162745736e+00
2.654744756605530664e+00
2.178749786791285281e+00
4.662878726205603730e-01
4.723619313849528822e+00
-2.054868489539694032e+00
3.464642450466811407e+00
-1.688646718036427963e+00
4.543533152899753347e+00
-1.930722739527877430e+00
3.554720101595869597e+00
-2.042213783812867778e+00
4.825963095113800172e+00
-2.151141204258061546e+00
3.282888804666431959e+00
-9.071764218886706477e-01
3.982946748968897666e+00
-1.604787192794810746e+00
3.932232758738948064e+00
-2.317705282783611320e+00
5.312183951994038367e+00
-2.668330213983019839e+00
2.113943954230963485e+00
3.117195259625919146e+00
-1.146998277210304895e+00
4.403801750541894933e+00
-2.535430385872741610e+00
4.241504559524575058e+00
-2.427067311590632492e+00
4.546277909429925046e+00
-2.559365577763887067e+00
2.921402043094455170e+00
6.994226165897802217e-01
3.171944679215336738e+00
-1.235007491386580059e+00
4.282034691769611712e+00
-2.473669402733260192e+00
4.628755535266407151e+00
-2.594245223050917648e+00
2.218185932009308470e+00
2.875342953566604631e+00
-1.035699032294024047e+00
4.504027616974264348e+00
-2.578441778233417470e+00
3.416082423481030972e+00
-1.808004201391553378e+00
4.869655489767108492e+00
-2.170863801216575517e+00
3.254478930051013297e+00
-7.081190963141121841e-01
3.863579306496548238e+00
-1.572613337758913321e+00
4.000295675021821040e+00
-2.344904708284148764e+00
5.296905933724870508e+00
-2.709911160840929423e+00
3.142320469072325206e+00
-1.464487099349236043e+00
5.378877730476641972e+00
-2.722578553005272184e+00
2.338240363732534188e+00
2.425415649150508113e+00
7.499052185582982810e-01
4.455433028799673956e+00
-1.875328999887987624e+00
3.693559765533520167e+00
-2.146204716398607992e+00
5.046638430370562922e+00
-2.343149528711732987e+00
2.963842880004686986e+00
7.699905067831402938e-01
2.703606251306217345e+00
-8.930682422919651309e-01
5.395468140095244891e+00
-2.646313450945455337e+00
2.232457743732944255e+00
2.950842055860706914e+00
-1.093820456703437749e+00
4.452036471334659851e+00
-2.540134033565241367e+00
3.872286910479708411e+00
-2.201087815248019997e+00
5.321036356402090384e+00
-2.688784300546534389e+00
2.986232556759328638e+00
-1.299986018561572809e+00
5.282763521963010689e+00
-2.525713671719214126e+00
2.607456810669356084e+00
2.450461578570312327e+00
-1.556686577072082800e-01
5.175707339586503863e+00
-2.399062033438110753e+00
2.919094838061276675e+00
1.012778930248094955e+00
2.462074217170617363e+00
7.451122293915563022e-01
4.420925171128075704e+00
-1.847317434903405609e+00
3.723038796323536737e+00
-2.197916681259474370e+00
5.097998670105114982e+00
-2.379452687791688170e+00
2.889560118502607189e+00
1.225103530998614687e+00
2.335904003409164265e+00
1.743637596213221785e+00
3.337523875309471144e+00
-1.303684279799780299e+00
4.248592368128756291e+00
-2.464760873428364363e+00
4.802524159677789228e+00
-2.659751174739479307e+00
2.615837542558973272e+00
1.279310439894799423e+00
3.381865714116212285e+00
-1.329830330630560331e+00
4.223611033770445111e+00
-2.454828401377733726e+00
4.881772219894147113e+00
-2.686802018224653921e+00
2.485702462288573056e+00
2.075706438985631230e+00
2.253025503194392876e+00
2.155475270410383004e+00
2.446459748387666888e+00
6.590224912722463246e-01
4.457645290019611295e+00
-1.889431681427966803e+00
3.679274227023099364e+00
-2.149965721916455852e+00
5.055808780169130934e+00
-2.300961037345324200e+00
2.981564734211349599e+00
5.911079566563757215e-01
2.814245318468285628e+00
-1.069820045838108635e+00
5.205120280412034006e+00
-2.778127857267159495e+00
3.030507691219329836e+00
-8.752239193171766907e-01
4.820761050286458627e+00
-2.152859460300230232e+00
3.311580643773130106e+00
-1.137603061248914749e+00
4.089420627388254736e+00
-1.681009114125778803e+00
3.883832806754822897e+00
-2.252679056432067117e+00
5.286826668967684384e+00
-2.614295024698422232e+00
2.332159059447011185e+00
2.842699502527455291e+00
-1.027613543295200493e+00
4.510179614220597877e+00
-2.548993293013949391e+00
3.503822286886557169e+00
-1.908153377054676136e+00
5.003219172921352431e+00
-2.296853064736604555e+00
3.055371932971194582e+00
