1.058560277268284722e+01
-8.518510057504812494e+00
3.481043471044042548e+00
4.918062374297283768e+00
-3.884366523248651060e+00
7.097037154654252333e+00
-8.321748529400990080e+00
-3.886696230409508734e-01
8.293044935053542233e+00
-7.131823264980274857e+00
2.098851562084742994e+00
5.613554881895374216e+00
-3.516772397099398262e+00
5.202041913312861254e+00
-6.206802533935023014e+00
-5.863703439974237153e-01
6.762641421494569371e+00
-6.139449095914172538e+00
1.234655481040946690e+00
4.713598871195379125e+00
-3.319831236300443411e+00
3.866830802004501244e+00
-4.593196908839777493e+00
-7.033908984438683176e-02
5.135904895477290566e+00
-3.939547500012182901e+00
2.849343416557849729e+00
-3.493593759010735766e+00
-1.197829662284288332e+00
5.266715231328361391e+00
-5.278741540779977370e+00
5.122002343832125604e+00
-4.495607695999223274e+00
4.140916467703982029e+00
-3.679824991772300269e+00
3.818400685034239572e+00
-3.695416990289648318e+00
3.002740541016210685e+00
-3.041645718817871380e+00
5.253342701396901404e+00
-5.137306309597507337e+00
5.029961624589402547e+00
-4.551595360457135087e+00
4.452533551579400672e+00
-4.102020854986947462e+00
3.885704627451759929e+00
-3.841254199878416209e+00
3.836498055117815831e+00
-3.931607925571319662e+00
5.033948258178788215e+00
-4.962490288348977430e+00
4.998019500609369281e+00
-4.647911627941826218e+00
4.571001972392666701e+00
-4.308196285501310285e+00
4.124453611612729276e+00
-4.078132869814136363e+00
4.214993513011030757e+00
-4.311552323802608555e+00
4.896970349300813652e+00
-4.811093942445688221e+00
4.910858645788183097e+00
-4.647561384929488781e+00
4.605499196077063928e+00
-4.397455729978348771e+00
4.283129908286069210e+00
-4.279155299132792578e+00
4.412401560258258471e+00
-4.442146782178552300e+00
4.808354613259668398e+00
-4.709054729027593034e+00
4.829834067555540678e+00
-4.616308704205787095e+00
4.620858271321215405e+00
-4.472494005657384974e+00
4.410472630935545979e+00
-4.377271449668701742e+00
4.514812434431444643e+00
-4.492202451644368821e+00
4.751077252534994244e+00
-4.638955903024165828e+00
4.771058494849359732e+00
-4.616349191665200635e+00
4.599998105660418446e+00
-4.490839232097684430e+00
4.487310903860922906e+00
-4.429274478507723600e+00
4.568478419537474799e+00
-4.508574709175585227e+00
4.722264910515077574e+00
-4.629082440720347691e+00
4.706992248264445955e+00
-4.589868818427046193e+00
4.612707971388016581e+00
-4.501993882273225722e+00
4.545970151105313661e+00
-4.463446321824226182e+00
4.603553327065440293e+00
-4.546549631843193495e+00
4.666775691450634866e+00
-4.593173912228031064e+00
4.681222048828820093e+00
-4.567733925384400706e+00
4.623757448312274754e+00
-4.508671072563322113e+00
4.587203426747373136e+00
-4.483262448184678561e+00
4.596810706948585512e+00
-4.544663586790808729e+00
4.659770731833852153e+00
-4.570706927371406714e+00
4.667385521214363564e+00
-4.549418278583978292e+00
4.628954824927272504e+00
-4.505619770821403414e+00
4.578466633602096714e+00
-4.520660355248562468e+00
4.609944454138811487e+00
-4.539124905242185370e+00
4.656708383427815789e+00
-4.555079134121022832e+00
4.661825178870929953e+00
-4.534899160063624812e+00
4.607344370709310688e+00
-4.537008765945335753e+00
4.598184714075596702e+00
-4.524614970232523348e+00
4.624148143344759099e+00
-4.534601187841838410e+00
4.653795549935050069e+00
-4.539245866948878216e+00
4.628449500148176909e+00
-4.556441966225538209e+00
4.616659930572093451e+00
-4.534572810575588697e+00
4.611947477527388095e+00
-4.522358313843752420e+00
4.632205139373475333e+00
-4.526891403217483401e+00
4.655297626020376001e+00
-4.560851045768569811e+00
4.630610148944578341e+00
-4.547337996388126413e+00
4.622194076602736956e+00
-4.528241676174216579e+00
4.625088277238598167e+00
-4.520469767087498703e+00
4.643276716344821864e+00
-4.555290170288453844e+00
4.628870982966259540e+00
-4.550278554917372098e+00
4.629912414992903180e+00
-4.536152829901709538e+00
4.629324045563328660e+00
-4.522728734553228769e+00
4.637079495407097518e+00
-4.550964013765129934e+00
4.622374218755026298e+00
-4.548460615117422279e+00
4.633424199523041409e+00
-4.541746686200298200e+00
4.636041419928798035e+00
-4.528723814550954074e+00
4.636997700174791071e+00
-4.550326180934768594e+00
4.613957795447157118e+00
-4.544087881507214988e+00
4.628324846032301210e+00
-4.541369676604894323e+00
4.637573742140099320e+00
-4.532520065655576857e+00
4.637355246963600131e+00
-4.552287977867581326e+00
4.615676769924924372e+00
-4.546293420172712096e+00
4.626197563712048932e+00
-4.540340995838646698e+00
4.633777945585264568e+00
-4.531847141914298938e+00
4.640154952201355876e+00
-4.522977316684121618e+00
4.616909299158459490e+00
-4.548087461365860840e+00
4.623533660558948988e+00
-4.539363976293739888e+00
4.630621714843361936e+00
-4.530839869566372080e+00
4.636597091741503363e+00
-4.522249920937234435e+00
4.616711936954479789e+00
-4.550185465695625098e+00
4.626019058077242896e+00
-4.542780846590182442e+00
4.631782154419741282e+00
-4.532966909688413537e+00
4.636972380149594564e+00
-4.523599003205736935e+00
4.612507506652972822e+00
-4.548491622633855869e+00
4.620947278741495801e+00
-4.541137019639522876e+00
4.631422647166429485e+00
-4.535905892742868595e+00
4.641940276013027500e+00
-4.529053805161367130e+00
4.618100906575077325e+00
-4.552639872308596125e+00
4.619896418727878817e+00
-4.540838606991609794e+00
4.626343933579940781e+00
-4.533646142737641327e+00
4.638972142442807645e+00
-4.529687380163394117e+00
4.648651875004855327e+00
-4.555213913042084783e+00
4.621716922926424331e+00
-4.543369032623338022e+00
4.622738521591715610e+00
-4.531494797300470445e+00
4.632834779979160267e+00
-4.526724225086544706e+00
4.645248045366647816e+00
-4.555492934999731958e+00
4.623456122844054939e+00
-4.546625826986702812e+00
4.625568015098021846e+00
-4.534717679404354662e+00
4.631882209139877027e+00
-4.526819691063648676e+00
4.640835373405582054e+00
-4.553767404205537161e+00
4.622740570620529788e+00
-4.548747256013793816e+00
4.629710387577835817e+00
-4.539457026743876966e+00
4.632738175641326173e+00
-4.527937562833940888e+00
4.635976805102221654e+00
-4.550366801516608994e+00
4.612227799030386599e+00
-4.543688780747307199e+00
4.622497245122382026e+00
-4.538470814373416040e+00
4.638614906253102355e+00
-4.536009808502651452e+00
4.646726461453098977e+00
-4.525508811067149750e+00
4.614560400147566632e+00
-4.543873460280040355e+00
4.616882565190842946e+00
-4.534757276037729490e+00
4.632438879647242658e+00
-4.534000182054335859e+00
4.644558648839463011e+00
-4.527277675262424417e+00
4.619086638093374830e+00
-4.549218975640135554e+00
4.621674904967190578e+00
-4.538345005068165960e+00
4.626480873678019634e+00
-4.529475639475124105e+00
4.637750849738815795e+00
-4.525009746147378387e+00
4.617201187524578643e+00
-4.550737000381780639e+00
4.623634545598773293e+00
-4.541552042897576413e+00
4.626778659197610999e+00
-4.530475156265756809e+00
4.636149269479977519e+00
-4.525092471107130976e+00
4.616761210145174488e+00
-4.552704191856703275e+00
4.623500826463950553e+00
-4.543221151407115244e+00
4.629746658284242145e+00
-4.534643770661936912e+00
4.636529854711567644e+00
-4.525887137580319575e+00
4.642315892926270671e+00
-4.550782317538225819e+00
4.619870640046708665e+00
-4.542775021565554461e+00
4.628964297081223478e+00
-4.536086305044205069e+00
4.637126131856806666e+00
-4.528197424706162266e+00
4.646376847757263562e+00
-4.554981573899179459e+00
4.624593067385635692e+00
-4.546767220545233634e+00
4.627228969677054771e+00
-4.534727999432773160e+00
4.632642637335345093e+00
-4.526419973156551535e+00
4.641156383541629182e+00
-4.553286093346129881e+00
4.619870276058250624e+00
-4.546057934713586768e+00
4.628491075001176291e+00
-4.538277036836943168e+00
4.633520949581997783e+00
-4.528365615760266749e+00
4.638098824949551613e+00
-4.552029073382978019e+00
4.618182676016285626e+00
-4.546727780971345112e+00
4.627731460862395174e+00
-4.539741531065793367e+00
4.636207304327764511e+00
-4.531972340668320776e+00
4.641306470208191648e+00
-4.522312075178458457e+00
4.617800743814678199e+00
-4.547005717326158880e+00
4.624274188148707054e+00
-4.538433135710342015e+00
4.631471604939196851e+00
-4.530949068165793570e+00
4.640034502037788222e+00
-4.523673310322530838e+00
4.619232471993727884e+00
-4.550463586177392550e+00
4.627650167158820160e+00
-4.542246184507625628e+00
4.632101799501723960e+00
-4.531478740518829262e+00
4.635755103055906545e+00
-4.521192134382080674e+00
4.612447120042572735e+00
-4.547272613450997980e+00
4.622964260529290215e+00
-4.541351990339948408e+00
4.632192016119985212e+00
-4.534458988110159794e+00
4.639267443091040555e+00
-4.525508345891758211e+00
4.615019677007190957e+00
-4.549675628427103824e+00
4.621890172674222086e+00
-4.541569518727220256e+00
4.629197263010709662e+00
-4.533796122997764577e+00
4.639049797475305326e+00
-4.527839152800517297e+00
4.616784310769367572e+00
-4.553045943867358503e+00
4.621476092003005576e+00
-4.542413662657518891e+00
4.624671411038528746e+00
-4.531875317020237048e+00
4.633383799184544571e+00
-4.525604108361168443e+00
4.643827248847933298e+00
-4.552784678360302095e+00
4.620946873858784443e+00
-4.544618381166204202e+00
4.630324810902195054e+00
-4.537354630872634687e+00
4.635475814703011288e+00
-4.527058531849649903e+00
4.639236789952133400e+00
-4.550854067121834490e+00
4.619320368369307594e+00
-4.545755696906610410e+00
4.628556174262909551e+00
-4.537807654780523059e+00
4.632514330270107727e+00
-4.527531500468466419e+00
4.643715553446911670e+00
-4.555588985893328058e+00
4.620289316334275753e+00
-4.546489506286653715e+00
4.625173389860416151e+00
-4.536843124350551371e+00
4.632795914342316301e+00
-4.529610524111037151e+00
4.642573672916857852e+00
-4.556992190729606484e+00
4.622071893373310481e+00
-4.549806572906011759e+00
4.627517484707482254e+00
-4.539519437356035247e+00
4.630586088642292708e+00
-4.528228450691765161e+00
4.637529296893453612e+00
-4.521183721746893092e+00
4.617985546720776213e+00
-4.549282817974878768e+00
4.627051966666680727e+00
-4.541728766838228459e+00
4.633223733355160689e+00
-4.531857936992115476e+00
4.637724474473670533e+00
-4.521871245474098799e+00
4.615553883021222603e+00
-4.548100506856631142e+00
4.623471977049423032e+00
-4.540750794283802350e+00
4.630340631608184765e+00
-4.532544151112825936e+00
4.638679911261852418e+00
-4.525047383270015544e+00
4.617136490303925811e+00
-4.550838151548787458e+00
4.623967016739480407e+00
-4.542094240253749859e+00
4.628176722058459980e+00
-4.531397388967618234e+00
4.633517325032119771e+00
-4.522961626198312324e+00
4.614653170104060287e+00
-4.552232013553076939e+00
4.628307248962148179e+00
-4.547810446958735042e+00
4.633195977159170198e+00
-4.536186577000697717e+00
4.634935468865611696e+00
-4.524041362337458239e+00
4.638764765271098156e+00
-4.548036760683761948e+00
4.616962637492340704e+00
-4.541441841871781904e+00
4.628955825556600345e+00
-4.537100414133146131e+00
4.639181462788840804e+00
-4.529916331781837613e+00
4.645003220121092014e+00
-4.553183971977975197e+00
4.616964888348614515e+00
-4.542043017326061971e+00
4.623417278814353715e+00
-4.534275320829473266e+00
4.636387339275477082e+00
-4.530972411887431939e+00
4.647622040959891621e+00
-4.557646953907402931e+00
4.622167190961874894e+00
-4.546423876740072423e+00
4.623120017581337393e+00
-4.534119361093939204e+00
4.629817571616639427e+00
-4.526994165459309549e+00
4.638447378795717668e+00
-4.553161165982323233e+00
4.617841805202591132e+00
-4.547069523898411347e+00
4.628884530298503996e+00
-4.541141362769019807e+00
4.635005275170938077e+00
-4.531606068763103679e+00
4.641797358995809475e+00
-4.522757974964327410e+00
4.619875480766074460e+00
-4.548751064332430261e+00
4.625712206473390431e+00
-4.539592019788754484e+00
4.631905528897225288e+00
-4.530960429756065722e+00
4.639312694923495961e+00
-4.523029752936392534e+00
4.614794827909625141e+00
-4.546688124610783532e+00
4.621877479902525288e+00
-4.538797504939550365e+00
4.628726353720104214e+00
-4.530984085876720968e+00
4.640620331085852257e+00
-4.526023834319456540e+00
4.617988684221895568e+00
-4.550115475212397342e+00
4.621129638820454133e+00
-4.539240912054163246e+00
4.627886912100394490e+00
-4.531692753034564092e+00
4.637363464333272844e+00
-4.525598112072380275e+00
4.617563350774167574e+00
-4.552405282272626863e+00
4.624869938004048997e+00
-4.543743769700542501e+00
4.628946541758923061e+00
-4.533007305069574500e+00
4.634820391302408638e+00
-4.524573325013814262e+00
4.644567619717027362e+00
-4.552340722204217371e+00
4.623956365307222427e+00
-4.544853240212834322e+00
4.630394548107064523e+00
-4.535798308442506865e+00
4.634429923212043612e+00
-4.524719891076679268e+00
4.641841564551278054e+00
-4.551497739601652270e+00
4.621788467113061571e+00
-4.545341623375650286e+00
4.628797324742134123e+00
-4.536088119665288687e+00
4.632243224379019253e+00
-4.525023446022096607e+00
4.636147416228290297e+00
-4.549323512358638411e+00
4.620211142237645952e+00
-4.547309471866719299e+00
4.634353568695521730e+00
-4.542319341468059157e+00
4.638532131727071572e+00
-4.529446056050241864e+00
4.635613813239385372e+00
-4.548694613727831459e+00
4.612116846417817051e+00
-4.542619481723360053e+00
4.628381055253436571e+00
-4.541184408143217333e+00
4.639737806427069344e+00
-4.533592796414237291e+00
4.640521035963887542e+00
-4.553389805337094920e+00
4.612353098419745834e+00
-4.542456295051690240e+00
4.620652216487880715e+00
-4.537152622421701587e+00
4.635338527270751463e+00
-4.534473095321641445e+00
4.645696675999035463e+00
-4.527061892994344916e+00
4.618775723168180747e+00
-4.547895325734486072e+00
4.618834692900246175e+00
-4.535675263201480512e+00
4.629899048725454769e+00
-4.531083824608929334e+00
4.640787315641201616e+00
-4.525832730178829699e+00
4.619091434451218170e+00
-4.550275321838241460e+00
4.624673321987303076e+00
-4.541316505810860882e+00
4.632003771690586191e+00
-4.533254903917256051e+00
4.638984701434464952e+00
-4.524661895091847796e+00
4.615602574430477389e+00
-4.549935284809705216e+00
4.621942294769938897e+00
-4.541272110429449782e+00
4.630262231182436850e+00
-4.534492382077315753e+00
4.638438088172607721e+00
-4.525998475381224573e+00
4.612920903806287498e+00
-4.549386159696171106e+00
4.620507704905650215e+00
-4.542204841800806747e+00
4.627922279132963723e+00
-4.533980573827722793e+00
4.636515441862455233e+00
-4.526742783774269974e+00
4.644996417163559599e+00
-4.553294739271731117e+00
4.623172255254943686e+00
-4.545199788880527336e+00
4.629585269924791469e+00
-4.535870022984484606e+00
4.634277697101374827e+00
-4.525990546713129170e+00
4.637311598616896013e+00
-4.548191579830612952e+00
4.617100383603122360e+00
-4.543781896250300711e+00
4.631574196022439693e+00
-4.540913842002904488e+00
4.641024101014461500e+00
-4.532404270683180414e+00
4.643053457684878538e+00
-4.553199591165466131e+00
4.614319944326647160e+00
-4.541930086589445636e+00
4.625026817950606883e+00
-4.537635231857326978e+00
4.637823897447310273e+00
-4.533220793730992071e+00
4.646282918654893734e+00
-4.557644250194852198e+00
4.617331270648341146e+00
-4.545106511569400709e+00
4.622775909071283884e+00
-4.536609772242752747e+00
4.633593773080826317e+00
-4.531658767540220900e+00
4.644713142932132222e+00
-4.525589913358384564e+00
4.620051095207617031e+00
-4.548450057824556580e+00
4.623435721218874583e+00
-4.538232072934272665e+00
4.630847244241637739e+00
-4.530708259363116497e+00
4.635824026933605069e+00
-4.520377105691803621e+00
4.614825613210898680e+00
-4.548218626212827687e+00
4.626878854484290038e+00
-4.543249463035784252e+00
4.633485614083279636e+00
-4.533557727405932880e+00
4.635108636401216842e+00
-4.520310720566939722e+00
4.609880962338836596e+00
-4.545602444451914081e+00
4.621344191754457320e+00
-4.541572279803341772e+00
4.634519478800040559e+00
-4.537087389204843113e+00
4.643828065956682849e+00
-4.528059825861985743e+00
4.610083056538010204e+00
-4.544412095249826145e+00
4.611201145075480845e+00
-4.535392388052533974e+00
4.628868856205235360e+00
-4.536489754863126223e+00
4.645097040062855953e+00
-4.532958328786241609e+00
4.649918295286336267e+00
-4.554145367794188992e+00
4.615999301842963476e+00
-4.537524508914071220e+00
4.619384133006804838e+00
-4.529368059663656076e+00
4.635983096619603394e+00
-4.529432675243853623e+00
4.649985642954947096e+00
-4.557652899994686813e+00
4.624353445971079779e+00
-4.545593455029846019e+00
4.623814052844499756e+00
-4.532629513213458416e+00
4.630518911521569692e+00
-4.525655464039252784e+00
4.644964437897693976e+00
-4.556560543549624143e+00
4.624748238587776505e+00
-4.548739182598554365e+00
4.627319027830104403e+00
-4.535718580329874960e+00
4.629324019092313058e+00
-4.525306032279718949e+00
4.638767755363264023e+00
-4.553640010475919375e+00
4.620601999896078560e+00
-4.548633322701494563e+00
4.630547672721543329e+00
-4.540891001718520670e+00
4.632423951935278339e+00
-4.528419469161720556e+00
4.637100246318320629e+00
-4.552916905938165115e+00
4.615564887188226884e+00
-4.546366849276656907e+00
4.625467725995049406e+00
-4.539484952119707373e+00
4.634258238375950079e+00
-4.532535775727615679e+00
4.641810132109327469e+00
-4.523814533851888697e+00
4.612698446744831315e+00
-4.543880949029770910e+00
4.618826336500530871e+00
-4.537041796200065313e+00
4.631846385624403872e+00
-4.533625661288804842e+00
4.642005235869691937e+00
-4.525994590047068833e+00
4.616074433883616379e+00
-4.547910729188949119e+00
4.620159365893076853e+00
-4.538559275521008018e+00
4.628327763204985956e+00
-4.532249978954320468e+00
4.639630424138990961e+00
-4.526936269469426399e+00
4.619258955787101328e+00
-4.552735401741957233e+00
4.623814072163804134e+00
-4.542059579225267818e+00
4.627367729287854559e+00
-4.531829870891256107e+00
4.634662687190279406e+00
-4.524358914654399655e+00
4.616457316262255084e+00
-4.553103531394415704e+00
4.624999000275563432e+00
-4.544370230114822107e+00
4.629024854370135778e+00
-4.533978020791192165e+00
4.633320126355116031e+00
-4.524110702324354527e+00
4.642603626820411833e+00
-4.552102146668151050e+00
4.620976094174976012e+00
-4.544093503668753087e+00
4.630727406332332485e+00
-4.537325780780696149e+00
4.636157255322639337e+00
-4.527044471385788249e+00
4.640147025833672778e+00
-4.550871768023728947e+00
4.618126310737293849e+00
-4.544361060003921260e+00
4.630220387712734365e+00
-4.538974561262723029e+00
4.637002425460388544e+00
-4.529815936971631096e+00
4.641247789319385753e+00
-4.552923489107844723e+00
4.617196473929036316e+00
-4.544535269282636847e+00
4.626307852808644761e+00
-4.538301752667022626e+00
4.635324205572750600e+00
-4.531138451335088746e+00
4.642800046561138316e+00
-4.555955245776947216e+00
4.619498641292076435e+00
-4.547581836706419800e+00
4.627737375355819083e+00
-4.540039270159104134e+00
4.633391544075815105e+00
-4.530397861793987957e+00
4.638798642760799673e+00
-4.521161861340682542e+00
4.614882778313031508e+00
-4.546300606158148128e+00
4.626384011772755045e+00
-4.541142129142878403e+00
4.633222559809308194e+00
-4.531956592560688613e+00
4.638802063768737050e+00
-4.522720765674404397e+00
4.614933114793843494e+00
-4.547981259950386601e+00
4.623939283358025953e+00
-4.540979602748346444e+00
4.631872841720132250e+00
-4.532848765720046025e+00
4.638953371993340014e+00
-4.524517853181954763e+00
4.614744697495068770e+00
-4.548895108442886581e+00
4.620137875778446812e+00
-4.539439098752875879e+00
4.629574327068031181e+00
-4.534015335211936559e+00
4.638794636662673554e+00
-4.526278777436869127e+00
4.616670189507821931e+00
-4.551788204362328116e+00
4.621784253079878724e+00
-4.542043168473357539e+00
4.628063610200614519e+00
-4.534009590640785348e+00
4.636041823659660110e+00
-4.526032334257672929e+00
4.643816979333566408e+00
-4.551699700421437456e+00
4.621658223716172742e+00
-4.543731951181827711e+00
4.628133942838434933e+00
-4.535150013322514440e+00
4.631992982522282531e+00
-4.524438288042937018e+00
4.640879161674968501e+00
-4.551841541352773746e+00
4.621562826617596542e+00
-4.545529655611902697e+00
4.629639658152107984e+00
-4.537471816915170209e+00
4.634113891035462451e+00
-4.526746096352488813e+00
4.636328331478590137e+00
-4.548454059315956144e+00
4.615706430140515515e+00
-4.544449423953098588e+00
4.630438098833335125e+00
-4.540588168656252144e+00
4.637303913788433540e+00
-4.531186819548726596e+00
4.641485445011368505e+00
-4.553672459021647079e+00
4.616619272588802225e+00
-4.545152234314234541e+00
4.624290477155253321e+00
-4.537545779549490454e+00
4.633527277726613214e+00
-4.530816929071674437e+00
4.641553034570805814e+00
-4.522800311027575404e+00
4.618605498474853910e+00
-4.547740883119963939e+00
4.623324801707397569e+00
-4.537929136538011221e+00
4.631446772828325287e+00
-4.530793604759711712e+00
4.639784941843334565e+00
-4.523122674251571773e+00
4.618559758840204310e+00
-4.549576842116958453e+00
4.623245363363726490e+00
-4.538922208606503972e+00
4.628032703688750082e+00
-4.529248884305702383e+00
4.635058803927513793e+00
-4.522040879110090117e+00
4.617160220112745073e+00
-4.550957242121635993e+00
4.628108658075312576e+00
-4.544253301132160416e+00
4.634493693880889609e+00
-4.534793897107906702e+00
4.635292613699510511e+00
-4.521764676997448440e+00
4.611090681216315268e+00
-4.548087416319384957e+00
4.622143138917169658e+00
-4.542885193377001585e+00
4.635626091731868570e+00
-4.538599136657542665e+00
4.642394008436952824e+00
-4.527806614406308938e+00
4.609429551798367442e+00
-4.545704629898070337e+00
4.614746689369117583e+00
-4.539206716693868771e+00
4.631832370840155200e+00
-4.539045623386329886e+00
4.645552868025609961e+00
-4.533652399452344994e+00
4.648603730063158856e+00
-4.553802137121076399e+00
4.617624543103918455e+00
-4.540098373211979954e+00
4.619123627426800383e+00
-4.529086842176028860e+00
4.629417118541731213e+00
-4.525618011509725314e+00
4.648277896343445903e+00
-4.559030616436226424e+00
4.629189390323327657e+00
-4.550837361870028630e+00
4.627242159765989626e+00
-4.535067942483189896e+00
4.628084335490926904e+00
-4.524032199546266675e+00
4.637881138212221366e+00
-4.552834401709720424e+00
4.622878409558496493e+00
-4.549858589907186612e+00
4.631630023312008682e+00
-4.541099280264614180e+00
4.634303170190592347e+00
-4.528803106759608177e+00
4.637179667593561483e+00
-4.551348937476064727e+00
4.613537853346761253e+00
-4.544760298059218329e+00
4.626786385704408033e+00
-4.541098133125843539e+00
4.636764775270656891e+00
-4.533354885662078892e+00
4.642992257248747201e+00
-4.523687105166419364e+00
4.615082436400037125e+00
-4.545150064083631314e+00
4.621286209871835027e+00
-4.537844261296815951e+00
4.631790994971678899e+00
-4.532416284086835390e+00
4.642971472791471932e+00
-4.526746821336766757e+00
4.620018983319481798e+00
-4.550701221435739185e+00
4.621799567280724830e+00
-4.538794438460582725e+00
4.628521739742165408e+00
-4.531187088620108661e+00
4.638310094718922194e+00
-4.525175069351366375e+00
4.617179506503452657e+00
-4.551082774962647015e+00
4.623172276493423105e+00
-4.541644649609549944e+00
4.630460006339671253e+00
-4.534087580230393932e+00
4.638518161810097240e+00
-4.526282181105736768e+00
4.618104503580211961e+00
-4.553422504156861450e+00
4.627306091634872942e+00
-4.545387944074386510e+00
4.629422468741427821e+00
-4.533444544979492896e+00
4.633030535475400669e+00
-4.523645636148622806e+00
4.642869292082766997e+00
-4.552143482766881633e+00
4.624523361051373627e+00
-4.546507441666671312e+00
4.630389043820256845e+00
-4.536519216282756339e+00
4.634061778594610104e+00
-4.526003088886787040e+00
4.640474224634758116e+00
-4.551395574650604736e+00
4.621892108558052215e+00
-4.545695621656896002e+00
4.626796295693485384e+00
-4.535643184128034022e+00
4.631385253796226564e+00
-4.525675191259852070e+00
4.639504790056815153e+00
-4.552901456848243100e+00
4.621518690791165618e+00
-4.547882295455131896e+00
4.631472663735494599e+00
-4.540890972506391066e+00
4.634588885065740627e+00
-4.528843927618539489e+00
4.638893793966711421e+00
-4.552533547561430360e+00
4.616076569149866415e+00
-4.545360464839709458e+00
4.626405769059100948e+00
-4.539652775334101165e+00
4.635241467024611595e+00
-4.532076030309477588e+00
4.644300993676321987e+00
-4.524513903475746446e+00
4.617983058734867363e+00
-4.547131683224528764e+00
4.624533997104061100e+00
-4.539147867989570706e+00
4.632945332533449090e+00
-4.532027426717182728e+00
4.639880504248760751e+00
-4.523346521051186286e+00
4.610362175940853291e+00
-4.543271189522665843e+00
4.618323870390920405e+00
-4.538016727104903225e+00
4.634681447798725706e+00
-4.536451592250074327e+00
4.645058445730340324e+00
-4.528566138615493841e+00
4.617325428676387844e+00
-4.549123844764454638e+00
4.619446245664185824e+00
-4.538375303909136349e+00
4.627501455916720907e+00
-4.532034772428430891e+00
4.639910933764778811e+00
-4.527492485460423488e+00
4.618040426401286425e+00
-4.552193064316287341e+00
4.621411688418445074e+00
-4.540996041548281070e+00
4.627792578635390619e+00
-4.532879921460784445e+00
4.635625694375328010e+00
-4.525099474163981839e+00
4.643639779657362965e+00
-4.551279406420847273e+00
4.621879027231284631e+00
-4.543736396684705525e+00
4.629194943165781062e+00
-4.535428123484758878e+00
4.636509492611099681e+00
-4.527042447370427602e+00
4.641933082224038998e+00
-4.551485224690783760e+00
4.620576400671619233e+00
-4.544536667438936917e+00
4.628517827398876072e+00
-4.536646767685020620e+00
4.636196930621983014e+00
-4.528401853017403056e+00
4.640739850410210643e+00
-4.552392602844275160e+00
4.617969934491652495e+00
-4.543314005273439093e+00
4.624806361423541290e+00
-4.535672368048803804e+00
4.633775860984978401e+00
-4.528982221850455403e+00
4.642695285514195191e+00
-4.555031797989542497e+00
4.619229874208654607e+00
-4.546177417385939279e+00
4.626596838450198312e+00
-4.538169748725709773e+00
4.633243301419615712e+00
-4.529305624125527174e+00
4.639955541121784321e+00
-4.553976124010691962e+00
4.615631419356539311e+00
-4.545276771073094579e+00
4.626395738168104010e+00
-4.540241862860424860e+00
4.633425053382760339e+00
-4.530787899262067597e+00
4.637943033496484624e+00
-4.521238808642314311e+00
4.615645703006445721e+00
-4.547531342310605851e+00
4.623380514687910114e+00
-4.538714649110161758e+00
4.628927320439027326e+00
-4.530087994722443945e+00
4.638736538830156242e+00
-4.524695223223341500e+00
4.617197954763769374e+00
-4.549006705966597508e+00
4.620224567405568195e+00
-4.538150661928000318e+00
4.630512257932860365e+00
-4.533285304118336967e+00
4.638618687450519751e+00
-4.524996283130777286e+00
4.614525689349920690e+00
-4.549239668147041726e+00
4.620880873587663196e+00
-4.540463486623974809e+00
4.629212985000914493e+00
-4.533625588117005556e+00
4.638923329718926070e+00
-4.527083400736107599e+00
4.618132362024234716e+00
-4.552954326240349125e+00
4.620461689779679304e+00
-4.540636965571920314e+00
4.625848303586924892e+00
-4.532331869077885322e+00
4.635644398009914902e+00
-4.526988457026341450e+00
4.649393929259499458e+00
-4.556512160461670291e+00
4.623789542068259095e+00
-4.544750255804292927e+00
4.626396954702415520e+00
-4.533633096766346071e+00
4.630398788720948566e+00
-4.523883525450694165e+00
4.640942193416062622e+00
-4.552978852343593452e+00
4.624153810275677401e+00
-4.548466715068071764e+00
4.632040037309856473e+00
-4.539323301906979857e+00
4.633403161307914075e+00
-4.526566087208039768e+00
4.637299282306029724e+00
-4.550742049020538360e+00
4.617427281201795353e+00
-4.546072554751543038e+00
4.632883192308919540e+00
-4.542609153744165518e+00
4.638799685340607049e+00
-4.531475362789832317e+00
4.637733471768116900e+00
-4.551210820158599901e+00
4.613731629970011738e+00
-4.544053986586765959e+00
4.626417408459508884e+00
-4.540596432352501211e+00
4.637811879915354041e+00
-4.533899311063692927e+00
4.639918620505739888e+00
-4.520750198535432141e+00
4.615343294541387920e+00
-4.545655605443811531e+00
4.624639450532450624e+00
-4.539514120666476416e+00
4.633998867213010797e+00
-4.532919025945028935e+00
4.642002600048797056e+00
-4.524791729874436008e+00
4.617018747289646008e+00
-4.548088305938397191e+00
4.622499865446340728e+00
-4.538703565822546082e+00
4.626861171380691751e+00
-4.529028347426239165e+00
4.635885842566878523e+00
-4.523437852542627979e+00
4.618142607960575852e+00
-4.552193483783224970e+00
4.628085615028632915e+00
-4.544617863292677029e+00
4.630346503105978506e+00
-4.532291119146552916e+00
4.632005583161058482e+00
-4.520594201149578772e+00
4.611446569893915104e+00
-4.549329249995267332e+00
4.624203114679806603e+00
-4.544857291199736693e+00
4.634670958972447075e+00
-4.538001136823332615e+00
4.639669514028894604e+00
-4.527131211324247673e+00
4.641513328639969238e+00
-4.548991254061823142e+00
4.617670497267333474e+00
-4.541338946911078978e+00
4.628311539053751922e+00
-4.535490836150864347e+00
4.637782219635893100e+00
-4.528650146522513076e+00
4.645850507494323267e+00
-4.553976740523266287e+00
4.620488339541087619e+00
-4.543692835937085839e+00
4.625630584448898297e+00
-4.534604836684257734e+00
4.633652693726223681e+00
-4.527619871138471197e+00
4.643669512499526419e+00
-4.555192111195558446e+00
4.623381119586807309e+00
-4.547899572481753694e+00
4.625989689007901084e+00
-4.535322924169615355e+00
4.627748591009343215e+00
-4.524087290839901243e+00
4.639181915932828026e+00
-4.554182667887706870e+00
4.622412019663611815e+00
-4.550174129604139139e+00
4.632475368786261427e+00
-4.542276618597865578e+00
4.635357664149705847e+00
-4.529894006435149834e+00
4.637232005823603842e+00
-4.552364320583014212e+00
4.615472569759595522e+00
-4.546401924607960332e+00
4.624486534472563193e+00
-4.539120612151164025e+00
4.634569829793572460e+00
-4.532916316826838710e+00
4.641874984033219853e+00
-4.523950233200694448e+00
4.616716434412074577e+00
-4.547544869557583525e+00
4.622786008322896656e+00
-4.538969893631724872e+00
4.628773788529660038e+00
-4.529896068479084548e+00
4.637326017021171864e+00
-4.523610166595217308e+00
4.618836543450469456e+00
-4.551741049313419829e+00
4.625285985836709912e+00
-4.541911528448627777e+00
4.634244130396499628e+00
-4.535616917613781496e+00
4.640668488535116154e+00
-4.526215077224238215e+00
4.614831494725177841e+00
-4.549178828415557874e+00
4.619132611752522877e+00
-4.539145700622335688e+00
4.627300783912312809e+00
-4.532935777976206282e+00
4.640639729615360309e+00
-4.529154799628847705e+00
4.619064531034701382e+00
-4.554113406436858469e+00
4.622834266169875583e+00
-4.542858859063292343e+00
4.627565605932273840e+00
-4.533470598473446245e+00
4.630782971824181971e+00
-4.523777382145679482e+00
4.643815997814591867e+00
-4.553978705152564643e+00
4.626396328869268437e+00
-4.548011343580070864e+00
4.630368242519003807e+00
-4.536134187102632609e+00
4.631230759500934546e+00
-4.524087469431728792e+00
4.638188286503274860e+00
-4.550778287489809060e+00
4.621908757521461908e+00
-4.547757882562369680e+00
4.631157888859027238e+00
-4.539215345011450076e+00
4.632231187207294099e+00
-4.525037697491112176e+00
4.635898919089252779e+00
-4.550092239081089396e+00
4.616870423714179772e+00
-4.545907597228605823e+00
4.631660177826514513e+00
-4.542773483866253237e+00
4.639479283583648694e+00
-4.532497595014325142e+00
4.637962362806041128e+00
-4.551426791961882046e+00
4.610872100260129614e+00
-4.541741164553556587e+00
4.622990124188264716e+00
-4.539166190367238229e+00
4.637959928408514898e+00
-4.534747611768483289e+00
4.644405810087900655e+00
-4.524480846079314666e+00
4.614569514974659725e+00
-4.544113686504429594e+00
4.616550194328374879e+00
-4.534515157513018480e+00
4.631460673722518351e+00
-4.533435840940087225e+00
4.648549246654685163e+00
-4.529842489496697766e+00
4.620391813673470516e+00
-4.549018142025305522e+00
4.617144916262809318e+00
-4.534027325432829159e+00
4.622111066065334839e+00
-4.527649501797104570e+00
4.638625530506369721e+00
-4.526962362028748466e+00
4.623053713040576440e+00
-4.554993264538399700e+00
4.626320817118736883e+00
-4.542111205388743578e+00
4.624707600970562105e+00
-4.528576007500667799e+00
4.632343878387334080e+00
-4.522739247542969743e+00
4.617685675862198025e+00
-4.554326951287803738e+00
4.630693196361170827e+00
-4.548252400363967496e+00
4.631150659621948051e+00
-4.533723911226535286e+00
4.626766047627413059e+00
-4.519027111200536240e+00
4.639976856281175621e+00
-4.551150652119923201e+00
4.627652838939498636e+00
-4.549440551954411660e+00
4.638007674890200605e+00
-4.541004286268507606e+00
4.636243756158457963e+00
-4.525159180710264906e+00
4.635142888670629624e+00
-4.546889095365387767e+00
4.617790345210015523e+00
-4.544810091575935296e+00
4.634252158047110548e+00
-4.542234555053538791e+00
4.642378639903185444e+00
-4.532614724424634645e+00
4.641355587276198236e+00
-4.551547171302201100e+00
4.614462718795952156e+00
-4.541336420800369034e+00
4.624017625213288518e+00
-4.536515618206157008e+00
4.636949523770590886e+00
-4.532383310866511472e+00
4.646629599825496726e+00
-4.557981805242132367e+00
4.616537931686163887e+00
-4.542568035295470708e+00
4.618601559410616453e+00
-4.533266758494072235e+00
4.629653547818069370e+00
-4.529368124295773512e+00
4.644270407288252578e+00
-4.525448851219713298e+00
4.620635224255460471e+00
-4.548717386774325355e+00
4.624526714602668065e+00
-4.538262032825302050e+00
4.629598821617506132e+00
-4.529723281886343322e+00
4.639512666230658056e+00
-4.523770103394981312e+00
4.617035203454511461e+00
-4.547632244043855465e+00
4.621167629988945258e+00
-4.537821894174769000e+00
4.630033838634996179e+00
-4.531868226218389140e+00
4.641083937590774866e+00
-4.526132135619209684e+00
