9.667384898287535222e+00
-6.640358550209303878e+00
2.432397727457399572e+00
4.470622936974147699e+00
-2.313956420153837623e+00
4.764751949151219357e+00
-4.302737251105939187e+00
5.461428965681571768e+00
-3.964965387859706869e+00
3.935760833440332895e+00
-3.021066332435320412e+00
2.947706779089768858e+00
-2.203455012999993912e+00
3.515421881954189587e+00
-2.991881945147038646e+00
5.556498411550628624e+00
-4.250943231588937721e+00
3.774060782928467361e+00
-3.054380947772171950e+00
2.828492604338262328e+00
-2.333258015287554610e+00
5.610055715264510745e+00
-3.847800396835004744e+00
1.806379879289409018e+00
2.485330978701409954e+00
-1.544847682545006151e+00
4.314075596505789534e+00
-3.717482237406665391e+00
4.823304916962076305e+00
-3.927459152340510684e+00
3.333133595714407704e+00
-2.759526433373517218e+00
5.460447236749143229e+00
-4.258931815851529912e+00
3.636668928600878203e+00
-2.981054187295574920e+00
3.915357242684819994e+00
-3.330718866334640094e+00
4.918879061506717498e+00
-3.990256224326739432e+00
3.425764148262470332e+00
-2.863669073808384535e+00
5.282802509037670902e+00
-4.205420056747467328e+00
3.515034542266498363e+00
-2.896365182317420128e+00
4.692912637654348629e+00
-3.879990171935526977e+00
3.740945895015022948e+00
-3.156043456992024154e+00
4.868867321610752974e+00
-4.001518612240294814e+00
3.492760729420429033e+00
-2.924203292191607240e+00
5.180316717149638706e+00
-4.139533161836202346e+00
3.472827344570601937e+00
-2.884460047759585422e+00
4.977765881900034550e+00
-4.072761732055340644e+00
3.500164073532066045e+00
-2.924704079065064022e+00
5.098846185215648141e+00
-4.105257099033325474e+00
3.470385969396001080e+00
-2.854385685242512682e+00
5.066093924921320379e+00
-4.117006731634203831e+00
3.466229918762289142e+00
-2.888042780261932396e+00
5.081349488737230580e+00
-4.100234847096315249e+00
3.478867426624820958e+00
-2.866079280941635332e+00
5.068834070595706009e+00
-4.119609524109533183e+00
3.464536423499524620e+00
-2.887925584071414864e+00
5.076264116030350770e+00
-4.100001798945025477e+00
3.484640714771493286e+00
-2.873982786420653301e+00
5.060205433302627398e+00
-4.116340508917740060e+00
3.462509984393254303e+00
-2.889079328601270369e+00
5.084835019321767291e+00
-4.104756730253803276e+00
3.475885451412043192e+00
-2.867211096927909875e+00
5.063312103628952343e+00
-4.119264708155437660e+00
3.459840321109300287e+00
-2.888387309581208484e+00
5.084052906955355056e+00
-4.106137864573563334e+00
3.477578867884079994e+00
-2.870493271301339355e+00
5.084074606545906150e+00
-4.118336402700236043e+00
3.461455475079507238e+00
-2.892201983752207717e+00
5.082909085997305176e+00
-4.106908267021064596e+00
3.475146028104462381e+00
-2.870656019947753101e+00
5.088085139920702105e+00
-4.121548878328412435e+00
3.458350593331126710e+00
-2.891209519154904761e+00
5.082095083414005288e+00
-4.107898219101955739e+00
3.474198312056990812e+00
-2.871816270794984582e+00
5.086444862060035099e+00
-4.122623780239729641e+00
3.460577597394149496e+00
-2.895118848019683000e+00
5.073634593870055554e+00
-4.104694840464737204e+00
3.473568271825694609e+00
-2.874020148274752273e+00
5.091762345222795361e+00
-4.126599085004876599e+00
3.456675435266335583e+00
-2.893183052060148253e+00
5.076679019405344384e+00
-4.109162903797148658e+00
3.477449006348621197e+00
-2.879306112437400866e+00
5.081428510763647211e+00
-4.087061020546958190e+00
3.460774901440086815e+00
-2.900064540487936604e+00
5.075222363805828252e+00
-4.109128304771466844e+00
3.470737816044008106e+00
-2.875037683115247322e+00
5.088892256869142372e+00
-4.092547381562078535e+00
3.456258413833624310e+00
-2.897241169002306993e+00
5.075242945810769513e+00
-4.110532400631610628e+00
3.472636887164948671e+00
-2.879121710956614066e+00
5.084536613923275716e+00
-4.091482797114760928e+00
3.454829562621776873e+00
-2.898125342431094431e+00
5.072947158676973878e+00
-4.110914241894071175e+00
3.469317439239573808e+00
-2.878071540032526965e+00
5.088951310172664222e+00
-4.095431644917242764e+00
3.457494951222868096e+00
-2.902151702099168062e+00
5.063618220959550165e+00
-4.107995851896437678e+00
3.470311804530382460e+00
-2.882022729567829344e+00
5.093031768262651582e+00
-4.098908494747888653e+00
3.485824630041319594e+00
-2.901116107517124121e+00
5.063064131493558939e+00
-4.108970152955901511e+00
3.469283467684495470e+00
-2.883051472073734800e+00
5.091949009499663781e+00
-4.100185249697464229e+00
3.483084660969990587e+00
-2.900776509719353413e+00
5.067502266145205603e+00
-4.113623397462113473e+00
3.467496537219521890e+00
-2.883126393877125437e+00
5.087334514127088703e+00
-4.099138794796376217e+00
3.483978696405108266e+00
-2.903808487026062313e+00
5.064904667437911456e+00
-4.113561600725632594e+00
3.469366192985020803e+00
-2.887034935368160138e+00
5.082214336079212913e+00
-4.097557540203883519e+00
3.480824076340777840e+00
-2.903290885885987382e+00
5.072004990029594040e+00
-4.118458358568315880e+00
3.468709051348301209e+00
-2.887565605092672349e+00
5.074037494034300266e+00
-4.095695603471226853e+00
3.484468379199043397e+00
-2.870145471741311294e+00
5.069034255343978224e+00
-4.118237622965057909e+00
3.464007757891153449e+00
-2.885791003864472071e+00
5.081125969072142645e+00
-4.100551432259720741e+00
3.481673615202791616e+00
-2.868859064441083628e+00
5.064700102757273115e+00
-4.117540941548211819e+00
3.463891692729541116e+00
-2.888022312830260230e+00
5.082375536880284095e+00
-4.102138164170519019e+00
3.477668150623832943e+00
-2.867039882860486166e+00
5.069096880206563682e+00
-4.121872846955599634e+00
3.465030307779963348e+00
-2.890524016075224356e+00
5.073892010544689413e+00
-4.099784961060377597e+00
3.481743137126958487e+00
-2.873558567018388299e+00
5.065159602388592752e+00
-4.120692592512539498e+00
3.462929486652245981e+00
-2.890981312765954048e+00
5.076851234820647818e+00
-4.102353481097908094e+00
3.476241564262299466e+00
-2.870172049002965409e+00
5.095254790796561295e+00
-4.124369898945270840e+00
3.462981025199790786e+00
-2.892574971920181870e+00
5.069083252200001333e+00
-4.100265731642132927e+00
3.477795865396656971e+00
-2.874223976709326500e+00
5.097283098071120122e+00
-4.127215770894099300e+00
3.463585692242313385e+00
-2.895045403739747503e+00
5.065826926056802293e+00
-4.100584357970223692e+00
3.477598895644725907e+00
-2.876519313892770047e+00
5.096221375617515648e+00
-4.127690294883540112e+00
3.459938637485070245e+00
-2.893837578696886403e+00
5.069713830930107079e+00
-4.103886530215389072e+00
3.477839557326737996e+00
-2.878446563497666144e+00
5.091110103077615356e+00
-4.126519707113266655e+00
3.458812489625474829e+00
-2.895325285653038705e+00
5.074949677771406265e+00
-4.108079521044608384e+00
3.474143693564629931e+00
-2.876339118088915736e+00
5.086008344256476299e+00
-4.089310975594535158e+00
3.457674452243473251e+00
-2.896689918620200199e+00
5.079154619679819405e+00
-4.111823023819678014e+00
3.474532224524234270e+00
-2.878403910214482497e+00
5.078107940840552281e+00
-4.087176068601117152e+00
3.458965449267406456e+00
-2.900711454502048259e+00
5.077494518180549754e+00
-4.111856131049016483e+00
3.468108944209812528e+00
-2.874894893970783905e+00
5.090305145109204510e+00
-4.094620907580135416e+00
3.455533727945736544e+00
-2.898388305675530852e+00
5.068821871926517453e+00
-4.108998293830193660e+00
3.472389838620977720e+00
-2.881473618359509992e+00
5.085897582920818394e+00
-4.093197743356552287e+00
3.452874035377964113e+00
-2.898297189987513178e+00
5.074293018140217271e+00
-4.113544687029174085e+00
3.468673569691781200e+00
-2.879395763862285129e+00
5.084707898012059246e+00
-4.095362240970951362e+00
3.487020401901013145e+00
-2.902873215983692745e+00
5.064238583389370163e+00
-4.109157330824913856e+00
3.466633327890069172e+00
-2.880563554230373136e+00
5.093805808371428157e+00
-4.100744530125345122e+00
3.484133108746678698e+00
-2.901283518548822826e+00
5.061438976216162011e+00
-4.110809431643628997e+00
3.469422934365928857e+00
-2.885585800709102422e+00
5.090287212606009248e+00
-4.099919755546375555e+00
3.480270847383324817e+00
-2.900148096973092393e+00
5.069377510104328799e+00
-4.116077931027863457e+00
3.469099643717132864e+00
-2.886400672114713739e+00
5.079230573554002426e+00
-4.096335615064107039e+00
3.480850604449287289e+00
-2.903710695142715181e+00
5.073570914988309255e+00
-4.119107373173030773e+00
3.466693137095867350e+00
-2.885445457842600980e+00
5.072628494855164760e+00
-4.094138728828077944e+00
3.478746150797178860e+00
-2.865035571283056637e+00
5.077399218472382181e+00
-4.121848110140529542e+00
3.462207528620266483e+00
-2.883011270253173386e+00
5.073915356512944896e+00
-4.097627368241539614e+00
3.481817135962059773e+00
-2.869869409153309459e+00
5.070092361978459472e+00
-4.119964807665600581e+00
3.462824784167542802e+00
-2.886363819209404102e+00
5.079355597584616078e+00
-4.101838729094662739e+00
3.482730196701253611e+00
-2.871869721489770377e+00
5.061335310785070263e+00
-4.117708822347359465e+00
3.465618015915559180e+00
-2.892004706931904590e+00
5.081373085238037213e+00
-4.103860306431758254e+00
3.476976057067751480e+00
-2.868743117956139344e+00
5.064991367161105096e+00
-4.120314132800940499e+00
3.459963143294427113e+00
-2.888452225186458833e+00
5.083177598166662037e+00
-4.106048652998393500e+00
3.478290476046395963e+00
-2.871258146083739859e+00
5.083209616841640077e+00
-4.117741595411015254e+00
3.459356534162180807e+00
-2.890602319846416357e+00
5.086546359789249294e+00
-4.107930816386939910e+00
3.471317821218721456e+00
-2.866673788079946661e+00
5.091975224977783654e+00
-4.124794213211283811e+00
3.463781325106861431e+00
-2.895792143362054372e+00
5.069652675530521790e+00
-4.102107828309517146e+00
3.477718133246938237e+00
-2.876307675389121243e+00
5.092825841774014428e+00
-4.125703240810507211e+00
3.458938573737220246e+00
-2.893343721577920746e+00
5.073069946528494967e+00
-4.104652309827665491e+00
3.474551052264102324e+00
-2.875175123863741078e+00
5.092672409826623614e+00
-4.127283082538820480e+00
3.457859267232861633e+00
-2.894370332137830015e+00
5.075033358927852234e+00
-4.108356802724309809e+00
3.476467290379856578e+00
-2.878491111076868947e+00
5.082592893176589577e+00
-4.087746923442049152e+00
3.458019173705100258e+00
-2.897374835393589088e+00
5.077644045450098176e+00
-4.110782663539721327e+00
3.473190416714325046e+00
-2.877417555294274010e+00
5.085258558003399543e+00
-4.091101675540965488e+00
3.458948330192713527e+00
-2.899957413893758940e+00
5.069842653835975987e+00
-4.108308475725553244e+00
3.472748898192015155e+00
-2.879682128925516338e+00
5.087747058396280053e+00
-4.093248248583677196e+00
3.456565807132619739e+00
-2.899548318696198113e+00
5.068383126094445856e+00
-4.108814031340955353e+00
3.472369999679723485e+00
-2.881529394936384936e+00
5.087318848299326568e+00
-4.094542242921768604e+00
3.453355397041782737e+00
-2.898495975187573848e+00
5.070881445546530308e+00
-4.111842331007615314e+00
3.469560027166155969e+00
-2.880470585894988833e+00
5.083925875101552805e+00
-4.093920617912226056e+00
3.483755565225878037e+00
-2.900065061424217383e+00
5.075459373724430456e+00
-4.115599071505844364e+00
3.469072639515484280e+00
-2.881653466951441978e+00
5.079149837891983488e+00
-4.093598357281885924e+00
3.484780980423437757e+00
-2.903427781691941156e+00
5.071513420091255497e+00
-4.114324403345357872e+00
3.464611645263248718e+00
-2.880106297401025195e+00
5.086364994103332648e+00
-4.098226865246426875e+00
3.481980686021974858e+00
-2.901791649345225821e+00
5.069679522127635174e+00
-4.116508673689721398e+00
3.470515802912176095e+00
-2.887562848430102136e+00
5.076418721377013554e+00
-4.094929628869206084e+00
3.481984830634729633e+00
-2.904810320328778950e+00
5.072115293545852666e+00
-4.118284365990004581e+00
3.465735859059632329e+00
-2.884967482362800872e+00
5.080189770014371220e+00
-4.098792824574992721e+00
3.481811130108959151e+00
-2.867001801205628198e+00
5.067157402609082872e+00
-4.117262982966189533e+00
3.466072163865560718e+00
-2.887777045055197167e+00
5.082324437408902718e+00
-4.101868094578303925e+00
3.484915833771612181e+00
-2.871651971583809804e+00
5.058498887383276355e+00
-4.114334858820042129e+00
3.464916392422396907e+00
-2.889570902186886947e+00
5.088247942109592969e+00
-4.105828580376395642e+00
3.480972604827566208e+00
-2.869515841273557299e+00
5.056161420871609025e+00
-4.115324713593137673e+00
3.464577944222340999e+00
-2.891315750165736276e+00
5.083843905104333594e+00
-4.104127965436175529e+00
3.476425565141699092e+00
-2.867691348238432969e+00
5.064610198147029507e+00
-4.120865155423460990e+00
3.463135124232691986e+00
-2.891386128293415680e+00
5.077368134343126727e+00
-4.102799417124835202e+00
3.475989377413848391e+00
-2.869883901270591675e+00
5.094291346011425858e+00
-4.123794494177496439e+00
3.461373164376972511e+00
-2.891301097132916720e+00
5.074068551974649566e+00
-4.103087767707758182e+00
3.478085504347427914e+00
-2.874308053741559732e+00
5.089309805061376757e+00
-4.122060905953358834e+00
3.459898365255955177e+00
-2.892483156669101163e+00
5.079318924266087443e+00
-4.107270119049475809e+00
3.477306756085864592e+00
-2.874964743494618169e+00
5.084647843571397985e+00
-4.122062797125844114e+00
3.461775743079441359e+00
-2.896760756711727058e+00
5.078927715418625866e+00
-4.109285957095908159e+00
3.478693964185286980e+00
-2.878291542882026821e+00
5.082974060512650993e+00
-4.124157839828174410e+00
3.466259710288217111e+00
-2.902935815672529785e+00
5.068919983385221428e+00
-4.105376834275007880e+00
3.475407591958300291e+00
-2.878385399740598594e+00
5.091224887657116227e+00
-4.092348176705900897e+00
3.456510505498187058e+00
-2.895057292810049088e+00
5.069602323455570492e+00
-4.106178778551879738e+00
3.472423756467224454e+00
-2.877379379708523643e+00
5.091101352224162824e+00
-4.093321545673091144e+00
3.453653125039823468e+00
-2.894557895538445447e+00
5.072605996691957664e+00
-4.109255588233062362e+00
3.470078142535418575e+00
-2.877031904515054084e+00
5.088392201600978382e+00
-4.093048961295356669e+00
3.453169008068712298e+00
-2.896406014243671834e+00
5.076425239475930162e+00
-4.113363765142640460e+00
3.472606492266608669e+00
-2.880875758826383581e+00
5.078744718607289599e+00
-4.090278453781619028e+00
3.456295269069490583e+00
-2.902216290663697684e+00
5.076391423397643266e+00
-4.114781518350220324e+00
3.467790353106475543e+00
-2.878654608449807917e+00
5.085811238924362598e+00
-4.095274852505641938e+00
3.486076145232659851e+00
-2.901880002109489709e+00
5.068369894425029720e+00
-4.112037052210117061e+00
3.468184398419627890e+00
-2.881548929610393550e+00
5.085294421262649855e+00
-4.095878493386972963e+00
3.481764325773548663e+00
-2.900105605725449287e+00
5.069339563432980533e+00
-4.112664240612236455e+00
3.462933016035785627e+00
-2.878731312423627564e+00
5.090246788593958627e+00
-4.099976822501957940e+00
3.479928316252401288e+00
-2.899771875557707546e+00
5.068923334266667524e+00
-4.115914982002824907e+00
3.467765978143200645e+00
-2.885082330965627051e+00
5.080097024480102696e+00
-4.096762372282428899e+00
3.482035688859875577e+00
-2.904876537870680675e+00
5.069236113451471404e+00
-4.116461884790147074e+00
3.465533223287263986e+00
-2.885080796576419360e+00
5.082435843132314446e+00
-4.099869055333636325e+00
3.482108144119172799e+00
-2.866972638669663453e+00
5.061840301659601415e+00
-4.114185395821918334e+00
3.462025903120025117e+00
-2.884672921771658238e+00
5.092410964559691777e+00
-4.106252752604691914e+00
3.480656100209783776e+00
-2.866737091733638110e+00
5.056687685380346409e+00
-4.114428939036718802e+00
3.469860404543142263e+00
-2.894413122924952564e+00
5.080641507475055718e+00
-4.101238224461040360e+00
3.477223102678149491e+00
-2.866675790823066894e+00
5.067342378073446341e+00
-4.120417742225173541e+00
3.463680041340800209e+00
-2.889250356223749705e+00
5.074844206907422439e+00
-4.100363490509652209e+00
3.478559340068001049e+00
-2.870699699831249507e+00
5.069843917799622623e+00
-4.123307167568270870e+00
3.462423339271570200e+00
-2.890313098328838315e+00
5.076500135851457429e+00
-4.103263565216478170e+00
3.480888352452935930e+00
-2.874503598682323080e+00
5.083756330342879437e+00
-4.117989592086459538e+00
3.462482277243390527e+00
-2.893556890478162114e+00
5.084287019320028911e+00
-4.108365581783131049e+00
3.477367461867890253e+00
-2.872651374343796249e+00
5.082020882271904405e+00
-4.118646065218998231e+00
3.459012376663324950e+00
-2.892495620683493307e+00
5.085887369455910800e+00
-4.109954628460489978e+00
3.473785550123638544e+00
-2.871278530468020840e+00
5.084083678106361859e+00
-4.121288243453559375e+00
3.458656432586444396e+00
-2.894119642783382407e+00
5.080695176353994924e+00
-4.108321396691270166e+00
3.470306147226646765e+00
-2.870456058324075244e+00
5.092242587359770312e+00
-4.127141380037050666e+00
3.459109405994459596e+00
-2.895572769151669945e+00
5.071435313654922616e+00
-4.106287913922616717e+00
3.473619698374659226e+00
-2.876236819112170551e+00
5.090199956597016850e+00
-4.091400907627770422e+00
3.457848402680540723e+00
-2.896605482607107707e+00
5.071907093521006438e+00
-4.108026325757982988e+00
3.472193849027845225e+00
-2.876939969598229840e+00
5.089128595997786775e+00
-4.092669696670697910e+00
3.457867876039757427e+00
-2.898728332963857568e+00
5.069952174093002917e+00
-4.109031757830083009e+00
3.470228949244805960e+00
-2.877822010820985987e+00
5.095737813706394448e+00
-4.097085031403529420e+00
3.455130984193300669e+00
-2.897498152165533192e+00
5.064702346704203606e+00
-4.107824440930825105e+00
3.473364314785910789e+00
-2.882920015861984986e+00
5.086473241490034880e+00
-4.093880661069632332e+00
3.453230525477696489e+00
-2.898783287699570721e+00
5.072050262201226900e+00
-4.112227197778666188e+00
3.469551012357153574e+00
-2.880606948169036841e+00
5.085568264424436435e+00
-4.095447811534207894e+00
3.488106814353464369e+00
-2.903886109682689565e+00
5.062073551144579575e+00
-4.108505793537978512e+00
3.468690571390054878e+00
-2.882911896381585848e+00
5.090432936647212969e+00
-4.098165813412849801e+00
3.479650383717675766e+00
-2.897564125761103782e+00
5.071112621819415800e+00
-4.115292117845950060e+00
3.470312968760474348e+00
-2.885471759144629278e+00
5.082081808825752667e+00
-4.097009303392487922e+00
3.485359106580050437e+00
-2.905743999777181230e+00
5.067596032937776052e+00
-4.114979842121327280e+00
3.468040514475930980e+00
-2.885629290368763478e+00
5.079828672782389809e+00
-4.096598185172096507e+00
3.481917966255136943e+00
-2.904749921405715085e+00
5.073104605406186352e+00
-4.119521705955699886e+00
3.467947101568246371e+00
-2.886959651389057413e+00
5.074314564320597576e+00
-4.095884959308923712e+00
3.483296941922535694e+00
-2.869125802543024850e+00
5.070802102228086028e+00
-4.119016496643626901e+00
3.463813768186334574e+00
-2.885440911729927116e+00
5.080415224657262918e+00
-4.100390609007769527e+00
3.482421272151806857e+00
-2.869646242603327124e+00
5.063632063373063374e+00
-4.117145249616142699e+00
3.464084992664250073e+00
-2.888504503942144197e+00
5.085399191653795725e+00
-4.104525454807535390e+00
3.480352745455951968e+00
-2.869299250804571599e+00
5.059689299447986066e+00
-4.116848915447799406e+00
3.462814487310303502e+00
-2.889487150450260611e+00
5.084323662782656683e+00
-4.104983431070552413e+00
3.476900597386648695e+00
-2.868190219656843620e+00
5.059710504629165939e+00
-4.117646837881568267e+00
3.459713009296428776e+00
-2.888632358521142862e+00
5.087631002693812299e+00
-4.108077723614535159e+00
3.476533526526614182e+00
-2.869376164363890425e+00
5.081949082455141209e+00
-4.117155706770244450e+00
3.461708650781965435e+00
-2.893000777442611415e+00
5.085682626638687864e+00
-4.108483504420956223e+00
3.475013624501726461e+00
-2.870328132990582759e+00
5.085988564380721222e+00
-4.121315770827298053e+00
3.462871301389519374e+00
-2.895624274675788534e+00
5.075739922253969638e+00
-4.105156944837485611e+00
3.475500379105243898e+00
-2.873770937264713332e+00
5.091575430435838712e+00
-4.125391429421932266e+00
3.460363229158656573e+00
-2.894792521523376738e+00
5.070219968769883678e+00
-4.103734852700848812e+00
3.473715795300337472e+00
-2.874791689714675691e+00
5.094889085451236532e+00
-4.128462286605829590e+00
3.458336852380468063e+00
-2.894567028921358975e+00
5.070221512192706115e+00
-4.106204373935557150e+00
3.478141406665533619e+00
-2.880684467802317350e+00
5.086555537699039675e+00
-4.089888653534991647e+00
3.459727707220261905e+00
-2.898746908826853819e+00
5.071347738904268709e+00
-4.107099279817197690e+00
3.472638237801410455e+00
-2.877511677528551637e+00
5.090293005691223449e+00
-4.093327735677127599e+00
3.458247414174586254e+00
-2.898883611642374625e+00
5.067460101733469280e+00
-4.107008685218377586e+00
3.472010530798097072e+00
-2.879472136659685599e+00
5.092659909089837456e+00
-4.095890664718015550e+00
3.458815116200631756e+00
-2.901054086174633895e+00
5.059871958819640803e+00
-4.104843629949558981e+00
3.472115848142999450e+00
-2.882131488637800665e+00
5.093077010573476393e+00
-4.096247406077434761e+00
3.452048761630987617e+00
-2.896894113351737410e+00
5.069088144030435394e+00
-4.111405896990438791e+00
3.473288005477812135e+00
-2.884507509144123016e+00
5.082761875469286927e+00
-4.093417147106217513e+00
3.483194426187323334e+00
-2.899845419704527583e+00
5.076204594901719602e+00
-4.116023930887132920e+00
3.468632857801007496e+00
-2.881325635967822762e+00
5.077283801226318616e+00
-4.091955522270292356e+00
3.481498224628431615e+00
-2.900749045117943403e+00
5.079571111964741092e+00
-4.119004485062916388e+00
3.467221393028804055e+00
-2.881713799437032542e+00
5.076393111157468496e+00
-4.094020065439262446e+00
3.487545426096215984e+00
-2.908360788929378771e+00
5.069253703009114709e+00
-4.115722528000885561e+00
3.466829829229597149e+00
-2.884479736348564138e+00
5.082944881595031106e+00
-4.097896269006539249e+00
3.481023779966026410e+00
-2.903692926384171535e+00
5.067262302352752101e+00
-4.115662749168781609e+00
3.464398497633607743e+00
-2.884425262040362536e+00
5.085173090466169832e+00
-4.100761465178241139e+00
3.479658016775849738e+00
-2.864624902997666034e+00
5.067247923414772259e+00
-4.117777761347216625e+00
3.465250522119626364e+00
-2.886954737340246879e+00
5.080039861735749618e+00
-4.099953332548812668e+00
3.481529179433449972e+00
-2.869125021453436286e+00
5.063730304285662953e+00
-4.115889690557199998e+00
3.457440371462552342e+00
-2.882223261480907794e+00
5.090181878363202017e+00
-4.106198618465003669e+00
3.477735130479085779e+00
-2.866317244226630923e+00
5.060487808923228137e+00
-4.117923392285169015e+00
3.467241956046755558e+00
-2.893424925908023582e+00
5.076263113719642561e+00
-4.101547493341908712e+00
3.480619123438065010e+00
-2.872541324628578252e+00
5.062852706319048934e+00
-4.119525949320373748e+00
3.461600365628798137e+00
-2.890333070705695562e+00
5.078891662774971394e+00
-4.102451375803665812e+00
3.472244014809086732e+00
-2.866584019323104915e+00
5.098173816635093836e+00
-4.125617570478205209e+00
3.460167976066924389e+00
-2.890028015493871560e+00
5.072807390728468313e+00
-4.102279535995084991e+00
3.476964274051035808e+00
-2.873456866718943736e+00
5.095790367103776752e+00
-4.126435487840713456e+00
3.462767978254314372e+00
-2.894605368080007679e+00
5.066698022447721605e+00
-4.100987904883037771e+00
3.478092655584271498e+00
-2.876968065337507596e+00
5.092443388426191042e+00
-4.125139229867235358e+00
3.458037997107644479e+00
-2.892528914465495760e+00
5.076410487638526092e+00
-4.107704409290043657e+00
3.477445193329935069e+00
-2.877404971338673789e+00
5.082584625520933486e+00
-4.123046104298127901e+00
3.460791056939146682e+00
-2.897996620813279023e+00
5.074906240225273812e+00
-4.107328913841205242e+00
3.473546677421714968e+00
-2.876033988697424881e+00
5.088421892762791998e+00
-4.091219900396765752e+00
3.459185405061739882e+00
-2.897948081599787784e+00
5.071114656695934642e+00
-4.108003460817720942e+00
3.476326114291488079e+00
-2.880664035324584482e+00
5.081700431881755797e+00
-4.088874083518732050e+00
3.456740879232969910e+00
-2.898482735768463936e+00
5.079416350271338310e+00
-4.113215418944121460e+00
3.470981245097112478e+00
-2.877574025535568403e+00
5.085267285282101923e+00
-4.092526329503936466e+00
3.459286919781058067e+00
-2.902486265449207181e+00
5.068707937997437796e+00
-4.109667109263059004e+00
3.469796770571871747e+00
-2.879398243731139839e+00
5.090807441397085853e+00
-4.095632157077096380e+00
3.449965626676547270e+00
-2.895319638535483797e+00
5.072022414149393477e+00
-4.112095906598232098e+00
3.469250755030388156e+00
-2.880517800105717008e+00
5.082593330893529604e+00
-4.092501466027417045e+00
3.479782150857650080e+00
-2.896564225815141835e+00
5.079676885630084016e+00
-4.117037057981085546e+00
3.465474715419007978e+00
-2.878187116172484572e+00
5.079888976355270813e+00
-4.093714326884706267e+00
3.483820063764203390e+00
-2.902659751757632023e+00
5.076686474900385271e+00
-4.119135126104680467e+00
3.470618796104179005e+00
-2.885401880974155731e+00
5.072914515884656694e+00
-4.091874162680661620e+00
3.485407429856365535e+00
-2.906690842202145575e+00
5.074648794046178857e+00
-4.118186285432266835e+00
3.466667588169189074e+00
-2.883894022314544614e+00
5.079124426953963045e+00
-4.096733558809592779e+00
3.484001901225299846e+00
-2.906984275505858584e+00
5.071400832130349201e+00
-4.118623326071854329e+00
3.470822808473806198e+00
-2.889719201199778986e+00
5.067251533366290417e+00
-4.092104754062411587e+00
3.479672160660240987e+00
-2.866774832502144044e+00
5.085458888635733032e+00
-4.126263377635349450e+00
3.464373997422394602e+00
-2.884339908316389867e+00
5.064080954131774170e+00
-4.092320974576712622e+00
3.483130578372338970e+00
-2.871906026216660024e+00
5.075584572073715606e+00
-4.122170154062241743e+00
3.460204212764081078e+00
-2.883744872049602392e+00
5.079530018463769281e+00
-4.101808120191881457e+00
3.481341906606733261e+00
-2.870639859790175663e+00
5.061607706776941384e+00
-4.117842827942039818e+00
3.463284502295833178e+00
-2.890038572297537023e+00
5.086298271086208800e+00
-4.106701970897434606e+00
3.481694317183473775e+00
-2.872430014305735746e+00
5.052712535988495901e+00
-4.114773041942707543e+00
3.463847536658271498e+00
-2.893347093754925048e+00
5.085056154347111779e+00
-4.106261649837483318e+00
3.472656436436464489e+00
-2.866138486939428187e+00
5.090259167911507454e+00
-4.121569851457191902e+00
3.459660547318746282e+00
-2.890414373916983415e+00
5.082502360773151651e+00
-4.107474509742417013e+00
3.479967691261954599e+00
-2.875160107791496777e+00
5.076876966371196787e+00
-4.115720492251758955e+00
3.458759945013035964e+00
-2.892879007245420908e+00
5.091362072731278055e+00
-4.112586461894482959e+00
3.475007711340977856e+00
-2.871806773785085198e+00
5.075749650042022942e+00
-4.117635828224365468e+00
3.462059403380496114e+00
-2.898038724458851245e+00
5.085204691001189659e+00
-4.111615715715275954e+00
3.472715016345431671e+00
-2.872179207143275459e+00
5.081982149173188468e+00
-4.122411656956828097e+00
3.457525535410084672e+00
-2.895356489254328203e+00
5.085434334118421162e+00
-4.113131168651046110e+00
3.474956562434180718e+00
-2.876372143040186735e+00
5.076811178321072759e+00
-4.085772636638539623e+00
3.462987292475863121e+00
-2.902633656566475651e+00
5.075091033268616769e+00
-4.109601580317098879e+00
3.472796191886003747e+00
-2.877390231819433986e+00
5.086327262580764064e+00
-4.091064640641615568e+00
3.456337835491094523e+00
-2.897713020984979515e+00
5.074424079940001775e+00
-4.110691874693856107e+00
3.472454833104644756e+00
-2.879174765613697673e+00
5.083735111204171986e+00
-4.091328856734534725e+00
3.456699440104652243e+00
-2.900233374442058754e+00
5.073280299134437676e+00
-4.111701542117764951e+00
3.469272208966924342e+00
-2.878640265604838433e+00
5.090468230715499587e+00
-4.096381313803963309e+00
3.455388148126782966e+00
-2.900242688911637945e+00
5.063656539215480201e+00
-4.108277688359573077e+00
3.470789105928424600e+00
-2.882743988419340653e+00
5.089338841802580227e+00
-4.096480144163400894e+00
3.483055091465022457e+00
-2.898911566165547349e+00
5.066343253057486784e+00
-4.110825014816256839e+00
3.467953775160752983e+00
-2.881779383216789281e+00
5.088474164550706114e+00
-4.097978660416492502e+00
3.482426469236004074e+00
-2.900576557604207295e+00
5.070186538905766760e+00
-4.115194772867133644e+00
3.467503303903291645e+00
-2.883126170479564987e+00
5.083588073606455815e+00
-4.096882752784413384e+00
3.479117264500026341e+00
-2.900291471966398138e+00
5.075229963546695977e+00
-4.117280933981700919e+00
3.463887835251312275e+00
-2.881125397628877760e+00
5.078903994411618328e+00
-4.095928876997486867e+00
3.476900453563991356e+00
-2.900544024954806677e+00
5.081159718619078447e+00
-4.122749539024624710e+00
3.464962878571215654e+00
-2.883566646445156145e+00
5.071012324105270253e+00
-4.094263710970510672e+00
3.484419828709962808e+00
-2.870557248445209986e+00
5.072141127986736109e+00
-4.119925007380218496e+00
3.464625450848360266e+00
-2.886211739481977290e+00
5.076922715826542643e+00
-4.098462610786773652e+00
3.481818772197498912e+00
-2.869497506064911718e+00
5.071344302435390361e+00
-4.121791805889611915e+00
3.467973262084889541e+00
-2.891096347065888139e+00
5.067549224478876013e+00
-4.095228191492461534e+00
3.480326384369575088e+00
-2.871047316716936582e+00
5.073516803252802632e+00
-4.123290678992829861e+00
3.460225470297420891e+00
-2.885820261561519828e+00
5.076065048300451465e+00
-4.101721606435100753e+00
3.478495731969791560e+00
-2.870739118070094520e+00
5.070618097056339479e+00
-4.123901074878713935e+00
3.464781274113852838e+00
-2.892303070098730000e+00
5.070670380026258250e+00
-4.100786064065568226e+00
3.481804450806804674e+00
-2.876166889794060655e+00
5.089763259695322617e+00
-4.120868597170238345e+00
3.456264253170663103e+00
-2.887514184903322345e+00
5.088546447231528269e+00
-4.110178124131558697e+00
3.475039326373552839e+00
-2.870287206095987642e+00
5.082609062835590663e+00
-4.119793162371365725e+00
3.464182034971741597e+00
-2.897306826292820769e+00
5.077172901788913784e+00
-4.106122592784110736e+00
3.477684301369706077e+00
-2.875704453349327228e+00
5.084482755666361875e+00
-4.121702491044291428e+00
3.459269280791576584e+00
-2.894727030917522370e+00
5.077793150460403915e+00
-4.106380832575766249e+00
3.468769652676180648e+00
-2.869539013245329784e+00
5.095413245514150979e+00
-4.128753887695428837e+00
3.459284080667912598e+00
-2.895522509814913548e+00
5.068095030455244121e+00
-4.104564020791450218e+00
3.474570344001600919e+00
-2.877877735410028226e+00
5.092029079838723327e+00
-4.092560001012149229e+00
3.455714029120081854e+00
-2.894433720131433407e+00
5.072397293334436341e+00
-4.108810371740304390e+00
3.473486674118263728e+00
-2.878688685607482256e+00
5.089139195688692219e+00
-4.091990430012443447e+00
3.453748249418039151e+00
-2.895067915588482865e+00
5.077335373019985276e+00
-4.112564192827637299e+00
3.473896186252380058e+00
-2.880335676586590843e+00
5.078236191430018032e+00
-4.088273322881782690e+00
3.452574286144525217e+00
-2.896948150890165330e+00
5.083005428013970928e+00
-4.115960174881003297e+00
3.469868726437786322e+00
-2.877877078212747186e+00
5.075086813265166974e+00
-4.088038358135982264e+00
3.453359692402814041e+00
-2.900122957005621060e+00
5.082902728497677991e+00
-4.117458683060283064e+00
3.467968212296216102e+00
