1.035398582106808085e+01
-8.027814474232393138e+00
3.170997567774887393e+00
4.924009749037570494e+00
-3.375214725883434852e+00
6.249477166971888487e+00
-6.898757787600231950e+00
-2.668006953918352631e-01
6.890049191200130707e+00
-5.734896643201687461e+00
1.569057581906307730e+00
4.061411327748238875e+00
-2.663415040706042181e+00
4.188099423370763574e+00
-4.524946403961473074e+00
4.632290183657515215e+00
-3.470414719362182154e+00
2.528758222464881911e+00
-2.744589357712627020e+00
2.344744337611628371e+00
-1.764039500062668520e+00
3.865603577553210268e+00
-3.906479170993990113e+00
5.566731727354898851e+00
-4.930489455750261207e+00
4.596282971440171394e+00
-4.009424673144905249e+00
3.782077022179049397e+00
-3.558747775948593706e+00
3.217514584199847594e+00
-3.152158818734142720e+00
5.431969180717677759e+00
-4.961889054332118576e+00
4.799509288513693406e+00
-4.274069981224706716e+00
4.004760899753015302e+00
-3.778772231767806744e+00
3.507854935204529845e+00
-3.444269503455104520e+00
5.105826022577844903e+00
-4.777923953804673829e+00
4.813193373310179268e+00
-4.411798531390270561e+00
4.159037301354293170e+00
-3.955093754915491644e+00
3.913318654112079908e+00
-3.827618089914293975e+00
4.785870974943968292e+00
-4.542742958375672657e+00
4.718376132248350174e+00
-4.428284879900932225e+00
4.307826045452555874e+00
-4.112834223204281159e+00
4.184060765897972267e+00
-4.055421228867214900e+00
4.598600764869811286e+00
-4.386970199864350661e+00
4.624080924823008587e+00
-4.396582519721753179e+00
4.401791492108078074e+00
-4.208236661382315447e+00
4.317195047745384429e+00
-4.157735523309911585e+00
4.508732168629055792e+00
-4.306182290275756941e+00
4.575501212067235812e+00
-4.353727652217694200e+00
4.439358627521776235e+00
-4.251296330240709409e+00
4.389954441421916265e+00
-4.213441778917919933e+00
4.480394729197253234e+00
-4.277960665216702374e+00
4.534789254061057484e+00
-4.329640589695427977e+00
4.458745874819956434e+00
-4.274122261415301161e+00
4.422699883268276011e+00
-4.239168940431184751e+00
4.468470414503427079e+00
-4.266732347457059760e+00
4.511760831407568340e+00
-4.315762064455894276e+00
4.461857467247899223e+00
-4.281620696912941781e+00
4.442097389912903260e+00
-4.255472368487253298e+00
4.468590358583639954e+00
-4.265672852237718971e+00
4.494782171874335930e+00
-4.304497638167770646e+00
4.455376782134531588e+00
-4.280124170260050320e+00
4.447973027377486233e+00
-4.262130809879368876e+00
4.466142908013353008e+00
-4.264513214044790779e+00
4.487034209185364553e+00
-4.265451243864499808e+00
4.458261152261002280e+00
-4.285138266219865599e+00
4.452128397907999080e+00
-4.267325316389489309e+00
4.462359876093777267e+00
-4.262054647604895941e+00
4.479390129762295558e+00
-4.261471045524639401e+00
4.456302106548777786e+00
-4.286509256027410508e+00
4.459846014965727967e+00
-4.275165703250102034e+00
4.463962369863486046e+00
-4.265285002176770313e+00
4.476049044383763054e+00
-4.260611816121729234e+00
4.454136515339325086e+00
-4.286093555840527536e+00
4.455274438546581450e+00
-4.274175280472936933e+00
4.466768172789829627e+00
-4.269651383931632793e+00
4.479562770648390924e+00
-4.265332287104618203e+00
4.455419712185317849e+00
-4.289397477812205040e+00
4.454458837089068091e+00
-4.274855519308662366e+00
4.461648174164748681e+00
-4.267579292041677519e+00
4.478689510046943489e+00
-4.266239129726743684e+00
4.482672355084265092e+00
-4.289638750014092672e+00
4.455565979013318412e+00
-4.277490484062025367e+00
4.463316497999100463e+00
-4.270449988455075285e+00
4.474509296954131798e+00
-4.264912539395908198e+00
4.481308653104857598e+00
-4.290738392721897831e+00
4.455680060995163672e+00
-4.279602712358257399e+00
4.459623601814385552e+00
-4.268156697785951081e+00
4.467486216850033998e+00
-4.261538000413440663e+00
4.480502757789790458e+00
-4.292474695723545786e+00
4.459383051275325194e+00
-4.284446074194288023e+00
4.463285918901215510e+00
-4.273281772657940181e+00
4.469951355797635806e+00
-4.264754133682897574e+00
4.476760109398087550e+00
-4.255757178951023789e+00
4.454800813918191160e+00
-4.282905164113957497e+00
4.461161069264274026e+00
-4.273766643654159481e+00
4.471929438213790853e+00
-4.268350183208005078e+00
4.479129923809019864e+00
-4.259511000472947728e+00
4.455000088884883525e+00
-4.284749250033784485e+00
4.462102999662339364e+00
-4.276447020283622003e+00
4.468867627818929655e+00
-4.267662978115441597e+00
4.475525930388157825e+00
-4.258738688945852502e+00
4.453156599814046324e+00
-4.285449283292871669e+00
4.459187704301331046e+00
-4.275996978955920014e+00
4.466392960351942776e+00
-4.267765047390801314e+00
4.472828696953739858e+00
-4.259137549948257551e+00
4.456851059745020827e+00
-4.290444222605778180e+00
4.460558485121726591e+00
-4.278551592876358889e+00
4.465643012693136349e+00
-4.268877398394283595e+00
4.474704353854850325e+00
-4.261992297424092691e+00
4.482619774954949676e+00
-4.289221536044612648e+00
4.457246274329546232e+00
-4.278022406420369350e+00
4.463370210565648755e+00
-4.268651930896383284e+00
4.471641950646493058e+00
-4.261791832505954503e+00
4.479829475292627983e+00
-4.287910236901739225e+00
4.449458223864610318e+00
-4.274495224649916381e+00
4.466234739675248200e+00
-4.274088215308852412e+00
4.477056362843022441e+00
-4.267440729090535179e+00
4.478102461815767654e+00
-4.288621244994508253e+00
4.451291076154833881e+00
-4.277073901965713354e+00
4.461202971722570965e+00
-4.271695260643700642e+00
4.473492994669355127e+00
-4.266399744857133136e+00
4.476048675545263755e+00
-4.289048779424826208e+00
4.452894506342499170e+00
-4.280195438997663970e+00
4.461383581800220099e+00
-4.273199155325471565e+00
4.470665979899177245e+00
-4.265997079021459193e+00
4.477158266960300281e+00
-4.257146173569513969e+00
4.457180565965587427e+00
-4.285855968266164773e+00
4.461629556073803293e+00
-4.275185541225642538e+00
4.469603161852214512e+00
-4.267221184021021685e+00
4.477351444188529150e+00
-4.259380741095871059e+00
4.452992712974197076e+00
-4.284094673513419771e+00
4.460144602399645386e+00
-4.275959314435718639e+00
4.468781470907313036e+00
-4.268320737527839803e+00
4.473338549365941219e+00
-4.257984094344323900e+00
4.451730693871682298e+00
-4.285131707422330294e+00
4.458104917939423650e+00
-4.276804216147485072e+00
4.471370958687002073e+00
-4.272535421220254648e+00
4.474206761033409308e+00
-4.259974497208574462e+00
4.449568913330528730e+00
-4.285441022528669208e+00
4.460022958224837630e+00
-4.280000422656110359e+00
4.466697380604736978e+00
-4.270913706432446943e+00
4.474851973464405219e+00
-4.262585779495117855e+00
4.477917047347030000e+00
-4.286257058474365778e+00
4.457723414651456828e+00
-4.280102042150093489e+00
4.467613964450104724e+00
-4.273059734804626864e+00
4.473509597470527233e+00
-4.263535891296432290e+00
4.479530658496472917e+00
-4.289518915385611919e+00
4.457408227623294472e+00
-4.280938327979209035e+00
4.462989780409805540e+00
-4.271592222046110443e+00
4.472654100074900718e+00
-4.265214444249177284e+00
4.480991913703258334e+00
-4.292305962014659748e+00
4.456810431778232662e+00
-4.282266432603570649e+00
4.460489397297126679e+00
-4.271113956233683950e+00
4.468431045786097400e+00
-4.264275294813208994e+00
4.482097846310421296e+00
-4.260427998696646235e+00
4.460057100812530706e+00
-4.286995304663460793e+00
4.464148300498179900e+00
-4.275209789980944031e+00
4.463912591572276156e+00
-4.261799522035049748e+00
4.475789863880118347e+00
-4.257874777842797442e+00
4.458873530193678825e+00
-4.287742048003866380e+00
4.462934475560693670e+00
-4.276531293021461622e+00
4.467643162553599723e+00
-4.266784445558262640e+00
4.476437127357295154e+00
-4.259714567456624579e+00
4.455154364168956604e+00
-4.286434769334597661e+00
4.455358313173515938e+00
-4.272017518876314313e+00
4.463376459915421535e+00
-4.266127988792458581e+00
4.482654635931575982e+00
-4.267395753715042872e+00
4.460060867505423410e+00
-4.291337295048558431e+00
4.453756274483376743e+00
-4.272593922841962488e+00
4.457148111442980287e+00
-4.262769429709397428e+00
4.477694963644494486e+00
-4.265494732935384725e+00
4.489585851400249794e+00
-4.294075867057620677e+00
4.455382923872430290e+00
-4.276054156164835085e+00
4.463003304471569344e+00
-4.268866553352729021e+00
4.473966842861025306e+00
-4.262948132561111159e+00
4.480439234634777890e+00
-4.289144153070459708e+00
4.456481879701773785e+00
-4.279524634394233473e+00
4.464646377292479151e+00
-4.271918179636955415e+00
4.471266040573984135e+00
-4.262511803588692416e+00
4.477228421522866597e+00
-4.288476315134253092e+00
4.452905923778955888e+00
-4.278105906580277562e+00
4.461047703610141468e+00
-4.271315357895439924e+00
4.471845964350819713e+00
-4.265138428756497291e+00
4.479472644066428977e+00
-4.292273982057207782e+00
4.456200218491294329e+00
-4.282623360850775107e+00
4.460818821850060623e+00
-4.272253718137795531e+00
4.468423604288318529e+00
-4.264836693540031476e+00
4.478983725498244084e+00
-4.258685574307682131e+00
4.452770019270568369e+00
-4.282367862194902841e+00
4.464435006075913037e+00
-4.277133310624478213e+00
4.470744286838465698e+00
-4.267826221497528216e+00
4.476950582175645899e+00
-4.258767564071177070e+00
4.455073245529843184e+00
-4.285617324018121010e+00
4.461776128754062043e+00
-4.277031067763287453e+00
4.468537328443610512e+00
-4.268175635993633144e+00
4.476839214044626480e+00
-4.260684687608847554e+00
4.454530697114567062e+00
-4.287155822686369078e+00
4.460509785033840657e+00
-4.277698197100861854e+00
4.466070190356896674e+00
-4.268407505630620768e+00
4.475456402719032667e+00
-4.261742606043852355e+00
4.454332412778365224e+00
-4.288571133736359009e+00
4.458532860407532716e+00
-4.278118561627850092e+00
4.464855112039764151e+00
-4.269065825548809201e+00
4.473200349031545286e+00
-4.261788941146314791e+00
4.481407897004897833e+00
-4.288758904097033309e+00
4.459504700480352746e+00
-4.280764716320643259e+00
4.463471030825228780e+00
-4.269857253977733968e+00
4.472957966518033679e+00
-4.263387340052990027e+00
4.480513058068834376e+00
-4.290186605743222970e+00
4.457144743860687264e+00
-4.280690979913710947e+00
4.463096606185836812e+00
-4.271222773515781057e+00
4.469715852482742946e+00
-4.262490843566707710e+00
4.478276634919101440e+00
-4.290579999042980930e+00
4.458420570928200988e+00
-4.283520717277011336e+00
4.462158814052300748e+00
-4.272555232002368086e+00
4.470108542490196513e+00
-4.264639122679373173e+00
4.476039733566461898e+00
-4.255608694081224996e+00
4.455922922604564462e+00
-4.283521202989041932e+00
4.462824458285088447e+00
-4.274663534960294164e+00
4.467295487343990068e+00
-4.264337280839183286e+00
4.472581337086778852e+00
-4.254821821286433270e+00
4.458382519754263029e+00
-4.288002409210702304e+00
4.465003466403287824e+00
-4.277627730529013128e+00
4.467029344919526856e+00
-4.265711604682227431e+00
4.472849275376177935e+00
-4.256507795379316228e+00
4.454161923485427721e+00
-4.286222216166929222e+00
4.462013105119683409e+00
-4.278071053802652735e+00
4.469496159545410130e+00
-4.269744126187059230e+00
4.473189810201295913e+00
-4.258426257226560985e+00
4.444149440053879907e+00
-4.280744593700766210e+00
4.461830430090263810e+00
-4.280857936351327275e+00
4.473880114571888278e+00
-4.274859110602406531e+00
4.470470764472382008e+00
-4.257915465798141064e+00
4.477958695073857243e+00
-4.285793831029046430e+00
4.460823848300738526e+00
-4.281133183574866052e+00
4.468483090314379069e+00
-4.272434050876997347e+00
4.471030969899809193e+00
-4.260180404563335799e+00
4.476394286312256554e+00
-4.285961892840625787e+00
4.457309123337405588e+00
-4.280636694195847802e+00
4.468503771838171268e+00
-4.274588886365138229e+00
4.469623966735547071e+00
-4.261471404733558010e+00
4.478387010233189969e+00
-4.289698688681766292e+00
4.457938209870948576e+00
-4.282727047075471916e+00
4.467052277630914503e+00
-4.275078677063177679e+00
4.470046242899693212e+00
-4.263291710613796859e+00
4.473442390889382558e+00
-4.287698391470065928e+00
4.457698925848060156e+00
-4.284688060556925748e+00
4.464446277697430077e+00
-4.274065796216310886e+00
4.464991003894207999e+00
-4.261354692395912913e+00
4.476097168719409325e+00
-4.256385331361803637e+00
4.454790283135694473e+00
-4.282762550665183632e+00
4.456505655967626822e+00
-4.270966788452198237e+00
4.466535489342592591e+00
-4.265624402972458817e+00
4.481999241669475609e+00
-4.263101298942728157e+00
4.459109221990892991e+00
-4.287870341296338594e+00
4.453308860985919715e+00
-4.270079026350874329e+00
4.466272786042273957e+00
-4.267451708232523622e+00
4.482360562168446805e+00
-4.265073412962453681e+00
4.455405108037026274e+00
-4.286813127827822534e+00
4.456573613588852290e+00
-4.274152696102813564e+00
4.463187484693966312e+00
-4.266464930663051547e+00
4.477867813137105024e+00
-4.263857729834675148e+00
4.456220191581288681e+00
-4.289932696184157734e+00
4.456786173395514083e+00
-4.276255170878076939e+00
4.462495876105762704e+00
-4.267409969059658970e+00
4.474274619007191589e+00
-4.262910532541939190e+00
4.483739950104713046e+00
-4.290597602409210509e+00
4.459143930623676866e+00
-4.280022993262501352e+00
4.461642281741285743e+00
-4.268306615271455051e+00
4.470758693379952575e+00
-4.261802551204379341e+00
4.481961787964634070e+00
-4.291488396521970117e+00
4.459463202025283124e+00
-4.282574301683935936e+00
4.465310798546631155e+00
-4.273039661879662887e+00
4.471058088424172183e+00
-4.263063059347749650e+00
4.476843586422578625e+00
-4.288897334755395363e+00
4.456203377143072686e+00
-4.282349402938142369e+00
4.465780326935235856e+00
-4.275470716743239308e+00
4.471159054120308340e+00
-4.264974827577922234e+00
4.474406335268398927e+00
-4.254076270221868405e+00
4.454212500874310976e+00
-4.282539215051585302e+00
4.465914260326799834e+00
-4.277502536216119644e+00
4.470582766092261018e+00
-4.265978936802024002e+00
4.473388710183043848e+00
-4.255015130616273566e+00
4.455367396128417923e+00
-4.285613372798978915e+00
4.465573179873523202e+00
-4.278708391809186828e+00
4.468459094945509413e+00
-4.266842918362986126e+00
4.473168143029594646e+00
-4.255808509617260427e+00
4.450278424580774939e+00
-4.283186640646372112e+00
4.460151126773300945e+00
-4.276870713217175712e+00
4.469517141912476177e+00
-4.269913346491545525e+00
4.476217205476589633e+00
-4.261009256959917835e+00
4.451412987636108376e+00
-4.285490498283071936e+00
4.456124892749017796e+00
-4.274900719496836032e+00
4.461883882658837841e+00
-4.266543974625666813e+00
4.480020030912434947e+00
-4.266349169439311417e+00
4.485878698562386191e+00
-4.290349764230940721e+00
4.454083649747653695e+00
-4.274987941597326646e+00
4.460235911631295735e+00
-4.267324924471163961e+00
4.477545082426540368e+00
-4.266302663812552964e+00
4.485805486299372369e+00
-4.292548945500603175e+00
4.457201612504129606e+00
-4.279146795154884941e+00
4.460191417844789008e+00
-4.267749558280716116e+00
4.470209671227062032e+00
-4.262778899021061996e+00
4.484001647183525563e+00
-4.294005395705028150e+00
4.460389578341972694e+00
-4.283479659060630773e+00
4.459894875207747411e+00
-4.268767152157908917e+00
4.466419567721418460e+00
-4.261456095392048837e+00
4.476697213242800011e+00
-4.290638285149735331e+00
4.461063765752323107e+00
-4.286846191226414859e+00
4.464762477862715073e+00
-4.274502693957393795e+00
4.465088921258465682e+00
-4.261604430088255846e+00
4.478249356016033467e+00
-4.258269368295752422e+00
4.459301166193140986e+00
-4.286628290561610655e+00
4.457647422241956647e+00
-4.271203644680018563e+00
4.465777209073380938e+00
-4.264356285344719666e+00
4.476618141125257466e+00
-4.258952664063682114e+00
4.456278514260508139e+00
-4.286694760267846682e+00
4.459663203204506488e+00
-4.273882872938336241e+00
4.463258205405346679e+00
-4.264299372781514386e+00
4.475849661707336224e+00
-4.260211066637829447e+00
4.458000345444921741e+00
-4.289470807207082181e+00
4.457528123720979174e+00
-4.273722914625309954e+00
4.460053749532508327e+00
-4.263611709031955854e+00
4.478106755324289701e+00
-4.264454739043316067e+00
4.457729002675343999e+00
-4.290827686016617903e+00
4.456832274254086457e+00
-4.276130319307167582e+00
4.462660084279092665e+00
-4.267442921262641242e+00
4.474259780202350711e+00
-4.262785938938428387e+00
4.484970373541663058e+00
-4.291470402525622951e+00
4.459707411974019209e+00
-4.280095091488948178e+00
4.461964377242104263e+00
-4.268292112545269745e+00
4.471406376666157811e+00
-4.261927656868972569e+00
4.481000229324861195e+00
-4.290388909219196023e+00
4.455784134062787061e+00
-4.278459870264796017e+00
4.458909932534179887e+00
-4.268233271761153524e+00
4.473208402847847154e+00
-4.265879941486470095e+00
4.481644056367088069e+00
-4.292658062692995102e+00
4.456596561865896255e+00
-4.281539954180201946e+00
4.460758184609088239e+00
-4.271507248886933006e+00
4.471468090194311351e+00
-4.265868130862415342e+00
4.480079167927538464e+00
-4.258008939568426854e+00
4.455160677414848003e+00
-4.282796632254704861e+00
4.460446371461450177e+00
-4.272677006675632327e+00
4.467582211721102148e+00
-4.264637675718653043e+00
4.477621315487482434e+00
-4.258561152437489561e+00
4.456644667108730751e+00
-4.286052116968883219e+00
4.459571685887296688e+00
-4.272886718656465632e+00
4.460618127822311152e+00
-4.260401717783801168e+00
4.473751521637698403e+00
-4.257852197539475192e+00
4.458521745121956315e+00
-4.289335596332397138e+00
4.463044658918544627e+00
-4.278073859924653277e+00
4.466199521051779975e+00
-4.266944578338820904e+00
4.475060632106914404e+00
-4.260044010983950358e+00
4.452474064457252467e+00
-4.286558494664024721e+00
4.457895806599903921e+00
-4.277013543672017803e+00
4.470770449731523932e+00
-4.272775280194412773e+00
4.476819633471488480e+00
-4.262491574242778469e+00
4.476981192217922789e+00
-4.282989262317205004e+00
4.451264936681434747e+00
-4.273873759736410705e+00
4.466899197061377613e+00
-4.272262166073462986e+00
4.476782770018470359e+00
-4.265058464017218220e+00
4.481725308449321155e+00
-4.289478684083039894e+00
4.453043904148059617e+00
-4.276767843693740190e+00
4.465790096783600838e+00
-4.273105249746874890e+00
4.470974417801644840e+00
-4.262199223420380712e+00
4.477789672077219230e+00
-4.288930011793565811e+00
4.455269817559596390e+00
-4.280765959360083528e+00
4.468764614139028701e+00
-4.276824765966615871e+00
4.471443923593509062e+00
-4.264004876880354011e+00
4.473445591493703688e+00
-4.287237548932833597e+00
4.455752497165882176e+00
-4.283228272088712707e+00
4.468970616068625112e+00
-4.278698867142807671e+00
4.468294760940211496e+00
-4.263172009695137099e+00
4.472794444010422588e+00
-4.253467036666568113e+00
4.455290695731162209e+00
-4.284661797926769822e+00
4.463633848717222463e+00
-4.276548985293811000e+00
4.470489139185168881e+00
-4.267391688671757777e+00
4.474655165705727633e+00
-4.256413459188456372e+00
4.452558766137876489e+00
-4.283661211237866695e+00
4.464158834026400235e+00
-4.279552978456577783e+00
4.474875133747969080e+00
-4.272556948712410652e+00
4.478077895404109832e+00
-4.260427468001953599e+00
4.447163713755897696e+00
-4.280672469041523875e+00
4.454926790876341691e+00
-4.273793561366714400e+00
4.466418148105217867e+00
-4.268060761876302678e+00
4.473859407388108167e+00
-4.259787038693692018e+00
4.452222747244185541e+00
-4.287337055400401553e+00
4.460417813045953750e+00
-4.279478186602316825e+00
4.468170087350836539e+00
-4.271585965846967703e+00
4.474181009090821171e+00
-4.261908979890696614e+00
4.479477073069142889e+00
-4.286898175192316529e+00
4.456253435257887752e+00
-4.278686788174721478e+00
4.467999992804704945e+00
-4.273509314766389622e+00
4.473511776269762485e+00
-4.263235723010749822e+00
4.479725915728018926e+00
-4.288978576826107947e+00
4.451656031482922771e+00
-4.276146577920034275e+00
4.464103891948254521e+00
-4.272488133789781983e+00
4.474007855920254073e+00
-4.265210971192112233e+00
4.474544864920572351e+00
-4.287203414282412695e+00
4.453971417088830265e+00
-4.280700324028373416e+00
4.467376378148557592e+00
-4.276559756611306717e+00
4.470817823368557598e+00
-4.264391099207854197e+00
4.474326481221995166e+00
-4.288987662252277566e+00
4.456967850286120303e+00
-4.284656320605868096e+00
4.466759555500039447e+00
-4.277590321515618577e+00
4.473110849141060719e+00
-4.268058821059472763e+00
4.476294399981961547e+00
-4.256351472650016454e+00
4.450028220316188055e+00
-4.281040374710663343e+00
4.463821404314453289e+00
-4.278123099428591480e+00
4.472980895800908741e+00
-4.270278722484109224e+00
4.473634880719451701e+00
-4.256404850735459711e+00
4.447745104582248921e+00
-4.281505430670240031e+00
4.464032787680245917e+00
-4.280231678721377442e+00
4.472929907453367271e+00
-4.271782739497858472e+00
4.474327453598141879e+00
-4.258555440397209679e+00
4.449320402904515248e+00
-4.284214370269131322e+00
4.460905610773978403e+00
-4.279328022181561053e+00
4.469673144853122615e+00
-4.271580802798593091e+00
4.473618045794333753e+00
-4.260070320330750171e+00
4.479035430489156866e+00
-4.286357255499767760e+00
4.460648973301568176e+00
-4.280791800197939700e+00
4.466966475728336050e+00
-4.270990606745415974e+00
4.472307294859383830e+00
-4.261240945590290430e+00
4.476570541526362135e+00
-4.284963898608529220e+00
4.452976889855704279e+00
-4.276501125581113172e+00
4.464989627463728183e+00
-4.271908792502788543e+00
4.474761647758459304e+00
-4.265309124534193863e+00
4.480852426405494526e+00
-4.290719276070424471e+00
4.456673710183373771e+00
-4.281148688711155614e+00
4.467251876736004768e+00
-4.275358290796598126e+00
4.472346433166038970e+00
-4.264605221055569828e+00
4.473633032506454832e+00
-4.286142882431867918e+00
4.451004455536854643e+00
-4.279219748346265284e+00
4.466550843027466300e+00
-4.277271681977430795e+00
4.473689908118201330e+00
-4.267163073722386457e+00
4.474870949556456701e+00
-4.254278699812322984e+00
4.450242587261462823e+00
-4.280223695830927433e+00
4.465168277520938034e+00
-4.277885211057038006e+00
4.472050667923192613e+00
-4.268740084952344915e+00
4.473496974247996860e+00
-4.255423407089846677e+00
4.451928772613025664e+00
-4.283631781954018614e+00
4.465023524893693363e+00
-4.279383341368097504e+00
4.470563139726961843e+00
-4.269018090309281810e+00
4.472854663782537266e+00
-4.256854373167987760e+00
4.451944405399168581e+00
-4.285414947775951333e+00
4.464148488289634287e+00
-4.280771242678354405e+00
4.467110658908474363e+00
-4.268119795420413531e+00
4.472279887583106905e+00
-4.258715379579932403e+00
4.453517366737417937e+00
-4.288435054729156981e+00
4.464938712951985522e+00
-4.282661058567159174e+00
4.467154782252364953e+00
-4.270162108379586208e+00
4.471170849852510010e+00
-4.259593621663418261e+00
4.479507313133577640e+00
-4.287596909937398060e+00
4.457186234359474142e+00
-4.279172913329617245e+00
4.467893869560812803e+00
-4.273297115833258886e+00
4.475078275844803777e+00
-4.264238527899719244e+00
4.477825132258384855e+00
-4.287317381789031323e+00
4.452253033351361466e+00
-4.277128094974473882e+00
4.465022363867038990e+00
-4.273399674424292805e+00
4.476254422387488496e+00
-4.267099673490000633e+00
4.479402336754928271e+00
-4.290131982232240127e+00
4.453980194332631370e+00
-4.280049577500225411e+00
4.464934338232346533e+00
-4.274854748799528537e+00
4.472165467229983093e+00
-4.265993281645931390e+00
4.476805305351747144e+00
-4.290860753354350798e+00
4.456899917375138465e+00
-4.284089618679014499e+00
4.464124033806562863e+00
-4.275548423815783039e+00
4.471051326721751984e+00
-4.266818617624180909e+00
4.473884718796304227e+00
-4.254982264639579626e+00
4.453573000709158514e+00
-4.283470169348781553e+00
4.461569207176063756e+00
-4.275901328405485202e+00
4.470373303049947289e+00
-4.268130823524513673e+00
4.476791721349626663e+00
-4.259127058643184860e+00
4.451584186480074479e+00
-4.283755467644052572e+00
4.460875203236612130e+00
-4.276876508344626515e+00
4.465041842358937529e+00
-4.265124641406858430e+00
4.470140256188328998e+00
-4.256192014806480906e+00
4.454772106424389477e+00
-4.289046680615319573e+00
4.467326960566854410e+00
-4.283393634172445452e+00
4.463869875295575440e+00
-4.266478060392821625e+00
4.469954548814250472e+00
-4.258002651412899908e+00
4.483362743632469005e+00
-4.289798520950223626e+00
4.463953087280017051e+00
-4.282727925808615943e+00
4.463252875158583599e+00
-4.266749707390337321e+00
4.461969402297796705e+00
-4.253008798539684499e+00
4.476316521508770130e+00
-4.287362918515584376e+00
4.467117995867678104e+00
-4.287858988388070003e+00
4.470317963673123174e+00
-4.274600986837191918e+00
4.466246061935622791e+00
-4.258402190380310870e+00
4.475465794223883798e+00
-4.287916656189642239e+00
4.463197173357893455e+00
-4.286686794388982591e+00
4.468315406420650504e+00
-4.275227132324127766e+00
4.466476123262368425e+00
-4.259831326789942807e+00
4.473571847433007953e+00
-4.287383890133331654e+00
4.455114926791710950e+00
-4.282766367142089692e+00
4.470700444819688535e+00
-4.279885093618583269e+00
4.473687968304787432e+00
-4.267107834570357916e+00
4.475827977333259433e+00
-4.255373438441695022e+00
4.452856352894382752e+00
-4.281653196276424822e+00
4.461689869910413719e+00
-4.274826620449588610e+00
4.468431420959062095e+00
-4.265847510369078499e+00
4.478068717828643130e+00
-4.259190707158731826e+00
4.455590881404615899e+00
-4.285433783219916748e+00
4.460830260667531633e+00
-4.275719592075432729e+00
4.464507225154618730e+00
-4.263824563113661092e+00
4.473891330479537132e+00
-4.258553791481563877e+00
4.457125608541728568e+00
-4.289192000104685931e+00
4.464489331798244365e+00
-4.279965436129699263e+00
4.462924063544892128e+00
-4.265347936397256845e+00
4.474735264732770723e+00
-4.260802826685230471e+00
4.454113707221589280e+00
-4.288144607425598664e+00
4.457763203395280982e+00
-4.277193199253991551e+00
4.466119486583981946e+00
-4.269623934294815903e+00
4.473845518242759667e+00
-4.261627341585993101e+00
4.479648865339671104e+00
-4.286970785726701649e+00
4.457094769204849705e+00
-4.278950407892898156e+00
4.467227963275600899e+00
-4.272472691626968633e+00
4.474908197001888688e+00
-4.264218066846169997e+00
4.479680177582465284e+00
-4.288916740062596489e+00
4.456545155595759589e+00
-4.279733064860962166e+00
4.463283777469667868e+00
-4.271158493143152768e+00
4.470021360950649836e+00
-4.262459464862549119e+00
4.478112006976576964e+00
-4.289528874961020755e+00
4.455879093529526713e+00
-4.281620886231816137e+00
4.466960970375336792e+00
-4.276071381195965415e+00
4.472081979458897294e+00
-4.265616691324397358e+00
4.474139447639694289e+00
-4.288423812060485396e+00
4.454294292244689757e+00
-4.282252978594470072e+00
4.466664063974663534e+00
-4.277926122281602517e+00
4.469904931038872320e+00
-4.265769620884944047e+00
4.476686088428326826e+00
-4.257332828653846768e+00
4.453567161952094899e+00
-4.283016151044193975e+00
4.459048581211666473e+00
-4.273771886541425147e+00
4.466363755898520083e+00
-4.265569527564473162e+00
4.478208691386355689e+00
-4.260640349788481274e+00
4.456779504718811680e+00
-4.287364278621222269e+00
4.459380712811242375e+00
-4.275352824803041685e+00
4.467618541628768369e+00
-4.267944670110122019e+00
4.476606951587399408e+00
-4.260633379497116735e+00
4.452822538309035849e+00
-4.285934643642773878e+00
4.457437937413121887e+00
-4.276267434415131241e+00
4.468011398205937290e+00
-4.270353079466346458e+00
4.476916177152769016e+00
-4.262949031563189273e+00
4.481993753235098410e+00
-4.287889988053380286e+00
4.455737999259723026e+00
-4.276054333421629217e+00
4.463163372253996286e+00
-4.268649333797480239e+00
4.475983335447520695e+00
-4.264627695693897103e+00
4.481290930555086760e+00
-4.288573016614594557e+00
4.455222703880806989e+00
-4.277613976984838473e+00
4.462953180484065641e+00
-4.270497506030232593e+00
4.474538293447886339e+00
-4.265135505646580505e+00
4.479223846088285832e+00
-4.288820250335532158e+00
4.454716635371341660e+00
-4.279592511157646051e+00
4.465806101128953820e+00
-4.274375518881761593e+00
4.474580553356833690e+00
-4.266679263804392441e+00
4.478275936697940551e+00
-4.290516716257816832e+00
4.454782107787728762e+00
-4.281343492204364054e+00
4.458667791587435758e+00
-4.270782263045526328e+00
4.469655193594131326e+00
-4.265680939829874951e+00
4.483254777809945857e+00
-4.261550502118067740e+00
4.455948170580099621e+00
-4.282529637816499424e+00
4.455982201654911101e+00
-4.270570942038009576e+00
4.471588905439754846e+00
-4.268751995964230161e+00
4.478518141186092372e+00
-4.259427343781823083e+00
4.454569167686129205e+00
-4.284339465256413071e+00
4.457036889790026102e+00
-4.273145429753505198e+00
4.468635903301670709e+00
-4.268272998397281803e+00
4.478623151358841703e+00
-4.261341805602483213e+00
4.454373312110284644e+00
-4.286335072137258173e+00
4.455604218224410218e+00
-4.273165493920639157e+00
4.462138354414452834e+00
-4.265618661148776525e+00
4.479680732228846551e+00
-4.264988367028472283e+00
4.457360360671344779e+00
-4.290221654040043298e+00
4.455376946198952304e+00
-4.274449305815649858e+00
4.460720358767754412e+00
-4.265941832060730299e+00
4.476018028550549310e+00
-4.264471181772971242e+00
4.487111730048263247e+00
-4.292680195223843143e+00
4.457823449390173387e+00
-4.278182733077220412e+00
4.461334621440436798e+00
-4.268089987733228341e+00
4.475889832670008950e+00
-4.265154949544875507e+00
4.481980655455780393e+00
-4.290112711669321399e+00
4.452752446504736561e+00
-4.276981413223363226e+00
4.461619411993199336e+00
-4.270272628015582050e+00
4.473281893770114870e+00
-4.264176047370491496e+00
4.475831123377385090e+00
-4.287614949464259695e+00
4.455555636506877804e+00
-4.281319814166638871e+00
4.467657546204113928e+00
-4.276703290132546798e+00
4.472791672550139097e+00
-4.265844729096662569e+00
4.473080251505927585e+00
-4.287691294453023438e+00
4.457040035763450980e+00
-4.284984370958519584e+00
4.467867399646294757e+00
-4.278194960766045440e+00
4.468229669736693666e+00
-4.263625610433462221e+00
4.470788392651289023e+00
-4.252885449689109088e+00
4.453062055808501007e+00
-4.284025801300050063e+00
4.471735949830113910e+00
-4.284076990529061213e+00
4.471239816403808298e+00
-4.268085337006063185e+00
4.471720106486108293e+00
-4.254866826325447882e+00
4.453128563579977772e+00
-4.285434600612428646e+00
4.463592693617518314e+00
-4.278736547076160690e+00
4.470503162593762347e+00
-4.269983885589839545e+00
4.474072476860647463e+00
-4.258110804506128666e+00
4.448970284929326446e+00
-4.283450919417853164e+00
4.459308364971080962e+00
-4.277620389427095660e+00
4.470700363782478703e+00
-4.272566673203749943e+00
4.476414892510224064e+00
-4.262235641242589246e+00
4.479709290133020438e+00
-4.285919655665997752e+00
4.455211594398031494e+00
-4.276557016607565487e+00
4.467463427985804536e+00
-4.271897430976754784e+00
4.474078711754120086e+00
-4.262295876026085395e+00
4.478021935359522310e+00
-4.286742429820119327e+00
4.456681659147056607e+00
-4.279253290895143280e+00
4.463390017386007713e+00
-4.269410961881952460e+00
4.469242798199452693e+00
-4.261118242893347841e+00
4.479462297727131670e+00
-4.289986058823172854e+00
4.458856543151232366e+00
-4.282500711030138518e+00
4.464883953329850108e+00
-4.272813836205894944e+00
4.470253654939585708e+00
-4.263096740776449955e+00
4.476525936561285945e+00
-4.289464350384834646e+00
4.458323755030505708e+00
-4.284280932313536461e+00
4.464587620964794112e+00
-4.274546576173663404e+00
4.468355370727401521e+00
-4.263338541533275183e+00
4.473862194240144419e+00
-4.254383139948862969e+00
4.455260626886428987e+00
-4.283897798286101732e+00
4.464006617072855398e+00
-4.276439536193210600e+00
4.467701457168868018e+00
-4.265270538234472220e+00
4.477218124868866944e+00
-4.258425429605913415e+00
4.452959839782963947e+00
-4.283473670476133144e+00
4.461091329781110559e+00
-4.275888225671965692e+00
4.470030267160515436e+00
-4.268936596569590236e+00
4.476397958991260140e+00
-4.259518113175223775e+00
4.452093571513468184e+00
-4.284791877386103565e+00
4.461583896757675305e+00
-4.278405450437195334e+00
4.468789848923051089e+00
-4.269445557929697266e+00
4.472378557411209599e+00
-4.258191893464077893e+00
4.451376508654280251e+00
-4.286419162879208322e+00
4.461357580577903548e+00
-4.279916436766201926e+00
4.467327986262491279e+00
-4.270260930317295589e+00
4.472816591646655127e+00
-4.260756628404521074e+00
4.479695299022312227e+00
-4.286248992382147627e+00
4.454924072542652880e+00
-4.276826798748960101e+00
4.465768303946411777e+00
