-1.475001885550715430e+00
-2.253906891401270124e-02
-1.475001885550715430e+00
1.067086862662826449e-03
-1.526796682734363891e-02
-1.475001885550715430e+00
-1.475001885550715430e+00
-1.475001885550715430e+00
-1.470149905664035250e+00
-1.470149905664035250e+00
-1.470149905664035250e+00
-1.470149905664035250e+00
-1.470149905664035250e+00
-1.470149905664035250e+00
-1.470149905664035250e+00
-1.470149905664035250e+00
-1.470149905664035250e+00
-1.470149905664035250e+00
-1.470149905664035250e+00
-1.470149905664035250e+00
-1.470149905664035250e+00
-1.470149905664035250e+00
-1.470149905664035250e+00
-1.470149905664035250e+00
-1.470149905664035250e+00
-1.470149905664035250e+00
-1.470149905664035250e+00
-1.470149905664035250e+00
-1.470149905664035250e+00
-1.470149905664035250e+00
-1.470149905664035250e+00
-1.470149905664035250e+00
-1.470149905664035250e+00
-5.254912138248054587e-01
-1.567202367047373229e-02
-3.705125993144602666e-03
1.065719630548304410e-02
-1.470149905664035250e+00
-1.470149905664035250e+00
-1.470149905664035250e+00
-1.470149905664035250e+00
-1.470149905664035250e+00
-1.470149905664035250e+00
-1.470149905664035250e+00
-1.470149905664035250e+00
-1.470149905664035250e+00
-1.470149905664035250e+00
-1.470149905664035250e+00
-1.470149905664035250e+00
