-5.800486953703819226e-02
-3.108572458832695867e-02
-1.123352122589166627e-02
1.108229105459654883e-02
1.120526317237735200e-02
1.200539743349765716e-02
1.076681220807621658e-02
1.916991396547785328e-03
-2.392714078386922946e-02
-1.470149905664035250e+00
-1.470149905664035250e+00
-1.470149905664035250e+00
-1.470149905664035250e+00
-1.470149905664035250e+00
-1.470149905664035250e+00
-1.470149905664035250e+00
-1.470149905664035250e+00
-1.470149905664035250e+00
-1.470149905664035250e+00
-1.470149905664035250e+00
-1.470149905664035250e+00
-1.470149905664035250e+00
-1.470149905664035250e+00
-1.470149905664035250e+00
-1.470149905664035250e+00
-1.470149905664035250e+00
-1.470149905664035250e+00
-1.470149905664035250e+00
-1.006589147712170229e+00
-1.470149905664035250e+00
-1.470149905664035250e+00
-1.470149905664035250e+00
-1.470149905664035250e+00
-1.470149905664035250e+00
-1.470149905664035250e+00
-5.741861732407260027e-02
-2.849322506115471373e-02
-3.536031644708871602e-02
1.467323752957403610e-02
1.629417665841724136e-02
-5.445350224787048193e-02
1.348864882852556304e-02
1.441174255273763340e-02
1.562790153160409715e-02
8.793459476934103319e-03
-1.470149905664035250e+00
-1.470149905664035250e+00
-1.470149905664035250e+00
-1.470149905664035250e+00
