9.999999999989771515e-01
9.999999999966660003e-01
9.999999999936565187e-01
9.999999999999997780e-01
9.999999999992386090e-01
1.000000000000000222e+00
1.000000000000000000e+00
9.999999999994784172e-01
1.000000000000000000e+00
9.999999999999996669e-01
1.000000000000000000e+00
1.000000000000000000e+00
1.000000000000000222e+00
1.000000000000000000e+00
9.999999999999998890e-01
1.000000000000000000e+00
1.000000000000000000e+00
1.000000000000000222e+00
9.999999999999998890e-01
9.999999999999998890e-01
1.000000000000000222e+00
9.999999999999998890e-01
9.999999999999998890e-01
9.999999999999995559e-01
9.999999999999998890e-01
9.999999999906640236e-01
9.999999999990558663e-01
9.999999999991606714e-01
9.999999999989884758e-01
9.999999999993794964e-01
9.999999999981755705e-01
9.999999999990210053e-01
9.999999999973989695e-01
1.000000000000000000e+00
1.000000000000000000e+00
9.999999999999998890e-01
9.999999999984929833e-01
9.999999999994373390e-01
9.999999999979936049e-01
1.000000000000000000e+00
1.000000000000000000e+00
9.999999999967191799e-01
9.999999999987146948e-01
9.999999999998167022e-01
9.999999999972976061e-01
1.000000000000000000e+00
1.000000000000000000e+00
9.999999999998636646e-01
9.999999999999996669e-01
9.999999999998013811e-01
1.000000000000000000e+00
1.000000000000000222e+00
9.999999999997755129e-01
9.999999999981570298e-01
9.999999999930215822e-01
9.999999999978557153e-01
9.999999999999996669e-01
9.999999999999997780e-01
9.999999999993223199e-01
9.999999999997167821e-01
9.999999999908087966e-01
9.999999999960641484e-01
1.000000000000000444e+00
1.000000000000000000e+00
9.999999999982236432e-01
9.999999999988864463e-01
9.999999999983287813e-01
9.999999999998188116e-01
9.999999999996993516e-01
9.999999999999997780e-01
9.999999999989436228e-01
9.999999999942816853e-01
9.999999999983728571e-01
1.000000000000000000e+00
1.000000000000000000e+00
9.999999999990789590e-01
9.999999999994766409e-01
9.999999999990959454e-01
9.999999999991389110e-01
1.000000000000000000e+00
1.000000000000000222e+00
9.999999999973976372e-01
9.999999999995436983e-01
9.999999999977446929e-01
9.999999999964696018e-01
1.000000000000000000e+00
9.999999999999996669e-01
9.999999999973406828e-01
9.999999999969942932e-01
9.999999999978338439e-01
1.000000000000000000e+00
1.000000000000000222e+00
9.999999999999997780e-01
9.999999999975240916e-01
9.999999999998532285e-01
9.999999999988032906e-01
1.000000000000000222e+00
1.000000000000000222e+00
1.000000000000000222e+00
9.999999999998506750e-01
9.999999999998422373e-01
9.999999999979968246e-01
1.000000000000000222e+00
9.999999999999997780e-01
9.999999999999995559e-01
9.999999999999997780e-01
9.999999999948311347e-01
1.000000000000000000e+00
9.999999999999998890e-01
9.999999999999996669e-01
9.999999999996856959e-01
9.999999999870383682e-01
9.999999999928173011e-01
1.000000000000000222e+00
9.999999999999077405e-01
9.999999999988760102e-01
9.999999999979434229e-01
9.999999999916624471e-01
9.999999999995119460e-01
9.999999999999996669e-01
1.000000000000000000e+00
1.000000000000000222e+00
9.999999999988430366e-01
1.000000000000000000e+00
9.999999999999042988e-01
9.999999999999997780e-01
9.999999999998365752e-01
1.000000000000000444e+00
9.999999999986222132e-01
9.999999999987289057e-01
9.999999999984494625e-01
9.999999999999996669e-01
1.000000000000000000e+00
9.999999999994526600e-01
9.999999999934858774e-01
9.999999999996503908e-01
9.999999999999998890e-01
9.999999999999994449e-01
9.999999999998513411e-01
9.999999999993315347e-01
9.999999999979189980e-01
9.999999999996014299e-01
9.999999999999995559e-01
1.000000000000000444e+00
9.999999999995057287e-01
9.999999999995596855e-01
9.999999999982955856e-01
9.999999999999998890e-01
1.000000000000000222e+00
9.999999999999997780e-01
9.999999999994078070e-01
9.999999999990463184e-01
9.999999999940462070e-01
9.999999999999997780e-01
1.000000000000000222e+00
1.000000000000000000e+00
9.999999999999997780e-01
9.999999999992362776e-01
9.999999999989286348e-01
1.000000000000000222e+00
9.999999999995918820e-01
9.999999999998215872e-01
9.999999999991440180e-01
9.999999999988283816e-01
9.999999999981248333e-01
1.000000000000000222e+00
1.000000000000000222e+00
9.999999999976383336e-01
1.000000000000000444e+00
9.999999999955769825e-01
9.999999999999998890e-01
9.999999999991971977e-01
9.999999999993429700e-01
9.999999999993970379e-01
9.999999999990321076e-01
9.999999999986067811e-01
1.000000000000000222e+00
1.000000000000000000e+00
9.999999999995401456e-01
9.999999999997118971e-01
9.999999999892595914e-01
9.999999999995586863e-01
9.999999999996743716e-01
1.000000000000000000e+00
9.999999999983972820e-01
9.999999999992013056e-01
9.999999999992058575e-01
1.000000000000000222e+00
1.000000000000000444e+00
9.999999999988555821e-01
1.000000000000000222e+00
9.999999999991829869e-01
9.999999999986824983e-01
1.000000000000000000e+00
1.000000000000000222e+00
1.000000000000000444e+00
9.999999999999997780e-01
9.999999999994885203e-01
9.999999999977127185e-01
1.000000000000000222e+00
9.999999999999998890e-01
1.000000000000000000e+00
9.999999999986859400e-01
9.999999999971458386e-01
9.999999999973478992e-01
1.000000000000000444e+00
9.999999999986719512e-01
1.000000000000000222e+00
9.999999999974416021e-01
9.999999999958647523e-01
9.999999999996850297e-01
9.999999999999998890e-01
1.000000000000000000e+00
9.999999999994075850e-01
9.999999999891152624e-01
9.999999999991472377e-01
9.999999999999998890e-01
1.000000000000000444e+00
9.999999999993791633e-01
9.999999999991375788e-01
9.999999999953164131e-01
1.000000000000000000e+00
1.000000000000000222e+00
1.000000000000000222e+00
9.999999999987194688e-01
9.999999999997165601e-01
9.999999999991558974e-01
1.000000000000000000e+00
1.000000000000000000e+00
9.999999999999997780e-01
9.999999999995831113e-01
9.999999999984052756e-01
9.999999999980760945e-01
1.000000000000000000e+00
9.999999999999997780e-01
9.999999999987968513e-01
9.999999999996332933e-01
9.999999999998222533e-01
1.000000000000000444e+00
1.000000000000000222e+00
1.000000000000000000e+00
9.999999999999997780e-01
1.000000000000000444e+00
9.999999999984638954e-01
9.999999999996637134e-01
1.000000000000000222e+00
9.999999999993984812e-01
9.999999999956493690e-01
9.999999999992519317e-01
9.999999999989587218e-01
9.999999999999997780e-01
1.000000000000000000e+00
9.999999999999998890e-01
1.000000000000000222e+00
1.000000000000000222e+00
1.000000000000000222e+00
1.000000000000000222e+00
9.999999999999997780e-01
1.000000000000000222e+00
9.999999999999997780e-01
9.999999999998153699e-01
9.999999999999997780e-01
1.000000000000000000e+00
1.000000000000000222e+00
9.999999999994430011e-01
9.999999999995028421e-01
9.999999999955616614e-01
1.000000000000000000e+00
1.000000000000000222e+00
9.999999999992496003e-01
9.999999999988772315e-01
9.999999999957865926e-01
9.999999999986952659e-01
1.000000000000000222e+00
1.000000000000000000e+00
9.999999999999997780e-01
9.999999999993952615e-01
9.999999999991904254e-01
9.999999999989295230e-01
9.999999999999998890e-01
1.000000000000000444e+00
9.999999999987111421e-01
9.999999999981288301e-01
9.999999999943083306e-01
1.000000000000000000e+00
1.000000000000000000e+00
9.999999999994797495e-01
1.000000000000000000e+00
1.000000000000000000e+00
9.999999999996291855e-01
9.999999999993367528e-01
1.000000000000000222e+00
9.999999999983343324e-01
9.999999999997341016e-01
9.999999999995370370e-01
9.999999999990157873e-01
9.999999999999996669e-01
1.000000000000000222e+00
9.999999999976294518e-01
9.999999999979857224e-01
9.999999999976666443e-01
9.999999999973094855e-01
1.000000000000000222e+00
9.999999999999997780e-01
9.999999999994056976e-01
9.999999999944586548e-01
9.999999999995625721e-01
9.999999999999997780e-01
1.000000000000000666e+00
9.999999999985039745e-01
9.999999999985440535e-01
9.999999999976920684e-01
9.999999999944643170e-01
9.999999999999998890e-01
1.000000000000000000e+00
9.999999999991173727e-01
9.999999999990085708e-01
9.999999999980027088e-01
9.999999999976202369e-01
1.000000000000000000e+00
1.000000000000000222e+00
9.999999999991446842e-01
9.999999999999998890e-01
9.999999999978896881e-01
9.999999999996102007e-01
1.000000000000000000e+00
9.999999999999997780e-01
9.999999999924085170e-01
1.000000000000000000e+00
9.999999999985021981e-01
1.000000000000000000e+00
9.999999999999998890e-01
9.999999999999995559e-01
9.999999999983331112e-01
9.999999999967604802e-01
9.999999999969038100e-01
9.999999999999997780e-01
9.999999999999998890e-01
9.999999999992770228e-01
9.999999999994607647e-01
9.999999999836375331e-01
9.999999999988241628e-01
1.000000000000000000e+00
1.000000000000000222e+00
9.999999999990794031e-01
9.999999999997553068e-01
9.999999999951355578e-01
9.999999999999997780e-01
9.999999999998543387e-01
9.999999999995390354e-01
9.999999999971629361e-01
9.999999999980119236e-01
9.999999999966912023e-01
9.999999999999996669e-01
9.999999999999998890e-01
9.999999999992250643e-01
9.999999999982069898e-01
9.999999999995485833e-01
9.999999999986347587e-01
9.999999999999995559e-01
9.999999999984576782e-01
9.999999999982073229e-01
9.999999999998412381e-01
9.999999999998400169e-01
9.999999999998443467e-01
1.000000000000000444e+00
9.999999999999998890e-01
9.999999999970421438e-01
1.000000000000000000e+00
9.999999999982039922e-01
1.000000000000000000e+00
9.999999999996558309e-01
1.000000000000000222e+00
9.999999999983346655e-01
9.999999999967851272e-01
9.999999999944982898e-01
9.999999999999997780e-01
1.000000000000000000e+00
9.999999999985651478e-01
1.000000000000000444e+00
9.999999999986994847e-01
9.999999999965201170e-01
1.000000000000000000e+00
9.999999999999998890e-01
1.000000000000000000e+00
9.999999999999996669e-01
9.999999999990133448e-01
9.999999999988580246e-01
1.000000000000000000e+00
9.999999999999998890e-01
9.999999999988637978e-01
9.999999999994851896e-01
9.999999999997053468e-01
9.999999999999994449e-01
1.000000000000000222e+00
1.000000000000000222e+00
9.999999999999997780e-01
9.999999999999995559e-01
1.000000000000000000e+00
9.999999999999997780e-01
1.000000000000000222e+00
9.999999999996749267e-01
1.000000000000000222e+00
9.999999999994934052e-01
9.999999999980714316e-01
9.999999999999998890e-01
9.999999999981202814e-01
9.999999999981853405e-01
9.999999999995785593e-01
9.999999999964185315e-01
1.000000000000000222e+00
9.999999999999997780e-01
9.999999999995092814e-01
9.999999999976886267e-01
9.999999999990086819e-01
9.999999999976975085e-01
1.000000000000000222e+00
1.000000000000000222e+00
9.999999999965805131e-01
9.999999999999997780e-01
9.999999999990378807e-01
9.999999999976609821e-01
1.000000000000000222e+00
1.000000000000000222e+00
1.000000000000000000e+00
1.000000000000000000e+00
1.000000000000000222e+00
9.999999999999998890e-01
1.000000000000000222e+00
9.999999999980412335e-01
9.999999999992474908e-01
9.999999999993485211e-01
9.999999999967962294e-01
1.000000000000000000e+00
1.000000000000000222e+00
9.999999999979862775e-01
9.999999999996261879e-01
9.999999999995754507e-01
9.999999999970490272e-01
1.000000000000000222e+00
9.999999999999998890e-01
9.999999999985240695e-01
9.999999999987969623e-01
9.999999999998321343e-01
9.999999999985952348e-01
1.000000000000000222e+00
9.999999999991471267e-01
9.999999999999997780e-01
9.999999999977360332e-01
9.999999999989033217e-01
1.000000000000000222e+00
9.999999999999998890e-01
9.999999999999998890e-01
9.999999999990858424e-01
9.999999999988384847e-01
9.999999999992299493e-01
1.000000000000000222e+00
9.999999999999998890e-01
9.999999999991960875e-01
9.999999999998927525e-01
9.999999999995965450e-01
9.999999999980049292e-01
1.000000000000000666e+00
9.999999999996520561e-01
1.000000000000000000e+00
9.999999999987085886e-01
9.999999999959571229e-01
9.999999999999997780e-01
1.000000000000000000e+00
1.000000000000000222e+00
1.000000000000000222e+00
9.999999999994835242e-01
9.999999999998121503e-01
1.000000000000000222e+00
1.000000000000000222e+00
1.000000000000000222e+00
9.999999999985429433e-01
9.999999999978940179e-01
1.000000000000000444e+00
9.999999999992008615e-01
1.000000000000000000e+00
9.999999999943958162e-01
9.999999999995033972e-01
9.999999999985388355e-01
9.999999999995426991e-01
9.999999999999994449e-01
9.999999999996412869e-01
9.999999999983274490e-01
9.999999999991086019e-01
9.999999999989275246e-01
1.000000000000000000e+00
1.000000000000000000e+00
9.999999999994099165e-01
9.999999999955698771e-01
9.999999999997097877e-01
9.999999999983343324e-01
1.000000000000000222e+00
9.999999999999996669e-01
9.999999999991916466e-01
9.999999999996971312e-01
