9.999999999989771515e-01
9.999999999926479921e-01
9.999999999949128471e-01
1.000000000000000222e+00
9.999999999999997780e-01
9.999999999983800736e-01
9.999999999957086549e-01
9.999999999971481701e-01
9.999999999992403854e-01
9.999999999999997780e-01
9.999999999999997780e-01
9.999999999984959809e-01
9.999999999958895103e-01
9.999999999999998890e-01
9.999999999999996669e-01
9.999999999983388843e-01
9.999999999999572564e-01
9.999999999831648001e-01
9.999999999944491069e-01
1.000000000000000000e+00
9.999999999999998890e-01
9.999999999852432486e-01
9.999999999997691846e-01
9.999999999999994449e-01
9.999999999999998890e-01
9.999999999997208899e-01
9.999999999939443995e-01
9.999999999923296912e-01
1.000000000000000222e+00
9.999999999995905497e-01
9.999999999999926725e-01
9.999999999933960604e-01
9.999999999880986312e-01
9.999999999999998890e-01
9.999999999999998890e-01
9.999999999972641884e-01
9.999999999950214269e-01
9.999999999999361622e-01
1.000000000000000222e+00
9.999999999995913269e-01
9.999999999996518341e-01
9.999999999801962858e-01
9.999999999880653245e-01
1.000000000000000444e+00
1.000000000000000000e+00
9.999999999875728296e-01
9.999999999939882533e-01
1.000000000000000222e+00
1.000000000000000222e+00
9.999999999991155963e-01
9.999999999893921521e-01
9.999999999983708587e-01
1.000000000000000000e+00
9.999999999999997780e-01
1.000000000000000222e+00
9.999999999959859887e-01
9.999999999813836693e-01
1.000000000000000000e+00
9.999999999999997780e-01
9.999999999938616879e-01
9.999999999980158094e-01
1.000000000000000000e+00
1.000000000000000222e+00
9.999999999971337372e-01
9.999999999889581659e-01
9.999999999879567447e-01
1.000000000000000444e+00
1.000000000000000222e+00
9.999999999999997780e-01
9.999999999926683092e-01
9.999999999888453672e-01
1.000000000000000000e+00
1.000000000000000000e+00
9.999999999994194644e-01
9.999999999880030410e-01
9.999999999996223021e-01
9.999999999999997780e-01
1.000000000000000222e+00
9.999999999858808497e-01
9.999999999977764453e-01
9.999999999999996669e-01
9.999999999999998890e-01
9.999999999997893907e-01
9.999999999930104799e-01
9.999999999841573395e-01
9.999999999999998890e-01
9.999999999999997780e-01
9.999999999993207656e-01
9.999999999938804507e-01
9.999999999876783008e-01
1.000000000000000000e+00
9.999999999999998890e-01
1.000000000000000222e+00
9.999999999950675011e-01
9.999999999955909713e-01
9.999999999991397992e-01
1.000000000000000000e+00
9.999999999989424015e-01
9.999999999972415399e-01
1.000000000000000222e+00
1.000000000000000000e+00
9.999999999995392574e-01
9.999999999984443555e-01
9.999999999992401634e-01
9.999999999985035304e-01
9.999999999999996669e-01
1.000000000000000222e+00
1.000000000000000000e+00
9.999999999857817068e-01
1.000000000000000444e+00
9.999999999999997780e-01
9.999999999996374012e-01
9.999999999989221955e-01
9.999999999997910560e-01
9.999999999972083442e-01
1.000000000000000222e+00
1.000000000000000444e+00
9.999999999999996669e-01
9.999999999996913580e-01
9.999999999999998890e-01
9.999999999999995559e-01
9.999999999990396571e-01
9.999999999875581747e-01
9.999999999996176392e-01
1.000000000000000222e+00
9.999999999999998890e-01
1.000000000000000000e+00
9.999999999942871254e-01
9.999999999969648723e-01
9.999999999988808952e-01
1.000000000000000666e+00
9.999999999981563636e-01
9.999999999999998890e-01
1.000000000000000222e+00
9.999999999936494133e-01
9.999999999989275246e-01
9.999999999935589301e-01
9.999999999866195921e-01
9.999999999993717248e-01
1.000000000000000222e+00
1.000000000000000222e+00
9.999999999999998890e-01
9.999999999844301213e-01
9.999999999944092499e-01
9.999999999991946442e-01
1.000000000000000222e+00
9.999999999993263167e-01
1.000000000000000000e+00
9.999999999999997780e-01
1.000000000000000222e+00
9.999999999989286348e-01
9.999999999987764232e-01
9.999999999989859223e-01
9.999999999999998890e-01
9.999999999996737055e-01
9.999999999966153741e-01
9.999999999836134412e-01
9.999999999818652840e-01
9.999999999999997780e-01
1.000000000000000222e+00
9.999999999957794872e-01
1.000000000000000222e+00
9.999999999997275513e-01
9.999999999985452748e-01
9.999999999996748157e-01
9.999999999968699482e-01
9.999999999878177448e-01
9.999999999999998890e-01
1.000000000000000000e+00
1.000000000000000000e+00
9.999999999915404336e-01
9.999999999887966284e-01
9.999999999995203837e-01
1.000000000000000222e+00
9.999999999983756327e-01
9.999999999800625039e-01
1.000000000000000000e+00
9.999999999999996669e-01
9.999999999995202726e-01
9.999999999982887022e-01
9.999999999919344518e-01
9.999999999897229985e-01
1.000000000000000000e+00
9.999999999993862687e-01
1.000000000000000444e+00
9.999999999994543254e-01
9.999999999999997780e-01
9.999999999980042631e-01
9.999999999972689624e-01
9.999999999910615944e-01
9.999999999916635574e-01
1.000000000000000444e+00
9.999999999999994449e-01
9.999999999965105690e-01
9.999999999982019938e-01
9.999999999973194775e-01
9.999999999999996669e-01
9.999999999999997780e-01
9.999999999909658932e-01
9.999999999903217418e-01
1.000000000000000222e+00
1.000000000000000222e+00
9.999999999978661513e-01
9.999999999970474729e-01
9.999999999901265646e-01
9.999999999883906199e-01
1.000000000000000444e+00
9.999999999990657473e-01
9.999999999827059449e-01
9.999999999879074508e-01
1.000000000000000222e+00
1.000000000000000666e+00
1.000000000000000000e+00
9.999999999905530013e-01
9.999999999983121279e-01
1.000000000000000000e+00
1.000000000000000222e+00
9.999999999983533172e-01
9.999999999933545380e-01
9.999999999999998890e-01
1.000000000000000000e+00
9.999999999985873522e-01
9.999999999961990405e-01
9.999999999837670961e-01
9.999999999920720084e-01
9.999999999999998890e-01
9.999999999996079803e-01
9.999999999825563979e-01
9.999999999919398919e-01
1.000000000000000666e+00
9.999999999999997780e-01
1.000000000000000000e+00
9.999999999927665639e-01
1.000000000000000222e+00
9.999999999994005906e-01
1.000000000000000222e+00
9.999999999995001776e-01
9.999999999908846249e-01
9.999999999997730704e-01
9.999999999991228128e-01
1.000000000000000444e+00
1.000000000000000000e+00
9.999999999937486672e-01
9.999999999988206101e-01
1.000000000000000000e+00
9.999999999999996669e-01
9.999999999937064787e-01
9.999999999805105899e-01
9.999999999999998890e-01
9.999999999990699662e-01
9.999999999982716048e-01
9.999999999999998890e-01
9.999999999866547862e-01
9.999999999981473708e-01
1.000000000000000000e+00
9.999999999999997780e-01
1.000000000000000000e+00
9.999999999991211475e-01
9.999999999993444133e-01
9.999999999994312327e-01
9.999999999996177502e-01
9.999999999999998890e-01
1.000000000000000000e+00
9.999999999999976685e-01
1.000000000000000444e+00
9.999999999989456212e-01
9.999999999930273553e-01
9.999999999938413708e-01
1.000000000000000222e+00
9.999999999999997780e-01
9.999999999991115995e-01
9.999999999837391185e-01
9.999999999823032670e-01
9.999999999999997780e-01
9.999999999999997780e-01
9.999999999953530505e-01
9.999999999783064641e-01
9.999999999999998890e-01
1.000000000000000444e+00
9.999999999990706323e-01
9.999999999937648765e-01
9.999999999866565625e-01
1.000000000000000222e+00
1.000000000000000444e+00
9.999999999973003817e-01
9.999999999834797704e-01
9.999999999982956966e-01
1.000000000000000000e+00
9.999999999999996669e-01
9.999999999973775422e-01
9.999999999835565978e-01
9.999999999946393991e-01
9.999999999991098232e-01
9.999999999999885647e-01
9.999999999997354339e-01
9.999999999948315788e-01
9.999999999887378976e-01
1.000000000000000000e+00
9.999999999984615640e-01
9.999999999940849538e-01
9.999999999934174877e-01
1.000000000000000000e+00
9.999999999999994449e-01
9.999999999992718047e-01
9.999999999929947148e-01
9.999999999967758013e-01
9.999999999999998890e-01
1.000000000000000000e+00
9.999999999996265210e-01
9.999999999999698019e-01
9.999999999945381468e-01
9.999999999916285853e-01
9.999999999990922817e-01
1.000000000000000000e+00
9.999999999941930895e-01
9.999999999997786215e-01
9.999999999996401767e-01
9.999999999999996669e-01
9.999999999934499062e-01
9.999999999961793895e-01
1.000000000000000222e+00
1.000000000000000222e+00
9.999999999967311703e-01
9.999999999996544986e-01
9.999999999946808105e-01
9.999999999978016474e-01
9.999999999999997780e-01
1.000000000000000222e+00
1.000000000000000000e+00
1.000000000000000000e+00
1.000000000000000444e+00
9.999999999991598942e-01
9.999999999968227637e-01
9.999999999912457804e-01
9.999999999862929645e-01
1.000000000000000444e+00
9.999999999988616883e-01
9.999999999987031485e-01
9.999999999909279236e-01
9.999999999946836970e-01
9.999999999991057154e-01
1.000000000000000222e+00
9.999999999976268983e-01
1.000000000000000000e+00
9.999999999999998890e-01
9.999999999983063548e-01
9.999999999990116795e-01
9.999999999927543515e-01
9.999999999967865705e-01
9.999999999983215648e-01
1.000000000000000000e+00
9.999999999999996669e-01
9.999999999998325784e-01
9.999999999999997780e-01
9.999999999988518073e-01
9.999999999974742426e-01
9.999999999965626385e-01
9.999999999971466158e-01
9.999999999932747130e-01
9.999999999999998890e-01
9.999999999999997780e-01
9.999999999991530109e-01
9.999999999925480720e-01
9.999999999958063546e-01
9.999999999999998890e-01
1.000000000000000000e+00
9.999999999978821386e-01
9.999999999994967359e-01
1.000000000000000444e+00
9.999999999987890797e-01
9.999999999996959099e-01
9.999999999885210711e-01
9.999999999950499596e-01
9.999999999992571498e-01
9.999999999999997780e-01
9.999999999993981481e-01
9.999999999987276844e-01
9.999999999839261910e-01
9.999999999967630337e-01
9.999999999999998890e-01
9.999999999987522203e-01
9.999999999989880317e-01
9.999999999999997780e-01
1.000000000000000222e+00
9.999999999992393862e-01
9.999999999961695085e-01
9.999999999990980548e-01
9.999999999883493196e-01
1.000000000000000000e+00
1.000000000000000222e+00
9.999999999997979394e-01
9.999999999968358644e-01
1.000000000000000222e+00
1.000000000000000000e+00
9.999999999974312770e-01
9.999999999995710098e-01
9.999999999952736696e-01
9.999999999970723419e-01
1.000000000000000000e+00
1.000000000000000000e+00
9.999999999906837855e-01
9.999999999961612929e-01
9.999999999999997780e-01
9.999999999985708099e-01
9.999999999996495026e-01
9.999999999999998890e-01
9.999999999984329202e-01
9.999999999997742917e-01
9.999999999999997780e-01
9.999999999999998890e-01
9.999999999954449770e-01
9.999999999858337763e-01
9.999999999999995559e-01
9.999999999989428456e-01
9.999999999958040231e-01
9.999999999974880094e-01
1.000000000000000222e+00
1.000000000000000222e+00
1.000000000000000222e+00
9.999999999931330485e-01
9.999999999856494792e-01
1.000000000000000000e+00
9.999999999999994449e-01
9.999999999994729771e-01
9.999999999908235626e-01
9.999999999999998890e-01
1.000000000000000222e+00
9.999999999996163069e-01
9.999999999993278710e-01
9.999999999981923349e-01
9.999999999965891728e-01
1.000000000000000444e+00
1.000000000000000000e+00
9.999999999973024911e-01
9.999999999999619194e-01
9.999999999972972731e-01
1.000000000000000000e+00
1.000000000000000444e+00
9.999999999987537747e-01
1.000000000000000444e+00
1.000000000000000000e+00
9.999999999988438137e-01
9.999999999978568255e-01
9.999999999987640997e-01
9.999999999997423172e-01
9.999999999999997780e-01
1.000000000000000222e+00
1.000000000000000000e+00
9.999999999999995559e-01
9.999999999994466648e-01
9.999999999992129629e-01
9.999999999996891376e-01
9.999999999980331289e-01
9.999999999958005814e-01
9.999999999919439997e-01
9.999999999999996669e-01
1.000000000000000000e+00
9.999999999961375341e-01
9.999999999973170350e-01
1.000000000000000444e+00
1.000000000000000444e+00
9.999999999990056843e-01
9.999999999993162136e-01
9.999999999930088146e-01
9.999999999992316146e-01
9.999999999999997780e-01
9.999999999998985256e-01
9.999999999987791988e-01
9.999999999904245485e-01
9.999999999996838085e-01
9.999999999999997780e-01
9.999999999995661248e-01
9.999999999817080765e-01
9.999999999838936615e-01
1.000000000000000000e+00
1.000000000000000222e+00
9.999999999930846428e-01
9.999999999846542753e-01
9.999999999977529086e-01
1.000000000000000000e+00
9.999999999999997780e-01
9.999999999998242517e-01
9.999999999892426050e-01
9.999999999899077396e-01
1.000000000000000222e+00
9.999999999999997780e-01
9.999999999986022292e-01
9.999999999809735529e-01
9.999999999999997780e-01
9.999999999999996669e-01
1.000000000000000444e+00
9.999999999945279328e-01
9.999999999999998890e-01
9.999999999999998890e-01
9.999999999977347009e-01
9.999999999977919884e-01
9.999999999988318233e-01
9.999999999995129452e-01
9.999999999977600140e-01
9.999999999994840794e-01
