9.999999999989771515e-01
9.999999999988580246e-01
9.999999999970884401e-01
9.999999999999998890e-01
1.000000000000000000e+00
9.999999999999996669e-01
9.999999999992839061e-01
9.999999999988653521e-01
9.999999999979255483e-01
9.999999999988339328e-01
9.999999999990002442e-01
9.999999999990180077e-01
9.999999999860142985e-01
9.999999999999998890e-01
9.999999999978599341e-01
9.999999999892993374e-01
9.999999999961683983e-01
9.999999999988056221e-01
1.000000000000000000e+00
9.999999999973598896e-01
9.999999999941662221e-01
9.999999999882466239e-01
9.999999999985471621e-01
9.999999999990217825e-01
1.000000000000000000e+00
9.999999999970180520e-01
1.000000000000000222e+00
1.000000000000000000e+00
9.999999999996983524e-01
9.999999999943881557e-01
9.999999999999426015e-01
9.999999999985117460e-01
9.999999999993224309e-01
9.999999999980828669e-01
9.999999999994059197e-01
9.999999999992963406e-01
9.999999999986126653e-01
9.999999999981440402e-01
9.999999999988972155e-01
9.999999999905047066e-01
9.999999999994798605e-01
1.000000000000000000e+00
9.999999999976937337e-01
9.999999999999996669e-01
9.999999999989369615e-01
9.999999999928150807e-01
9.999999999897876135e-01
9.999999999820254892e-01
9.999999999935761386e-01
1.000000000000000000e+00
1.000000000000000444e+00
9.999999999991446842e-01
9.999999999957608354e-01
9.999999999963816721e-01
9.999999999994317879e-01
9.999999999997283284e-01
9.999999999917257298e-01
9.999999999944985118e-01
9.999999999983927301e-01
9.999999999999995559e-01
9.999999999990057953e-01
1.000000000000000222e+00
1.000000000000000222e+00
9.999999999995885513e-01
9.999999999938209427e-01
9.999999999950676122e-01
9.999999999901879599e-01
1.000000000000000444e+00
1.000000000000000000e+00
9.999999999985946797e-01
9.999999999897281056e-01
9.999999999995560218e-01
9.999999999999996669e-01
9.999999999998855360e-01
9.999999999998714362e-01
9.999999999970557996e-01
9.999999999976962872e-01
9.999999999989606092e-01
9.999999999999997780e-01
9.999999999778715898e-01
9.999999999864496170e-01
9.999999999995031752e-01
1.000000000000000000e+00
9.999999999938185002e-01
9.999999999984502397e-01
1.000000000000000222e+00
9.999999999980533349e-01
9.999999999996049826e-01
9.999999999995100586e-01
9.999999999977789988e-01
9.999999999985398347e-01
9.999999999999996669e-01
9.999999999995826672e-01
9.999999999991117106e-01
1.000000000000000444e+00
9.999999999974235054e-01
9.999999999985088595e-01
9.999999999928774752e-01
9.999999999977530196e-01
1.000000000000000000e+00
1.000000000000000444e+00
9.999999999999998890e-01
9.999999999999996669e-01
1.000000000000000222e+00
9.999999999982501775e-01
9.999999999995728972e-01
9.999999999927935423e-01
9.999999999870299305e-01
1.000000000000000222e+00
9.999999999999994449e-01
9.999999999967588149e-01
9.999999999997298827e-01
1.000000000000000222e+00
9.999999999995246025e-01
1.000000000000000222e+00
9.999999999897577485e-01
9.999999999914138682e-01
9.999999999981800114e-01
1.000000000000000000e+00
9.999999999999998890e-01
9.999999999819957353e-01
9.999999999994184652e-01
9.999999999999998890e-01
9.999999999992825739e-01
9.999999999985126342e-01
9.999999999921378446e-01
9.999999999984797716e-01
9.999999999991662225e-01
1.000000000000000222e+00
9.999999999999997780e-01
9.999999999970179410e-01
9.999999999961179942e-01
9.999999999979974907e-01
9.999999999981465937e-01
9.999999999950264229e-01
9.999999999999998890e-01
9.999999999999996669e-01
9.999999999999998890e-01
9.999999999973684384e-01
9.999999999999997780e-01
9.999999999992935651e-01
9.999999999978156362e-01
9.999999999984426902e-01
9.999999999994347855e-01
9.999999999903429471e-01
9.999999999999996669e-01
9.999999999999997780e-01
9.999999999972789544e-01
9.999999999999996669e-01
1.000000000000000000e+00
9.999999999993435251e-01
9.999999999995565769e-01
9.999999999971236342e-01
9.999999999963333774e-01
1.000000000000000222e+00
9.999999999976255660e-01
9.999999999835027520e-01
1.000000000000000000e+00
9.999999999994668709e-01
9.999999999982528420e-01
9.999999999915625271e-01
9.999999999805365691e-01
1.000000000000000222e+00
1.000000000000000666e+00
9.999999999993832711e-01
9.999999999853330657e-01
9.999999999975157650e-01
9.999999999997466471e-01
9.999999999999998890e-01
9.999999999956808994e-01
9.999999999990870636e-01
9.999999999999998890e-01
9.999999999961605157e-01
9.999999999990971666e-01
9.999999999912514426e-01
9.999999999892521529e-01
1.000000000000000000e+00
1.000000000000000000e+00
9.999999999973986364e-01
9.999999999981552534e-01
1.000000000000000000e+00
9.999999999999997780e-01
9.999999999983081311e-01
9.999999999986178834e-01
9.999999999994848565e-01
9.999999999994290123e-01
9.999999999999998890e-01
9.999999999999997780e-01
1.000000000000000000e+00
1.000000000000000222e+00
1.000000000000000000e+00
9.999999999963957720e-01
9.999999999959481300e-01
9.999999999934081618e-01
9.999999999995600186e-01
9.999999999988822275e-01
9.999999999999997780e-01
9.999999999942800200e-01
9.999999999870243794e-01
1.000000000000000444e+00
1.000000000000000444e+00
9.999999999862265732e-01
9.999999999953427254e-01
1.000000000000000444e+00
1.000000000000000444e+00
9.999999999982165377e-01
9.999999999936908246e-01
9.999999999906565851e-01
9.999999999999998890e-01
9.999999999999997780e-01
9.999999999999996669e-01
1.000000000000000000e+00
9.999999999999998890e-01
1.000000000000000222e+00
1.000000000000000222e+00
9.999999999923153693e-01
9.999999999910560433e-01
1.000000000000000222e+00
9.999999999999997780e-01
9.999999999918363081e-01
9.999999999974118481e-01
9.999999999999997780e-01
9.999999999989551691e-01
9.999999999996299627e-01
9.999999999799252803e-01
9.999999999982838172e-01
1.000000000000000222e+00
1.000000000000000000e+00
9.999999999991043831e-01
9.999999999853512733e-01
9.999999999920555771e-01
1.000000000000000000e+00
9.999999999992168487e-01
1.000000000000000000e+00
1.000000000000000000e+00
9.999999999983687493e-01
9.999999999971573850e-01
9.999999999951292295e-01
9.999999999840565312e-01
9.999999999962767561e-01
1.000000000000000000e+00
9.999999999999997780e-01
9.999999999939371831e-01
9.999999999963181674e-01
9.999999999995881073e-01
9.999999999999996669e-01
9.999999999957299712e-01
1.000000000000000000e+00
1.000000000000000000e+00
9.999999999999998890e-01
9.999999999998956390e-01
9.999999999999997780e-01
9.999999999999186207e-01
9.999999999996653788e-01
9.999999999992402744e-01
9.999999999990166755e-01
9.999999999984905408e-01
1.000000000000000000e+00
9.999999999999996669e-01
9.999999999941387996e-01
9.999999999912345672e-01
9.999999999948047114e-01
1.000000000000000222e+00
9.999999999991520117e-01
9.999999999999996669e-01
9.999999999972785103e-01
9.999999999928080863e-01
1.000000000000000222e+00
1.000000000000000666e+00
9.999999999965561992e-01
9.999999999999997780e-01
1.000000000000000000e+00
9.999999999996151967e-01
9.999999999986899368e-01
9.999999999986821653e-01
9.999999999981241672e-01
9.999999999999997780e-01
1.000000000000000000e+00
9.999999999980523357e-01
9.999999999991532329e-01
9.999999999999997780e-01
9.999999999999997780e-01
9.999999999986421972e-01
9.999999999984844345e-01
9.999999999950432983e-01
9.999999999998326894e-01
1.000000000000000222e+00
9.999999999990374366e-01
9.999999999999996669e-01
1.000000000000000000e+00
1.000000000000000000e+00
9.999999999987119192e-01
9.999999999993322009e-01
9.999999999954832797e-01
9.999999999990711874e-01
9.999999999999998890e-01
9.999999999999998890e-01
9.999999999999996669e-01
9.999999999999998890e-01
9.999999999987636556e-01
9.999999999982421839e-01
9.999999999926574290e-01
9.999999999977806642e-01
1.000000000000000222e+00
9.999999999999996669e-01
9.999999999923047111e-01
9.999999999981900034e-01
1.000000000000000000e+00
9.999999999990961674e-01
1.000000000000000222e+00
9.999999999991493471e-01
9.999999999999997780e-01
9.999999999999996669e-01
1.000000000000000222e+00
9.999999999913327109e-01
9.999999999820433638e-01
9.999999999999051870e-01
1.000000000000000000e+00
9.999999999994317879e-01
9.999999999860147426e-01
9.999999999956962204e-01
1.000000000000000444e+00
9.999999999999995559e-01
9.999999999968036679e-01
9.999999999953437246e-01
1.000000000000000222e+00
9.999999999999998890e-01
9.999999999993318678e-01
9.999999999981734611e-01
9.999999999999995559e-01
9.999999999999997780e-01
9.999999999996855848e-01
1.000000000000000222e+00
9.999999999963193886e-01
9.999999999993574029e-01
1.000000000000000222e+00
1.000000000000000444e+00
9.999999999990254462e-01
9.999999999968953723e-01
9.999999999999996669e-01
9.999999999990465405e-01
9.999999999974443776e-01
9.999999999759199287e-01
9.999999999964165331e-01
1.000000000000000444e+00
1.000000000000000000e+00
9.999999999991441291e-01
9.999999999924000793e-01
9.999999999996818101e-01
9.999999999972134512e-01
9.999999999976469933e-01
9.999999999974775733e-01
1.000000000000000222e+00
9.999999999993075539e-01
9.999999999986506349e-01
9.999999999996320721e-01
9.999999999990465405e-01
9.999999999978701481e-01
1.000000000000000222e+00
1.000000000000000444e+00
9.999999999989107602e-01
9.999999999996422861e-01
9.999999999990956123e-01
9.999999999981195042e-01
9.999999999877139389e-01
9.999999999796526096e-01
9.999999999980344612e-01
9.999999999999569233e-01
9.999999999969324538e-01
9.999999999763224956e-01
9.999999999971268538e-01
1.000000000000000000e+00
9.999999999999019673e-01
9.999999999888864455e-01
9.999999999707638310e-01
1.000000000000000000e+00
1.000000000000000222e+00
9.999999999986735055e-01
9.999999999942797979e-01
9.999999999945272666e-01
1.000000000000000222e+00
1.000000000000000000e+00
9.999999999977809972e-01
9.999999999990347721e-01
9.999999999970750064e-01
1.000000000000000444e+00
9.999999999995213829e-01
9.999999999925530680e-01
9.999999999946729279e-01
1.000000000000000222e+00
1.000000000000000000e+00
9.999999999963076203e-01
9.999999999987939647e-01
9.999999999999997780e-01
1.000000000000000222e+00
9.999999999982415178e-01
9.999999999864918054e-01
9.999999999942925655e-01
9.999999999991696642e-01
1.000000000000000000e+00
1.000000000000000000e+00
9.999999999852493549e-01
9.999999999839487286e-01
9.999999999995605737e-01
9.999999999955677676e-01
9.999999999944367834e-01
9.999999999999007461e-01
9.999999999994810818e-01
9.999999999896315162e-01
9.999999999913580240e-01
9.999999999887964064e-01
9.999999999977295939e-01
9.999999999999997780e-01
1.000000000000000222e+00
9.999999999909342518e-01
9.999999999863493638e-01
9.999999999999998890e-01
9.999999999999996669e-01
9.999999999977514653e-01
9.999999999975504039e-01
1.000000000000000222e+00
1.000000000000000222e+00
9.999999999998880895e-01
9.999999999892318359e-01
9.999999999932575045e-01
9.999999999965968334e-01
9.999999999992192912e-01
9.999999999999997780e-01
9.999999999934916506e-01
1.000000000000000000e+00
1.000000000000000222e+00
9.999999999991967536e-01
9.999999999992836841e-01
9.999999999928396166e-01
9.999999999965779596e-01
1.000000000000000000e+00
9.999999999999809042e-01
9.999999999990212274e-01
9.999999999991664446e-01
9.999999999998006039e-01
9.999999999999560352e-01
9.999999999986701749e-01
9.999999999834717768e-01
9.999999999992351674e-01
9.999999999999998890e-01
9.999999999999997780e-01
9.999999999983747445e-01
1.000000000000000000e+00
1.000000000000000000e+00
9.999999999981346033e-01
9.999999999984194865e-01
9.999999999989063193e-01
9.999999999821747032e-01
9.999999999997863931e-01
1.000000000000000222e+00
9.999999999884138235e-01
9.999999999995100586e-01
9.999999999999994449e-01
9.999999999989852562e-01
9.999999999999996669e-01
9.999999999859527922e-01
9.999999999975183185e-01
9.999999999980864196e-01
9.999999999999995559e-01
9.999999999955067054e-01
1.000000000000000444e+00
9.999999999995484723e-01
9.999999999989548360e-01
9.999999999987515542e-01
9.999999999999484857e-01
9.999999999955692109e-01
9.999999999999993339e-01
9.999999999999998890e-01
9.999999999999994449e-01
1.000000000000000222e+00
9.999999999999996669e-01
9.999999999994976241e-01
9.999999999984933163e-01
9.999999999914134241e-01
9.999999999946418416e-01
9.999999999999996669e-01
9.999999999999996669e-01
1.000000000000000222e+00
9.999999999991552313e-01
9.999999999997416511e-01
9.999999999986154409e-01
9.999999999969257924e-01
9.999999999962013719e-01
9.999999999850331944e-01
9.999999999999996669e-01
1.000000000000000222e+00
9.999999999980343501e-01
1.000000000000000222e+00
9.999999999985202948e-01
1.000000000000000000e+00
9.999999999914821469e-01
9.999999999987628785e-01
9.999999999835120779e-01
1.000000000000000000e+00
1.000000000000000000e+00
