9.999999999989771515e-01
9.999999999831137298e-01
9.999999999807204221e-01
9.999999999999998890e-01
9.999999999999997780e-01
9.999999999999027445e-01
9.999999999999998890e-01
9.999999999980018206e-01
9.999999999988951060e-01
9.999999999999998890e-01
1.000000000000000222e+00
9.999999999996205258e-01
9.999999999999836797e-01
1.000000000000000000e+00
9.999999999973999687e-01
9.999999999990889510e-01
9.999999999999571454e-01
9.999999999877939860e-01
9.999999999999996669e-01
9.999999999999995559e-01
9.999999999982418508e-01
9.999999999915145654e-01
9.999999999948404605e-01
9.999999999999997780e-01
1.000000000000000444e+00
9.999999999990013544e-01
1.000000000000000000e+00
1.000000000000000222e+00
9.999999999993404165e-01
9.999999999955891949e-01
9.999999999992220667e-01
9.999999999930774264e-01
1.000000000000000000e+00
9.999999999999996669e-01
9.999999999991397992e-01
9.999999999860148536e-01
9.999999999997049027e-01
9.999999999990675237e-01
1.000000000000001110e+00
9.999999999989451771e-01
9.999999999983176791e-01
9.999999999999998890e-01
1.000000000000000000e+00
9.999999999946347362e-01
9.999999999874307210e-01
9.999999999964730435e-01
1.000000000000000000e+00
9.999999999999993339e-01
9.999999999999997780e-01
9.999999999850393007e-01
9.999999999942429385e-01
1.000000000000000222e+00
1.000000000000000222e+00
1.000000000000000000e+00
9.999999999964530595e-01
9.999999999909648940e-01
9.999999999974573672e-01
9.999999999999993339e-01
9.999999999990946131e-01
1.000000000000000222e+00
9.999999999999998890e-01
9.999999999979424237e-01
9.999999999986580734e-01
9.999999999922227767e-01
9.999999999930041517e-01
1.000000000000000222e+00
9.999999999999997780e-01
9.999999999999096278e-01
9.999999999857485111e-01
9.999999999995300426e-01
9.999999999999998890e-01
9.999999999981510346e-01
9.999999999998653299e-01
9.999999999909128245e-01
1.000000000000000444e+00
1.000000000000000000e+00
1.000000000000000000e+00
9.999999999991715516e-01
9.999999999974755749e-01
9.999999999999998890e-01
9.999999999970968778e-01
9.999999999970393683e-01
9.999999999896671543e-01
9.999999999973132603e-01
1.000000000000000444e+00
9.999999999992260635e-01
1.000000000000000666e+00
9.999999999995229372e-01
9.999999999991033839e-01
9.999999999998313571e-01
9.999999999980768717e-01
9.999999999966823205e-01
9.999999999971886933e-01
1.000000000000000000e+00
9.999999999999996669e-01
9.999999999990988320e-01
9.999999999989199750e-01
9.999999999999995559e-01
9.999999999997187805e-01
9.999999999980416776e-01
9.999999999992424948e-01
9.999999999964843678e-01
9.999999999961010078e-01
9.999999999999995559e-01
9.999999999993109956e-01
9.999999999996455058e-01
9.999999999812966278e-01
9.999999999917937865e-01
9.999999999999005240e-01
9.999999999987241317e-01
9.999999999985780264e-01
1.000000000000000444e+00
1.000000000000000000e+00
9.999999999998829825e-01
9.999999999996288524e-01
9.999999999990696331e-01
9.999999999982885912e-01
1.000000000000000222e+00
9.999999999999995559e-01
9.999999999994776401e-01
9.999999999951676433e-01
9.999999999999998890e-01
1.000000000000000222e+00
9.999999999977017273e-01
9.999999999862243527e-01
9.999999999999996669e-01
9.999999999999997780e-01
9.999999999995848876e-01
9.999999999957857044e-01
9.999999999935915707e-01
9.999999999957666086e-01
1.000000000000000222e+00
1.000000000000000000e+00
9.999999999899191749e-01
9.999999999812917428e-01
9.999999999999997780e-01
9.999999999999997780e-01
1.000000000000000000e+00
9.999999999906750148e-01
9.999999999844965126e-01
9.999999999994000355e-01
1.000000000000000000e+00
9.999999999990766275e-01
9.999999999984310328e-01
1.000000000000000666e+00
9.999999999999998890e-01
9.999999999966932007e-01
9.999999999994733102e-01
9.999999999926005856e-01
9.999999999966572295e-01
1.000000000000000444e+00
9.999999999988400390e-01
9.999999999884353619e-01
9.999999999761784997e-01
1.000000000000000000e+00
9.999999999995532463e-01
9.999999999969604314e-01
9.999999999869739753e-01
9.999999999999998890e-01
1.000000000000000444e+00
1.000000000000000222e+00
9.999999999971989073e-01
9.999999999988800070e-01
9.999999999981535881e-01
1.000000000000000444e+00
9.999999999999998890e-01
9.999999999995848876e-01
9.999999999987643218e-01
1.000000000000000444e+00
9.999999999999998890e-01
9.999999999991526778e-01
9.999999999997798428e-01
9.999999999979768406e-01
9.999999999990871746e-01
1.000000000000000888e+00
9.999999999995802247e-01
9.999999999994629851e-01
9.999999999999996669e-01
1.000000000000000000e+00
9.999999999999726885e-01
9.999999999997017941e-01
9.999999999924766847e-01
9.999999999900177627e-01
1.000000000000000222e+00
9.999999999999998890e-01
9.999999999930548888e-01
9.999999999977472465e-01
1.000000000000000000e+00
1.000000000000000000e+00
9.999999999997004618e-01
9.999999999948102625e-01
9.999999999998109290e-01
9.999999999999998890e-01
9.999999999998915312e-01
9.999999999985113019e-01
1.000000000000000222e+00
9.999999999999997780e-01
9.999999999983041343e-01
9.999999999973784304e-01
9.999999999985672572e-01
9.999999999993784972e-01
9.999999999999998890e-01
1.000000000000000222e+00
9.999999999999997780e-01
9.999999999954760632e-01
9.999999999978100851e-01
9.999999999992342792e-01
9.999999999976372234e-01
9.999999999898060432e-01
9.999999999804358719e-01
9.999999999975539566e-01
1.000000000000000000e+00
9.999999999987929655e-01
9.999999999999998890e-01
9.999999999845888832e-01
9.999999999999995559e-01
1.000000000000000000e+00
9.999999999986853849e-01
9.999999999949255036e-01
9.999999999893823821e-01
1.000000000000000000e+00
9.999999999991672217e-01
9.999999999981951104e-01
9.999999999993415267e-01
9.999999999994414468e-01
9.999999999924378269e-01
9.999999999989979127e-01
9.999999999998370193e-01
9.999999999938563588e-01
9.999999999999997780e-01
9.999999999999998890e-01
9.999999999995143884e-01
9.999999999954219954e-01
9.999999999950326401e-01
1.000000000000000222e+00
9.999999999989024335e-01
9.999999999963514741e-01
9.999999999987826405e-01
9.999999999999998890e-01
9.999999999970574649e-01
9.999999999996732614e-01
9.999999999976475484e-01
9.999999999871100886e-01
9.999999999983695265e-01
1.000000000000000444e+00
1.000000000000000222e+00
9.999999999882770441e-01
9.999999999791280292e-01
9.999999999999996669e-01
9.999999999999997780e-01
9.999999999980430099e-01
9.999999999979531928e-01
9.999999999993137711e-01
9.999999999999997780e-01
9.999999999994751976e-01
9.999999999987714272e-01
9.999999999943433027e-01
9.999999999869259026e-01
1.000000000000000000e+00
9.999999999979293230e-01
9.999999999977331466e-01
9.999999999832378528e-01
9.999999999992282840e-01
9.999999999999996669e-01
9.999999999975552889e-01
9.999999999977191578e-01
9.999999999999996669e-01
1.000000000000000000e+00
9.999999999999998890e-01
9.999999999996826983e-01
9.999999999981574739e-01
9.999999999980798693e-01
1.000000000000000000e+00
9.999999999999998890e-01
1.000000000000000222e+00
9.999999999896553859e-01
9.999999999976770804e-01
9.999999999999998890e-01
9.999999999962807529e-01
9.999999999980166976e-01
9.999999999999997780e-01
1.000000000000000000e+00
9.999999999999996669e-01
9.999999999984122701e-01
9.999999999971598275e-01
9.999999999985575982e-01
9.999999999999997780e-01
9.999999999999998890e-01
9.999999999987214672e-01
9.999999999970685671e-01
9.999999999989127586e-01
9.999999999999992228e-01
1.000000000000000222e+00
9.999999999969584330e-01
9.999999999820211594e-01
1.000000000000000222e+00
1.000000000000000000e+00
9.999999999990526467e-01
9.999999999836953757e-01
9.999999999961236563e-01
9.999999999988111732e-01
9.999999999999995559e-01
1.000000000000000222e+00
9.999999999987644328e-01
9.999999999999995559e-01
9.999999999999997780e-01
1.000000000000000000e+00
9.999999999681369323e-01
9.999999999999514833e-01
1.000000000000000222e+00
9.999999999993497424e-01
9.999999999983567589e-01
9.999999999977222664e-01
9.999999999979256593e-01
9.999999999999998890e-01
9.999999999999996669e-01
9.999999999970405895e-01
9.999999999977079446e-01
9.999999999999997780e-01
9.999999999999998890e-01
9.999999999988433697e-01
9.999999999985497157e-01
9.999999999956006302e-01
9.999999999929432004e-01
9.999999999999995559e-01
9.999999999998006039e-01
9.999999999794670913e-01
1.000000000000000000e+00
1.000000000000000000e+00
9.999999999999997780e-01
9.999999999980346832e-01
1.000000000000000000e+00
9.999999999995086153e-01
9.999999999980487830e-01
1.000000000000000444e+00
9.999999999982210896e-01
9.999999999965680786e-01
9.999999999999998890e-01
9.999999999992852384e-01
1.000000000000000222e+00
9.999999999975652809e-01
9.999999999999010791e-01
9.999999999999998890e-01
9.999999999961707298e-01
9.999999999914177540e-01
9.999999999846027610e-01
9.999999999865198941e-01
9.999999999999998890e-01
9.999999999997839506e-01
9.999999999857600574e-01
9.999999999824996655e-01
9.999999999999997780e-01
1.000000000000000444e+00
9.999999999972817299e-01
9.999999999812010376e-01
1.000000000000000000e+00
1.000000000000000000e+00
9.999999999999997780e-01
9.999999999998099298e-01
9.999999999859967570e-01
9.999999999941333595e-01
1.000000000000000000e+00
9.999999999998990807e-01
1.000000000000000444e+00
9.999999999932110972e-01
9.999999999964749309e-01
9.999999999999997780e-01
9.999999999986571853e-01
9.999999999948729901e-01
9.999999999998520073e-01
1.000000000000000444e+00
9.999999999999997780e-01
9.999999999989472865e-01
9.999999999990457633e-01
9.999999999963108399e-01
9.999999999993633981e-01
9.999999999999996669e-01
9.999999999999998890e-01
1.000000000000000666e+00
1.000000000000000222e+00
1.000000000000000222e+00
9.999999999988906652e-01
1.000000000000000000e+00
9.999999999983012478e-01
9.999999999995676792e-01
1.000000000000000000e+00
9.999999999999998890e-01
9.999999999987312371e-01
9.999999999929681804e-01
1.000000000000000222e+00
1.000000000000000888e+00
9.999999999909698900e-01
9.999999999999997780e-01
9.999999999990457633e-01
1.000000000000000000e+00
9.999999999997619682e-01
9.999999999996527222e-01
9.999999999854694011e-01
9.999999999902702275e-01
1.000000000000000222e+00
1.000000000000000000e+00
9.999999999990598631e-01
9.999999999804095596e-01
1.000000000000000222e+00
9.999999999999570344e-01
9.999999999991405764e-01
9.999999999952520202e-01
1.000000000000000222e+00
1.000000000000000000e+00
9.999999999989173105e-01
9.999999999978116394e-01
9.999999999845553544e-01
9.999999999989689359e-01
9.999999999999996669e-01
9.999999999999995559e-01
9.999999999893430802e-01
9.999999999922672966e-01
9.999999999999998890e-01
1.000000000000000000e+00
9.999999999979644061e-01
9.999999999893283142e-01
9.999999999986429744e-01
1.000000000000000000e+00
1.000000000000000222e+00
9.999999999880286872e-01
9.999999999954211072e-01
9.999999999999998890e-01
9.999999999987068122e-01
9.999999999999998890e-01
9.999999999903387282e-01
9.999999999952106089e-01
9.999999999999998890e-01
9.999999999999998890e-01
1.000000000000000444e+00
9.999999999914795934e-01
9.999999999949865659e-01
9.999999999986399768e-01
9.999999999999995559e-01
9.999999999988145039e-01
1.000000000000000444e+00
9.999999999990963895e-01
1.000000000000000000e+00
9.999999999987565502e-01
9.999999999991270316e-01
9.999999999975760501e-01
9.999999999916755478e-01
9.999999999999998890e-01
1.000000000000000000e+00
9.999999999933384398e-01
1.000000000000000000e+00
9.999999999999998890e-01
9.999999999997838396e-01
9.999999999988519184e-01
9.999999999963844477e-01
9.999999999915457627e-01
9.999999999988760102e-01
9.999999999992086330e-01
9.999999999973507858e-01
1.000000000000000444e+00
1.000000000000000444e+00
9.999999999999997780e-01
9.999999999997050137e-01
9.999999999944448881e-01
9.999999999925525129e-01
1.000000000000000222e+00
1.000000000000000000e+00
1.000000000000000444e+00
9.999999999961339814e-01
9.999999999968292030e-01
1.000000000000000000e+00
9.999999999976642018e-01
9.999999999986013410e-01
9.999999999992242872e-01
9.999999999999998890e-01
9.999999999959399144e-01
9.999999999981040721e-01
9.999999999950934804e-01
9.999999999983106846e-01
9.999999999991320276e-01
9.999999999990931698e-01
9.999999999979517495e-01
9.999999999791389094e-01
9.999999999982881471e-01
9.999999999996020961e-01
9.999999999999475975e-01
9.999999999996763700e-01
9.999999999906022952e-01
9.999999999895460290e-01
1.000000000000000222e+00
1.000000000000000666e+00
9.999999999999998890e-01
9.999999999976059151e-01
9.999999999999997780e-01
9.999999999999998890e-01
9.999999999982294163e-01
9.999999999901244552e-01
9.999999999867075218e-01
9.999999999999998890e-01
1.000000000000000000e+00
9.999999999990946131e-01
