9.999999999989771515e-01
9.999999999822590802e-01
9.999999999837788645e-01
9.999999999999998890e-01
9.999999999999996669e-01
9.999999999998929745e-01
9.999999999999998890e-01
9.999999999999997780e-01
9.999999999999996669e-01
9.999999999965042408e-01
9.999999999992574828e-01
9.999999999999640288e-01
9.999999999845239351e-01
9.999999999939697126e-01
9.999999999999998890e-01
1.000000000000000222e+00
1.000000000000000000e+00
9.999999999888253832e-01
9.999999999967078557e-01
1.000000000000000222e+00
9.999999999984472421e-01
9.999999999997034594e-01
9.999999999990010213e-01
9.999999999851135746e-01
1.000000000000000444e+00
9.999999999967710274e-01
1.000000000000000444e+00
9.999999999825321950e-01
9.999999999932746020e-01
9.999999999999997780e-01
1.000000000000000222e+00
9.999999999999997780e-01
9.999999999886048929e-01
9.999999999981259435e-01
1.000000000000000444e+00
1.000000000000000222e+00
9.999999999980726528e-01
9.999999999991139310e-01
9.999999999911446391e-01
9.999999999996659339e-01
9.999999999991310284e-01
9.999999999993468558e-01
9.999999999982297494e-01
9.999999999994833022e-01
9.999999999958805175e-01
1.000000000000000000e+00
9.999999999976288967e-01
9.999999999986471932e-01
1.000000000000000444e+00
9.999999999999997780e-01
9.999999999982057686e-01
9.999999999999995559e-01
9.999999999920312632e-01
9.999999999908808501e-01
9.999999999999996669e-01
1.000000000000000000e+00
9.999999999999048539e-01
9.999999999938540274e-01
9.999999999927410288e-01
9.999999999989039878e-01
9.999999999999995559e-01
9.999999999980997423e-01
9.999999999867763556e-01
9.999999999789968008e-01
9.999999999999994449e-01
1.000000000000000222e+00
9.999999999994920730e-01
9.999999999995281552e-01
9.999999999959902075e-01
1.000000000000000000e+00
1.000000000000000444e+00
9.999999999983776311e-01
9.999999999913341542e-01
9.999999999847599685e-01
9.999999999999998890e-01
1.000000000000000000e+00
9.999999999983647525e-01
9.999999999992745803e-01
9.999999999999000799e-01
9.999999999992689181e-01
1.000000000000000000e+00
1.000000000000000222e+00
9.999999999990654143e-01
9.999999999978989029e-01
9.999999999993443023e-01
1.000000000000000222e+00
9.999999999994342303e-01
9.999999999852884347e-01
9.999999999931874495e-01
1.000000000000000222e+00
1.000000000000000000e+00
9.999999999988936628e-01
9.999999999974450438e-01
9.999999999914915838e-01
9.999999999975798248e-01
1.000000000000000222e+00
9.999999999999998890e-01
9.999999999955991870e-01
9.999999999879000123e-01
9.999999999999998890e-01
9.999999999988644639e-01
1.000000000000000222e+00
9.999999999966306952e-01
9.999999999944279017e-01
1.000000000000000222e+00
9.999999999992822408e-01
9.999999999980965226e-01
9.999999999910490489e-01
9.999999999999996669e-01
9.999999999970825559e-01
9.999999999983368859e-01
9.999999999988676835e-01
9.999999999984667820e-01
9.999999999987803090e-01
9.999999999993254285e-01
9.999999999999690248e-01
1.000000000000000222e+00
9.999999999905700987e-01
9.999999999915287763e-01
9.999999999984342525e-01
1.000000000000000000e+00
1.000000000000000222e+00
9.999999999963782304e-01
9.999999999922900562e-01
9.999999999994656497e-01
9.999999999999998890e-01
1.000000000000000000e+00
9.999999999998655520e-01
9.999999999981983301e-01
9.999999999873392387e-01
9.999999999986458610e-01
9.999999999982936982e-01
9.999999999891654445e-01
9.999999999828400599e-01
9.999999999999995559e-01
1.000000000000000000e+00
9.999999999997996047e-01
9.999999999925398564e-01
9.999999999865338829e-01
9.999999999999998890e-01
1.000000000000000000e+00
9.999999999975555109e-01
9.999999999976032505e-01
9.999999999994887423e-01
9.999999999974763520e-01
9.999999999999998890e-01
1.000000000000000000e+00
9.999999999987297938e-01
9.999999999894424452e-01
9.999999999995043964e-01
1.000000000000000222e+00
9.999999999987356780e-01
1.000000000000000222e+00
9.999999999954157781e-01
9.999999999993095523e-01
9.999999999999998890e-01
9.999999999999994449e-01
9.999999999990422106e-01
9.999999999934316985e-01
9.999999999938656847e-01
9.999999999999995559e-01
1.000000000000000444e+00
9.999999999985286214e-01
9.999999999989559463e-01
9.999999999999998890e-01
1.000000000000000222e+00
9.999999999999723554e-01
9.999999999997856159e-01
9.999999999979961585e-01
9.999999999987193577e-01
1.000000000000000000e+00
9.999999999999998890e-01
9.999999999902716707e-01
9.999999999899047420e-01
9.999999999991967536e-01
1.000000000000000000e+00
1.000000000000000000e+00
9.999999999992866817e-01
9.999999999892200675e-01
9.999999999994820810e-01
1.000000000000000444e+00
1.000000000000000000e+00
9.999999999995462518e-01
9.999999999996395106e-01
9.999999999916069360e-01
9.999999999999998890e-01
1.000000000000000222e+00
9.999999999991557864e-01
9.999999999805947448e-01
1.000000000000000000e+00
1.000000000000000222e+00
9.999999999995846656e-01
9.999999999996399547e-01
9.999999999988435917e-01
9.999999999981216137e-01
1.000000000000000000e+00
9.999999999992733590e-01
9.999999999966182607e-01
9.999999999773391268e-01
9.999999999984604537e-01
1.000000000000000222e+00
9.999999999993438582e-01
9.999999999999197309e-01
9.999999999828039776e-01
9.999999999894029212e-01
1.000000000000000222e+00
9.999999999989617194e-01
9.999999999910361703e-01
9.999999999820233798e-01
9.999999999990808464e-01
9.999999999982460697e-01
9.999999999984868770e-01
9.999999999997040145e-01
9.999999999957350783e-01
9.999999999948321339e-01
1.000000000000000222e+00
9.999999999999994449e-01
9.999999999966804332e-01
9.999999999970061726e-01
9.999999999983119059e-01
9.999999999999997780e-01
9.999999999996309619e-01
9.999999999941525664e-01
9.999999999932318584e-01
9.999999999996534994e-01
9.999999999999997780e-01
1.000000000000000000e+00
9.999999999981550314e-01
9.999999999999070743e-01
9.999999999948394613e-01
9.999999999999998890e-01
9.999999999999998890e-01
9.999999999918763871e-01
9.999999999856806765e-01
1.000000000000000222e+00
9.999999999992846833e-01
9.999999999994807487e-01
9.999999999992290611e-01
1.000000000000000000e+00
9.999999999999996669e-01
9.999999999992603694e-01
9.999999999983484322e-01
9.999999999990718536e-01
9.999999999945394791e-01
9.999999999994960698e-01
9.999999999999998890e-01
1.000000000000000000e+00
9.999999999983982812e-01
9.999999999977439158e-01
9.999999999988656851e-01
9.999999999991969757e-01
9.999999999999998890e-01
9.999999999920958782e-01
9.999999999786874927e-01
9.999999999999998890e-01
1.000000000000000000e+00
9.999999999999998890e-01
9.999999999996987965e-01
9.999999999882461799e-01
9.999999999967511544e-01
9.999999999993581801e-01
1.000000000000000222e+00
1.000000000000000000e+00
9.999999999999998890e-01
9.999999999959429120e-01
1.000000000000000222e+00
9.999999999999995559e-01
9.999999999930463401e-01
9.999999999967730258e-01
9.999999999991996402e-01
9.999999999998520073e-01
9.999999999971420639e-01
9.999999999924858995e-01
9.999999999921318494e-01
9.999999999961675101e-01
9.999999999999997780e-01
9.999999999986274313e-01
9.999999999998293587e-01
9.999999999955223595e-01
9.999999999951632024e-01
1.000000000000000222e+00
9.999999999999996669e-01
9.999999999994374500e-01
9.999999999919544358e-01
9.999999999970063946e-01
9.999999999999997780e-01
9.999999999999997780e-01
9.999999999996928013e-01
9.999999999901051373e-01
9.999999999989537258e-01
9.999999999999996669e-01
9.999999999999998890e-01
9.999999999952109420e-01
9.999999999961755037e-01
9.999999999968774977e-01
1.000000000000000222e+00
9.999999999994626521e-01
9.999999999993511857e-01
9.999999999970931031e-01
9.999999999982235321e-01
1.000000000000000000e+00
9.999999999990839550e-01
9.999999999998545608e-01
9.999999999845745613e-01
9.999999999902247083e-01
9.999999999998692157e-01
1.000000000000000000e+00
9.999999999983645305e-01
9.999999999978768095e-01
9.999999999999998890e-01
9.999999999999996669e-01
9.999999999998836486e-01
9.999999999971826981e-01
9.999999999992909006e-01
9.999999999982241983e-01
1.000000000000000222e+00
9.999999999999994449e-01
1.000000000000000000e+00
9.999999999838291576e-01
9.999999999940654138e-01
1.000000000000000222e+00
9.999999999999998890e-01
1.000000000000000222e+00
9.999999999958623098e-01
9.999999999893730562e-01
9.999999999999997780e-01
9.999999999999998890e-01
9.999999999989789279e-01
9.999999999998067102e-01
9.999999999937008166e-01
9.999999999999998890e-01
1.000000000000000000e+00
9.999999999992976729e-01
9.999999999987232435e-01
1.000000000000000000e+00
9.999999999969613196e-01
9.999999999999998890e-01
9.999999999978665954e-01
9.999999999947728480e-01
9.999999999939799267e-01
1.000000000000000444e+00
9.999999999999997780e-01
1.000000000000000222e+00
9.999999999983236743e-01
9.999999999956800112e-01
1.000000000000000222e+00
9.999999999999998890e-01
9.999999999994164668e-01
9.999999999912908555e-01
9.999999999791050476e-01
1.000000000000000222e+00
9.999999999999996669e-01
9.999999999965205610e-01
9.999999999956145080e-01
9.999999999852582366e-01
1.000000000000000000e+00
9.999999999999996669e-01
9.999999999974206188e-01
9.999999999847816179e-01
9.999999999872218881e-01
9.999999999995297095e-01
9.999999999999998890e-01
1.000000000000000000e+00
9.999999999961938224e-01
9.999999999986856070e-01
9.999999999999998890e-01
9.999999999999997780e-01
9.999999999992598143e-01
9.999999999895189395e-01
9.999999999910740289e-01
9.999999999992006394e-01
1.000000000000000000e+00
9.999999999986609600e-01
9.999999999933243400e-01
9.999999999983606447e-01
9.999999999999997780e-01
9.999999999994351185e-01
9.999999999976342258e-01
9.999999999891968638e-01
9.999999999940926143e-01
1.000000000000000000e+00
1.000000000000000222e+00
9.999999999988637978e-01
9.999999999887637658e-01
9.999999999781852278e-01
1.000000000000000444e+00
1.000000000000000222e+00
9.999999999993355315e-01
9.999999999983931742e-01
9.999999999968198772e-01
9.999999999999998890e-01
1.000000000000000222e+00
1.000000000000000222e+00
1.000000000000001110e+00
9.999999999999996669e-01
9.999999999998703260e-01
9.999999999987106980e-01
9.999999999994549915e-01
9.999999999961238784e-01
9.999999999955244689e-01
9.999999999999998890e-01
1.000000000000000000e+00
9.999999999996507238e-01
9.999999999893739444e-01
9.999999999975859311e-01
1.000000000000000000e+00
1.000000000000000000e+00
9.999999999958825159e-01
9.999999999979696241e-01
9.999999999983607557e-01
9.999999999999997780e-01
1.000000000000000444e+00
9.999999999994513278e-01
9.999999999743526269e-01
9.999999999929247707e-01
1.000000000000000000e+00
9.999999999996432853e-01
9.999999999990943911e-01
9.999999999897090097e-01
9.999999999898485648e-01
1.000000000000000000e+00
1.000000000000000222e+00
9.999999999987048138e-01
9.999999999941147077e-01
9.999999999819298990e-01
1.000000000000000000e+00
9.999999999999994449e-01
1.000000000000000222e+00
1.000000000000000222e+00
1.000000000000000222e+00
1.000000000000000000e+00
9.999999999979437559e-01
9.999999999997465361e-01
9.999999999905448966e-01
9.999999999899998882e-01
9.999999999999998890e-01
1.000000000000000222e+00
1.000000000000000222e+00
9.999999999971012077e-01
9.999999999879786161e-01
9.999999999999998890e-01
1.000000000000000000e+00
9.999999999999998890e-01
9.999999999994156896e-01
1.000000000000000222e+00
1.000000000000000222e+00
9.999999999991217026e-01
9.999999999939861439e-01
9.999999999920911042e-01
9.999999999999914513e-01
1.000000000000000222e+00
1.000000000000000222e+00
9.999999999997357669e-01
9.999999999980062615e-01
9.999999999967987829e-01
1.000000000000000222e+00
9.999999999990697441e-01
9.999999999999998890e-01
9.999999999970101694e-01
9.999999999990765165e-01
9.999999999999997780e-01
9.999999999997514211e-01
9.999999999999996669e-01
9.999999999948927520e-01
9.999999999997830624e-01
1.000000000000000000e+00
1.000000000000000000e+00
9.999999999974954479e-01
9.999999999990085708e-01
9.999999999850185395e-01
9.999999999999997780e-01
9.999999999999996669e-01
9.999999999962505548e-01
9.999999999857159816e-01
9.999999999820786689e-01
9.999999999998194777e-01
9.999999999999998890e-01
9.999999999984079402e-01
9.999999999930309080e-01
9.999999999851602039e-01
1.000000000000000000e+00
9.999999999999998890e-01
9.999999999994121369e-01
9.999999999987461141e-01
9.999999999979812815e-01
9.999999999971959097e-01
1.000000000000000000e+00
1.000000000000000444e+00
9.999999999987105870e-01
9.999999999862863032e-01
1.000000000000000000e+00
9.999999999999995559e-01
9.999999999959097163e-01
9.999999999977783327e-01
9.999999999815112339e-01
9.999999999991220356e-01
1.000000000000000222e+00
9.999999999954267693e-01
9.999999999914689353e-01
9.999999999820032848e-01
