9.999999999999975575e-01
8.326779710571025062e-01
9.158578498098061127e-01
1.711143928677391346e-01
2.675534088081461736e-05
5.478965024608247313e-06
9.622981290711480782e-05
1.138059091313771263e-04
6.350177910310264432e-05
1.062896359493439922e-04
4.788916813448201967e-05
2.108053401805648681e-04
2.079784241160934910e-01
2.604863093792132017e-02
3.534102478682099036e-01
3.593893531469586483e-02
3.114619288451275086e-02
2.616199115093852459e-02
1.875706124926966242e-02
1.146527482892734789e-02
4.605737688786333518e-05
3.307455523982890901e-06
3.132101828730783057e-08
1.617454328465260002e-07
5.824638776949611228e-08
1.290346138870606103e-08
2.964104194588988694e-07
2.671567641530811672e-03
2.402393531568760565e-01
1.100166059305782151e-03
1.360412825287275004e-06
2.409333596860346251e-07
5.058163911152823985e-07
7.526970228997495321e-07
1.470257530746425575e-06
6.962393450690571766e-06
7.681567592901246584e-03
1.112359574976360625e-03
3.498622988370745272e-06
3.638839349210758856e-06
5.731498323182582236e-06
6.639197801423065710e-06
6.930552631925794292e-06
6.444971881085393036e-05
4.417258024737697429e-03
3.030481148441507800e-04
5.084009722939729538e-07
1.021098776789502746e-06
4.146396068060329653e-07
1.502279909063089519e-07
3.399533680933256252e-07
7.638538136946685763e-05
6.486786022357685089e-02
3.306791038590732069e-03
1.431283109319715245e-05
1.336106251648599092e-06
3.628564834981643417e-06
3.638581778453062629e-06
5.401965378233723171e-06
3.881859734168163881e-05
1.845657566901246546e-03
3.356877487622914134e-04
1.313180465261170648e-07
9.394113210950140614e-07
5.706885313426923798e-07
1.283069210372418583e-07
1.097163151578435313e-06
2.423081150342837244e-03
4.481786472301632629e-01
7.360643469837949149e-02
1.544669267573729049e-04
6.864387908663559820e-05
7.714831679205374462e-05
3.670279023898843142e-05
4.043428685475652077e-05
2.205825065092359511e-05
5.227358143385482425e-05
3.970828486864404780e-05
1.577539936433767514e-08
7.326483853972012550e-08
4.500101266794312110e-08
6.891351100472018755e-09
6.185949092572309116e-08
5.071544922669853159e-04
7.300131311735632567e-01
4.611274095537420958e-02
6.169047590249086409e-05
5.496117791311746370e-05
5.097305027121672909e-05
3.962318142853682950e-05
5.542401395368403674e-05
1.896397272209581939e-04
7.559989642981507912e-04
1.443647910995286094e-03
3.486895737336275506e-05
8.080214090598277394e-06
7.721114202846407969e-06
7.466346076201097954e-07
9.975392952335766486e-07
6.407566119948425551e-05
6.742969078531441118e-02
5.406500256303351654e-02
1.271336078150930740e-04
6.212379814387696992e-06
1.065418971206964850e-05
1.875483085075117538e-05
1.793608871093247911e-05
4.326250303740457120e-05
1.690715902379078873e-04
1.870875121691404112e-04
2.474506047480907404e-07
6.619516395893551597e-08
8.333897074824491046e-08
8.039381349790690239e-09
2.751708023992033185e-08
8.615143787160051895e-05
1.544677380802040867e-01
3.021972465783830941e-01
3.287078943787179186e-03
1.038738057972858272e-03
2.491016212419552302e-04
4.736041588109166480e-04
3.563533130060313669e-04
1.552901126782834846e-05
8.163088250409903992e-06
1.640826229151269426e-04
2.737972555023696543e-06
8.555235420702759525e-07
9.982496995787517803e-07
5.294341755431631287e-06
1.461140453613529734e-05
3.464638540123263580e-05
9.645617796105970809e-02
1.857572974490098033e-02
5.647723884743048248e-03
7.573331375915193925e-03
5.933385143877924553e-03
1.360243143801357149e-02
2.449957309265351178e-03
4.516041761089767208e-04
1.395629733832831859e-04
8.516231956830748072e-04
5.880486357156509562e-05
8.623556115564663899e-05
7.506436143120199568e-05
1.460502739937208961e-05
8.006196346962813647e-06
3.873337220374924172e-04
1.566329150136857307e-01
9.041754348202658831e-02
8.133713728427187373e-04
4.353324686766046723e-05
2.973322973146152342e-05
6.860055319153157780e-05
8.628918618736524868e-05
1.179697841395835280e-04
1.060586623883323122e-03
7.145244703287717547e-02
7.226430571502575348e-04
6.377961042126246039e-05
4.963417587433680852e-05
3.766593885724426005e-05
2.763672954888594740e-05
1.593543611171804083e-04
1.457724424214073243e-03
2.046292631559201020e-02
2.797004021342468024e-05
1.444344292475476472e-06
9.177925568870306063e-07
1.344570418318976577e-06
9.334948365541592582e-08
1.876581289450053543e-06
2.099302544697109751e-02
3.632971516999574102e-01
1.149141068532814414e-03
7.533186629410178908e-06
3.686776775950274971e-06
1.087383755484177164e-05
1.752284313368169958e-05
1.080645151374473887e-05
2.745942688623380942e-05
2.702982591910439106e-03
1.402607604628472164e-05
3.271655101025691381e-06
3.069628868088417867e-06
1.806100266282643637e-07
4.592612790453896486e-09
2.668213917568467219e-06
3.894649121834410643e-02
5.181498892863757311e-01
3.380756432771421949e-03
2.472675411906890674e-04
2.337314224308031897e-04
7.799148094271637639e-05
8.865757574944227795e-05
9.756334693415553137e-05
1.824075768052521248e-04
4.487227401611730516e-04
9.946141038638693703e-06
6.504066642109059702e-09
4.652442976333341436e-08
4.280405401798677244e-08
7.911999583433883321e-09
1.325471060782157109e-06
2.353464641613462957e-02
1.948939917867480442e-01
1.768593877924796824e-04
1.834414558873612037e-06
3.066448014444064945e-06
1.406969907450124781e-06
9.923419550346756778e-07
3.054655571051546652e-06
5.233111571882979320e-05
2.946580579803704386e-02
4.033645698724275361e-04
7.302418607584937244e-06
1.614271112787835693e-06
3.600100731103301446e-06
1.097891168478591662e-06
8.467993369377194833e-07
1.511683506818776133e-02
3.623667417553840253e-01
1.399690578313259222e-02
1.879978980287031539e-04
1.015223436022962683e-04
1.401811673063942619e-04
1.196696604776160218e-04
1.434985334313775885e-04
4.421178279367120637e-05
4.329075861042379694e-03
6.530466586818217678e-05
5.726154327695059499e-06
2.867974107863066957e-06
4.538094015239996416e-06
1.226970178113724435e-06
6.828226215692924646e-06
2.216946572171621301e-03
6.922126656159316438e-02
1.089483815102638520e-04
8.154525473595147576e-07
1.931561160696704285e-07
3.520509925153589106e-07
5.646274354032682111e-07
1.028145444078261922e-07
2.199725538969720447e-03
4.226810926230452625e-01
3.017662902982005263e-02
2.339526568105030930e-04
1.509998502816350540e-04
1.647948872227636896e-04
1.643543894505582745e-04
2.151106835241112724e-04
3.046518492782041530e-04
1.742472990758858102e-03
1.690762344174417215e-04
3.598472051850299831e-06
3.731821586249169303e-07
5.682648816179065167e-07
1.430161780040174496e-07
2.563841951324429868e-06
2.722375638635538692e-02
6.821858090834970190e-01
1.424877939244841149e-03
4.434175292014486645e-03
1.846543124878725385e-03
2.583362981197928100e-03
8.971294873192326921e-04
4.848745010569598807e-03
4.257604945413788478e-02
7.316793556810856358e-02
6.190358386976376262e-03
1.109286531156263630e-03
4.597053666520934290e-04
3.704026834363868381e-04
1.977319089708722390e-04
2.655804608883056576e-05
1.697392347627203540e-04
1.491813173302028450e-01
4.427281999055349138e-02
3.252868011861100657e-04
1.025878164814682768e-04
7.368038949881953569e-05
4.540379357050798419e-05
7.311681872998456128e-05
2.221547262131575763e-04
1.448875019503668808e-02
8.147050814967920487e-04
3.118418479438033733e-05
1.173920943718382014e-05
4.202611809454123547e-07
2.401018855342974723e-07
1.550981278635530421e-07
3.678556655559446064e-04
2.449925137151745813e-01
8.978983687341227093e-02
1.152306039845043956e-01
6.911013632896755021e-02
6.982525123745882134e-02
5.051859952437647017e-02
2.278582852371723727e-02
5.464232216525584211e-03
3.331627875056197759e-05
5.038358273808068554e-05
1.784736777634972148e-07
1.854781722430550013e-06
1.002301560337467313e-06
1.467478670888954780e-07
2.315852287227252547e-06
7.892512083703799933e-03
6.749559108422685805e-01
2.115721578101271982e-02
2.204622207955909702e-03
3.868934707805579427e-03
1.903651537590046391e-03
1.201712915076950374e-03
8.673577294437828525e-04
3.801028131822174402e-03
4.046818389883306138e-02
1.035756787818819524e-01
7.831096407266172022e-04
7.490297339925328644e-05
1.441947236788012330e-04
1.896820621465725469e-04
1.420068947659560929e-04
1.775477389306588346e-04
4.400722385996302987e-04
1.603027716595469682e-04
5.540762276939830610e-07
3.521419658672845618e-07
2.052849206406447695e-07
4.448452530377152027e-08
4.381287799523023584e-08
1.571370046253637957e-04
4.163953958273849398e-01
9.584519134944465002e-02
1.197827038350412197e-04
5.957122595264429976e-05
5.310885864651540767e-05
4.170266543353638613e-05
3.399472876522615782e-05
2.484227112023690452e-05
1.288872017491010351e-05
5.045206442861116590e-05
1.103004296635887416e-07
1.320481826291646555e-07
1.392781698076643803e-07
2.133657472104579701e-08
1.369464532432676669e-07
7.905570387844805102e-04
8.451245356048501245e-01
1.149171553304349259e-02
1.041969692217741038e-04
1.507158320190037386e-04
1.264184237311492842e-04
3.712380634988609668e-05
1.469091085489916869e-05
1.053634914730165544e-05
2.510812329289894887e-05
3.719691302816165927e-04
9.871364977228089833e-07
1.713784010270981323e-07
1.717345652610287198e-07
1.281473308885727684e-08
4.514207767459680837e-08
2.205070854470459992e-04
2.461762609946939739e-01
1.148233609909845160e-01
1.346738513742426957e-03
6.847839844861528706e-04
6.886646143650416605e-04
1.369249956059069703e-03
1.117618210462823078e-03
3.433486360734511189e-04
1.963618193385199628e-05
2.737169384352451142e-04
6.537493483915205394e-06
2.150186963242669335e-07
3.528791825676716524e-07
4.217462531357710580e-07
5.451661612418976819e-08
1.150225561150049685e-04
3.312515004569925869e-01
1.027204855352452373e-01
6.316806077284030797e-05
1.412446867156565030e-06
1.762016588700247493e-06
6.203452203572293075e-06
6.215150805665675113e-06
4.735646428248236019e-06
1.623480512968648794e-04
1.357433689634923073e-03
9.252390488263230667e-06
9.443616386791566087e-07
1.239912993564517596e-06
1.762716784946355056e-07
1.203640628005026398e-07
1.661525426194994403e-05
1.521765492995997560e-01
2.469005334826126496e-01
9.668885199265118404e-04
7.193301409412574570e-05
7.736647770574269737e-05
6.060026215233198330e-05
5.288183486386824084e-05
4.903353354050085227e-05
4.286490560782373010e-06
2.979905503699332601e-04
9.480001486963322065e-07
2.332789694629171449e-08
6.855943311193411463e-08
1.633578572146033181e-08
2.420688790149793340e-08
2.690956241385388095e-05
6.059994959894710737e-02
4.326245567650994217e-01
6.959546600828134255e-04
5.899050944427003618e-05
5.073810537468515463e-05
5.971582403589390279e-05
3.583597927986988710e-05
2.495308048231975931e-05
5.716675459976405327e-04
1.753319481234025257e-02
7.095405372737510286e-04
6.377327172360595757e-03
6.556730787988869665e-03
1.069145675899185223e-03
5.065505466496877897e-04
1.848178433012697200e-02
6.544227947476843887e-01
1.432475522368421850e-02
1.083209256334979979e-04
1.482024363876130147e-06
1.253378555465008346e-06
1.045295135772780137e-06
5.397605130233583020e-08
1.867375069832761808e-07
1.439886654334171078e-03
9.542492530729581590e-01
3.956065987661023381e-02
3.819969724340576984e-03
3.291900975262958880e-03
4.460248128916218836e-03
5.760059208309319979e-03
1.022940890589016773e-03
1.751631107064909748e-04
6.337431020827660755e-05
6.998264114267679598e-07
1.425670296997338304e-06
3.167967285962249131e-06
4.694641215927379233e-07
2.056162245999606611e-07
2.204894081777489207e-05
1.043480738809740710e-01
4.564323177971523204e-01
4.958265831001505133e-04
1.773738374791723662e-04
1.632450202722630483e-04
3.388094890798623175e-05
2.870340904728100129e-05
1.063692463937590547e-05
1.592441431187870127e-05
1.816439094629685152e-03
4.612243350167849308e-05
8.091287647349216347e-08
1.175489575502236744e-07
1.973783665572502836e-07
2.536430472544912561e-08
2.453410142562170509e-06
2.953561040333645485e-02
5.571295673371131629e-01
2.565757697522607272e-04
2.962678406166089018e-06
1.190164246307096197e-06
1.280843145360484940e-06
7.596445903910533299e-06
6.544084484012487587e-06
9.297774453705612031e-06
8.305990869018779537e-04
3.251323713489663104e-05
2.842135773663892172e-07
9.040001583912698358e-08
1.409358690186303972e-07
5.633750017575566294e-09
1.163550674135386751e-06
8.726750487816202495e-03
5.157944661380500229e-01
1.114718844699569451e-02
3.190795524894866463e-03
1.146593903205208112e-03
1.602696540237292643e-03
2.347839698149212868e-04
1.840294558375463890e-04
3.076862023930762786e-05
7.147294327643871181e-05
5.555150232158056849e-06
2.926155167097673893e-08
4.179479489661765897e-08
8.857388640647727394e-09
2.038821415981780662e-09
1.693051481361170040e-07
4.751817328641269773e-03
7.633463310849191163e-01
3.398312482935047976e-03
2.836371914665291715e-03
2.566747361980240352e-03
6.846838539275242356e-04
4.821815387597836225e-04
1.342459341451074720e-04
1.438568318290604255e-04
5.328628141358519502e-05
6.964065495265485872e-05
2.556662337189013793e-06
9.754518185361859840e-06
1.991055703081049426e-06
3.741327936915677221e-07
1.147370474844599060e-05
1.714123363575072514e-02
2.327179220702248752e-01
1.337916638848753821e-03
2.201214767382275375e-05
4.422067743757377861e-06
7.102287823687598625e-06
6.020977427039102426e-06
8.473931089104339104e-06
1.132769821061219396e-05
3.007842318467888500e-03
3.331198251500606857e-04
3.069187796930746029e-06
2.790593790080839276e-06
1.367687257443401938e-06
4.933901672161573255e-07
5.904099678886899649e-07
3.134388574388159970e-04
6.290727437984651171e-01
3.721829875231322943e-02
1.786971290817323773e-04
1.382040369123456371e-04
7.794939544812133311e-05
5.609784254854348166e-05
7.892128086157179146e-05
7.629335932081664077e-05
3.306422190431893612e-03
5.388524514235200217e-04
1.299740986402424849e-05
4.817831004886992658e-06
4.998513624874528438e-06
2.096848081210163075e-06
2.054817004318210436e-06
3.865501593318599791e-04
7.636204421950198995e-02
4.586345873929755651e-02
2.930019386634115201e-04
2.287004413735385774e-04
1.264152160770670751e-04
4.008974630933686184e-05
5.772051732230459880e-05
8.328724964578232198e-05
2.320697669562028147e-04
1.112431595543222337e-04
4.512873765464512858e-08
1.081870309085815550e-07
7.546364627486583721e-08
8.453986625126232975e-09
1.115121243164501850e-07
9.349066903743610824e-04
7.482930058315838684e-01
4.867271068355051578e-02
7.220238443600658733e-06
5.941124120890675474e-05
3.742814266079704292e-05
8.320974391363775830e-05
5.904316250490463064e-05
1.172726301916716379e-05
3.593736518317507285e-05
1.366147460559450938e-04
1.150662689157371226e-06
1.094211023647821208e-07
2.305114619596744028e-07
1.841843915179864476e-08
1.369949055880803272e-07
1.383350992772486385e-03
7.489174612934581532e-01
2.318813121145073437e-03
1.882693311475168473e-04
1.535230869024266614e-04
2.251783643995431241e-04
1.177580951121639873e-04
5.062576084903513285e-05
6.339848688343684744e-06
3.530561632718034012e-05
1.426090235187091456e-04
1.695746366582891891e-07
4.657875288668321142e-08
4.263619627277641414e-08
4.483678205608999045e-09
2.311960344484018768e-08
1.090248301628253693e-04
4.072093997305942237e-01
1.222829986262035512e-01
1.731900537621398114e-03
1.879927686393644817e-03
2.336715672522980073e-03
2.724823065406243704e-03
8.516058947986821599e-04
2.781900775701474536e-04
2.034801734300794915e-05
2.256233497459310736e-04
8.060101388888759051e-09
3.539092935187951867e-08
1.071867638034774837e-05
5.844912487427488630e-04
1.124605735344671748e-03
6.081637397401144307e-04
1.375306594254241746e-02
1.162185733978021544e-02
1.214967339942794877e-02
1.205469763893270672e-02
1.452665571266476344e-02
2.189330071906624847e-02
2.085723818840987467e-02
5.809681200202754248e-03
2.220105962837544931e-04
2.878145464414197274e-05
2.579331870340738960e-04
1.078387053426014102e-05
1.321487849469393895e-05
2.250433295735117039e-05
2.907710449805384148e-06
4.819866457683511765e-04
4.231438504225758512e-01
6.663411303785166107e-02
1.234341073470487959e-04
1.109194038142908603e-05
6.607756306435550454e-06
9.196590161318927764e-06
8.317888324671171980e-06
4.244807949432802171e-05
4.838065322943790750e-04
1.882596599439895213e-02
1.239324068811996230e-04
1.455552297305459384e-05
4.442962611018765661e-06
7.021297764642554907e-06
3.490251539995015671e-07
3.767966534728083380e-05
3.729782179390753877e-02
3.285106408366083586e-01
3.228445515118156823e-03
3.049540672041627749e-04
1.484176927227116567e-04
1.676848865506186457e-04
8.996738502082221882e-05
3.704217366768958728e-04
9.108803202559565535e-05
1.012162338653247850e-03
1.100435188765538719e-05
5.351894342658619120e-07
6.541401325594618558e-08
4.518162817534237240e-08
2.241332552407002256e-08
1.201484645450176727e-07
1.611019638359498587e-02
8.756691946640353386e-02
1.710642731680520404e-02
3.940784269371212095e-03
2.297752061308539102e-03
2.327356309730203767e-03
1.820194058042923354e-03
8.175507009267679115e-04
5.260491588514275811e-05
7.203848268559502924e-05
4.336523375343196353e-07
4.139530917289983637e-08
8.385899127865193968e-08
1.536761868945681373e-08
1.264567380248019829e-08
7.710403781802712756e-06
4.075828542929068460e-02
8.087288782124198161e-02
2.699749765191158143e-05
3.884337058007068260e-06
2.325298345062447321e-06
3.852428161719048532e-06
2.622825089319231856e-06
7.113779189088358428e-06
3.533153225861530627e-05
8.015350512005334910e-03
5.279269121856351867e-05
4.800856014900451249e-07
7.808874535053751126e-08
2.280112473497609990e-08
9.612260498327200722e-10
2.946660277292113178e-07
3.229368688988949482e-03
4.332503507429454892e-01
3.292949938832784307e-02
1.823401431050799106e-03
4.807034305846963167e-03
4.323286026844885659e-03
1.846303778002628343e-03
2.368054495504012032e-03
5.820070086650300104e-04
1.131957055333030344e-04
6.109079767974380439e-05
4.089726054709944748e-06
4.729755300565924807e-06
1.469041770061614175e-06
6.681187540210535959e-07
2.273724828678580072e-05
8.150928791540000551e-02
2.919731199298489233e-01
3.194666300025561663e-04
3.078424500940415303e-04
8.679415794074111590e-05
1.337020436749640105e-04
5.557255131831613672e-05
7.242944627493289554e-05
1.019441598364635753e-05
4.549708104800706705e-03
5.122417693241942244e-05
4.015782716586314315e-05
3.512712334817401182e-05
1.806595571505977585e-05
7.925859985959175669e-06
1.509843661560040627e-05
8.202724092863208005e-04
1.965355697910713476e-02
3.966144344775831372e-04
5.732843771598782886e-06
1.846815882176083387e-06
4.211905367181797784e-06
3.053013999224764316e-07
7.775469078304786370e-06
2.201042061907086678e-02
8.396568912031696641e-01
1.543688370861551196e-02
1.229756791017619334e-04
6.739505635505586324e-05
1.187030536096888504e-04
1.010516141775536690e-04
9.679831684720221997e-05
1.091369918074327924e-04
1.218298414161620618e-04
2.335480931520924383e-05
1.181471788274954496e-06
4.798847124892045930e-06
1.100822780385784921e-06
5.075567380812612696e-07
1.034709009177658453e-05
1.427434695442133562e-02
9.284257616922698686e-01
2.690629913905787356e-03
1.393521434909600083e-03
1.670603831039556503e-03
8.901527841797485458e-04
1.772098686533595869e-04
6.893660652973408439e-04
1.930795838247534877e-03
3.144091965515702358e-02
5.566693647081063373e-03
7.841742516947172368e-05
1.940014714516489550e-05
1.596701681106882468e-05
1.217532291445420875e-05
3.271586674388379226e-05
1.681596435499001490e-03
1.245264403759053194e-02
2.354432004939769458e-04
2.088423635762090855e-06
5.785132827336785025e-07
1.128867520239173120e-06
1.223980177570396261e-06
3.575576094730182646e-06
3.913931987648735768e-05
8.150725067702695170e-03
2.499246533408191096e-04
1.171965138083764885e-07
2.740790147811995347e-07
1.081010899949640237e-07
7.181952166314722961e-09
1.883490081244553357e-07
6.193766398979606153e-04
7.905523070725689605e-01
1.033494790357143700e-02
8.119645547264704027e-03
1.934508965960794790e-03
2.705705211124785278e-03
1.167108265892502494e-03
6.002575684165670526e-04
5.790229350232492566e-04
6.661905938859376773e-05
1.510423176174989740e-05
1.345668542297193716e-08
5.587552003091090839e-08
3.073899327189654631e-08
6.992538750830023160e-09
9.262378410341144018e-08
6.070031325626806156e-04
3.258399564217416278e-01
3.685896548663968129e-03
1.738681893453677027e-06
4.010083800594907919e-07
8.551257344289183649e-07
1.838918272905246435e-06
1.034600738436344540e-07
2.873745914312027048e-06
1.392524538670637628e-02
6.331151203500398096e-03
1.640408016326559075e-04
3.242873307331818969e-05
2.230123461315464378e-05
6.420437452922358197e-08
3.202817991938885227e-08
1.116486540395528757e-05
1.018573764750876354e-01
2.125881536449361967e-02
2.266430581226392543e-02
6.996396819642490376e-03
6.850001286466184634e-03
2.439858864537118154e-03
2.728377889310333419e-03
8.945398980747188344e-04
4.912412586705253154e-05
2.825645566595550061e-05
2.557959140750533786e-06
6.809174101203542791e-06
2.574570526726876143e-06
6.880000811123396463e-07
2.924846439791439146e-06
2.619909524177621574e-03
6.971097268889107079e-01
7.674171616863402837e-03
1.199557715932703415e-05
1.291420850795807516e-05
7.658563590223928502e-06
1.989872051281837659e-06
2.211171764164469830e-06
2.499850200354048938e-06
1.579304077239625031e-04
2.308645239765688977e-04
1.482447680513077441e-07
2.155716331387814169e-08
2.342307699974523045e-08
6.405791917175713327e-09
2.438413164902610893e-08
8.218710032721305377e-05
3.097844199783663655e-01
9.754978578340725223e-03
2.050890443478966600e-05
9.413110347617265601e-07
1.355159629143382293e-06
1.051482204469102983e-06
5.000345620447581638e-07
8.527131689771493838e-06
1.226233699329767023e-04
4.386709258022724635e-04
4.530856396331116519e-07
1.134818884133154448e-07
1.947312409078146507e-07
7.174231966591909414e-09
1.688522551872910887e-08
5.816005165556341789e-05
2.678123910325668766e-01
1.358797110164486344e-01
1.567185267789357808e-02
3.650006220014265917e-02
1.089203067164820973e-02
6.131024767290093117e-03
6.844729431286142134e-03
8.563265333599060294e-03
1.203725233499732677e-03
4.036783881009734843e-04
2.139187474523085236e-05
1.060760630519542468e-06
8.781317148819293939e-07
6.636881713211814918e-08
2.398786184904649163e-07
1.045775183480976515e-04
1.392281143888597361e-01
3.016232842500746192e-02
3.365256441063028264e-02
8.242719477959617111e-03
7.342617570815836506e-03
7.238989047359037192e-03
3.084709426231694619e-03
6.794007379957242446e-04
1.313298027571020189e-04
2.203174704571046923e-03
6.804262874480736787e-05
4.313129517461426646e-04
2.978379978833504017e-04
6.534257382824296427e-05
5.254919897561795218e-05
3.214434080831638646e-03
5.028689042678888971e-02
3.485115362347823015e-02
1.266054766158322079e-04
2.892139716639459779e-06
3.091055358476948571e-06
7.545148819261979812e-06
6.976849020228032493e-06
1.342638036524773991e-05
1.963396499763861748e-05
2.293097581934324964e-03
2.488679618873186742e-06
1.944171291844620752e-07
1.881046264318584470e-07
7.864516352858043149e-09
6.677456003063749379e-09
4.821590407219800562e-07
2.963294474250490265e-02
2.853431360582863729e-01
1.316312514915588677e-02
3.864217149846229261e-03
6.157679074091559381e-03
7.199153421423598077e-03
3.150114389171217253e-03
9.119061616019196511e-04
7.354002082810669942e-05
4.719609661629188492e-05
9.581174102682646857e-07
4.296335155644145260e-06
8.224628437539362335e-06
1.102909515748294907e-06
7.948897525033149114e-07
1.983618104309352315e-04
2.571593391784477434e-01
2.360724374535536074e-01
5.677106559495023676e-05
9.068319828968288672e-06
1.165696413260709251e-05
3.001193402861340871e-07
1.034625339209229765e-06
1.205442513483493695e-06
2.682898591785908682e-05
4.228406132417827229e-03
2.161395407477837750e-04
8.700830820387847256e-06
1.455612261840720934e-04
1.112199046343904620e-04
2.809407124256456414e-05
1.696089671867926437e-04
6.447211785696510544e-02
2.971284421141753146e-02
1.924873247072774038e-03
1.971996753013995421e-02
2.311283357929396973e-03
1.442398674941889388e-03
8.796735583726794519e-04
3.734955884848351905e-04
3.967609214897368543e-04
2.235713007989937554e-03
1.310615764000964056e-04
6.796443686125093855e-05
6.348277940783299180e-05
1.179026968737404663e-05
4.352083990140354166e-06
1.201468627253545054e-04
3.068871529699887177e-02
4.220486967776140852e-02
1.923055028753970476e-06
1.721528913417918550e-06
8.735268277108870042e-07
9.075539786547586059e-11
1.227050418129087261e-09
1.082116230436018667e-08
2.790317135870635764e-04
5.987105427667611668e-01
6.960592148691274739e-02
4.785634949119498688e-03
1.607870050094801096e-03
1.958718232034015617e-03
2.135923946860392251e-03
5.938717993668099883e-04
8.679702387647024800e-05
6.522551594485117351e-06
3.537998458166481535e-07
2.425234249659418246e-07
6.291502995200157262e-07
8.831546577209022463e-08
2.116165859242406605e-08
1.026594795107787814e-06
1.892640237315670187e-02
5.783161175228624939e-01
8.291241044279173619e-04
2.997900997252384036e-04
1.429223772153094584e-03
2.494020345508768735e-03
9.383668252387546583e-04
1.524405173304435633e-04
1.828522080241612753e-06
9.712943647218978259e-05
6.048125612730374387e-06
2.029345955868126901e-08
7.210382795565710366e-08
2.040276841339409535e-08
7.292940622457282405e-09
8.423665673119540083e-07
1.136644470830850719e-02
