9.999999999999973355e-01
6.318763208005290233e-01
5.867521588980626479e-01
9.821706829084809742e-01
5.469550174845905915e-02
4.635072882300249871e-06
9.841552979131096227e-08
1.110909619657625667e-06
1.191750877010950282e-08
5.070087057198338798e-10
6.119910018198886491e-09
3.298699134759938478e-07
9.558549644634135588e-08
3.308380872456362994e-05
9.765597695173822146e-03
2.843433693075662627e-01
3.511331934044282371e-02
2.180456581471648322e-02
9.206430004402059442e-02
1.645911114641000761e-01
2.506548301785233024e-02
8.859932520412147627e-02
1.084749585330068433e-01
2.082259479724787865e-01
1.247309363862629875e-02
4.666729116645306798e-03
3.106411534883570056e-03
1.676043365392318506e-03
7.301898572033630993e-04
5.198163223948939690e-04
8.966779739524229098e-05
5.041142437579079066e-04
2.465476734850058013e-02
2.189836056871150016e-02
6.836025311696049961e-04
1.120781230735500288e-04
6.368304282121161697e-04
1.071503635066894814e-03
3.054483159894592122e-03
2.058546713852561338e-03
2.937357806685633472e-03
8.088206849561818679e-01
1.283531964857596852e-01
1.680171349261482330e-02
5.126914149369550359e-03
1.234587555501300872e-02
7.045512551543032902e-03
2.749702176339987453e-03
1.325164272986431189e-03
1.482597709304705460e-03
4.482201647742896089e-01
3.464139157125032537e-02
5.017237806291527163e-04
2.556585068779533175e-04
3.345101017648937605e-04
1.356045055333270685e-03
1.420198464538883825e-03
1.393843524343578400e-03
6.672901911443018461e-04
4.634920317994156158e-01
2.118022709908465584e-01
8.795140603902851890e-04
1.196802762256992346e-04
2.368273322630336025e-04
8.584836522257031878e-04
9.082492458066703241e-06
7.405091430093085410e-07
1.795510150096895252e-04
3.419440077327782768e-01
1.719906634989778749e-01
2.667561565317944625e-04
2.500062520469112197e-04
1.641742586255662522e-04
2.659701001048534190e-04
5.761627987441180106e-04
3.838719578826193450e-04
2.945326480125120498e-03
2.999869420084739016e-02
8.105277648365345061e-03
2.291700813979822025e-05
1.457415342854282228e-04
4.798926753369343163e-04
2.447345452619148617e-05
9.791542938417639639e-07
1.047499347719256323e-06
3.783553469517904637e-04
2.224607943843743274e-01
1.418424632490954684e-01
2.957280447738172991e-03
6.453635369598813244e-04
2.639741685946635024e-04
2.046197465347983759e-04
1.724119216422061022e-04
1.154547901793923325e-04
1.384317250656575554e-04
2.003226151526902102e-02
4.745285274342890269e-01
5.061770524019396610e-03
2.110605530226783693e-03
1.635101204682644664e-03
1.800132198525686853e-03
1.198821331934867484e-03
1.405465142168525272e-03
1.677620011795720326e-03
4.628241499636824054e-03
3.813572650555011739e-02
9.237588148934215411e-05
5.656048592061741729e-05
3.535821423960367653e-04
1.723964064045508076e-04
2.684295941822931328e-06
5.219908275306199648e-08
1.669506513928996384e-06
2.384690588053068987e-03
5.907607992291865479e-02
5.111963991120796295e-03
2.239601656489582666e-03
4.206828576305306341e-04
3.812577996999417097e-04
1.338030647745862625e-03
3.243016317377374690e-06
6.875328750328801622e-06
1.480089106359662205e-04
1.241045483387577392e-01
6.982583232724512423e-02
1.299730903158746731e-02
1.667186917581367153e-02
1.167297506019807606e-02
2.160667069972003335e-02
2.030925371017907807e-02
1.804959194449124588e-02
1.052661368736911018e-02
3.227873064704832665e-03
5.911523767996901442e-04
7.695277740629471151e-05
3.910231456841512117e-04
4.895713097568183455e-04
3.104933521325759025e-05
1.274926960623474938e-06
2.812864781499243160e-06
1.625277433075102531e-03
4.570396406261929001e-01
2.780660004605840438e-02
6.236589656288902411e-05
3.932956376312987585e-06
3.868555898867387582e-06
5.231921146285821198e-06
3.861549341264154369e-05
3.956775460409167193e-05
1.654976203933979139e-04
1.363040662019470439e-01
1.744643367263460088e-01
4.991529191267176551e-04
7.488267134391388882e-06
1.096922763095990137e-05
1.926861176995587358e-05
3.538874296830290967e-08
4.170398810195205882e-08
2.325808469113570122e-06
3.025690989512117360e-02
2.350637535736072037e-01
2.803112753061688927e-03
5.887107292794949268e-05
8.965380804911532805e-06
3.097236351207195281e-05
2.951587793787943670e-04
7.551411455743874774e-04
1.382178933236245409e-03
2.495944898591588666e-03
5.440263524895633251e-02
2.558107413956368101e-04
7.173157295500174290e-05
1.063680424152913266e-04
5.309278037047460089e-06
9.042507156937641754e-08
2.931893092672874305e-09
9.619577362226503250e-08
3.141765849647614665e-04
1.013503967515666689e-02
4.848450563929865287e-03
5.202002657962815366e-04
2.113551247031401870e-04
1.190277736501709692e-04
4.362403594396417443e-04
2.846557671756031870e-03
1.162773272994423917e-03
1.053348712092730226e-03
1.513571690977032758e-01
3.295522347498019457e-03
6.714889605266940228e-05
1.991962777950609362e-05
4.195746167741542391e-07
6.367571310685899827e-10
2.300396915718604288e-07
9.516087110218354161e-07
2.787929973623769368e-07
2.635956383055780301e-04
1.796980273372301084e-04
3.039266924267494457e-04
2.661950536175448608e-04
1.545081426133564323e-04
6.173779441320178000e-04
3.576788540721145446e-05
2.306477108886744809e-04
3.057816560468711980e-05
8.938101744378806261e-05
3.825310215250236207e-03
2.837693699407048756e-02
2.005637083909844395e-02
7.692789563632965177e-03
1.587382207072594994e-04
7.652537251494528816e-04
4.911104873282215975e-03
1.696062404126144792e-03
1.325164828772232902e-03
1.775266965754349058e-01
1.070125074520776043e-01
1.067456535173471471e-02
1.142137506908274744e-02
1.349357913527853003e-02
5.369764616396152830e-03
6.530606450994816577e-03
2.453931557574186989e-02
6.350544367731564277e-01
1.718171563985548822e-01
2.099597008427109626e-03
1.888542666070156981e-04
1.339761660549153755e-04
3.864862745946982836e-04
1.428849430640330030e-05
3.498164855076596674e-06
2.174564697234102599e-05
2.489924005741488838e-02
4.450649699135008075e-01
1.431684155638138570e-03
5.288356683995306979e-05
1.130362210241967306e-05
7.081669854028477349e-05
4.740653378218544971e-04
9.567208296346989271e-04
1.767895670121186853e-03
4.458366207048212841e-03
2.919325195365636560e-02
1.061973850890711994e-04
7.507578043351311142e-05
3.632376351576772455e-04
1.806443342805526611e-04
5.479858049483677424e-06
5.695167392402008188e-07
1.504089942429394572e-05
2.329567915672234313e-02
4.812765098498592575e-01
1.306684028337598991e-03
5.378929688817991136e-06
7.710564575398847756e-06
2.175614820911805926e-06
1.103608326728322967e-05
1.536194214708246452e-05
8.910940684337014038e-05
2.362038436383432759e-03
7.456248938047644881e-01
4.922379846077954563e-02
3.235438566839241871e-04
1.297667782232631691e-05
1.115368555527705500e-05
1.036012262150618427e-05
3.650186706225650490e-07
1.298465436349610183e-08
7.644991911577434700e-06
1.746080208038842951e-02
4.463418338391424503e-03
7.602210462308488237e-03
3.858243707555485472e-04
1.386711233515042913e-03
5.309325896986978773e-03
1.029431409003831940e-02
8.741564257631491072e-03
7.893843327544166483e-03
9.025776612958015185e-03
6.052364008805422718e-03
5.589331589305846453e-05
4.639653912292171479e-04
3.720739722659266229e-04
2.560925076869938991e-05
8.119874943224837292e-07
7.800103937613787033e-07
2.878422894792627851e-04
1.359548685083067643e-01
5.067368149803697097e-02
4.338029091546502774e-04
1.014561835088032774e-03
8.569232834927079275e-05
9.420282508210749833e-05
1.276243517861752326e-04
1.035229344189343616e-04
2.461830917263179179e-04
3.349675041302269118e-02
1.934329880344021202e-01
8.437727908512605759e-04
2.954305867959441197e-05
4.579785561878737921e-07
2.420940455150848975e-09
4.593081047370172335e-09
3.078348097355023813e-06
2.226897047448585893e-06
9.334684642431050733e-05
2.870254274448391651e-02
8.131455942360048261e-02
1.429329403875883864e-01
1.619441634932884955e-01
8.457676316084562773e-02
1.551071754971117093e-02
2.599368951688287108e-03
1.400187556837758501e-02
4.566386700038287394e-01
5.506498173755094427e-01
2.088786986880840531e-03
5.935276433545577426e-07
3.673351510781003684e-06
1.489912153859850521e-06
1.067927349803699721e-07
1.163848188377212869e-08
6.000236852876231089e-08
2.225563859175995821e-04
2.356372713984820344e-01
1.191282564432020671e-02
4.173970342220693561e-03
2.077922418672935138e-03
8.749652920372485597e-04
8.695167105297190195e-04
1.990054338928431976e-03
1.855930820806515631e-03
3.944050213515367005e-03
3.351701687223550968e-02
2.579192437736429339e-02
2.482422419159127842e-04
2.521832897659607997e-04
2.838846125442234954e-04
1.941661700751683083e-05
4.443136347397781810e-07
4.272880084794384725e-07
6.502671787954845484e-04
2.626637577509887689e-01
2.791611161285932272e-02
2.644506356513346459e-05
9.983234694055070953e-06
5.407694794327285356e-06
6.018007847658476642e-06
3.797886070582072405e-05
5.584176809962085311e-06
3.792708416439597133e-06
1.261359175140381803e-02
2.182246968065388593e-01
3.349050112617555502e-02
1.236352822454261620e-03
1.297513464877168257e-04
1.627873870821253816e-03
8.624566461630891676e-03
1.006303580347367964e-02
1.251612206050561546e-02
9.728003231593061392e-03
6.668958768854026456e-03
4.077671745035533454e-05
2.096783507598282267e-04
7.102017217358393185e-04
1.129800108931562695e-04
2.580239090600952098e-06
5.946226613705478288e-07
6.297352314100796572e-05
6.074396346228822657e-02
1.179085603425494844e-01
7.046185229070808711e-04
3.400060658431437190e-04
1.955917392719870021e-04
5.814767259515697597e-05
1.068779673002359361e-04
1.962070984400805164e-05
2.324272712028699377e-05
1.609672033512110981e-02
8.480824505853604700e-01
1.835253525362471119e-02
8.818276672194002392e-05
1.926212175626460581e-05
4.039503977093746089e-05
8.756696810665691704e-04
3.321573355319342390e-04
5.233648991074889940e-04
8.019975055492387095e-03
8.792278114336761208e-01
3.239262823200140390e-02
1.251694154720277849e-03
3.719464293846177117e-04
1.841889969060622907e-04
1.130821485991993983e-05
1.537025363058558582e-05
1.063798350928149726e-06
1.067062233772395074e-04
3.101456909895243530e-02
1.911425549991270165e-02
5.507183497151936502e-03
7.044266177554725028e-04
1.409099044109905861e-03
7.494611819129706753e-03
8.430261415011314902e-03
7.137743332967046508e-03
3.575876973959377092e-03
7.954320919126846648e-03
4.328819327573685434e-03
3.514470873076542819e-05
9.173458609619766996e-04
9.307120155929307984e-04
6.631822055389276010e-05
1.098688549294094952e-06
2.397085356632657929e-06
6.003173934687657670e-04
8.373546064925029009e-02
3.129351226268503334e-03
2.740256771491090138e-03
5.400236363071854798e-04
1.682540668018368542e-05
1.144014499959563008e-04
1.924501039902871749e-05
8.538480047957323210e-06
7.144156798549353509e-07
1.614478113576503157e-03
6.616020425273630434e-02
3.273500012689623678e-02
2.308918821881134759e-02
4.074752649036592067e-02
1.192511568335512667e-01
1.353657433212347438e-01
5.676541170677686793e-02
7.216596953749208898e-02
2.236011957015298854e-02
1.188175839970299907e-02
2.362703075682658722e-04
5.073097985420904101e-03
8.549063298015472517e-03
2.753762334472237110e-03
1.457736867771082208e-04
1.943520013779306661e-05
7.277729861201731598e-04
2.083263118932409952e-01
5.324795823576181641e-01
3.339969504247122713e-04
2.367159908641061440e-05
1.169590879668529989e-05
2.956993496463607154e-05
6.285573706828992717e-05
8.644282517552888281e-05
2.705989573796671209e-04
3.923262974821457340e-03
2.822985347081485297e-01
4.772506976557446164e-03
6.355442540649092599e-05
7.862790305331297336e-05
3.730708743403885738e-05
1.385673026583529585e-06
9.933671672695344608e-07
9.898196080504126608e-07
5.470502368748388512e-04
5.295343527102001208e-02
1.299901925378777953e-02
5.442255398178842685e-02
1.137242816560928710e-02
1.244715920396752447e-02
3.831779353371512348e-02
2.212177505656029441e-02
3.795006278440332496e-03
3.868678580528939551e-03
1.033312576356146817e-01
3.519431937028555391e-01
1.258239461001479410e-02
6.679976452067932363e-03
5.704374218057273530e-03
4.120156589758582066e-03
2.959701896862131348e-03
1.192275030542367699e-03
3.526348397376013501e-03
2.348152944496984806e-01
3.642746374000100928e-01
1.481744352528640944e-03
4.086521993105780245e-06
1.479701212694651030e-05
2.724805315574657075e-04
7.833940757667664243e-04
8.661400591885242512e-04
4.087407184314232646e-03
7.240018204013930203e-02
4.110168652655746963e-02
2.807061138834123903e-04
1.238205164712167802e-05
3.114097515826394941e-05
1.646750250481823475e-06
1.743958296526343898e-08
2.153029900838372291e-09
8.984176624209222862e-07
6.853269715770847264e-04
1.322546113225906914e-02
3.627497030096308618e-03
2.477440813832608533e-04
8.074100883883226446e-04
2.027918358957236846e-03
2.254106601266520592e-03
9.380752899665694387e-04
2.068136981652964577e-03
8.982808080215010094e-03
7.994757400173369000e-01
4.216998316597494328e-02
4.261043650920807654e-03
1.428403255859906360e-03
3.066623828299694550e-03
2.783224897786326559e-03
7.593042550378178296e-04
3.525639544850298675e-03
1.137712617936004374e-02
8.424976578899917579e-01
1.052809416654082800e-02
1.860686581320956229e-04
3.065599023670166834e-05
3.037537022074258503e-05
1.051227413237871205e-04
2.374759097356094581e-07
1.213427734091933058e-06
8.302108779448096878e-04
5.743200018098688631e-01
3.634121342094252805e-02
7.806409728248980915e-04
5.663802588733069952e-05
1.412180687645694531e-04
3.647233480157882363e-04
1.120972855351848324e-04
1.891513372002422892e-04
7.826798439379479460e-04
3.624961997833370808e-01
5.869323400266635016e-02
3.575526762601250147e-04
4.659089829047051760e-05
1.104125913918668327e-04
2.440696123399712945e-05
9.995354752481552020e-07
2.103574312949766140e-07
1.947896002949952321e-05
2.709395993954371099e-02
6.660867720465096786e-02
1.577755235576774092e-04
3.543608961566246316e-05
1.236773248618990445e-05
7.928985913109065674e-05
9.131503408610068973e-04
1.230472755169692220e-03
2.551858333083309362e-03
1.420824658038944387e-02
2.307454310957728766e-02
1.156914836278919530e-04
1.276121569237802580e-03
1.805007390371376032e-03
5.790572538279013879e-05
7.936067495492184227e-07
1.592370507919128683e-07
1.003419488003181928e-05
8.319196555279862945e-03
1.095700858199664778e-02
4.523565231060165150e-03
4.616467098475716914e-04
1.264267994487153560e-04
1.606052723897229172e-04
1.915245095183514923e-04
1.259023596939462877e-04
1.908315156808486931e-04
1.129414901280162246e-02
9.825760242597100236e-01
3.686311366995945887e-02
6.048805288051037864e-04
1.705130315375459973e-04
8.062503130035159017e-04
6.137074392586576433e-05
2.126825231846646600e-07
2.347235038713662732e-07
5.944346831035838110e-04
2.341602583601437582e-01
1.113222556382693906e-01
8.692393751501676508e-03
7.109143983099294739e-03
4.023713381370737883e-03
1.703500857238878993e-02
1.348408335619605616e-02
1.032465272162716961e-02
1.360853165322422655e-02
2.162047953689457541e-02
3.096575152910355558e-04
7.774607361323440191e-05
5.607002868367140166e-04
5.687407621355333731e-04
2.178494038425858852e-05
2.040076293405440831e-06
1.031437233051477081e-05
8.959997295330689518e-03
3.240622403324270873e-01
4.523031878599247449e-03
3.073029464056675184e-05
6.537615115593018540e-06
7.045204326385093078e-06
7.141500778269211854e-06
1.487964299088712990e-05
1.233948787874538523e-05
5.925461753744622412e-04
3.695350710221978474e-01
2.414790285121912183e-01
5.832437654538455982e-04
2.917424119694010160e-05
3.405196734916470923e-05
7.133722285988824312e-05
4.451457446232521447e-04
6.398415901720692434e-04
5.727671308162462713e-03
4.676201284822259496e-02
8.879639169330872175e-03
1.473395582554969139e-05
1.656517956768951226e-05
3.312588704242480918e-05
2.181404895177719007e-06
1.034944808473562435e-07
5.241456981566228276e-08
3.640571043595058198e-05
2.184561974422320751e-02
6.939048659321286894e-02
1.910049847616129490e-02
6.097209879498030095e-03
1.012506483642728770e-03
9.825030941010364470e-04
1.854344180536060885e-03
3.378034217168970443e-04
1.749824516061548830e-04
2.128266035145388868e-02
5.585452375801958080e-01
1.980983184156628191e-02
1.425878563792536309e-03
7.198907323890948399e-04
2.806034000835617818e-03
5.954431498837483086e-03
2.839095773944567969e-03
6.514333832153328639e-03
1.777715636114409956e-02
3.434872817922524080e-01
3.117687204684683761e-03
1.275159074790349661e-05
7.886539964582102560e-06
1.338194806491119698e-05
1.280249417759267677e-04
2.840957827708147498e-05
1.061148629317132760e-04
6.200107397641628666e-03
8.280104791861545577e-01
6.520713435517404288e-03
2.128091105847730976e-05
1.247679620790796175e-05
2.114615805931450808e-05
4.689411238238149083e-06
1.312697337623811096e-05
6.704093257451874610e-06
3.515160155231282068e-03
5.705811407640923871e-01
2.793592040490271503e-02
3.102625176509924429e-04
2.348660565879313053e-04
2.942611785218490305e-04
3.734660079318981177e-04
7.177380999818689126e-04
7.257511871451971909e-04
9.302529306018724820e-04
3.095823781416622844e-01
2.020167679689363269e-02
7.184198529985687861e-04
4.677418961861797703e-05
1.728180144490608556e-05
5.368847674372995289e-06
2.065771981713378124e-07
3.933337573385948153e-08
1.533974027907147175e-05
9.622189402923928339e-03
9.652281801233028244e-03
7.554365981266235970e-04
2.851333340977442845e-04
4.022392916394203997e-05
1.546305090916879699e-04
2.606458755694325991e-04
1.723346646262386437e-03
4.454083597340818801e-04
1.077655122007873528e-01
2.548098683319815483e-01
3.367825883408442824e-03
1.361173689305639667e-04
7.203989439747220081e-05
1.298168138572233592e-04
1.558085638115008814e-06
4.466156976447227473e-07
1.869788786911552988e-06
1.673529872190196791e-02
1.239150960957624559e-01
2.046284439334893415e-02
2.528334290079488345e-03
9.589468374934705325e-04
1.813213142116151680e-03
8.184052342089336712e-03
1.119387109324961093e-03
4.194698785787790156e-04
1.479226113454548512e-02
9.879197966438737488e-01
4.265947934250614859e-02
2.954803782020156951e-04
1.214090236818504421e-04
4.146979431860486356e-04
2.403943766915792718e-04
8.015462376698363901e-07
5.182348613935668564e-06
2.347469573544379989e-03
6.934706162342547664e-01
1.973043209284823865e-02
2.696649198367302475e-04
2.836015027350636186e-04
4.968562237383092122e-05
3.422139492245505898e-04
2.727094416292483018e-04
7.793392223721297570e-05
3.181170488435997902e-03
6.047321916860205482e-01
3.038283875184821445e-02
4.664983448493478671e-05
3.730138818725703176e-05
2.622282466484794224e-05
1.295667994200254696e-04
2.132166061873571885e-06
4.350657268338378768e-06
2.076553985334471213e-03
8.166902951514689590e-01
1.152198654910899234e-01
1.546051558762385537e-04
3.563128844441369651e-06
7.426648900517824387e-06
1.281352849986690115e-04
1.741753378565257763e-06
2.173464458540799296e-08
3.871664660202750727e-06
1.669015363160001805e-02
5.609149190766857945e-02
1.129836100618456006e-03
4.178081514485342506e-04
4.533032538384293951e-04
1.498694122434109360e-03
3.903772974058211491e-03
3.261740838820731576e-03
1.478020821200305051e-03
2.758169742406218084e-03
4.815248579141313302e-03
5.113172421766197788e-05
4.477902889281405751e-04
3.777628216965497432e-04
5.084544588058366736e-05
9.178129171585719572e-07
1.722924724709068918e-07
4.098849310588440034e-05
3.679209568528575558e-02
1.609251175004617479e-02
7.177721805720697597e-04
6.169679617285216122e-05
4.930587807937092230e-05
8.489579125430837781e-05
1.617050403227145660e-04
9.766178184164017173e-06
8.532762280893744350e-05
1.694694335749387729e-02
4.941169946030735116e-01
7.142704661506688035e-02
3.147012899082460291e-02
8.423212197301048129e-03
1.036256872252159025e-02
1.282687195068636828e-02
1.084897732056949206e-02
3.657623103379940930e-03
1.380818439291009621e-02
6.335585635556212347e-02
9.452260319008462964e-04
7.207070231067050359e-04
2.710257457868680674e-04
1.006500801523395252e-04
3.711400571543527285e-06
1.572916080451307095e-06
8.467472354502492252e-06
1.684916746755047920e-02
4.330051458164455025e-01
1.854484839257983632e-03
1.084342955772430357e-05
1.663175789269758360e-06
2.736585160555378475e-06
2.285517978548890232e-05
1.286809645063534176e-05
7.783064012758323578e-06
1.502614047029751177e-03
5.989793106698454439e-01
8.243284570058523331e-02
1.033324398153449536e-05
4.824415665226561636e-05
3.502533213140316109e-05
1.636961527224244292e-07
1.231777056137763309e-08
3.685705738817681107e-09
9.165225142201036362e-06
1.639241698135085468e-02
1.770496761667638558e-02
2.264457903056973052e-03
6.094168768608670050e-04
1.408017394739699600e-03
1.582026808535859624e-03
6.649235883410829599e-03
4.218700951869043363e-03
5.165919275838914797e-03
1.276442945898094705e-01
5.940671817144064226e-01
6.373421789362745948e-03
4.933047499662773045e-04
3.092301363089908065e-04
3.172008363777437676e-04
2.754703091572072680e-03
9.821490807230108815e-05
1.067897325336085028e-04
9.376817158621283954e-02
6.255235348892038694e-01
8.116324683124839096e-03
7.933264555308665138e-04
7.257489150295272102e-04
1.172949810820550411e-03
1.698507492558965328e-03
1.465611048113698916e-03
1.356515639871299153e-03
6.801950783386315202e-03
2.115282397245281040e-02
3.973626109720039274e-05
1.215651248749901421e-04
2.796042529383904762e-04
6.477692122979301556e-05
1.412917091098344030e-06
2.385902312263273741e-07
1.427749745844202582e-05
2.415107186610736950e-02
9.640873136677872990e-02
3.058930960515905705e-04
7.551520231389195553e-05
2.288602941476904589e-05
3.370042619607062205e-05
3.293700797363392532e-06
1.832028057537667948e-07
1.758461263907673532e-07
2.233167427576733049e-06
9.513213170194359655e-04
9.080218482891953130e-03
1.548386682610555266e-02
1.148214513071302706e-01
1.560943925640597973e-01
1.812429583451177773e-01
1.353145510440878496e-01
9.780937676183092122e-02
4.856549943228707748e-03
1.912615899945547442e-03
7.144530429319651509e-04
6.190759804664231836e-04
3.388235635620155759e-03
2.745100137018263806e-03
2.323605389633624969e-04
9.963802484552786740e-06
3.521527401910418131e-05
1.308691139009652074e-02
6.436530798247636076e-01
2.910400176498513774e-03
3.151241238633504290e-06
2.491889114494240254e-07
3.148652052486106650e-07
4.525360602549493915e-06
1.510825082873682811e-07
1.317389548642261853e-07
6.558397788929208471e-06
5.721758945322083512e-02
1.870232743780851081e-01
2.265609532574498850e-03
1.036559455029577434e-03
1.397000241419254617e-03
2.756163578784261246e-03
2.075827715507511453e-03
2.410930729641473907e-03
4.773927006357506393e-03
4.151090490428982656e-03
7.760671509623679430e-03
1.831114986372024063e-05
3.093711647998803019e-04
5.038612955078664198e-04
2.856030724875276410e-05
3.798960963309648165e-07
2.131603229618451541e-07
2.211476184994293952e-05
1.491330881647723924e-03
1.734674758101743472e-02
6.435595859097340693e-04
1.929405275511852648e-05
6.779681563628011363e-05
3.394853559832177229e-04
2.755197157312880415e-04
1.303410099670802933e-04
3.535168280650178862e-06
3.803629969082732241e-03
7.930041569748895736e-01
3.005994909874245072e-02
1.638131047503641564e-04
1.302434619019788437e-04
7.476448121150778767e-04
2.713534564853445786e-03
3.228090397040065188e-03
9.712536167909603126e-05
9.070280721520452769e-03
9.156900968951398045e-01
3.088590073991585860e-02
3.797486496276396696e-04
5.438125692515239740e-05
3.296630590520613683e-04
1.240641589301577381e-03
6.899078154635809043e-04
1.629004336145940379e-03
2.750512062747158953e-02
7.203698070097398765e-02
9.315713576105532192e-04
8.696991504395513149e-06
1.124449125507283651e-04
5.242659598482633939e-05
1.490329749341536993e-06
1.730517739056655974e-08
7.588424491171099819e-08
7.794975844850074930e-05
1.919923137563853133e-02
1.714063638875186956e-03
4.804057302387282563e-04
2.643392861293640192e-03
1.395714625475402313e-03
1.035317211189166857e-03
3.054412674160562283e-03
1.220612425549790327e-03
1.793967223336876435e-04
2.459811741483171679e-02
3.394465418613629160e-01
1.166209336270003158e-02
3.734779406881501285e-03
2.109140543404732903e-03
7.793468824037450698e-03
1.178146600901730338e-02
9.613839698102692732e-03
8.875320363704032947e-03
8.555701173363974843e-03
3.741582091849148754e-03
3.153025163850164638e-05
9.490580278493828401e-05
1.993877770553821778e-04
1.791544399194004949e-05
3.483919001107186097e-07
3.153033284984920447e-07
9.115067502707161298e-05
7.372428052103116580e-02
4.131424942375895581e-02
1.700190075820717567e-04
1.131959246063897897e-05
2.791576999829994224e-06
8.305016910787570213e-06
3.109558759263750320e-05
2.320332344733026182e-06
1.295408173693266842e-06
9.386010928924892055e-03
9.611166477269246222e-01
1.295344037093093884e-02
1.216728744622089529e-04
4.578079225575910335e-05
1.730158118401917480e-04
2.879782047909476951e-04
5.825116341244640457e-05
6.269855044372288633e-06
1.205739610369116303e-02
9.256173879353816192e-01
2.480670709409233191e-02
5.288945038323082529e-04
9.721271738032192513e-05
4.294974937526675339e-04
1.866222251215575532e-03
1.305942302691121991e-03
2.362100096397997014e-03
8.240938726379315807e-03
1.049381275826538340e-01
1.613232528209864554e-03
1.381751683256308972e-04
5.512600728510599598e-04
2.277396513748425420e-04
4.559356234769089163e-06
3.098683232011809785e-07
2.207746419264774015e-06
8.759467130153503808e-04
