7.620961961506379134e-15
1.120072033818706903e+00
1.283479882386309612e+00
1.365662042559426803e+00
1.418275943430326258e+00
1.465160980163777493e+00
1.719443364153615983e+00
2.247685058938988067e+00
2.417214988923329422e+00
2.384962762307545781e+00
2.330818073458446715e+00
2.272235259214927527e+00
2.211289300268035163e+00
2.149144860123494372e+00
2.086798152205026291e+00
2.025222252842317605e+00
1.966004515951729203e+00
1.912867271065199937e+00
1.888960788866410390e+00
1.948986483493924782e+00
2.058821839138123888e+00
2.117447468035672742e+00
2.106475100817871926e+00
2.055234743630513172e+00
1.987016024087315369e+00
1.913638910188785625e+00
1.840960210507480932e+00
1.772276069064208759e+00
1.710051437822979192e+00
1.657255800395057488e+00
1.617906273319758448e+00
1.595197751083316851e+00
1.587993720644095941e+00
1.590547708477330735e+00
1.595580645495059402e+00
1.596647613731181803e+00
1.589206528360504134e+00
1.571097438110424349e+00
1.542505898929307229e+00
1.505210228126506733e+00
1.461669320177554576e+00
1.414827717651774286e+00
1.368421373879238123e+00
1.327433434972241422e+00
1.298494658116949418e+00
1.288848634762248091e+00
1.301561697111706550e+00
1.329092103466475994e+00
1.354970411339044167e+00
1.365303864149543411e+00
1.356306932928902143e+00
1.331922312438009959e+00
1.298853407502453372e+00
1.264131263097471036e+00
1.234629349946087862e+00
1.216422751639964606e+00
1.212746688329999767e+00
1.221511244629982951e+00
1.235197124519860745e+00
1.244781081066206552e+00
1.244901424105527399e+00
1.235650490476674968e+00
1.220971175105285189e+00
1.206522335381715383e+00
1.197842604995845939e+00
1.197992696972238091e+00
1.205261211318465087e+00
1.213618060423644396e+00
1.216505842800477577e+00
1.210564004671538241e+00
1.196539096619274600e+00
1.178147228510242561e+00
1.160811504536035432e+00
1.150694064051553278e+00
1.152884429234728003e+00
1.168008709766856779e+00
1.189831043725739335e+00
1.208050021455910894e+00
1.214730642634252789e+00
1.207968602911184908e+00
1.190851744982295957e+00
1.168974883652152741e+00
1.148973638251489460e+00
1.137645761955472068e+00
1.139961586782432423e+00
1.155634274948811324e+00
1.177508333181781941e+00
1.195252517451824481e+00
1.201648475398781279e+00
1.195518096776989392e+00
1.180344088141734415e+00
1.161913221084961645e+00
1.146867740959251591e+00
1.141337526574710992e+00
1.148304726638853968e+00
1.164792360900675172e+00
1.182572611130342066e+00
1.193146628100190343e+00
1.192414469270512534e+00
1.181441917371680583e+00
1.164644866189842531e+00
1.148064229030717254e+00
1.138202660271236510e+00
1.140112881589946614e+00
1.154158882577305256e+00
1.174197786208381222e+00
1.190677278857816823e+00
1.196525969409468981e+00
1.190243540606897188e+00
1.174907157382141465e+00
1.156003946786950953e+00
1.140070830281662229e+00
1.133539195481168882e+00
1.140269442650081233e+00
1.158236924392475498e+00
1.179204773721131527e+00
1.193528809394638790e+00
1.195791324318067783e+00
1.186327506179306157e+00
1.169351709033379150e+00
1.150908297344293452e+00
1.137694549343150285e+00
1.135542499367114155e+00
1.146430006471664154e+00
1.165861670776362491e+00
1.184569875579049025e+00
1.194221672649832033e+00
1.191691989348497405e+00
1.179001668182048101e+00
1.161159902346849071e+00
1.144516725745786889e+00
1.135624533592910268e+00
1.139128768662499347e+00
1.154486869717066710e+00
1.174736989190087177e+00
1.190296234126124730e+00
1.194760044969197521e+00
1.187362489091635442e+00
1.171626803526119254e+00
1.153253560685872925e+00
1.138839195761899736e+00
1.134550737151953870e+00
1.143386036339826495e+00
1.162124418085010769e+00
1.181972861800997254e+00
1.193898646723530854e+00
1.193637983923073520e+00
1.182395681471787974e+00
1.164791495076164640e+00
1.147022161812622398e+00
1.135752473948383745e+00
1.136344438259093481e+00
1.149656494230764769e+00
1.169946365052680681e+00
1.187588630512379950e+00
1.195012591912817612e+00
1.190200076160090381e+00
1.175937655853528163e+00
1.157605259546968579e+00
1.141702834029482805e+00
1.134671102780591134e+00
1.140506043327571994e+00
1.157502690605913820e+00
1.177796473027785229e+00
1.191920850292009559e+00
1.194368084518690365e+00
1.185268410363016223e+00
1.168665549956011684e+00
1.150500695525248807e+00
1.137424373272673872e+00
1.135291879060033038e+00
1.146185494791677417e+00
1.165720903695159461e+00
1.184638127885905945e+00
1.194510374028448840e+00
1.192109420974591272e+00
1.179398722871057625e+00
1.161365221222337762e+00
1.144355370168123498e+00
1.134966374300016012e+00
1.138002317507546879e+00
1.153177591601407315e+00
1.173694028474185247e+00
1.189867890104069126e+00
1.195021751417015832e+00
1.188156738933239254e+00
1.172683571460930940e+00
1.154265098844981630e+00
1.139494511519572262e+00
1.134603448679758264e+00
1.142791896798556639e+00
1.161135907539783130e+00
1.181022879432661155e+00
1.193340858500332669e+00
1.193593413652659363e+00
1.182782730034004803e+00
1.165417298468014451e+00
1.147642475066796175e+00
1.136116741942419850e+00
1.136284481278055036e+00
