5.348734928088240137e-01
-3.305326223922305795e-01
1.791533688331885532e-01
2.395458036601651464e-01
-9.769641664237810330e-02
1.643131040870960402e-01
2.684437910162731367e-01
-1.170177035236683039e-01
1.496690239278342938e-01
2.803043291057056852e-01
-1.273228121500177001e-01
1.391030169254496296e-01
2.865007863936632204e-01
-1.340299643346793967e-01
1.320937455255328241e-01
2.887860106807275673e-01
-1.373807124485559861e-01
1.274296054992878069e-01
2.912448480522817351e-01
-1.401714555058008460e-01
1.242567030321545668e-01
2.920671577082429859e-01
-1.418740923039693291e-01
1.219806628462998255e-01
2.922761067438742200e-01
-1.426785326318442126e-01
1.205709783046378242e-01
2.925851639058336673e-01
-1.432402342191575195e-01
1.197063771507509561e-01
2.921806347572383222e-01
-1.432324131273562395e-01
1.193034731791014491e-01
2.922829058493252030e-01
-1.436920317384234036e-01
1.187867205071254650e-01
2.919885994733778523e-01
-1.435496103701130455e-01
1.285023574138338398e-01
2.826282919796481163e-01
-1.347163015768151062e-01
1.273144931704522087e-01
2.908870452024246989e-01
-1.399568613557172769e-01
1.240269952930854874e-01
2.913918856822038661e-01
-1.415024331117323286e-01
1.220847413823543948e-01
2.917366567434984681e-01
-1.422705970692376698e-01
1.208048069323310186e-01
2.924187870062220918e-01
-1.430348591754316834e-01
1.199428391740987310e-01
2.919736331550465414e-01
-1.432403526993686338e-01
1.192205948818855499e-01
2.917413844050821270e-01
-1.432923112351002504e-01
1.190540014047437034e-01
2.918524329260646644e-01
-1.433278086803181917e-01
1.189027958212219988e-01
2.925781766582895571e-01
-1.437477498395743902e-01
1.399865370181007651e-01
2.676520834294608964e-01
-1.226226898695809142e-01
1.381635491396992765e-01
2.864380520569036470e-01
-1.342185194635134304e-01
1.314776361915505065e-01
2.900716374796640240e-01
-1.382796738721920049e-01
1.269005508334323240e-01
2.909487643317233418e-01
-1.401431056124286256e-01
1.239297059368561493e-01
2.912454210405358013e-01
-1.415330083809083761e-01
1.219101869439385144e-01
2.916108785801536096e-01
-1.422573530985250800e-01
1.207857747974407231e-01
2.915192089997656333e-01
-1.425075395065763806e-01
1.200135753548953604e-01
2.922605759875012144e-01
-1.431321796770304022e-01
1.192198471341471000e-01
2.926004903295229553e-01
-1.438335764862185284e-01
1.187296809171225070e-01
2.924971634277465649e-01
-1.438369981569340705e-01
1.414207141550548052e-01
2.660289077578414374e-01
-1.210906308653410812e-01
1.394545374960164952e-01
2.858415851553730014e-01
-1.335652282280603009e-01
1.323756482210171337e-01
2.896265515213866659e-01
-1.378319376339974256e-01
1.275034780194480299e-01
2.913008323316012560e-01
-1.402492594525893976e-01
1.241597627794233522e-01
2.920023808396416398e-01
-1.416744555470476619e-01
1.220679913336160383e-01
2.920851527293513716e-01
-1.426672832051220918e-01
1.205151882145923670e-01
2.925067645023642360e-01
-1.432753809711433401e-01
1.196603894701603055e-01
2.921035041466502613e-01
-1.432493021168495806e-01
1.192949461361922647e-01
2.927354024314660630e-01
-1.436995479259689512e-01
1.250058207470649552e-01
2.862822673325646772e-01
-1.381894201089584051e-01
1.239337128647421543e-01
2.911261216794945872e-01
-1.413055836615590422e-01
1.220472043815945401e-01
2.919166413918152791e-01
-1.423409587881139804e-01
1.207560423203857675e-01
2.923956318646750430e-01
-1.429595631698714620e-01
1.196913989342102552e-01
2.925447604119111311e-01
-1.436000949560792550e-01
1.191447022629515406e-01
2.926841353712942295e-01
-1.438279405396758748e-01
1.300472871354861337e-01
2.808313888915673906e-01
-1.331294557571561232e-01
1.286310234762826632e-01
2.895935669051515338e-01
-1.390216413681148455e-01
1.251521135901402793e-01
2.916667102885577290e-01
-1.412944047318017426e-01
1.227129375618608298e-01
2.921339465328302576e-01
-1.422823685527470350e-01
1.211033622815525096e-01
2.919091048121226217e-01
-1.425900479818679734e-01
1.202283491249654668e-01
2.924426080539043737e-01
-1.434812555804067802e-01
1.192774942739237426e-01
2.916272601692818101e-01
-1.431659609337303241e-01
1.190240974308535288e-01
2.920542344235035337e-01
-1.434165866190387773e-01
1.242184575682642872e-01
2.862794075065495658e-01
-1.381711111104549361e-01
1.233240638970880265e-01
2.915555767782754271e-01
-1.418514953919848276e-01
1.215875013799822824e-01
2.916738174014787410e-01
-1.423885047104049839e-01
1.205915494694753398e-01
2.925812332018279394e-01
-1.431846345845559920e-01
1.197615249739273080e-01
2.916965273089233701e-01
-1.428678539543479786e-01
1.192695236971725581e-01
2.925538008666499490e-01
-1.437586701965537228e-01
1.188092667567380856e-01
2.925183131431891570e-01
-1.438190505930740104e-01
1.375256766700681532e-01
2.713682430732153317e-01
-1.252953067771440387e-01
1.357302655230621102e-01
2.867756830629107356e-01
-1.352104231809687918e-01
1.299235104265250018e-01
2.901203781655912750e-01
-1.388661589073737768e-01
1.259510815404256689e-01
2.915748779542254865e-01
-1.409032357431198035e-01
1.231582121895637150e-01
2.920535408851193671e-01
-1.420122605167670748e-01
1.214127374105053586e-01
2.912729555156658434e-01
-1.423756913766786592e-01
1.204118124925755984e-01
2.921428384229873276e-01
-1.430829711797368953e-01
1.196786149752840644e-01
2.918983142018670152e-01
-1.431152755716933733e-01
1.192911257714154849e-01
2.926566982933164751e-01
-1.436410199158029699e-01
1.328177595803071709e-01
2.772463909254543335e-01
-1.303238218150066796e-01
1.311682498874202629e-01
2.895417414521700983e-01
-1.380872393982316149e-01
1.268390425665242571e-01
2.914126797846308126e-01
-1.404741717662095213e-01
1.238453378140720457e-01
2.922079991057561221e-01
-1.421075377682207430e-01
1.216700224881033521e-01
2.921934777162184527e-01
-1.427197275138460397e-01
1.204331344723143238e-01
2.924012147325433242e-01
-1.431774702955871115e-01
1.196149138635209247e-01
2.925281628755653229e-01
-1.434720198516058753e-01
1.191335788896497466e-01
2.926928095532632113e-01
-1.439388601766070919e-01
1.313404133115065597e-01
2.788729279605381417e-01
-1.317000253340189775e-01
1.300376315043632880e-01
2.900502509780675808e-01
-1.386962072730803242e-01
1.261177623995776709e-01
2.916347294766837850e-01
-1.407904234508638996e-01
1.233996894181001031e-01
2.920910050712360317e-01
-1.422260256658666455e-01
1.213918825341276930e-01
2.921606691640735720e-01
-1.427727241444747275e-01
1.203256560489583821e-01
2.925797467263153151e-01
-1.433191499825999804e-01
1.194703370874054399e-01
2.925357966752512584e-01
-1.434840910811470416e-01
1.187730444178233813e-01
2.925132892319600719e-01
-1.439291159767620565e-01
1.459575031913872278e-01
2.591272206539043665e-01
-1.159428437750898017e-01
1.440990170435815232e-01
2.826138140530267684e-01
-1.302044195196422061e-01
1.359086181838059237e-01
2.883365841115826389e-01
-1.360704919127312396e-01
1.296273181869016800e-01
2.904257257202160769e-01
-1.391358863821050007e-01
1.257236271468345212e-01
2.910412534870493451e-01
-1.406481240784552278e-01
1.232220439779993931e-01
2.921352349064946230e-01
-1.420528051704279537e-01
1.214252822374037727e-01
2.922054805834822244e-01
-1.429542895891806054e-01
1.201614396992585904e-01
2.917292675282420755e-01
-1.429275376744574277e-01
1.196529149749908788e-01
2.919908902933092132e-01
-1.431683596620051957e-01
1.193181351162888870e-01
2.920791555257235550e-01
-1.432780697172544582e-01
1.188713772522674572e-01
2.918626878122141388e-01
-1.434966218388724901e-01
1.187379306607029422e-01
2.925122364199156388e-01
-1.438631121666980595e-01
1.419156678904090474e-01
2.644420930469489894e-01
-1.200599466762209133e-01
1.402833148969136468e-01
2.853865545733770270e-01
-1.328086966646554457e-01
1.329688067449628641e-01
2.887345937495044423e-01
-1.371525984074105364e-01
1.279720326947090814e-01
2.904663548010478769e-01
-1.396308686347052519e-01
1.247194355764078971e-01
2.914104836475934768e-01
-1.411439971443692043e-01
1.225701588406495762e-01
2.921897592780083874e-01
-1.425072450898439980e-01
1.208817654428112898e-01
2.921625706654051857e-01
-1.429599299198906492e-01
1.199794796785996348e-01
2.919574500927894500e-01
-1.430720765966794206e-01
1.194885076021720838e-01
2.923029964859438778e-01
-1.433757697924646912e-01
1.190798776963147704e-01
2.916608750341314060e-01
-1.433905378826557941e-01
1.214121140266815613e-01
2.899203914565032791e-01
-1.414179831715807467e-01
1.208145719822500685e-01
2.917052686351402357e-01
-1.426169421451691510e-01
1.200116588589009298e-01
2.921919648712937301e-01
-1.430851159134761963e-01
1.193041144048102992e-01
2.924834597410186920e-01
-1.437410690038217476e-01
1.188928013199424399e-01
2.920386231654203413e-01
-1.435127782283921738e-01
1.274985916850071010e-01
2.830967747151680869e-01
-1.352854034318921317e-01
1.265182550207308021e-01
2.910850255988092217e-01
-1.405811370772852842e-01
1.234346726793172505e-01
2.917039483796928789e-01
-1.418746694165024247e-01
1.216092445659578414e-01
2.917250811677515321e-01
-1.423993720454235223e-01
1.205721860161418774e-01
2.924807393861553750e-01
-1.431180967865164078e-01
1.197220706247600491e-01
2.924381549541215097e-01
-1.435694869968567600e-01
1.190091561808547943e-01
2.920192278448483503e-01
-1.435031478870689436e-01
1.188317735792545904e-01
2.925931387288316921e-01
-1.438197997592736144e-01
1.317460178872107979e-01
2.786807729581375903e-01
-1.313023209933040780e-01
1.304025969140393260e-01
2.897714067193180032e-01
-1.386203648508415598e-01
1.261441610247369949e-01
2.909946555314411598e-01
-1.405490476421881185e-01
1.233789727074958431e-01
2.916324410638954645e-01
-1.417104276382952222e-01
1.217019983059974830e-01
2.922420582396731414e-01
-1.425797852542280975e-01
1.203496928702215141e-01
2.920752365664319727e-01
-1.431225549676927167e-01
1.196304367377390848e-01
2.923253546853786244e-01
-1.434484334465490896e-01
1.191023621067610200e-01
2.923282650896239510e-01
-1.435509445404414275e-01
1.188197081394743587e-01
2.925366425151409433e-01
-1.439490349158341620e-01
1.345707801435325757e-01
2.749764461583879549e-01
-1.284317171095739063e-01
1.330702459844361751e-01
2.889106463033440653e-01
-1.371238882767120137e-01
1.281288188809570350e-01
2.909526489152333140e-01
-1.397651160518670888e-01
1.247559341424138574e-01
2.917481460742084587e-01
-1.415882657967974245e-01
1.223230161618898276e-01
2.921563056018912086e-01
-1.424877160301868118e-01
1.208513015670895779e-01
2.918658773670523843e-01
-1.427075916776238129e-01
1.200544454562316454e-01
2.926490301913834968e-01
-1.433617106063394542e-01
1.194303902443719506e-01
2.917303853400683433e-01
-1.433080217277024337e-01
1.190409029370503580e-01
2.925878414651619241e-01
-1.437999846663479131e-01
1.187233027107258421e-01
2.923706988092713566e-01
-1.436976477124706497e-01
1.419858160051410967e-01
2.649122132111258465e-01
-1.202308814063477310e-01
1.400624514925866426e-01
2.847656228547793544e-01
-1.327476556009732633e-01
1.329592015179020259e-01
2.888777321475289317e-01
-1.371702604894710631e-01
1.279325680500231488e-01
2.909960146097179678e-01
-1.398702406415890664e-01
1.246150716381311530e-01
2.913508941835675214e-01
-1.413254819216939462e-01
1.222253646848710656e-01
2.916134074020147460e-01
-1.421830276799695425e-01
1.208789349231959853e-01
2.919728779808554719e-01
-1.427745200126516734e-01
1.200436281414586775e-01
2.925000675045826282e-01
-1.433011328242348170e-01
1.193251910925057918e-01
2.922340195783755257e-01
-1.436484011860213184e-01
1.187756027996790531e-01
2.925112731046352610e-01
-1.438810888027181878e-01
1.325386507966317684e-01
