5.362026804687924919e-01
-3.256534407752918470e-01
2.031988666774142138e-01
1.576880833799815806e-01
1.944313263630828292e-01
-7.552614710329676184e-02
3.084504356075493670e-01
-1.727482408021020210e-01
1.582741587341455480e-01
2.325013577963989386e-01
-9.647368358472113714e-02
1.661595870917894624e-01
2.461265550113947709e-01
-1.022637211753116004e-01
1.658344161135863748e-01
2.475191462287811561e-01
-1.031229376139852771e-01
1.654230717533954897e-01
2.484904966423600037e-01
-1.038941765687811658e-01
1.649640940399561828e-01
2.488821427817522192e-01
-1.041143884720497625e-01
1.647746840274720570e-01
2.490227519015754121e-01
-1.042247689392487020e-01
1.644566056653127828e-01
2.492544873872714895e-01
-1.045918489312447353e-01
1.644357611107853112e-01
2.491058981227125546e-01
-1.044361062682314101e-01
1.642997902638613505e-01
2.492556787860558121e-01
-1.044158565480197975e-01
1.643463416054580239e-01
2.496476689792634651e-01
-1.048588744161990521e-01
1.642788133953552998e-01
2.499999208996979971e-01
-1.049766342596706870e-01
1.638967859373964830e-01
2.499275528488667519e-01
-1.048916048941135326e-01
1.638009735910476716e-01
2.498669340377301373e-01
-1.048733086197274483e-01
1.640303744057798330e-01
2.502017213883526714e-01
-1.051708312922882138e-01
1.637567280065493347e-01
2.503180297619075900e-01
-1.051986869973329797e-01
1.636303940178532867e-01
2.498271577443887392e-01
-1.049402588615797188e-01
1.639527295311439814e-01
2.495792667860452230e-01
-1.049131304965367495e-01
1.641587319543423851e-01
2.500717845496291392e-01
-1.050348060692799790e-01
1.640621271328721875e-01
2.501782290160852740e-01
-1.049854094933546367e-01
1.640808347642905285e-01
2.499006614861231101e-01
-1.048187222766645138e-01
1.639504750530967059e-01
2.495371117802932526e-01
-1.048408544097488571e-01
1.640910653066730007e-01
2.498071120306281367e-01
-1.048509334001705845e-01
1.640858847509577001e-01
2.500190028478578297e-01
-1.049317004955388488e-01
1.641078732436323517e-01
2.497627097520652706e-01
-1.049629484013793745e-01
1.640255688810001167e-01
2.499947058372259667e-01
-1.049920797437106645e-01
1.640038064747773860e-01
2.502022788684067356e-01
-1.049916768524331578e-01
1.640883395847942683e-01
2.490096999292531477e-01
-1.043537426253320355e-01
1.640741074521950560e-01
2.498069857552332740e-01
-1.049389377887610386e-01
1.638840821770810308e-01
2.497015782094838265e-01
-1.048059869405547212e-01
1.638049798744134755e-01
2.501526818115442641e-01
-1.050333288876211246e-01
1.640243903632039313e-01
2.496188515510480987e-01
-1.048954399950074029e-01
1.639612583649550925e-01
2.498476321966656422e-01
-1.049196354448257429e-01
1.639325731912650297e-01
2.499936851051380859e-01
-1.049040287856944781e-01
1.639364775740035640e-01
2.500580523011438627e-01
-1.051832711531694858e-01
1.638537824377132301e-01
2.501711467881458928e-01
-1.051660974563618789e-01
1.635631676259414469e-01
2.504399048418701756e-01
-1.052356430368068529e-01
1.637563187127123177e-01
2.500210095223456275e-01
-1.049893023459451402e-01
1.639760307121758964e-01
2.500380465927128371e-01
-1.051262983572842785e-01
1.641090115461096011e-01
2.495179424663505063e-01
-1.047223896120660636e-01
1.639130686836454409e-01
2.494704073646241416e-01
-1.046093498545776490e-01
1.641774471894499321e-01
2.499808716499243577e-01
-1.050781982062337361e-01
1.641892353379861835e-01
2.492448867016209824e-01
-1.046152161308866457e-01
1.638338236036806783e-01
2.493875337399627801e-01
-1.046215905596587642e-01
1.638772545629749722e-01
2.493722912633015154e-01
-1.046029605175753663e-01
1.640046485916202834e-01
2.497391329476291721e-01
-1.049227991634105739e-01
1.639763391096005773e-01
2.501167680372066715e-01
-1.050340333067114884e-01
1.639472648621441986e-01
2.502274388381648951e-01
-1.050672735728410967e-01
1.639784341254041100e-01
2.502765846855294907e-01
-1.052595740355906084e-01
1.639289830772560630e-01
2.502135446385083117e-01
-1.051557910829090114e-01
1.636391962229174490e-01
2.499299374169354215e-01
-1.049342747806999154e-01
1.639678490306141212e-01
2.502799210917736050e-01
-1.050524680862212346e-01
1.640293242135441865e-01
2.500296692797709386e-01
-1.050669278855694555e-01
1.637141682041471091e-01
2.500695702606697268e-01
-1.050437895670350008e-01
1.639388394410246363e-01
2.501972633844802285e-01
-1.050349743984232975e-01
1.638601804227926007e-01
2.501341950922711943e-01
-1.051991879988304623e-01
1.639975725138688445e-01
2.498656257051317109e-01
-1.049556318021151874e-01
1.639497327616964151e-01
2.503955119892622427e-01
-1.050978077188098325e-01
1.637977537344448287e-01
2.496601911871999258e-01
-1.047605051978516000e-01
1.640845521005585006e-01
2.497025834341113915e-01
-1.048680385657240755e-01
1.639661804786331223e-01
2.491329048959518566e-01
-1.044777050628898363e-01
1.641268599773182679e-01
2.496829858582131356e-01
-1.047097160637561752e-01
1.639687398083317094e-01
2.494927205481575760e-01
-1.048328464921247649e-01
1.641981944870687660e-01
2.494204671071516277e-01
-1.046500578607376108e-01
1.640148221898854175e-01
2.500613281528079046e-01
-1.048804246007937896e-01
1.639171122647495593e-01
2.498870697866483748e-01
-1.050783930132679900e-01
1.640692320503819579e-01
2.500206399533034807e-01
-1.050498994331052205e-01
1.639727640454324842e-01
2.500939436425677065e-01
-1.049621274150882577e-01
1.640783648318737409e-01
2.494759440734825584e-01
-1.046326411288058533e-01
1.639319781980294877e-01
2.499396903613067544e-01
-1.050458837049440541e-01
1.638806079947549565e-01
2.502590798467604349e-01
-1.051376708376929037e-01
1.638973549676658037e-01
2.502421697462458572e-01
-1.051024157302236361e-01
1.636449304152252371e-01
2.502155216587904629e-01
-1.053046065984399038e-01
1.638458690957037556e-01
2.504069012086317381e-01
-1.052837437869364734e-01
1.638346495868782948e-01
2.502129946094004964e-01
-1.050581741095988619e-01
1.637941437694247770e-01
2.499302067251715220e-01
-1.049035195391392061e-01
1.638443631876072282e-01
2.496392410625295766e-01
-1.049205340991768015e-01
1.639883344218862338e-01
2.500946094464601144e-01
-1.050209200900260736e-01
1.640124801613556116e-01
2.493062678816505284e-01
-1.045917473182872703e-01
1.639890249101366437e-01
2.498803587401983717e-01
-1.050398847889915943e-01
1.639462053642451456e-01
2.501389211497145326e-01
-1.050889017610606713e-01
1.637330725213317351e-01
2.503134435985024386e-01
-1.050985983885006914e-01
1.637328162494729733e-01
2.502170936705392368e-01
-1.050586406892222296e-01
1.639059093529055544e-01
2.504532487552170172e-01
-1.053127629161568213e-01
1.636613130823347251e-01
2.495733167319431067e-01
-1.048006134408868972e-01
1.637830327460794433e-01
2.496710058511465435e-01
-1.048054089292448227e-01
1.638219466286805481e-01
2.492602603147878459e-01
-1.047588148710629080e-01
1.639202767868923605e-01
2.502199673503867072e-01
-1.051212144437035090e-01
1.639530752703303729e-01
2.503840198331311884e-01
-1.050965698236424883e-01
1.640230635999394004e-01
2.502685709044331075e-01
-1.052595770555196097e-01
1.639073642706803113e-01
2.499080925420489319e-01
-1.050192746024057600e-01
1.637369614035102394e-01
2.502639930322468897e-01
-1.051105579026860443e-01
1.637429763321863185e-01
2.501298824316376956e-01
-1.050322444795491611e-01
1.639764543516596396e-01
2.497202529951859096e-01
-1.049636394932319666e-01
1.641459397596043979e-01
2.500201237893050488e-01
-1.049914512638344677e-01
1.640790078034799482e-01
2.501362244199255569e-01
-1.049017469697205301e-01
1.641728706794707005e-01
2.490174520963106264e-01
-1.045789789188578123e-01
1.641646198246802801e-01
2.496286629586662864e-01
-1.047948685630034349e-01
1.639351175235632119e-01
2.500266289629746175e-01
-1.049159459919491999e-01
1.641130777337254654e-01
2.498579320712739915e-01
-1.047867041939116728e-01
1.639528906853482126e-01
2.493535665185272476e-01
-1.047502063022005131e-01
1.641014358633446357e-01
2.497653641249640011e-01
-1.048214076345672791e-01
1.638834496522082462e-01
2.494663085128654423e-01
-1.046814453090550573e-01
1.641850808062010059e-01
2.493608198625532069e-01
-1.047374140364540906e-01
1.641711676733551561e-01
2.496453862936083290e-01
-1.048020280697986029e-01
1.639848363043091006e-01
2.498055462521268921e-01
-1.047793530720471378e-01
1.638225038908029396e-01
2.494379945735228365e-01
-1.046392548784092630e-01
1.641709158837255655e-01
2.492576636104444909e-01
-1.046532223526943917e-01
1.639200000068115060e-01
2.495529783749562691e-01
-1.047044136176965567e-01
1.641740231370363290e-01
2.499055133438515541e-01
-1.048302403731144888e-01
1.640240908546448106e-01
2.497542818170887802e-01
-1.049540778061723856e-01
1.642189939621360173e-01
2.496572877046553118e-01
-1.047845327533921955e-01
1.641470253216795738e-01
2.494064319142463571e-01
-1.045347115403880700e-01
1.642830253229044524e-01
2.493543255777823930e-01
-1.044756244625128783e-01
1.643489236458410829e-01
2.494777962651424652e-01
-1.047027078292962765e-01
1.642159990041012763e-01
2.493268840963272504e-01
-1.045283065480510087e-01
1.640794505446120655e-01
2.492474043205880063e-01
-1.045044111643670254e-01
1.640586362309279511e-01
2.498750620477229734e-01
-1.050020194658354000e-01
1.639873500958144437e-01
2.493519851000873255e-01
-1.046695319158372772e-01
1.640498416811700944e-01
2.494171882182759092e-01
-1.045542331454216017e-01
1.642864335651199881e-01
2.491434466888179933e-01
-1.046144507804421531e-01
1.644599952370749962e-01
2.486421035945317881e-01
-1.042237116657014351e-01
1.642447133391674030e-01
2.495289197936261527e-01
-1.045821282270977537e-01
1.642146068204862752e-01
2.495840622444935042e-01
-1.046338300770000979e-01
1.641338206733329030e-01
2.494668008527757275e-01
-1.047648864816847492e-01
1.639608626764141319e-01
2.500838460375638950e-01
-1.050228868266086801e-01
1.640022947095553796e-01
2.495746135126990506e-01
-1.047415479003827865e-01
1.641283672624981593e-01
2.494129725455322133e-01
-1.047982735043200969e-01
1.641126534616184907e-01
2.494690595703139002e-01
-1.047325713473946790e-01
1.638738212827160201e-01
2.499608522040939751e-01
-1.048896322360158284e-01
1.640832501306826730e-01
2.490305873273278015e-01
-1.043875989910050400e-01
1.641020537247782074e-01
2.496360903434762524e-01
-1.048358884294278703e-01
1.639552897225907413e-01
2.496255009642155687e-01
-1.047868001111280090e-01
1.640543489553653589e-01
2.497235412919215913e-01
-1.047954792038216232e-01
1.639194482314494106e-01
2.501109110167181737e-01
-1.051771227186873436e-01
1.637578710711381225e-01
2.494879708885416880e-01
-1.048130192429598539e-01
1.639104746162791670e-01
2.501985366539503652e-01
-1.050137911399728341e-01
1.640594496991375772e-01
2.497266373580452059e-01
-1.047180134586165601e-01
1.642247660587927149e-01
2.499438227523318734e-01
-1.049539107979961250e-01
1.639994170285782316e-01
2.497390506204749394e-01
-1.047871427439794750e-01
1.641108855928587462e-01
2.499078318466790016e-01
-1.048555774277195873e-01
1.638035072761063748e-01
2.500790714159683570e-01
-1.051773598252078307e-01
1.640412567543431677e-01
2.492882686829272498e-01
-1.046323371779275813e-01
1.639980083723208415e-01
2.497671742476723356e-01
-1.047384776330629597e-01
1.639183491685529681e-01
2.495314805269193137e-01
-1.048994998912095716e-01
1.639411496170138927e-01
2.496129779345984678e-01
-1.048464881870903309e-01
1.638125793003329389e-01
2.501934260952072275e-01
-1.050518740535559548e-01
1.639701254681406317e-01
2.494029792162251735e-01
-1.046240495070583088e-01
1.639304068117185265e-01
2.493578466399120896e-01
-1.047674116058688737e-01
1.641689510153740428e-01
2.491762151110576973e-01
-1.045369827084205727e-01
1.640350422751985504e-01
2.498929302066784652e-01
-1.047905079936524986e-01
