5.158945978816583677e-01
-2.609814379488987757e-01
1.962392346220346029e-01
-1.537463423300720611e-01
1.579474824196541727e-01
-6.982097077215532188e-02
1.908167252806793057e-01
-1.180545796131855646e-01
1.279782970748730431e-01
1.286481846127173201e-01
9.258770394886541022e-02
2.363147721247115252e-01
-1.038324822672475889e-01
2.008285167404041394e-01
-1.319705996820138283e-01
1.115781813966402469e-01
1.866302385848132017e-01
-7.198046767646246180e-02
2.128089944700572167e-01
-1.368266035726581342e-01
1.158457656726109564e-01
1.742458525043338313e-01
-6.464701594045206556e-02
2.146153701605163777e-01
-1.368713006039610214e-01
1.174690508649045007e-01
1.689339066776004983e-01
-6.177826091832173960e-02
2.158009126234813613e-01
-1.375362581150441632e-01
1.178612120646831546e-01
1.678674584332715269e-01
-6.115519048498525845e-02
2.157829578308104179e-01
-1.373901782824099305e-01
1.178139897737481984e-01
1.673589805542319842e-01
-6.103054339743006762e-02
2.160147543516932334e-01
-1.374284584527336039e-01
1.178832043378044286e-01
1.675019425294210773e-01
-6.096920493104111133e-02
2.157479907247982498e-01
-1.372738135458940190e-01
1.184021428407907722e-01
1.662657288772040609e-01
-6.022788066459659057e-02
2.156752910937004830e-01
-1.370335503316467973e-01
1.185141900758976685e-01
1.657452378211557720e-01
-6.004111729373033668e-02
2.160932671399772298e-01
-1.374980361859876321e-01
1.183164610535445138e-01
1.661918533337218562e-01
-6.029616176082978202e-02
2.157634919515458716e-01
-1.370939507636463883e-01
1.186877824399860115e-01
1.653829914852929517e-01
-5.971778923487344043e-02
2.161541081631584427e-01
-1.373902841478555348e-01
1.181879552172410142e-01
1.667527300063169349e-01
-6.057836032226532330e-02
2.159928110604187601e-01
-1.374826201225007594e-01
1.183077420928631274e-01
1.664656318991268036e-01
-6.038832732789688879e-02
2.158721425454764864e-01
-1.373186355719353546e-01
1.182649184029443690e-01
1.662673610049750228e-01
-6.014300966800419090e-02
2.157380706089205014e-01
-1.369995460587857261e-01
1.183669158903186275e-01
1.661103429602251991e-01
-6.019407465100042043e-02
2.161983626870207509e-01
-1.375707559067559926e-01
1.183261001966909448e-01
1.661998532923016081e-01
-6.023452578757929055e-02
2.159673763242451749e-01
-1.373597303998841390e-01
1.182433878010294009e-01
1.663815317887753220e-01
-6.042644872530218703e-02
2.159273338077383475e-01
-1.374254062980908575e-01
1.184183545154727235e-01
1.661239090917549233e-01
-6.015093998113685281e-02
2.162337463026878515e-01
-1.375544586511752154e-01
1.183362398594065695e-01
1.663856284838458599e-01
-6.028243938996194484e-02
2.159103200866606120e-01
-1.372611195304391796e-01
1.182137648720066048e-01
1.661228599435842224e-01
-6.029434545006684409e-02
2.160294690329268574e-01
-1.374838586423475784e-01
1.183545775648478099e-01
1.660518710511824647e-01
-6.019923355496086675e-02
2.157967127491721704e-01
-1.372221640136189191e-01
1.182747749906587903e-01
1.658223596957952573e-01
-5.996338937755115589e-02
2.160836816297649898e-01
-1.373539262525751981e-01
1.182730823301520462e-01
1.663911415075659539e-01
-6.035644602852049262e-02
2.161252244057572658e-01
-1.375440509632373520e-01
1.183172489242916153e-01
1.664702716349919231e-01
-6.036510508040553169e-02
2.158821022439469661e-01
-1.372973331900799732e-01
1.182884140696115333e-01
1.662846412544589092e-01
-6.038519681414969420e-02
2.159385245539483522e-01
-1.374405828331265733e-01
1.183557956881166606e-01
1.661979137700820564e-01
-6.021426504820849568e-02
2.157942504206309953e-01
-1.371311731552387614e-01
1.185708871924459618e-01
1.655807705640009453e-01
-5.985404594697063541e-02
2.161632878965707993e-01
-1.374410501923298278e-01
1.182323180537841190e-01
1.665048673926520229e-01
-6.046503293669185097e-02
2.157301499737965533e-01
-1.372044261371966889e-01
1.183906273535692139e-01
1.660143705395404345e-01
-6.018799348908207558e-02
2.155810498904548456e-01
-1.370144815916227998e-01
1.187944102845758382e-01
1.649420287756232228e-01
-5.947392948070301388e-02
2.159378661808685762e-01
-1.371028915972104523e-01
1.185064665331227035e-01
1.656784036260152415e-01
-5.998161601572001012e-02
2.162630670650593778e-01
-1.376177759956453417e-01
1.182169204040685873e-01
1.666542412333319179e-01
-6.049070729838726401e-02
2.156849382502953050e-01
-1.371396423877179194e-01
1.182423073230175065e-01
1.663200493213718156e-01
-6.041582713433994029e-02
2.160458100834695694e-01
-1.373051820129243539e-01
1.183009821469349909e-01
1.662204409301142327e-01
-6.025301793469172579e-02
2.158489041372967654e-01
-1.372127235327939565e-01
1.186304194248882227e-01
1.655293393180720662e-01
-5.981972418741536568e-02
2.162244506892922746e-01
-1.375007329687156776e-01
1.181111831118013822e-01
1.668339349829223717e-01
-6.065893001977518129e-02
2.157548890895173155e-01
-1.372842086014066654e-01
1.183345000290171173e-01
1.663122500805674087e-01
-6.033593517353676161e-02
2.160916642020127010e-01
-1.374296508874075229e-01
1.182769025472521773e-01
1.665201662520040538e-01
-6.034986204011266731e-02
2.158512434215333897e-01
-1.372059208576094369e-01
1.181160340675714709e-01
1.669804966716660899e-01
-6.068907449629885875e-02
2.161896572124981653e-01
-1.376980429534907513e-01
1.179758656570839281e-01
1.673644781470549070e-01
-6.089750034022257952e-02
2.156769171229735715e-01
-1.372348917264442913e-01
1.182104226032709149e-01
1.664498576680630559e-01
-6.049419290868969512e-02
2.158545031517294932e-01
-1.371329675633455869e-01
1.184335921971699929e-01
1.661376997430903391e-01
-6.017538859311322152e-02
2.160895662215070734e-01
-1.374391310955789813e-01
1.183232328832537067e-01
1.665328724270670468e-01
-6.038613328016739085e-02
2.159298105259988554e-01
-1.373376243379456907e-01
1.182269278085391201e-01
1.664457716288570144e-01
-6.045609319667837045e-02
2.158141724608788059e-01
-1.373112156174249310e-01
1.184185672434527326e-01
1.661970098579070576e-01
-6.027436437723772411e-02
2.160011316150020899e-01
-1.373253689995276861e-01
1.184856384147639219e-01
1.660072867141630382e-01
-6.005878508650789455e-02
2.160940847750122684e-01
-1.373988061462806665e-01
1.181077709688090061e-01
1.666155291558700235e-01
-6.054234661484571983e-02
2.160056466016155863e-01
-1.375005336940100520e-01
1.181530934000582511e-01
1.665922178225065775e-01
-6.050437966280877711e-02
2.157794583655050502e-01
-1.372658776317082496e-01
1.181459426899538478e-01
1.666441216842765582e-01
-6.036371804030333382e-02
2.158597058994678741e-01
-1.371880087899733647e-01
1.182820625842313511e-01
1.667126464493628168e-01
-6.050121545934945833e-02
2.158888960573702998e-01
-1.373204352560783992e-01
1.183325879597250940e-01
1.663964001408747284e-01
-6.032255331772262003e-02
2.158119003216039666e-01
-1.372161330206779495e-01
1.182078018637981731e-01
1.664657046924014339e-01
-6.048007723673234221e-02
2.157901043452247203e-01
-1.373044044391069085e-01
1.184310100356164436e-01
1.661144186035332093e-01
-6.014905061668373437e-02
2.162388407506888877e-01
-1.375636583348123776e-01
1.181926457490198035e-01
1.668283078338854142e-01
-6.053086910989650959e-02
2.158281634455569697e-01
-1.372442321409961807e-01
1.180530425053022692e-01
1.671262784333099882e-01
-6.079309104909484673e-02
2.161023222177900216e-01
-1.376470989964760361e-01
1.179771652113283525e-01
1.673351245235815687e-01
-6.090146196035377962e-02
2.156765432743646127e-01
-1.372566376261755150e-01
1.183976840804626812e-01
1.663868612194613628e-01
-6.023456590122385629e-02
2.156601890253788123e-01
-1.369582207451148226e-01
1.184631527277583696e-01
1.657032965309856443e-01
-5.999292803288164277e-02
2.159421046685494894e-01
-1.372839693598060795e-01
1.186015238182835801e-01
1.653718382407113052e-01
-5.978720672288470595e-02
2.161198840745357785e-01
-1.374339491849476680e-01
1.181738509315092833e-01
1.661652139087951563e-01
-6.037035849089772421e-02
2.156242178993478531e-01
-1.371367920543239138e-01
1.185530131268992815e-01
1.652918724138034423e-01
-5.975168432853029954e-02
2.159575637621785060e-01
-1.372160670878420363e-01
1.186408213712309145e-01
1.654118059225485604e-01
-5.976813387680460221e-02
2.161574461831602678e-01
-1.374336291435717672e-01
1.182013758567130035e-01
1.666947244922023508e-01
-6.055919863581024631e-02
2.161588537110246122e-01
-1.376668998361440521e-01
1.180523715317142175e-01
1.669498247947261427e-01
-6.071438183301275382e-02
2.157952290398433282e-01
-1.373526234198863272e-01
1.182253720016344101e-01
1.667651291520949597e-01
-6.046975268891208177e-02
2.160810307842311873e-01
-1.374614621707237749e-01
1.180716761154231992e-01
1.670112380217241566e-01
-6.071626959492323894e-02
2.159966568095262607e-01
-1.375029577581380336e-01
1.182609960490623446e-01
1.664744988089637001e-01
-6.040046997460619960e-02
2.158358149690104422e-01
-1.372811305505429180e-01
1.182690197326063813e-01
1.663492907054668346e-01
-6.042448978890418293e-02
2.160669508763102264e-01
-1.373261375395656847e-01
1.182933544318809649e-01
1.664776606283848159e-01
-6.037209829699533015e-02
2.157579479702527170e-01
-1.371386244488326245e-01
1.185157871154838699e-01
1.659656209040425434e-01
-6.005248237574126180e-02
2.162167054437152958e-01
-1.375499430538829893e-01
1.181290090312488716e-01
1.667457941282946277e-01
-6.062587099691658932e-02
2.160359472812723725e-01
-1.375848823792215347e-01
1.180567154666554569e-01
1.671824614759669925e-01
-6.083217574903590497e-02
2.160787419148622046e-01
-1.375378151507516411e-01
1.180400768913019011e-01
1.673080383210154010e-01
-6.078452641309865789e-02
2.159309454912086423e-01
-1.373851635732823984e-01
1.179811078467285501e-01
1.672617724791715110e-01
-6.086707640985034029e-02
2.158113758568728779e-01
-1.373579384139714255e-01
1.182442695495938556e-01
1.666939797084671937e-01
-6.051982002050377424e-02
2.157744071818260001e-01
-1.372578676965959255e-01
1.180404292725888982e-01
1.668188039338189266e-01
-6.047360129006097706e-02
2.159851624806230219e-01
-1.373378807034291715e-01
1.181858095015231036e-01
1.667909703786314701e-01
-6.055651427537816350e-02
2.158173350997164286e-01
-1.372518911515775430e-01
1.183488903651821189e-01
1.662765612822691974e-01
-6.026060184356506894e-02
2.156234813931248717e-01
-1.370034058873229044e-01
1.184303482353001313e-01
1.657423787306840923e-01
-6.007991839254404193e-02
2.162924044730892836e-01
-1.377269217689198744e-01
1.182271060413800090e-01
1.667751452315351379e-01
-6.050427237978337619e-02
2.159595484738180138e-01
-1.373437359771063071e-01
1.184260430944091141e-01
1.663133447053792291e-01
-6.021709816821994160e-02
2.158728233116769812e-01
-1.372061508053815104e-01
1.183796622643512875e-01
1.659479768678016609e-01
-6.015751572368131100e-02
2.161976023201544195e-01
-1.376070972993974906e-01
1.181921539878208471e-01
1.668080024714056475e-01
-6.058820631564148379e-02
2.159204294928165346e-01
-1.374264823826988058e-01
1.180170736690048378e-01
1.667190915381001060e-01
-6.043893609526776456e-02
2.156959513127708616e-01
-1.370449749095269121e-01
1.183154697517443121e-01
1.661837808702666119e-01
-6.025146165590478803e-02
2.159056984705136906e-01
-1.372971970240990380e-01
1.185358838333115394e-01
1.656754359078424499e-01
-5.993867002317748716e-02
2.160613587634344912e-01
-1.373938244034355050e-01
1.181728926527677026e-01
1.664173221666897240e-01
-6.047335302414112712e-02
2.161313586162565969e-01
-1.376643133938316998e-01
1.180685604094567354e-01
1.669835164947368888e-01
-6.066183644700814948e-02
2.158257896447564328e-01
-1.372687959672909686e-01
1.182703214664465874e-01
1.665977977350759642e-01
-6.040765871708517198e-02
2.158481978598956186e-01
-1.372349611614157028e-01
1.182692527807545219e-01
1.663897373838311433e-01
-6.039883000656218193e-02
2.156840132279902456e-01
-1.371408810781586940e-01
1.186228788395059242e-01
1.650189845391156762e-01
-5.965962707030314505e-02
2.160476800189037039e-01
-1.373805965900701809e-01
1.185808141535530519e-01
1.658440981244493906e-01
-5.993525485656277241e-02
2.161426024320599604e-01
-1.373955996669079804e-01
1.182019550840035516e-01
1.667026094305792683e-01
-6.052962214315910777e-02
2.159310967726598973e-01
-1.373848983343944896e-01
1.184265369507216253e-01
1.659296410974189506e-01
-6.010754561725148437e-02
2.160167172002986635e-01
-1.374114914069266558e-01
1.181625611193674874e-01
1.663650357624639475e-01
-6.046502044448161250e-02
2.157822483856412510e-01
-1.370550512543178834e-01
1.185099410804219683e-01
1.656224949791205159e-01
-5.991636447301133123e-02
2.162836170280040271e-01
-1.375783897904459541e-01
1.183785248910043525e-01
1.663639937263069191e-01
-6.027452682960139640e-02
2.159087923826980282e-01
-1.372754036302900327e-01
1.183124870971353632e-01
