4.525222621175699622e-01
5.588869414382485745e-01
3.537815100176656125e-01
3.210403396457733316e-01
3.722853261326362628e-01
3.792647114525101171e-01
3.633057857742678087e-01
3.624632708402427128e-01
3.673181409609362902e-01
3.670681439713514016e-01
3.652900212378123457e-01
3.666479512232503901e-01
3.667697263795879348e-01
3.666248629381045343e-01
3.656112332971775958e-01
3.656634820109745387e-01
3.666556573710689215e-01
3.670116184195573728e-01
3.663868944305692654e-01
3.663117766354803684e-01
3.655110703836124686e-01
3.671223246067829016e-01
3.665393869614854139e-01
3.652549178125815144e-01
3.669869826577873417e-01
3.663775242350641448e-01
3.656685625891575864e-01
3.661284522164695021e-01
3.668716525130621409e-01
3.661835586569653911e-01
3.664736243740542854e-01
3.655100704077438034e-01
3.663604531049390878e-01
3.662614438293465002e-01
3.656125177606325272e-01
3.665109704120332879e-01
3.658025032654111386e-01
3.662571831958370550e-01
3.660064817843108886e-01
3.658713723612079805e-01
3.665757474443869235e-01
3.657801389909370315e-01
3.664675674184089127e-01
3.657951525158211203e-01
3.663726882080154401e-01
3.659947403251970210e-01
3.668602330461920302e-01
3.658751093056545334e-01
3.655169678879179873e-01
3.663369351689487186e-01
3.659816094101124850e-01
3.664253107236694063e-01
3.659430318364747525e-01
3.657255328346810108e-01
3.668045038727314466e-01
3.667543887331478625e-01
3.659357952792763879e-01
3.659575555032590355e-01
3.668818909195256106e-01
3.663294139260437898e-01
3.655894558236565950e-01
3.666117758579756636e-01
3.655595349128828442e-01
3.661524702460967617e-01
3.669491666694643106e-01
3.662734320682367040e-01
3.658568956990693177e-01
3.659553914341081571e-01
3.666959158032035981e-01
3.656605622729804939e-01
3.668296826916958575e-01
3.660135417788261680e-01
3.654124848919829693e-01
3.669575936873921140e-01
3.661577679756418124e-01
3.661525048735455590e-01
3.656352779442924583e-01
3.665532760712520433e-01
3.665627166292759753e-01
3.665861921392660205e-01
3.652509249662911905e-01
3.666321890951011464e-01
3.660595146788347964e-01
3.666669075694211077e-01
3.663584380974962418e-01
3.657634140112502319e-01
3.658937430921256340e-01
3.660997489955798434e-01
3.669433820476285524e-01
3.658457535668680483e-01
3.655372483201900780e-01
3.672377541762942843e-01
3.668684913802966463e-01
3.657848824489470241e-01
3.655084096623909540e-01
3.660803251490400978e-01
3.665444112963615053e-01
3.666719230745666969e-01
3.667419222591349337e-01
3.653604614474290080e-01
3.657383998590816310e-01
3.662618316010237685e-01
3.664099024141961314e-01
3.660674892131526859e-01
3.656103230829931272e-01
3.664575890297536720e-01
3.669599079613677928e-01
3.663772040295199539e-01
3.653725713202252701e-01
3.662181461596808463e-01
3.670264429288164210e-01
3.652279677264755331e-01
3.667334885141442236e-01
3.665595090680119350e-01
3.664183402812691837e-01
3.654621692759860707e-01
3.663703566726099203e-01
3.664601153709859949e-01
3.653608134570404675e-01
3.659873717935064330e-01
3.664320463509538328e-01
3.661669498708824966e-01
3.667332528367031608e-01
3.665497288008751631e-01
3.655624819743332199e-01
3.663069597834092694e-01
3.670311299426182727e-01
3.654543791227070071e-01
3.661658091588375075e-01
3.668003617776044445e-01
3.664463303441095055e-01
3.655259591354118598e-01
3.664126705168959663e-01
3.666422770834988354e-01
3.655487140666500157e-01
3.661084468211533993e-01
3.665994065286372616e-01
3.667524810829634885e-01
3.660594929904246730e-01
3.657937532258735969e-01
3.665851467147940301e-01
3.666731848145414752e-01
3.657767101060190873e-01
3.653795078965669796e-01
3.659805998616262324e-01
3.668786846335799212e-01
3.667384872798878925e-01
3.661913582280960089e-01
3.656211045961588746e-01
3.659016949093621962e-01
3.664113734909843489e-01
3.666305328740609992e-01
3.662024789961008664e-01
3.663832088523594210e-01
3.665655182969772552e-01
3.662162945783055124e-01
3.659004669974342816e-01
3.659788488266523809e-01
3.661665192954000614e-01
3.669242115740403154e-01
3.661218489597279357e-01
3.660562295126889576e-01
3.662544285061688498e-01
3.665545805758497755e-01
3.658727381774394272e-01
3.657986202248478813e-01
3.665982609867515229e-01
3.660621767738701515e-01
3.664392556389177158e-01
3.664403435089984562e-01
3.658236273053852572e-01
3.663075106955399063e-01
3.659117840261107979e-01
3.662233277072102222e-01
3.667586411229589172e-01
3.661030235921287068e-01
3.659502646478043908e-01
3.663107339338852464e-01
3.658474049193261024e-01
3.660740135393232286e-01
3.666071719781030525e-01
3.656761874804835277e-01
3.661719849723523157e-01
3.668606266522044246e-01
3.653069809939720747e-01
3.662406338478079171e-01
3.666567410775304348e-01
3.665910218254549990e-01
3.664995521900343278e-01
3.661469071090588945e-01
3.654783269696270098e-01
3.660653390344177360e-01
3.668741011673439800e-01
3.656014940841816885e-01
3.663595252775689315e-01
3.663489714276237930e-01
3.659544725371643437e-01
3.667488864340371912e-01
3.663446005008070272e-01
3.653637303982709139e-01
3.663131463436050117e-01
3.670995526387473840e-01
3.657750080659400993e-01
3.656526926969258517e-01
3.665522813007645042e-01
3.665362911787181655e-01
3.655153027192076798e-01
3.662903686984622653e-01
3.666502255616064798e-01
3.667140096263243887e-01
3.667409074885603082e-01
3.652796056247913370e-01
3.655003695423376664e-01
3.669720260790503286e-01
3.656482215008762804e-01
3.661594106655344238e-01
3.658477990762433740e-01
3.658119904607500805e-01
3.666776795329425020e-01
3.663616690718194402e-01
3.652587044396163329e-01
3.660457473124881234e-01
3.661784281341903813e-01
3.668194594610305614e-01
3.655689474292763697e-01
3.656896290753071654e-01
3.670298692005607988e-01
3.661524689980136249e-01
3.659093225697843121e-01
3.655299948742319338e-01
3.670842878322950753e-01
3.667432384979375515e-01
3.663757860334211913e-01
3.656910834576746483e-01
3.656053122546404355e-01
3.659804112163063672e-01
3.660760775070679429e-01
3.663181333076629964e-01
3.666267770463690900e-01
3.654936862482922599e-01
3.662164511788799648e-01
3.670477361479758671e-01
3.665387838025855327e-01
3.658129124310131042e-01
3.660268934024359933e-01
3.667642849919748316e-01
3.661941212237482257e-01
3.654599670760715902e-01
3.666479441079358303e-01
3.671544517646239125e-01
3.655244421053212012e-01
3.654512564487851778e-01
3.665215590388672395e-01
3.662848716096832602e-01
3.654922726007863720e-01
3.663628781647416677e-01
3.667680250397056807e-01
3.667353181942771823e-01
3.652747819487827674e-01
3.668189462410676449e-01
3.664364504351739771e-01
3.662144323533180756e-01
3.662410900821085891e-01
3.665595261666506621e-01
3.659239355780689040e-01
3.656857994762980901e-01
3.658082784104630947e-01
3.665566009594628527e-01
3.667121193509693677e-01
3.653795886418520489e-01
3.660972681037329979e-01
3.664251964531362593e-01
3.662768357947401854e-01
3.656508740579470507e-01
3.664578095613488240e-01
3.668713985696249180e-01
3.651639066325143568e-01
3.661889988247782335e-01
3.665580687388791947e-01
3.667971016992577771e-01
3.660446315499930048e-01
3.653698399944279029e-01
3.659017106744924530e-01
3.664344043175070675e-01
3.663519544007090012e-01
3.655435135651392553e-01
3.667536699834650915e-01
3.657998265595635567e-01
3.667508442984986905e-01
3.665118765809009527e-01
3.664763588535974725e-01
3.657897034994756491e-01
3.660221071502041679e-01
3.661494893761220726e-01
3.669167652926742518e-01
3.661156504741410189e-01
3.657429241006612819e-01
3.662298832151796857e-01
3.660845978082818419e-01
3.656227759119037857e-01
3.664502483475186034e-01
3.667237400010756043e-01
3.662294071517314120e-01
3.661026729882020936e-01
3.663055591378054365e-01
3.658337256537459448e-01
3.668473969034898863e-01
3.657975131868453356e-01
3.663179040755064619e-01
3.656330684551451493e-01
3.664537433524819310e-01
3.666914966306171197e-01
3.657532475317145093e-01
3.665621872887331323e-01
3.663960667323297726e-01
3.661716620793049604e-01
3.654852837114667130e-01
3.669460208409640045e-01
3.668042610706406803e-01
3.660677284539876619e-01
3.654544821190777171e-01
3.665076991414805696e-01
3.669682063099963809e-01
3.655225379250481854e-01
3.667770362678632878e-01
3.667594440283905577e-01
3.657974738543110504e-01
3.661219390281797437e-01
3.663039099816889910e-01
3.667578601656621973e-01
3.665023558050566344e-01
3.663682039986059791e-01
3.664275291398867429e-01
3.656911569907949633e-01
3.662082374347550573e-01
3.661906959625822466e-01
3.663442101185900301e-01
3.657953167129180949e-01
3.663563184630992398e-01
3.665934907730066250e-01
3.663869597848796733e-01
3.665512959767175949e-01
3.665875192912387837e-01
3.665986735710085598e-01
3.657607839111542969e-01
3.656175002767041993e-01
3.671273134505034785e-01
3.664060057456388075e-01
3.656118392859041832e-01
3.660297457504049778e-01
3.663847772303965855e-01
3.659188647823974905e-01
3.661430031847252575e-01
3.658094080102090029e-01
3.661690072093267134e-01
3.669156832479372188e-01
3.654879923982511380e-01
3.654680317523265054e-01
3.672650715023711987e-01
3.664951503263975119e-01
3.652115453166166481e-01
3.661085900942869786e-01
3.664444920051933008e-01
3.666717093601515876e-01
3.662116168942767258e-01
3.653660875608836789e-01
3.657424574211909918e-01
3.660977035274400326e-01
3.665348590172579635e-01
3.666482554114957049e-01
3.665252557192429372e-01
3.664824233265634446e-01
3.660134364841381993e-01
3.658830131678484920e-01
3.658063684845189178e-01
3.667912439111167267e-01
3.659882049789194847e-01
3.659832296363035864e-01
3.657057707089748644e-01
3.666861284561068746e-01
3.661089771775919433e-01
3.658218786226778430e-01
3.663104212972521645e-01
3.665907232795763693e-01
3.654035501715484635e-01
