3.971804523613705618e-01
3.423448872659476949e-01
6.224537646045531780e-02
1.465841776081003300e-01
1.113224259253710741e-01
1.372613411877166012e-01
5.646932568330435831e-02
5.297474793253850733e-02
2.094031505003894622e-01
4.005074650138336356e-03
5.112946040542119819e-02
2.282233620213510936e-02
2.052858718465110366e-01
1.819393564256470636e-03
6.973054327317936008e-02
4.523319814108318210e-02
1.942826263869608938e-01
1.113000642458207221e-02
1.789756747201004181e-02
6.689525664914386383e-02
4.485794272277879996e-02
1.977780599884041701e-01
9.376200302583568777e-03
2.509619546987298250e-02
3.152002327835728285e-02
4.192316887075627982e-03
1.582301708121197914e-01
1.066457357437368136e-01
1.191616872580567310e-01
6.642584665867357074e-02
6.145785021804996834e-02
2.030424246709743308e-01
8.818166692332547740e-03
2.511732631143739902e-02
3.131409178489227146e-02
4.867892014094425679e-03
1.526420664273412942e-01
1.043064382161476011e-01
1.255183066646623213e-01
6.223362694401876616e-02
5.760723346046882354e-02
2.056461694387579364e-01
6.746212691962598026e-03
3.525898305130765326e-02
-1.808343966267264135e-04
2.049440609559113613e-01
1.165718534376443266e-01
5.987773187988088691e-02
1.008095381558086201e-01
8.338855596052847929e-02
1.772638754891987800e-01
2.779386429970744782e-02
1.830303517973141947e-02
2.244010842401268913e-01
5.103434244332790554e-03
1.476596019626467138e-01
9.987931934614235896e-02
1.298581207947062666e-01
5.917670733272431538e-02
5.541137264058187267e-02
2.079025614722439519e-01
5.299074123634469821e-03
4.344736380272727627e-02
1.165753124312994896e-02
2.096446697585391816e-01
-1.191193464930243723e-03
9.738395535118071766e-02
7.073053337797108320e-02
1.759903764422718619e-01
2.646859886345811000e-02
1.527584238846782516e-02
2.241541663326174216e-01
5.693839877634216187e-03
1.521936172692489042e-01
1.021243284372652521e-01
1.248891460107856843e-01
6.246880367401264761e-02
5.802567183546615548e-02
2.055662990577869775e-01
6.856739098516376196e-03
3.515954732696675855e-02
7.636331210962502404e-05
2.018921274531349508e-01
1.162090664801039286e-01
6.433644903924956582e-02
9.844083520163657286e-02
8.218488343738851454e-02
1.787331183419505753e-01
2.653507072553899088e-02
1.628505718516790046e-02
2.248061097313188705e-01
5.661790894922674039e-03
1.524067288231598649e-01
1.019754457875577530e-01
1.250044670769772104e-01
6.241914027722768321e-02
5.823388811771410684e-02
2.058960523357894479e-01
6.797051161021091560e-03
3.468019445998243161e-02
7.916736298842444886e-04
1.923587047532138161e-01
1.146491722106489919e-01
7.649410399447201248e-02
9.153022313691858147e-02
7.888232859698933452e-02
1.843885604595601746e-01
2.257592711352184728e-02
9.536118531060899794e-03
2.249094658306910466e-01
7.330839147316540495e-03
1.668502338166253096e-01
1.068383260758789255e-01
1.084633434267718161e-01
7.274985127755688452e-02
6.672414441991818268e-02
1.994400168101280180e-01
1.195311342842105863e-02
1.266530512995427300e-02
9.952705860822200212e-02
7.503195946235577396e-02
1.743790773982668019e-01
2.798431327685487607e-02
1.782348898587628877e-02
2.232248613109167890e-01
4.924302292943277468e-03
1.469106379636312687e-01
9.969880228132479982e-02
1.306014088655074457e-01
5.855733289411509807e-02
5.458849479127778070e-02
2.088193466558874722e-01
4.778132737297587605e-03
4.600302238706130420e-02
1.549672046614991062e-02
2.079147091373513556e-01
-6.369483003458414330e-04
8.821281165476692332e-02
6.330101556090420023e-02
1.818957603360014941e-01
2.134332983031336436e-02
6.570965735865897522e-03
2.673318424073186650e-01
4.394345162564752827e-02
1.500231738100119006e-01
3.248101775992293799e-02
2.081806613859723751e-02
2.206771923229527976e-01
2.851861617944140975e-03
1.308744137093348359e-01
9.228424277034175116e-02
1.458140421671497988e-01
4.804310323820581291e-02
4.389345427784820813e-02
2.139461473755034093e-01
1.229549722177345839e-04
7.678256495431272366e-02
5.273330211752003810e-02
1.899098444239377126e-01
1.500999756058684839e-02
4.356112689718567507e-03
1.648769379015292413e-01
1.087576631578200809e-01
1.114135839143470807e-01
7.114729056929144924e-02
6.514835886373673834e-02
1.995964629469767493e-01
1.120831434240742927e-02
1.554003326963327228e-02
8.111612101103189698e-02
5.919990299973128256e-02
1.876793958420036879e-01
1.719219634871268360e-02
-5.722975710903442171e-04
2.234566782003170882e-01
1.161619120178351422e-01
2.950652729903825017e-02
1.160680732428373274e-01
8.940363828754786801e-02
1.623374034471095628e-01
3.789829616725100270e-02
3.222749024987311278e-02
2.194166016766912475e-01
5.210414806205796584e-04
1.112562743169699941e-01
8.065802548846694175e-02
1.644723251726157021e-01
3.512619033332085167e-02
2.832204718550751857e-02
2.213713639485763440e-01
1.801446423152477418e-03
1.217433923949396979e-01
8.734030651493950026e-02
1.554761197088843638e-01
4.177716224611992268e-02
3.686501981201030509e-02
2.184025349762966639e-01
-8.967136340612611150e-04
9.831147696338495001e-02
7.147441488216922656e-02
1.751808139003615261e-01
2.716347221625317263e-02
1.625424524940618370e-02
2.244082696627858753e-01
5.460769968859499439e-03
1.519694728177824472e-01
1.020994840058065956e-01
1.256249953638877148e-01
6.206702739043075401e-02
5.802228873457144359e-02
2.063943259450913559e-01
6.566417014559750714e-03
3.648926135392753511e-02
4.868051444482246340e-04
2.322221583280882906e-01
1.151195538932748147e-01
9.566632478077663482e-02
6.998875449036908239e-03
2.616478898414976717e-01
1.027700804724345218e-01
1.328131636767371226e-01
1.323688039556009458e-03
1.829175384778655156e-01
1.120039573371365005e-01
8.880265072742137000e-02
8.443584864063241602e-02
7.437431760797824642e-02
1.908765800246939315e-01
1.819984522979823521e-02
2.218905747987582645e-03
2.599691628354058315e-01
1.045772565202320592e-01
1.349199116565409640e-01
4.243277408602216458e-03
2.103176432185978051e-01
1.156313548043445688e-01
4.980673093133241441e-02
1.059744027562105617e-01
8.572544168428293532e-02
1.726755417605186915e-01
3.096655426436186950e-02
2.284761037076440959e-02
2.223836575107838998e-01
3.595108970568305917e-03
1.351844521246219899e-01
9.449946070345949245e-02
1.415091729170702417e-01
5.108966502218426770e-02
4.695003299013410930e-02
2.124721196947722823e-01
1.388187907378971801e-03
6.768356149415021006e-02
4.291537306279408909e-02
1.957457718492704168e-01
9.982779180578861544e-03
2.301468801620467144e-02
4.028561390217978710e-02
9.515033655676925078e-03
2.116365603880866753e-01
-4.220955650759771567e-04
1.082617508362053727e-01
7.880422090408251146e-02
1.667559374241394110e-01
3.349023338829876933e-02
2.579604226517814153e-02
2.208268264405298109e-01
2.388165087005411809e-03
1.259894541625473929e-01
8.949274607067173037e-02
1.503474878862588737e-01
4.481333459749684001e-02
4.044234150094701274e-02
2.154712665080928957e-01
-9.753247621613201279e-04
8.687977259225586335e-02
6.193201957232111199e-02
1.837185339725608824e-01
2.031250556679720098e-02
4.646953483420609640e-03
2.773860451441625963e-01
8.176183957014417081e-02
6.811485822913164456e-02
5.184369946848065014e-02
3.457732445799128335e-02
2.079509689158034191e-01
1.965698751747983405e-03
6.615547501795315810e-02
4.142749979023285789e-02
1.966192502418858401e-01
9.315938212871847923e-03
2.613575163310351973e-02
2.657803412455942565e-02
1.944190159155180508e-02
5.169923398253913061e-02
2.587770258802766024e-02
2.053194357025940053e-01
2.017015753269893984e-03
6.822635363028659028e-02
4.382520467825883059e-02
1.965825510433859002e-01
1.010265768656144064e-02
2.307387879694615396e-02
3.982426039264423678e-02
8.846436086738818441e-03
2.114210385469193765e-01
-4.102308175021344354e-04
1.090304293496821703e-01
7.930324855986985166e-02
1.654470635877375584e-01
3.406516472651467675e-02
2.637115333258030145e-02
2.200635709030831777e-01
2.031695694604270831e-03
1.231563570101797678e-01
8.813187028484459340e-02
1.532112765191049331e-01
4.274242801308907741e-02
3.746065989918551109e-02
2.166855308166200922e-01
-1.195137476170525081e-03
9.430661892859572293e-02
6.811951002804049471e-02
1.770697130565336286e-01
2.497206540118367818e-02
1.285771322932484015e-02
2.242150881028063814e-01
6.165406241450808143e-03
1.582074879301490211e-01
1.044950615326880883e-01
1.174435804322751242e-01
6.704820041293703403e-02
6.202737524732893082e-02
2.022130224239775398e-01
9.197743350181412925e-03
2.361138428698393577e-02
3.785312353318039807e-02
5.512886851507503225e-03
2.774154503264910088e-01
8.410288522712605630e-02
7.448963944520227420e-02
4.692203743290331019e-02
2.860456144103793244e-02
2.116354172483566332e-01
-5.100717987532305117e-04
8.367438051687479950e-02
5.888909350746614202e-02
1.860804944938458938e-01
1.850093063497765603e-02
1.685333017750564270e-03
2.539483476581705923e-01
1.076968969736151194e-01
1.368784730365932567e-01
1.103203711052025762e-02
2.652275002973967233e-01
9.960119806890245509e-02
1.261159577216900141e-01
2.218424684743769588e-03
1.208104306636144099e-01
8.770715313931373713e-02
1.558066694206191594e-01
4.125135702800839660e-02
3.591862037466447832e-02
2.184137366796713442e-01
-7.511537855590199155e-04
9.982180902303940118e-02
7.249228299774945761e-02
1.740077569946562874e-01
2.808612129588015233e-02
1.768739129645888891e-02
2.229523583902129624e-01
4.826577039049628412e-03
1.468151150959040863e-01
9.994542318658911073e-02
1.306117337172976178e-01
5.859332791576390975e-02
5.475796466144337155e-02
2.083224704058467547e-01
4.927020459637049613e-03
4.608691469719083944e-02
1.569640100197507507e-02
2.077983163721842108e-01
-5.187821921651222150e-04
8.723285504554079139e-02
6.216307602690959028e-02
1.832628497107808285e-01
2.058596175148989793e-02
5.356872340303672764e-03
2.782432903394700396e-01
7.097546538665404359e-02
8.872835972341318322e-02
3.032933640704603331e-03
1.369494182790606251e-01
9.677828366178636843e-02
1.406891352660656624e-01
5.181004645649335549e-02
4.789460362527039883e-02
2.123634401008155093e-01
1.759943145356159325e-03
6.510104693229350203e-02
4.010999350030629296e-02
1.978748766079200805e-01
8.555094648620580056e-03
2.971139767760511488e-02
1.379035549978206363e-02
8.402163757827976753e-02
6.180982131049668482e-02
1.863231062464119070e-01
1.875174552327565566e-02
1.962737186779181520e-03
2.574958314426570860e-01
1.061424930619127988e-01
1.361858375784687769e-01
7.282213825794171813e-03
2.380269383246943760e-01
1.127693196758288996e-01
1.168339740924463910e-01
1.546211727056392288e-02
2.593878485386472699e-01
3.527891021131451810e-02
2.616134928951066030e-01
3.988067769748337987e-02
2.172827132757678692e-01
3.428264130322301439e-03
1.388454329205593418e-01
9.647323649253308764e-02
1.389828961104075111e-01
5.313048222777876084e-02
4.939396871431261937e-02
2.119767438732244047e-01
2.302524336389555771e-03
6.152187626540627646e-02
3.614366788370571015e-02
1.997583020725350877e-01
6.813005209233028922e-03
3.911621116587428448e-02
4.691703362114878206e-03
2.720298560622305684e-01
9.314675516039430669e-02
1.073723450147298641e-01
1.951225246850799358e-02
1.891890238413383718e-02
5.783682484590532691e-02
3.416313359016154988e-02
2.022836569595190537e-01
5.097185155261309622e-03
4.848019801433782472e-02
1.906337849289469963e-02
2.076361093358362053e-01
2.470054387545512565e-04
8.097847034259719745e-02
5.676447709521586366e-02
1.871304167340819002e-01
1.715219279172654557e-02
-5.243233688985217975e-04
2.212767715040315775e-01
1.164789790759159366e-01
3.236756420756130292e-02
1.145814385801940671e-01
8.905218604507736391e-02
1.644196876566690058e-01
3.670058564556406139e-02
3.067038248585930715e-02
2.207163216499157810e-01
1.200547964016623632e-03
1.162002835235366183e-01
8.391552867156637507e-02
1.594642957208303180e-01
3.833105816678116645e-02
3.211088231511333158e-02
2.193552338121823597e-01
3.053550645266988640e-04
