5.004080608827367271e+00 8.672617290421451131e+00
2.585070106283073432e+00 -3.802231214992967789e+00
2.362188968585435145e+00 3.517542486871758189e+00
-2.117981090764017027e-01 -3.967390741619001848e-01
2.390289762567150422e+00 6.188761183093424378e+00
1.768546497241001658e+00 -2.566513691518552243e+00
3.803495781661616171e+00 4.893504648099529675e+00
6.030686675749869635e-02 -1.699064483919536128e+00
2.041675903425160588e+00 6.345537771859735443e+00
1.727190955785022464e+00 -2.770065560311082198e+00
3.973936676024659942e+00 5.169659266134421394e+00
2.341061438246987425e-01 -2.077119021972836155e+00
2.141614855449617549e-01 1.791882488378834681e+00
2.315297590735182487e-01 2.224894426265235037e+00
2.528217075781207801e-01 5.756392244237931166e-01
1.373658383505579561e+00 -1.728316199184085855e+00
3.997097464344775197e+00 4.986593775366657155e+00
7.122584680738106022e-02 -1.413066634335738980e+00
7.870393194626205124e-01 3.901168030951699617e+00
1.181509693171531178e-01 1.727285587286261082e-01
3.327444494405958686e+00 5.478284089407391200e+00
1.021526683556310378e+00 -2.679390642387526444e+00
8.180728275435164010e-01 -1.374334679146147209e-01
4.460199851256488657e+00 6.652182979821530395e+00
1.441329266154903088e+00 -3.336309533676754313e+00
3.080943831906687524e+00 4.218155741001266001e+00
1.113127887642728214e-01 -1.659248506850813820e+00
2.991619282406981828e+00 4.624017686424027218e+00
2.882470297430836381e-01 -1.865961837591748163e+00
1.925305258549442622e-01 1.148361843106530555e+00
3.019197836307702665e-01 2.971698352606478188e+00
4.748852572726872667e-01 -9.405875301578204839e-01
3.592237224501809045e+00 4.580069996442829527e+00
-3.031898881546680191e-01 -1.936797929475132241e-01
8.611091757480474618e-01 3.038599602526191656e+00
1.648885268896343348e+00 -2.478840559769125651e+00
4.772049326238151146e+00 5.209255184308577036e+00
5.530991802428644188e-01 -2.973362092968589110e+00
1.109028169502423555e+00 3.828868160715440006e+00
8.354548224166057080e-02 -2.665531509691924095e-01
3.202479646219411613e+00 5.260448163997939020e+00
5.258511371864743600e-01 -1.377074855214410531e+00
2.889703802879878491e+00 3.912245060627931537e+00
-2.312367266931762422e-01 -3.795865700563271772e-01
3.167734978274055480e-01 1.711205347202096258e-02
4.673325524345063875e-01 3.043431167953500438e+00
4.213529975683847351e-01 -1.045865914712008848e+00
4.990425286626153145e+00 5.718009551429393156e+00
5.838151100542178507e-02 -2.125343195468776702e+00
2.019532437483985809e+00 3.046066153490733175e+00
