6.059708466368706858e+00 8.311507056188666809e+00
-9.507500990612771652e-01 3.748991144219536942e+00
-3.040545095029785760e-01 1.061550006082359054e+00
3.108229420616772654e+00 6.724922716686602797e+00
7.976360532719387608e-01 6.857937015508202450e+00
3.260717184745218905e-02 5.345976996171383000e+00
-5.237863215660020222e-01 5.763411048364770473e-01
4.402759930801128263e+00 8.166081383140060268e+00
-2.846033932123605004e-01 5.765573201446275498e+00
2.104987925814948202e+00 6.627486729400216880e+00
-6.615360533343358496e-01 1.517725895856446572e+00
-3.331563891581729719e-01 -1.446146521304584875e-01
6.674180486628670472e+00 8.181805380343794454e+00
1.423015264231271670e+00 8.535691916794069911e+00
-3.265887559943286833e-01 -2.591350533156712377e+00
4.119277754162048999e-01 4.674239047024226323e+00
4.640090446729493445e-01 5.270519659254064848e+00
-3.403579901026547172e-01 1.675012795387384124e+00
3.632961026646532421e+00 7.318414395093633118e+00
1.811508827209002970e-01 5.982692245030373002e+00
-4.066564356677183079e-01 2.699927252345664996e+00
-3.055617851684533925e-01 2.532141799377013225e+00
8.744036914684852890e-01 5.301893508656878140e+00
1.477290994903165622e+00 6.059182305287731829e+00
-4.830016756398701205e-01 3.765774691015472353e+00
2.330115940660259621e+00 6.934627075401856189e+00
-6.508277307289929148e-01 3.195397430533303496e+00
8.314478795405114142e-02 3.624265855284737992e+00
-4.545775856476169663e-01 2.124098846948095254e+00
1.084850625496978083e+00 4.966358501456811680e+00
-4.898484166476694823e-01 7.720756912663212512e-01
-4.642110213162135013e-01 6.623954421971375295e-01
1.256745819097267347e+00 5.509637677090815089e+00
-1.679243683757608852e-01 4.258213191823043253e+00
-4.760918495976723119e-01 2.021048775947762444e+00
2.503367693874109623e+00 7.486132949235996037e+00
-9.279988680319987138e-01 -1.821870123953371889e-01
1.626581357513973813e+00 5.795150667291538937e+00
-4.467278853950533146e-01 3.437027162849399797e+00
1.579809536750579113e+00 5.458096136867187198e+00
1.279572050307311359e+00 5.576330255564840854e+00
-7.618546770240982591e-01 3.349547903505206148e-01
1.252464281150134917e-01 -2.418372066099221840e+00
3.437850642646730570e+00 3.955373125334135764e+00
2.036815881394574923e+00 6.691104775304443919e+00
-3.421976575057070202e-01 5.063562085201874119e+00
-2.675055455863795673e-01 2.553526348900209797e+00
2.067791103733697344e+00 6.443300174279847248e+00
-7.322616998731205917e-02 4.872966880913718768e+00
3.135477927258311093e-01 4.812500567913983396e+00
