4.381192617071212325e+00 8.661334602933610682e+00
4.251314685877868094e+00 -3.935335858803251430e+00
3.500719000927016378e+00 3.770030896388161690e+00
-1.477728911393833000e-01 -3.800495077358780338e-01
5.787212983824991941e-01 1.267920406667834288e-01
2.937283340538649146e+00 5.708826679422021932e+00
1.792339580341567151e+00 -2.624000288634127820e+00
3.808297652864860439e+00 5.314199468350483180e+00
6.901860878836716395e-01 -2.257632945102250766e+00
5.820882148039898674e+00 5.672625725272930630e+00
5.296265735593858742e-02 -2.104157667393516729e+00
6.847767951125145469e-01 -8.985137937769258065e-02
3.239502117644418089e+00 5.700952998527577975e+00
6.539340412152880866e-01 -1.722556676237908535e+00
3.677476305415460889e+00 6.766054862935638070e+00
1.604414247449563069e+00 -2.247908829956871024e+00
2.925130384661989158e+00 4.043513081763155270e+00
4.724268704092458859e-02 2.072598110361069779e+00
2.101974499832049315e+00 5.462278547728186773e+00
1.870034230953054433e+00 -2.256629708815724999e+00
3.217960195038176874e+00 3.733874253271901367e+00
-1.845542660530444523e-01 3.237909590424913886e-01
4.044464225188707296e+00 5.537808182084227759e+00
9.568777154518224304e-01 -2.621945908103734180e+00
2.238103012825688243e+00 3.384045911271887697e+00
-1.789145837445961507e-01 1.214190772978457900e-01
2.334283112308120245e+00 5.547464317000970091e+00
1.312724666006721996e+00 -2.187301631851747530e+00
3.033430548002653104e+00 4.467952396571655882e+00
1.848543336048260322e-01 -1.108978114337067389e+00
3.330396272873384245e+00 5.100550588553660170e+00
1.338774817974773379e+00 -2.690365046997130083e+00
3.128605510471285989e+00 4.147306799443297720e+00
2.407516877091291085e-01 -1.597111786431763880e+00
5.417826684789552871e-01 2.012483095570803737e+00
1.098047580142880841e+00 -1.615675835476293676e+00
4.964184359579443040e+00 6.278086710154580530e+00
1.465400770137897934e+00 -3.092422660520203426e+00
3.339551347595969943e+00 4.448402855496325969e+00
2.363361166868414021e-01 -1.157186720187524998e+00
3.911975699077108182e-01 1.455183205859852391e-01
2.329496266722874964e-01 1.803581724993712054e+00
1.206026024900139632e-01 1.830873228936782837e+00
2.292989186730285844e+00 4.860594218395960731e+00
6.685087994107263842e-01 2.653154773468953564e+00
2.010817426153766796e+00 -2.291628606606637586e+00
7.781303538847007539e-01 3.614011248697400092e+00
1.847051749581403446e-01 -1.836058490639286278e-01
3.942710112500775299e+00 6.951614498846271140e+00
2.623998081343732025e+00 -3.215035104249105657e+00
