8.123918636768486579e+00
-4.512732733096024518e+00
4.816660875227774419e+00
-1.829893618500388230e+00
5.521591270110812744e+00
-2.625934315887782589e+00
5.643208808437019997e+00
-2.760496290642665329e+00
5.434424062186322679e+00
-2.559957424817844718e+00
5.634149003531158328e+00
-2.758766392711939019e+00
5.456638418760030085e+00
-2.549474828658905956e+00
5.618672517715528336e+00
-2.754704447871676898e+00
5.471086687020364714e+00
-2.574715055601557889e+00
5.632182440821856595e+00
-2.755613813897539899e+00
5.476970725499754167e+00
-2.593448167271295901e+00
5.621361133155732048e+00
-2.712672079910865897e+00
5.486948292606675714e+00
-2.615090146373032720e+00
5.610085297936161730e+00
-2.713895345771164536e+00
5.515411031306461709e+00
-2.631499536599951838e+00
5.601699018418300646e+00
-2.717382781119462631e+00
5.518796035756613705e+00
-2.604509705993514501e+00
5.592037870024602952e+00
-2.720768476802318592e+00
5.519898314357676306e+00
-2.618484617415716809e+00
5.608541276258523389e+00
-2.724880857920769728e+00
5.519881173515646111e+00
-2.631661198689254633e+00
5.598996264838229209e+00
-2.685779396769926386e+00
5.517979116887357982e+00
-2.643689552908703888e+00
5.591328805818210235e+00
-2.690698532632305184e+00
5.544627662821579150e+00
-2.657691825167860955e+00
5.583210703526808594e+00
-2.695625830915173271e+00
5.542152381696610064e+00
-2.625386417058095834e+00
5.574165354235364411e+00
-2.700510180278177685e+00
5.538479187393407166e+00
-2.635585875196932992e+00
5.595348781511541247e+00
-2.708987163968648026e+00
5.536310611359276379e+00
-2.646439931589529504e+00
5.587941926329140330e+00
-2.671831667599488203e+00
5.534563927793943350e+00
-2.657405797701665850e+00
5.581656092714428752e+00
-2.678840468460695678e+00
5.556622345194769608e+00
-2.667300831475496015e+00
5.576135437422056640e+00
-2.686338171227004246e+00
5.552259937015462832e+00
-2.633165931503851809e+00
5.569267777800412489e+00
-2.693281651298791601e+00
5.545921874806774454e+00
-2.640813373820421361e+00
5.588086593985611472e+00
-2.700726529611614968e+00
5.541821765568138325e+00
-2.650180951374199623e+00
5.583260133926757796e+00
-2.665073935417898277e+00
5.539169801424105088e+00
-2.661062377834704229e+00
5.576695045959122687e+00
-2.671671587968122097e+00
5.561757562498133467e+00
-2.671689848839404302e+00
5.572879364163367377e+00
-2.680241614356273061e+00
5.558398621217044422e+00
-2.638356388977402212e+00
5.563391920191210538e+00
-2.685505796525148980e+00
5.554367581093478279e+00
-2.647345620895031892e+00
5.587078658891947214e+00
-2.695915900191730774e+00
5.549560692353241009e+00
-2.656105653165846459e+00
5.581512685833917686e+00
-2.660391154253435975e+00
5.547026309594463633e+00
-2.667027822911173907e+00
5.569635897182026341e+00
-2.663264068519830108e+00
5.571076863121338540e+00
-2.678948544574386137e+00
5.565289954415168161e+00
-2.671216557737139841e+00
5.566503879480510619e+00
-2.644914860533366330e+00
5.561780261713525242e+00
-2.680887505233254586e+00
5.560596170292986251e+00
-2.652216398856626967e+00
5.580507264593045136e+00
-2.687559602586468976e+00
5.556477430506308046e+00
-2.661961700040746059e+00
5.570789963588656413e+00
-2.649182558827217981e+00
5.554721545059591925e+00
-2.672207219317447535e+00
5.568820019204723692e+00
-2.660164767681701736e+00
5.571354126154868247e+00
-2.677339526162615613e+00
5.566959242252088380e+00
-2.670975319084538224e+00
5.566535023595361231e+00
-2.642887387912305819e+00
5.558356373844713261e+00
-2.676707121922934807e+00
5.559645754213974556e+00
-2.650311779772144938e+00
5.576714637740353808e+00
-2.683258736124175758e+00
5.559808547599611295e+00
-2.662250416790825192e+00
5.575478129256902449e+00
-2.651360861154253179e+00
5.553132239929619018e+00
-2.669386200026881983e+00
5.571729524674981171e+00
-2.660352317447922221e+00
5.574007934620475169e+00
-2.678474825879071819e+00
5.563438248361498140e+00
-2.666154934866424853e+00
5.569656184377917540e+00
-2.644086534666585386e+00
5.556696081537240595e+00
-2.673387078481026080e+00
5.565432935016376703e+00
-2.652789820571724633e+00
5.555516814735583786e+00
-2.684796222690392309e+00
5.558854436322576476e+00
-2.659758772163183238e+00
5.577156300671072486e+00
-2.694159898000023645e+00
5.553777693670019389e+00
-2.668553883212066324e+00
5.570879131796270478e+00
-2.657953329492494188e+00
5.550025222685516013e+00
-2.678156508070694386e+00
5.564132476861978205e+00
-2.664497686450782776e+00
5.570664082977932807e+00
-2.687391258108077885e+00
5.554981308503602833e+00
-2.670326432232974057e+00
5.564847364031399124e+00
-2.651063499868029805e+00
5.552770683771245608e+00
-2.681396316473402930e+00
5.557078595222822770e+00
-2.656702066258320727e+00
5.577922571880392866e+00
-2.693529410859603956e+00
5.553130141422632171e+00
-2.665643183147391237e+00
5.575697165031389346e+00
-2.661002130009512356e+00
5.545881053406001904e+00
-2.672208437726704133e+00
5.570404261822937464e+00
-2.669108242691851096e+00
5.566221777851188435e+00
-2.680662808984377143e+00
5.563278399833778032e+00
-2.675930762316570455e+00
5.563401235142354295e+00
-2.647235327357003065e+00
5.557298675439642288e+00
-2.683831016790689361e+00
5.557482948548590151e+00
-2.654848260556283535e+00
5.582169618614951645e+00
-2.695802878997851870e+00
5.550766453017154767e+00
-2.661683990794903032e+00
5.573241298696180124e+00
-2.658253599657720567e+00
5.546390669924601724e+00
-2.669887711973167654e+00
5.572139143045943932e+00
-2.669604317502907165e+00
5.566400784512926414e+00
-2.678974624343094302e+00
5.567341517943981799e+00
-2.677203539034764379e+00
5.564663152402686386e+00
-2.646837640186403107e+00
5.556662085393051953e+00
-2.681454992697779538e+00
5.559688968578993418e+00
-2.655103440877983001e+00
5.578626373879506772e+00
-2.691777512636884140e+00
5.552645870986173016e+00
-2.661403082920566376e+00
5.578649800487389676e+00
-2.660477683290496387e+00
5.545522338492093084e+00
-2.668334429837834865e+00
5.571490222575218532e+00
-2.667245970055544646e+00
5.566929163249897172e+00
-2.676924697989472968e+00
5.565586750867686838e+00
-2.675460764686394377e+00
5.560767976085417175e+00
-2.641874914051516310e+00
5.562425882400979127e+00
-2.685453871254772640e+00
5.556463899806662887e+00
-2.649700879163626954e+00
5.586378697254911430e+00
-2.696504696673435397e+00
5.548227611035760454e+00
-2.656119562657895283e+00
5.578821708868840545e+00
-2.659482282438168088e+00
5.545138366041964417e+00
-2.665970226417198496e+00
5.572629429230947729e+00
-2.667019158729805994e+00
5.566857399847711108e+00
-2.675221421175648207e+00
5.566782674125520636e+00
-2.675036820749626898e+00
5.561116469267036067e+00
-2.639844887978392229e+00
5.564048017579837691e+00
-2.684964065801915822e+00
5.554462425848102569e+00
-2.646937525381796608e+00
5.582943365027837501e+00
-2.692706731736278947e+00
5.550624970284594006e+00
-2.655787008478629474e+00
5.579905246459560431e+00
-2.659124046569072863e+00
5.545999028433012512e+00
-2.665198137355655028e+00
5.573489490861945228e+00
-2.665862504635795549e+00
5.567308407340697762e+00
-2.674422657151849236e+00
5.567911365759023568e+00
-2.673485774002408721e+00
5.559223257579950506e+00
-2.638686787093833086e+00
5.560793676550602527e+00
-2.679248412748567620e+00
5.563213912580125431e+00
-2.653695918317279023e+00
5.579852532969641565e+00
-2.686256672454464756e+00
5.559053587310134326e+00
-2.663213151929320510e+00
5.574240164683820886e+00
-2.650588157083588303e+00
5.554419716912708083e+00
-2.672452799122448930e+00
5.564822516064354296e+00
-2.655541301940026688e+00
5.575100053219626872e+00
-2.681045708535239491e+00
5.559305230496728534e+00
-2.663315102567215931e+00
5.572374024812059012e+00
-2.647789999002252426e+00
5.561146907900727854e+00
-2.677043670943068943e+00
5.565814026260744285e+00
-2.654419322096087885e+00
5.578251247537847846e+00
-2.683632281268751640e+00
5.557325593195201918e+00
-2.659823909872667258e+00
5.576121202566217683e+00
-2.650725066037833422e+00
5.554012355182379679e+00
-2.669616141000700438e+00
5.569871261502531645e+00
-2.659495874308325458e+00
5.549434191595539190e+00
-2.677662114626249146e+00
5.567021663936227327e+00
-2.668764666858201906e+00
5.565902935599475576e+00
-2.683251470995609900e+00
5.561089722708750571e+00
-2.676507346361097994e+00
5.562695337126624118e+00
-2.649850945320266771e+00
5.557768715976464158e+00
-2.686708372962636204e+00
5.558669256683113957e+00
-2.659064805684130395e+00
5.573432381431492111e+00
-2.690924553677963793e+00
5.554939613692088329e+00
-2.668165844569143630e+00
5.566493972914938304e+00
-2.655823900814074712e+00
5.544016516353832635e+00
-2.671079305803761628e+00
5.570310330783726727e+00
-2.670592016713668304e+00
5.564519621891141021e+00
-2.679909749620105863e+00
5.562450424173435160e+00
-2.676677693662962820e+00
5.561588444971960143e+00
-2.646639865204232667e+00
5.559586128432991714e+00
-2.686547270227881423e+00
5.556717397841310024e+00
-2.655398951403424412e+00
5.579508181154076318e+00
-2.695030659777884807e+00
5.550366891186694573e+00
-2.662448143772061737e+00
5.572852693886659381e+00
-2.658775798451005645e+00
5.546299984959086160e+00
-2.670992888476754867e+00
5.571390416297949955e+00
-2.669848964797948643e+00
5.567643608005532485e+00
-2.680684327452858895e+00
5.562832045586400653e+00
-2.675439007953496429e+00
5.561578909569417029e+00
-2.645390625209977919e+00
5.560194857856760819e+00
-2.685876990170699585e+00
5.555259039082075745e+00
-2.652184490157812657e+00
5.582818005440181253e+00
-2.696242288613824645e+00
5.548774927139965563e+00
-2.659388402480529656e+00
5.577773844623596489e+00
-2.661542862031515799e+00
5.545405652646595129e+00
-2.669111676130970334e+00
5.568976298847493567e+00
-2.666495424196666519e+00
5.566603794503473424e+00
-2.677674402171419832e+00
5.565700724602850258e+00
-2.676503428826698894e+00
5.561663055591958837e+00
-2.642716777695038211e+00
5.562963096262530271e+00
-2.686295687884699745e+00
5.553113309828807687e+00
-2.649748098417918474e+00
5.578799214181757726e+00
-2.690521744507102575e+00
5.553631895265146667e+00
-2.662466262254430394e+00
5.573099419034656776e+00
-2.654663580379371002e+00
5.548821590246670432e+00
-2.670881704415509983e+00
5.570322074631732789e+00
-2.664683313453307001e+00
5.572475503397919638e+00
-2.681882906179588577e+00
5.562269022563031129e+00
-2.670934430452716946e+00
5.565826004749028222e+00
-2.645923867253330286e+00
5.559988961873945534e+00
-2.680832788550999712e+00
5.559390396125973410e+00
-2.653528237246824517e+00
5.578089769955185240e+00
-2.687705083281672902e+00
5.556617534331422803e+00
-2.663663932016297142e+00
5.573649768156307971e+00
-2.652998769838511794e+00
5.554632148436000172e+00
-2.674063824276667667e+00
5.567921791743977167e+00
-2.661107918153536200e+00
5.574307115178033456e+00
-2.682909625718205682e+00
5.562010229182278387e+00
-2.667541165690381799e+00
5.570264818363735770e+00
-2.649151097245411091e+00
5.554253383369624153e+00
-2.673782819741216343e+00
5.565647242191344546e+00
-2.657908494221909557e+00
5.572214749292171199e+00
-2.680388997711318666e+00
5.563315528546609379e+00
-2.668009698029537802e+00
5.567250258855001910e+00
-2.645874818331151790e+00
5.557376451950502450e+00
-2.675276016929296841e+00
5.566711505086182399e+00
-2.657345122430386120e+00
5.576748470461900808e+00
-2.683078947987683094e+00
5.560520577700635236e+00
-2.665184758590240399e+00
5.569992040123505461e+00
-2.647196130550439008e+00
5.553252091728942297e+00
-2.671856420433414314e+00
5.567601058475576181e+00
-2.657044678788230918e+00
