7.993103635363905113e+00
8.632421020279941182e-01
-1.604871357594652714e+00
5.709227265847325761e+00
4.773626688986182920e+00
-3.312454765602471096e-01
5.815768171722852209e+00
1.479960454448853380e+00
4.195850307610177410e+00
3.631235168749370690e+00
4.013127062079448137e+00
3.707814282888061808e+00
3.946557103773548736e+00
3.702455755738255583e+00
3.933728670291650520e+00
3.722422762943818242e+00
3.925770702058548611e+00
3.740418912593571843e+00
3.917961821257898158e+00
3.759586672427739806e+00
3.909052477358843980e+00
3.777408714984642035e+00
3.905807079637012347e+00
3.791577736498956241e+00
3.865780358555395591e+00
3.774939346606150270e+00
3.862878971691410701e+00
3.786522195754919995e+00
3.862070805875879920e+00
3.797017931712903138e+00
3.864187964898087913e+00
3.805190954723562946e+00
3.864648768050766847e+00
3.817847376426779960e+00
3.866372532752951230e+00
3.823504617988558785e+00
3.871665053744815843e+00
3.795703106894661172e+00
3.843545734393392088e+00
3.799199310860517542e+00
3.849561509613834698e+00
3.805371066448786976e+00
3.854535879472702486e+00
3.810671264572417005e+00
3.857923500924194116e+00
3.820088789814662267e+00
3.863072096449620130e+00
3.824807198574169398e+00
3.866615899814230595e+00
3.798958601070224539e+00
3.833301055033484950e+00
3.809612745182447746e+00
3.834826723197565013e+00
3.817472941296827127e+00
3.840000072965638722e+00
3.821507200237650004e+00
3.846705916776325118e+00
3.828753834419883262e+00
3.848679337827729530e+00
3.836398765053259385e+00
3.853154703305738948e+00
3.841653834917195365e+00
3.826149985757705263e+00
3.810830475798478556e+00
3.833492076389442893e+00
3.817069452869350954e+00
3.838795500467921507e+00
3.823229464033017777e+00
3.840894922269495915e+00
3.830774255775726722e+00
3.847006299694908371e+00
3.835170616062797855e+00
3.853302212169209540e+00
3.840869965544273068e+00
3.824817212770922570e+00
3.813396173247519449e+00
3.826907613156239840e+00
3.819117221158901287e+00
3.835826118017435338e+00
3.821290165272838379e+00
3.840412553421555852e+00
3.831206221862016204e+00
3.842062061829954356e+00
3.841574780106104647e+00
3.838934650842775742e+00
3.855562854944432516e+00
3.805617563271581183e+00
3.828342178454895883e+00
3.810862999078817204e+00
3.833596528016173899e+00
3.818470317078856535e+00
3.836873035868689996e+00
3.822344266462498030e+00
3.848256146205994099e+00
3.823781754701604196e+00
3.841856871179930799e+00
3.851046452770754414e+00
3.831201986656025849e+00
3.867730050346563253e+00
3.796689258476495965e+00
3.841631376884370841e+00
3.798920622378399337e+00
3.849077833054576736e+00
3.804006187740139211e+00
3.854777508394984231e+00
3.807543912026536859e+00
3.863252751965086329e+00
3.813472774657007847e+00
3.863999007343918102e+00
3.825571339619350475e+00
3.865460109348632933e+00
3.799235673822650927e+00
3.837108189313500617e+00
3.804239162158487009e+00
3.840550712640267150e+00
3.810546199878259710e+00
3.846822614901120652e+00
3.815810440543283111e+00
3.850411175784023143e+00
3.823793194062481415e+00
3.854734858290755906e+00
3.831070821517186253e+00
3.857931640375576343e+00
3.838142655853176599e+00
3.826885623513262669e+00
3.809591692944650720e+00
3.836308471158849542e+00
3.812323575883197702e+00
3.841474037399001062e+00
3.819959519274853221e+00
3.845963489907673782e+00
3.825261070613803494e+00
3.851289204605845118e+00
3.831887809222841668e+00
3.854341798063351643e+00
3.837320610451612879e+00
3.827515146578898797e+00
3.809402422804693877e+00
3.831342074509380691e+00
3.816420232279488012e+00
3.833942798851153633e+00
3.823823831435069653e+00
3.840163024012350323e+00
3.828778010536899146e+00
3.843849578909594111e+00
3.837161007075905683e+00
3.849223992796209526e+00
3.839550902326110737e+00
3.856859931925647800e+00
3.811327996402179341e+00
3.826940920550350178e+00
3.818268187382520384e+00
3.832098814599080860e+00
3.822984462905691938e+00
3.838633570550378238e+00
3.827761314700015127e+00
3.843563554773965940e+00
3.833322432154192327e+00
3.849370541589004269e+00
3.839824293609650052e+00
3.851879609702006491e+00
3.815376072077558689e+00
3.821844058835646596e+00
3.817373127402168276e+00
3.834868308095074063e+00
3.814914967126782575e+00
3.844799572967158241e+00
3.820112745555468425e+00
3.847366718941243491e+00
3.828227402534750912e+00
3.849235903933601044e+00
3.838726991857525750e+00
3.852219385326853374e+00
3.811375975085824486e+00
3.821641888270022491e+00
3.816531890750426204e+00
3.829520301723411624e+00
3.820358476018089089e+00
3.838508406733489586e+00
3.820887217388956092e+00
3.846210225538874372e+00
3.827866798284734084e+00
3.849519072551910615e+00
3.834367061796633447e+00
3.854065718498281612e+00
3.842632861402083932e+00
3.822315808035470663e+00
3.814228003168569803e+00
3.827871213160360497e+00
3.819557424289750092e+00
3.834732627007859662e+00
3.824486598846929208e+00
3.840960418508334140e+00
3.829394495600612736e+00
3.846227243432230658e+00
3.834288975763781693e+00
3.853405597517930214e+00
3.838572463741961371e+00
3.824266975481667608e+00
3.812275834911724726e+00
3.827608734350321562e+00
3.819394357881906288e+00
3.830236182923962396e+00
3.828234519326501051e+00
3.832772251972621280e+00
3.835810519432954813e+00
3.835477469888727509e+00
3.844986797589313721e+00
3.838865359087125562e+00
3.852389230074616311e+00
3.840325452259067074e+00
3.828009110380252267e+00
3.809848295909562754e+00
3.833955029748326027e+00
3.816273810278452139e+00
3.838449030572748555e+00
3.823527409356735518e+00
3.839909216591806285e+00
3.832050427328121511e+00
3.844203445301867195e+00
3.835660726812756494e+00
3.852744025006991535e+00
3.838181362031880539e+00
3.826536548434230411e+00
3.808468080710393444e+00
3.830553878612654728e+00
3.818430345654623803e+00
3.833645590125575708e+00
3.824985509099468661e+00
3.837448337560359413e+00
3.832068859312844467e+00
3.841854354629605339e+00
3.837875251008156852e+00
3.847464081159868599e+00
3.842378706725693149e+00
3.854716354901117192e+00
3.812632410921672488e+00
3.826975607024824644e+00
3.817696112105151585e+00
3.832390682381390246e+00
3.822471701185617743e+00
3.839579509575902883e+00
3.826535296291532884e+00
3.845108826558680803e+00
3.833452742454775741e+00
3.849001332922335816e+00
3.839539540240545445e+00
3.853257391053722891e+00
3.811735089870927240e+00
3.824546821949822206e+00
3.819071895238716596e+00
3.827340238747788170e+00
3.825107637713695219e+00
3.834414534794739371e+00
3.830344322017539049e+00
3.838422220642438543e+00
3.837103618612206724e+00
3.843660826532980579e+00
3.841677890865191625e+00
3.849955877109849656e+00
3.813582248024299570e+00
3.819326717484098133e+00
3.822023311937575940e+00
3.822395207758602531e+00
3.826541737617248806e+00
3.828157349254614150e+00
3.835675344014902954e+00
3.828220342409070387e+00
3.846932908546824681e+00
3.830954666102353467e+00
3.853091838464696828e+00
3.835052220474294060e+00
3.860542832026057525e+00
3.805527261304010533e+00
3.830460083735920396e+00
3.812236243344210962e+00
3.833747258331677621e+00
3.822680407906414946e+00
3.836541375319121538e+00
3.828694874932966563e+00
3.840686239889648412e+00
3.836410112101597658e+00
3.845098307496782830e+00
3.841289743005787738e+00
3.849345983838052820e+00
3.814404920276661670e+00
3.819992179419097855e+00
3.821592818833158489e+00
3.824590946157701676e+00
3.827055688081395957e+00
3.829294894803433547e+00
3.834282501743734528e+00
3.833210144074591597e+00
3.842344188774000635e+00
3.827246044235758315e+00
3.860736053705913218e+00
3.829527850724939064e+00
3.864149191340595202e+00
3.801440797716697073e+00
3.837797438074503464e+00
3.806972222552252649e+00
3.840395278393027745e+00
3.813959303432635561e+00
3.846063496860705477e+00
3.823313164016231891e+00
3.845589524543088888e+00
3.829738299003824675e+00
3.852977712681015632e+00
3.835855250831809560e+00
3.857008430361003271e+00
3.808159706784408627e+00
3.826905091686593430e+00
3.815434267441449645e+00
3.831066163674370806e+00
3.822168419753221524e+00
3.834610295217599329e+00
3.826676608486512254e+00
3.843432394655549089e+00
3.831351124820547405e+00
3.848876072880204724e+00
3.837668151169130404e+00
3.851002035348674024e+00
3.846507213604160480e+00
3.818113108482242168e+00
3.824407592390444588e+00
3.817757565480912163e+00
3.831123980419195885e+00
3.824884470547018189e+00
3.835913366584371875e+00
3.831888058144167886e+00
3.841167584980145211e+00
3.836174727575634158e+00
3.845592146844973858e+00
3.842176545602765447e+00
3.851630419973074648e+00
3.812109272122456094e+00
3.824494268704530686e+00
3.817141132181125940e+00
3.829160429355252138e+00
3.823940767301383659e+00
3.833021332241151935e+00
3.832845024845711102e+00
3.836321459992583005e+00
3.840400358805275527e+00
3.839797412751464467e+00
3.846384638220300634e+00
3.847302640378439609e+00
3.815406443328464459e+00
3.818491549597496704e+00
3.822635224025706435e+00
3.820906551525550032e+00
3.831177007174741078e+00
3.825995331449462800e+00
3.835374246385668151e+00
3.831769438079989598e+00
3.840998538575420174e+00
3.838481455598030667e+00
3.845453950782692587e+00
3.842730285473908936e+00
3.853928290255259625e+00
3.809793296618324554e+00
3.829486418858767838e+00
3.813536558960396672e+00
3.834564394715111568e+00
3.820092278690851995e+00
3.838197995428165310e+00
3.827064751996428704e+00
3.842331159562955012e+00
3.834941706660087490e+00
3.844467200394452000e+00
3.844368541240163584e+00
3.847586771911130299e+00
3.817266964629991488e+00
3.819805878336815841e+00
3.819946120565283820e+00
3.826939611317292211e+00
3.826474237912295351e+00
3.829604518070695462e+00
3.833387870224294947e+00
3.833683935237724327e+00
3.841303979679874470e+00
3.838794634208165135e+00
3.845735965262629730e+00
3.844935674253164848e+00
3.850117846014637468e+00
3.817188001149827592e+00
3.822580744334062253e+00
3.821455909957518937e+00
3.827586895009436940e+00
3.826981211825842166e+00
3.833797022238743857e+00
3.832040250648288460e+00
3.838899983878470312e+00
3.839057421074508536e+00
3.841968889098273721e+00
3.844281552026148852e+00
3.849807860634647305e+00
3.813555882221836058e+00
3.823370022316409766e+00
3.818126257249507383e+00
3.828348635014046319e+00
3.825169212814706121e+00
3.831018416735348708e+00
3.832229327000489238e+00
3.837783169213384138e+00
3.834917701912861965e+00
3.846607332374896160e+00
3.838848626892814142e+00
3.852075351419661953e+00
3.843474116980143407e+00
3.825226164428847664e+00
3.812569998555691786e+00
3.831852365226171564e+00
3.816182425700172853e+00
3.840469858935644520e+00
3.820954131216622418e+00
3.846024343847647575e+00
3.826257278403805806e+00
3.848632303595362458e+00
3.836829077521477060e+00
3.849783379421975571e+00
3.846778346966049700e+00
3.816339554349415408e+00
3.821259581970957608e+00
3.820199139493542617e+00
3.825636397266570121e+00
3.829425928560167502e+00
3.827786048060672908e+00
