7.756953932421022380e+00
7.430718021123562167e+00
-3.046244877142864294e+00
6.108540056229278647e+00
5.461978555746867414e+00
3.760142598261783764e+00
5.247076219586056745e+00
4.749169410790411661e+00
4.576761337315343958e+00
4.828954875563236548e+00
4.726976121658818641e+00
4.707888593185566073e+00
4.762484503586475348e+00
4.723037427982239578e+00
4.745192250935388323e+00
4.732035635158707620e+00
4.745577944319440356e+00
4.730988671486771935e+00
4.750038640937924939e+00
4.731072059233029314e+00
4.750329414887668911e+00
4.732489646545362305e+00
4.751386122121564526e+00
4.735395529799419023e+00
4.750199426545308690e+00
4.736491906430956966e+00
4.718391291294715906e+00
4.739586838611285380e+00
4.721902018549082314e+00
4.736692022446689521e+00
4.726533995712929759e+00
4.736721153511592952e+00
4.726369381642502532e+00
4.741383494228496254e+00
4.721898026944936433e+00
4.745644730498295161e+00
4.724215564252111754e+00
4.744276125545479061e+00
4.729412880551318921e+00
4.744089286908493186e+00
4.727717111629232249e+00
4.748382397413477563e+00
4.728690478333900771e+00
4.747971074447731255e+00
4.731311162016069716e+00
4.748697615203733235e+00
4.733492169847941078e+00
4.748458278203059990e+00
4.734852833988421494e+00
4.750190281303882323e+00
4.736671408611007550e+00
4.752364433228003726e+00
4.736554667620864301e+00
4.719797949530179615e+00
4.738249993409808347e+00
4.722215009810556197e+00
4.737806629272581560e+00
4.725395812874826795e+00
4.738975018106647674e+00
4.726559267778648099e+00
4.741990583555319994e+00
4.724227260602070544e+00
4.745578988186319513e+00
4.727442454752401879e+00
4.742679361624618117e+00
4.728709900111573106e+00
4.744103033453045626e+00
4.729552322128041553e+00
4.746848190139028034e+00
4.732900273476568387e+00
4.743574496850825106e+00
4.733728301324576115e+00
4.750353918691695654e+00
4.731315890185367579e+00
4.753149629431061562e+00
4.732200918050691207e+00
4.750884866163958442e+00
4.736457725511201033e+00
4.749618013280234585e+00
4.741025311343045168e+00
4.719672581388520527e+00
4.739514224813431653e+00
4.723792284034646016e+00
4.736743889951427811e+00
4.726972367417655363e+00
4.738461786535213882e+00
4.724399608662496419e+00
4.743769179674900194e+00
4.726201770702039617e+00
4.742999369605449544e+00
4.728305633508784744e+00
4.742997430548830273e+00
4.728960712214583140e+00
4.746102038719275384e+00
4.730507519615109402e+00
4.746556525407103599e+00
4.730904723831562464e+00
4.749426541399298429e+00
4.730897099740362322e+00
4.749074557450830625e+00
4.736817977796677681e+00
4.751619329824731786e+00
4.731265175014518931e+00
4.754902629734261588e+00
4.735526020548464388e+00
4.720798987815308045e+00
4.737334167221194825e+00
4.722234006700004372e+00
4.737591881356653545e+00
4.724666774873748309e+00
4.737704044941835058e+00
4.726100727821742176e+00
4.740990391615198973e+00
4.724630971843216898e+00
4.743076758332747112e+00
4.725805912634971406e+00
4.743227049760987413e+00
4.730185150276336792e+00
4.743439340261052628e+00
4.728076289367523444e+00
4.750571368088173152e+00
4.727350264164648763e+00
4.747302206779240308e+00
4.733603344617712594e+00
4.746988616677814576e+00
4.734580030405348694e+00
4.748163367351837749e+00
4.734574610943430351e+00
4.750515279068181052e+00
4.736929644879162460e+00
4.749857710017811208e+00
4.736744258708389665e+00
4.720370553075841080e+00
4.739071601464489802e+00
4.720422181665962391e+00
4.741157320507406681e+00
4.722538521423233604e+00
4.740145918164869521e+00
4.724454778141261357e+00
4.743419450212055466e+00
4.721188030166710625e+00
4.747139566404084299e+00
4.726358658931710366e+00
4.741941294128021234e+00
4.731251848681989003e+00
4.742729192425353624e+00
4.730940704521017892e+00
4.747326102206146814e+00
4.728720299216995215e+00
4.748671030094475221e+00
4.732555009944545255e+00
4.746843957391697622e+00
4.737127739432218654e+00
4.748835298728677046e+00
4.731828921574829039e+00
4.755163581382402249e+00
4.733250651962470634e+00
4.753754174885239436e+00
4.736663559661807632e+00
4.722082084238865107e+00
4.740094115110180084e+00
4.721477541009331702e+00
4.738506299870458349e+00
4.725705465509477676e+00
4.737004629170822767e+00
4.726970997151466847e+00
4.740777054696833304e+00
4.726694016760914607e+00
4.744116551097381063e+00
4.727087368127259381e+00
4.744350357652920458e+00
4.727840454362602252e+00
4.746307085765084643e+00
4.731934156924369361e+00
4.745548058863506391e+00
4.732192413973291600e+00
4.745739348075355579e+00
4.735172589281287259e+00
4.747124111024072945e+00
4.736244954660255857e+00
4.750526186462807665e+00
4.733562671757485241e+00
4.749646018121093327e+00
4.737347597416427192e+00
4.721834622168771034e+00
4.736313366201648556e+00
4.722589882826381924e+00
4.737221375568318571e+00
4.722360849041315589e+00
4.740597340101522228e+00
4.725588188888834473e+00
4.740685305915391723e+00
4.722325620434007831e+00
4.747453431289224035e+00
4.724268978356279902e+00
4.743609576138832828e+00
4.727449718466779416e+00
4.744479911539921879e+00
4.730809061078387501e+00
4.745985384151190090e+00
4.729497058525573117e+00
4.748763150313495274e+00
4.730451549875324346e+00
4.747817363226077170e+00
4.733891421207702344e+00
4.749076182915640487e+00
4.733529280394431993e+00
4.750314845691876009e+00
4.736626192110334088e+00
4.749850592180641762e+00
4.739522974551843681e+00
4.718587723011978596e+00
4.738889015176731334e+00
4.722488716553010946e+00
4.738463690692871211e+00
4.724618086755905111e+00
4.739282013401001414e+00
4.726144349621345775e+00
4.741527035601346363e+00
4.722391447205990467e+00
4.747966035341364410e+00
4.725254543109736360e+00
4.739141868801755919e+00
4.735173508186009350e+00
4.739828848281515405e+00
4.730967580071530065e+00
4.746477448616563066e+00
4.727902397074431384e+00
4.751604471435412869e+00
4.731000564218872384e+00
4.748171537896203276e+00
4.735131958810251618e+00
4.748479540820559563e+00
4.735496207771452859e+00
4.750724272339782672e+00
4.734355223139834479e+00
4.752407678885083087e+00
4.737540031550022235e+00
4.722668730354912192e+00
4.736761842245936549e+00
4.723936334326715780e+00
4.738420994008628817e+00
4.719911993377809090e+00
4.746479704897256013e+00
4.722510724721547426e+00
4.741885294790048277e+00
4.727917179772297196e+00
4.742751409874260915e+00
4.728029717857896053e+00
4.744358840086359663e+00
4.727508123877389501e+00
4.747990197723901851e+00
4.727948169790582078e+00
4.748109942503545788e+00
4.730113824101385589e+00
4.747186543196263209e+00
4.735045164958418873e+00
4.747672799456391424e+00
4.732517058240755858e+00
4.752654075549915369e+00
4.730811959741211936e+00
4.756768331264241034e+00
4.733961996490389623e+00
4.720610877286958385e+00
4.737401380414302032e+00
4.723727394490874865e+00
4.736559061481680821e+00
4.723888606461903450e+00
4.738428463648988398e+00
4.725630358100414874e+00
4.740270133815005948e+00
4.725077274504334568e+00
4.744329191534916390e+00
4.726320323034080673e+00
4.743879745312712615e+00
4.727914146458727984e+00
4.743628413028210922e+00
4.728005229118432240e+00
4.746480718915986330e+00
4.729981382264164758e+00
4.747906740498192946e+00
4.732470437859624290e+00
4.748118183303911444e+00
4.733841723019455827e+00
4.746654045892207741e+00
4.737021726183384018e+00
4.749613654790191042e+00
4.734730017779471112e+00
4.752217222719993472e+00
4.737707926615119192e+00
4.719711011149818169e+00
4.737038501686453351e+00
4.723292094944642194e+00
4.738844530495247120e+00
4.723611510373634914e+00
4.740215754391781999e+00
4.724714169478096970e+00
4.741476081304879742e+00
4.727321695265535695e+00
4.740784256757700987e+00
4.728571751308893845e+00
4.744086920894576842e+00
4.726710602883838597e+00
4.746944151931348443e+00
4.728287014104121333e+00
4.742270057481413836e+00
4.736178508922849417e+00
4.746196810853945180e+00
4.732646396337287342e+00
4.746683507023078619e+00
4.735269678224305778e+00
4.749247584000588773e+00
4.733747310105150596e+00
4.750334825799658489e+00
4.736880976026473178e+00
4.752295672634899049e+00
4.736859185372019887e+00
4.721866889394785716e+00
4.736437152120497984e+00
4.724145313773645327e+00
4.736229084665263933e+00
4.725897451008989947e+00
4.740251480173602872e+00
4.725893123370861204e+00
4.742400228128209605e+00
4.726257965981679909e+00
4.744052889732839340e+00
4.726270190965343510e+00
4.744473698361536762e+00
4.725349888131574083e+00
4.749941017990284564e+00
4.727974956752791336e+00
4.745430662048169879e+00
4.732261589943418834e+00
4.748574889394590492e+00
4.730484785403613834e+00
4.750254998128163209e+00
4.733735636943370295e+00
4.749005502321683281e+00
4.737216892971791715e+00
4.749948686472105663e+00
4.734685035552103294e+00
4.723936068204135807e+00
4.739712096796720786e+00
4.718492635698054549e+00
4.738846607122763288e+00
4.724611932832269545e+00
4.738619752580921052e+00
4.722433116476171477e+00
4.743264584385571858e+00
4.723491833758574288e+00
4.741185985408624681e+00
4.729044266085405290e+00
4.742208085074741675e+00
4.728936298297830021e+00
4.743179005172843965e+00
4.730420920899177872e+00
4.744282691832230725e+00
4.729971826899530996e+00
4.748609367654351487e+00
4.730529173681601307e+00
4.747686323897578831e+00
4.734181116004259060e+00
4.748875028910773288e+00
4.733612063345813858e+00
4.750290523504264506e+00
4.736982876459867597e+00
4.750829044023070935e+00
4.735712771888104911e+00
4.722951244515100733e+00
4.738300817345580285e+00
4.720670608864111273e+00
4.738773505817451159e+00
4.724402517132690882e+00
4.738404328158790868e+00
4.725704828584377459e+00
4.742038530726780721e+00
4.726287877805069648e+00
4.742051353079190790e+00
4.728600603370545663e+00
4.743555252595069049e+00
4.724982410478628658e+00
4.745974521306079552e+00
4.732054503107587351e+00
4.745355462884141673e+00
4.728383214887049490e+00
4.750394347710477305e+00
4.729897230235323491e+00
4.749864999990370151e+00
4.731670826234275040e+00
4.752530488029187872e+00
4.733765047320000363e+00
4.751406222778333799e+00
4.736720088387411209e+00
4.749335774745824246e+00
4.739740441594612719e+00
4.720968425347783715e+00
4.738145704958835580e+00
4.722116629240003860e+00
4.738466012236193237e+00
4.723903877029128395e+00
4.740664692084392229e+00
4.725923693273226256e+00
4.740248367565607523e+00
4.728882772667271084e+00
4.741446302850461869e+00
4.728451129046902679e+00
4.743207053974123788e+00
4.730254026810670531e+00
