7.995567331187775295e+00
-3.493886418980604702e+00
3.392651055611088040e+00
-1.976738441033950799e+00
5.108504016078676990e+00
-2.277175680487291576e+00
3.307775943241181071e+00
-1.783464988489725789e+00
4.818990059371300205e+00
-2.355714859652456639e+00
2.648748806126770994e+00
-4.869356438834777645e-01
4.414027329476114758e+00
-1.705121045562650650e+00
4.201709094659003441e+00
-2.252789331869739620e+00
2.099945881054090080e+00
2.167304336675992982e+00
7.581228652203781948e-01
4.250193518464292275e+00
-1.604199648629450081e+00
4.295247238628737918e+00
-2.290409369747521851e+00
2.109417270178134185e+00
2.160253477390329024e+00
8.033897878893931921e-01
4.201278225096414687e+00
-1.577930361666545656e+00
4.317143733388263627e+00
-2.299083859243223671e+00
2.111997706012857634e+00
2.154778201614377053e+00
8.469970287421032529e-01
4.160313828098842315e+00
-1.555551197826069876e+00
4.333881288840582435e+00
-2.304837349403314306e+00
2.118269846805771017e+00
2.145360014488227662e+00
9.155030991898248649e-01
4.088460749643252790e+00
-1.517758426731900645e+00
4.359026430370135152e+00
-2.312572401820445656e+00
2.131093183136430813e+00
2.117065788893063960e+00
1.090320714701534577e+00
3.885559128938437468e+00
-1.415123107109225620e+00
4.423896696914122906e+00
-2.331564975454356592e+00
2.169744951190301308e+00
2.016393798066516307e+00
1.580866679009173437e+00
3.144328441488577930e+00
-1.080828808645498684e+00
4.565895254114070489e+00
-2.348038921213899233e+00
2.351631276083116617e+00
1.254215225808535061e+00
2.900495175394835368e+00
-9.606358578992226782e-01
4.577299466367783509e+00
-2.351687642151842006e+00
2.403190219920510629e+00
1.023723704864122341e+00
3.249904058078147528e+00
-1.120619776661415878e+00
4.554245755607385426e+00
-2.369480111565441138e+00
2.297415509767263053e+00
1.480648313161833096e+00
2.703223647571588728e+00
-9.001716635817784695e-01
4.601945240836391449e+00
-2.325561940576680087e+00
2.442530204257197468e+00
6.076786027879272911e-01
3.579815484555488148e+00
-1.243745346193835255e+00
4.483116234351077978e+00
-2.347165332102217228e+00
2.234162653654675701e+00
1.761581093904901252e+00
2.155153146626841654e+00
1.036256354647559164e+00
3.940455783926826161e+00
-1.434329074838935014e+00
4.411868891621687716e+00
-2.320877556948217624e+00
2.130321177578748948e+00
2.050959339966090145e+00
1.498733397021830172e+00
3.320688364703211715e+00
-1.147089395956933267e+00
4.547441559899842112e+00
-2.343649974955226423e+00
2.277958394852114488e+00
1.496064433994484411e+00
2.621196947808443589e+00
-8.436445054446950476e-01
4.596969233691089229e+00
-2.332126775327274082e+00
2.487117461045039946e+00
4.437109143219621910e-01
3.675910117754459527e+00
-1.303630458264243730e+00
4.477255755066122944e+00
-2.354198215032170083e+00
2.200075355650324749e+00
1.917372187639274639e+00
1.973920473851399349e+00
2.025350847208380323e+00
1.867246978976523364e+00
2.480298752212267921e+00
-8.132608412638301365e-01
5.023498809459826298e+00
-2.404506862455993765e+00
2.791337455201246875e+00
-1.136296144485643422e+00
4.804911672065325767e+00
-1.928800836151279618e+00
3.926647171122362501e+00
-2.132036470105461046e+00
2.147543863739454828e+00
2.006464955660089089e+00
1.642388519630652244e+00
2.996642168517706928e+00
-9.870413400298878592e-01
4.579267791868110393e+00
-2.350449001564283158e+00
2.385559611152788584e+00
1.032260330227510625e+00
3.120216829189953245e+00
-1.057146912910383207e+00
4.574793710678176417e+00
-2.361057095663504413e+00
2.339985206281424368e+00
1.317968856098643116e+00
2.908822053317887679e+00
-9.860037158671330904e-01
4.589169989829398943e+00
-2.328578889010588071e+00
2.383475344795945805e+00
9.972573817552194964e-01
3.241392432873145601e+00
-1.124382916169878843e+00
4.548256787168403648e+00
-2.345866038480703519e+00
2.325286727776342044e+00
1.394729438270323030e+00
2.729848700491628755e+00
-8.921537937347927549e-01
4.587723206827580391e+00
-2.342519102517696794e+00
2.452384896864611363e+00
7.547759801945598257e-01
3.516386238808262288e+00
-1.237041705747832898e+00
4.508156970885681680e+00
-2.365218084528513565e+00
2.232175059858260369e+00
1.772347296810789841e+00
2.257329327270903185e+00
3.170559948250052940e-01
4.584500876106798017e+00
-1.775633551467096893e+00
4.116586136081878955e+00
-2.231423923529626041e+00
2.081931327681078692e+00
2.210186227598534003e+00
6.068535696381971434e-01
4.361917841960084807e+00
-1.642114129393528188e+00
4.239490320825380465e+00
-2.282771495534845485e+00
2.084568504981993087e+00
2.215935447308887252e+00
5.559093488891162504e-01
4.410117268721031714e+00
-1.669985018051163062e+00
4.215196181276553489e+00
-2.273073088829528743e+00
2.081286793796746526e+00
2.220218016144274831e+00
5.212393899940060971e-01
4.440234198500293772e+00
-1.687335414790559929e+00
4.199210032329500741e+00
-2.266238080468074845e+00
2.081080785037952019e+00
2.219798873910214354e+00
5.255927509748223869e-01
4.436611012795737885e+00
-1.685228447330450852e+00
4.201301812696875082e+00
-2.267050417593168277e+00
2.081261159597226573e+00
2.219790993446983052e+00
5.264784364914988357e-01
4.445779543471266138e+00
-1.690262004793765982e+00
4.196932171905396025e+00
-2.265087114622283071e+00
2.081151225299630259e+00
2.219923048123284115e+00
5.261151734223753484e-01
4.436473835287855216e+00
-1.685112084778042307e+00
4.201453904182866239e+00
-2.266979861760367143e+00
2.081337445180632351e+00
2.220025572495313071e+00
5.259579394429130250e-01
4.437646185104407337e+00
-1.685505081374674807e+00
4.201972892363198930e+00
-2.267169149194912414e+00
2.080339307959429895e+00
2.222883478296822091e+00
5.029910128502516065e-01
4.457773293882990373e+00
-1.697421507172244048e+00
4.189593756581989403e+00
-2.261579785720448044e+00
2.081410809157009378e+00
2.216197449804869546e+00
5.624296781735629303e-01
4.404206262481076273e+00
-1.666109418618303861e+00
4.217814307606955637e+00
-2.273360157239160184e+00
2.082371088644446200e+00
2.220447752194396163e+00
5.239821226124565801e-01
4.441285471207940816e+00
-1.687514645543563674e+00
4.199533352354096749e+00
-2.265811614861352297e+00
2.080588189414884326e+00
2.222299943510546605e+00
5.097737283806071940e-01
4.454537586724176101e+00
-1.694851068855891540e+00
4.192866389074215938e+00
-2.262979482071828308e+00
2.080798012831082566e+00
2.221642272492406534e+00
5.164571515536782176e-01
4.443804692286564162e+00
-1.689205242503677429e+00
4.197513265389591020e+00
-2.264838921676539218e+00
2.081219319116038413e+00
2.221569437919647783e+00
5.176029947265690101e-01
4.445882449502616574e+00
-1.689966062270466196e+00
4.193678965569528572e+00
-2.262147639842272184e+00
2.085750372471217862e+00
2.212030988654084762e+00
5.988111474535608991e-01
4.371738148275000846e+00
-1.646889190534556402e+00
4.233344992859582767e+00
-2.278820919356455033e+00
2.085799706644103857e+00
2.215568714862438338e+00
5.691704237923960186e-01
4.401030647853326094e+00
-1.663374088415696450e+00
4.220835568514809566e+00
-2.273971632809151266e+00
2.083350562451522059e+00
2.219467264022316311e+00
5.370345607810638189e-01
4.429979821611995661e+00
-1.679923314904617326e+00
4.205715977584195464e+00
-2.267569274154106473e+00
2.082895789602677628e+00
2.219775662376125780e+00
5.355405672064603717e-01
4.433510995581864123e+00
-1.681800059562618133e+00
4.205332800755111400e+00
-2.267705680011828484e+00
2.080908549414560493e+00
2.221232099167861129e+00
5.257122448016957605e-01
4.438410684373743642e+00
-1.684901792326200631e+00
4.202339234275156876e+00
-2.266394998320898857e+00
2.080771288243366435e+00
2.223150745194676148e+00
5.093236238923812831e-01
4.454867396855507700e+00
-1.694510751606508769e+00
4.193502284023719717e+00
-2.262569710463369965e+00
2.080718869999682141e+00
2.224083235367546152e+00
5.016422495895859202e-01
4.461412580682218021e+00
-1.698297267577997705e+00
4.190079541120296014e+00
-2.261047810932589108e+00
2.080557389490951703e+00
2.223583442671029253e+00
5.072023824592140073e-01
4.456980553649966481e+00
-1.695455476217882396e+00
4.193163687847545340e+00
-2.262485846595628125e+00
2.079468886674883610e+00
2.225264957478616079e+00
4.940385856179951851e-01
4.470214363019406001e+00
-1.702909699802495069e+00
4.185050390884728522e+00
-2.258760923318770431e+00
2.081258702734698041e+00
2.222194971828701071e+00
5.204772557665584554e-01
4.446616654043993755e+00
-1.689063190811177062e+00
4.197681824282293306e+00
-2.263864886813057531e+00
2.082014763591868434e+00
2.221549989658490709e+00
5.266339565913172871e-01
4.441399971782327150e+00
-1.685907172208805482e+00
4.200977414518590969e+00
-2.265098072521434247e+00
2.081614577384213849e+00
2.222552574869417263e+00
5.189376112787336126e-01
4.447555020941209136e+00
-1.689579205885375135e+00
4.195591066924149182e+00
-2.262263905472591041e+00
2.083860531319836618e+00
2.218401021792956396e+00
5.543356682898853416e-01
4.418516268163069860e+00
-1.672346272971465098e+00
4.212822128960652002e+00
-2.269736835906416950e+00
2.082983185106110913e+00
2.221135150821406778e+00
5.325771314132207168e-01
4.436273498134012172e+00
-1.682788853067468615e+00
4.204138636923273609e+00
-2.266513911912134027e+00
2.080643820254048482e+00
2.225423290432764656e+00
4.973549822524601094e-01
4.466805943701491977e+00
-1.700837049575813165e+00
4.185961169095522294e+00
-2.258141836050969964e+00
2.083041362587987333e+00
2.220271337954321300e+00
5.410378229643683090e-01
4.429866618847833948e+00
-1.678701696638219332e+00
4.207678491489757810e+00
-2.267512102538154384e+00
2.082218506742273156e+00
2.222729747594140548e+00
5.211952760108654603e-01
4.447137588328392788e+00
-1.688732207883005820e+00
4.198227466208662939e+00
-2.263459314242494358e+00
2.082104498364433898e+00
2.223243885878371628e+00
5.179507466759463163e-01
4.450052610151374211e+00
-1.690455503599393339e+00
4.197277965112232501e+00
-2.263156205167203616e+00
2.081310049434730303e+00
2.223931630384751834e+00
5.131915371964361761e-01
4.456124730090632369e+00
-1.693718961315558769e+00
4.193139970546567064e+00
-2.261104903358993390e+00
2.082687818508445865e+00
2.220804065422152362e+00
5.406279194200883653e-01
4.433443416002289084e+00
-1.680306760925457832e+00
4.205658383726026628e+00
-2.266144711500798881e+00
2.082856529624177888e+00
2.222540447761934601e+00
5.259887367831949101e-01
4.441333469014603352e+00
-1.685672881447061400e+00
4.200134025368233104e+00
-2.263908350883150344e+00
2.082879117029584393e+00
2.223801618200100361e+00
5.152391324891290036e-01
4.456033529165342344e+00
-1.693567545898275739e+00
4.193040862648976130e+00
-2.260730695864197060e+00
2.082926636112385044e+00
2.221977929539545205e+00
5.327309577711825117e-01
4.438479027529962373e+00
-1.683104552622262329e+00
4.202388343482594379e+00
-2.264524457275155722e+00
2.083411499574606474e+00
2.220918989545943134e+00
5.423538024876085606e-01
4.429523457862787339e+00
-1.677888645442585203e+00
4.207129043487633169e+00
-2.266416903448436049e+00
2.083824332144661007e+00
2.221383633855125606e+00
5.384674867498944195e-01
4.431649419341623819e+00
-1.679047220774236404e+00
4.207016260330457946e+00
-2.266439002642906875e+00
2.082471709237494029e+00
2.221680437329358604e+00
5.385065812065369384e-01
4.431569209691753386e+00
-1.678668676848082297e+00
4.206576215280376729e+00
-2.266027945926904597e+00
2.083883891080755113e+00
2.222305389463299363e+00
5.318360459772824012e-01
4.437372798246777883e+00
-1.682667255812160700e+00
4.201677931490661599e+00
-2.263509925473485840e+00
2.084814737463926537e+00
2.219709821232719538e+00
5.550942991237666213e-01
4.419515027959509013e+00
-1.671481264627360908e+00
4.213279133906806528e+00
-2.268553105607673093e+00
2.083891786947708713e+00
2.219699544128743707e+00
5.574836241404509396e-01
4.418146668526799381e+00
-1.670476747283374586e+00
4.214803393929276609e+00
-2.269449686068116812e+00
2.083040157813366378e+00
2.224573706168598175e+00
5.153791244498564517e-01
4.455948134037829966e+00
-1.692712471444252076e+00
4.194499201021717916e+00
-2.260754999476500160e+00
2.082787805380214685e+00
2.224765810603596794e+00
5.143827994571478213e-01
4.457104129782867297e+00
-1.693138816137831570e+00
4.192380098819184830e+00
-2.259378278877765212e+00
2.084942956348902143e+00
2.219666047927814745e+00
5.584144960044451489e-01
4.418044451893893942e+00
-1.669967465345057356e+00
4.214163024274260927e+00
-2.268494722131535912e+00
2.084827737476713683e+00
2.221836805581836050e+00
5.407241062193826053e-01
4.432121430749241142e+00
-1.679109377962054506e+00
4.205689831697641878e+00
-2.264903413528037035e+00
2.083846877188900493e+00
2.221792105693823238e+00
5.427473061848918645e-01
4.431473278181236708e+00
-1.677924675648871933e+00
4.205087647868566592e+00
-2.264045443838128335e+00
2.086709505728699288e+00
2.217795578190488115e+00
5.762715904499140507e-01
4.401568066236045240e+00
-1.660549083103657786e+00
