8.167024659176483681e+00
-4.174766819809558882e+00
2.802229282517195497e+00
3.151942925014788788e+00
-1.032063542771934905e+00
5.465764157921901401e+00
-2.685383993217817178e+00
2.587962193680380274e+00
3.261845176692372839e+00
-1.153127303637278667e+00
5.401316931700276491e+00
-2.720912398293178214e+00
2.690175261546788210e+00
3.478414921460569520e+00
-1.215214970116604398e+00
4.188743453978789333e+00
-1.569333019672599416e+00
4.302850583120402916e+00
-1.751815863534589734e+00
3.434864296042389409e+00
2.211973234301630065e+00
1.350884532673390481e+00
4.466805736816773731e+00
-1.827218474660795788e+00
3.356221110754507020e+00
2.597505262018275474e+00
6.025088989239271164e-01
4.978835686650671555e+00
-2.140239226832937103e+00
2.822329856254677694e+00
3.422994762050385553e+00
-1.181649343117527007e+00
4.315518248700792370e+00
-2.080665668167267945e+00
4.638033511568123046e+00
-1.917531199242081374e+00
3.120431295324218368e+00
3.074879396372714346e+00
-9.230800087686616973e-01
5.467408259645839763e+00
-2.672350045014757924e+00
2.780092381969742288e+00
3.005560018887666107e+00
-2.288399981052527954e-01
5.279655800329682513e+00
-2.385551025648412704e+00
2.294408224227007853e+00
3.838528984539849809e+00
-1.423023548897549784e+00
3.939332791058153926e+00
-2.550924149299691468e-01
3.471966824788933259e+00
-1.283634822770159944e+00
5.163825760493996775e+00
-2.685380310492036848e+00
4.813930954347036106e+00
-2.597390477617555593e+00
5.361876736495338136e+00
-2.652798752814578442e+00
2.546491972107068680e+00
3.292606086864145798e+00
-1.178256573080650682e+00
5.330139933055383139e+00
-2.733920694740328727e+00
3.640901826753481174e+00
1.206449287908053503e+00
2.627305752383857218e+00
2.399984398897186288e+00
2.952320615836719231e+00
6.858184312447385134e-01
4.823020401193296891e+00
-2.015594822597569724e+00
3.028565687342221757e+00
3.209392137626438490e+00
-1.111566314117381049e+00
5.280947590110764089e+00
-2.745499218543026920e+00
4.059181307066400457e+00
-1.236842297127798584e+00
4.058343303138968849e+00
-1.610706880921539241e+00
3.619881107828786693e+00
1.441698494148061727e+00
2.346496475746497890e+00
3.106750491065111586e+00
-4.334606998399991862e-01
5.321699862645463242e+00
-2.409366355014320948e+00
2.209386862173530641e+00
3.908992308707024410e+00
-1.450490066938035838e+00
3.862804436417619947e+00
-8.080740175975940909e-02
3.239597653364395313e+00
-1.103568444259337422e+00
5.456750682510620898e+00
-2.637892898224118099e+00
3.021927174140945471e+00
2.589810496012664665e+00
2.080363807112062258e+00
3.636845026247233381e+00
-1.367589131649660228e+00
3.937551203675925038e+00
-3.565305677880426516e-01
3.546529990267649701e+00
-1.326208525095156299e+00
4.809206027248345450e+00
-2.575282883664806288e+00
5.384284889398362139e+00
-2.569037531215427883e+00
3.017535519335686978e+00
2.544177267048614688e+00
2.119699617720594453e+00
3.531576250445684906e+00
-1.333011557844484773e+00
4.566134435074594933e+00
-2.498910171019022020e+00
5.162733310679305632e+00
-2.327778765633537361e+00
2.360401214891794552e+00
3.786071006204194678e+00
-1.392920337510492823e+00
3.981180995400989353e+00
-5.079143601068756286e-01
3.612526293633680829e+00
-1.353906551464336250e+00
4.420668447706138871e+00
-2.331230053113039880e+00
4.858243484710432547e+00
-2.116401841846092147e+00
2.833255908290821967e+00
3.371253733258249063e+00
-1.185325630977470457e+00
4.555329351677084304e+00
-2.496056520314413607e+00
5.141487138058027817e+00
-2.310651313005328333e+00
2.402760018076414816e+00
3.754771661940790484e+00
-1.375101722110975810e+00
4.007281681238573867e+00
-6.614665325568405141e-01
3.703629080934126350e+00
-1.400613987132674820e+00
3.866780123405348490e+00
1.601705247237423801e-01
3.262612112002349019e+00
-1.181166012997752368e+00
5.457604584657941516e+00
-2.675803877009014897e+00
2.731776665322575681e+00
3.067077967151046636e+00
-6.082487317470218757e-01
5.397922165954429197e+00
-2.514633609507926693e+00
3.227598471458541063e+00
1.219942059452079786e+00
3.765153821920623756e+00
-1.432500502112893148e+00
3.851192530832943106e+00
2.024751423912110604e-01
3.222866243676969500e+00
-8.844466578026242143e-01
5.450720058918286703e+00
-2.551224389896685985e+00
3.269873969094404309e+00
1.209656708271321213e+00
3.537926328938169718e+00
-1.347064884703934151e+00
4.626760731686246686e+00
-2.528635643586446768e+00
5.249050888666140224e+00
-2.412664102676743916e+00
2.445620561885553101e+00
3.415567195671269651e+00
-1.229278290578529775e+00
4.943363040128460284e+00
-2.635218723360196247e+00
5.332348901992046919e+00
-2.660941796327032094e+00
2.654211062972560597e+00
3.517669199341935560e+00
-1.227649479406132116e+00
4.143636847372132337e+00
-1.613646111398433947e+00
4.200275472991863879e+00
-1.702485675763180106e+00
3.500441531477129331e+00
1.967710535214931555e+00
1.803267844247192997e+00
4.060508017009813564e+00
-1.589755300984811770e+00
3.679181564001088311e+00
1.159871349056703416e+00
2.545274945581984305e+00
2.617375350059751415e+00
2.380061424747841770e+00
3.009219045284200700e+00
2.914534388360331407e-01
5.031473172574739472e+00
-2.158790226209204022e+00
2.732094417040268564e+00
3.464650180482164554e+00
-1.240975260289640669e+00
4.186184934013123637e+00
-1.751156291481274607e+00
4.310448926521162960e+00
-1.756680507013453241e+00
3.420019510913698380e+00
2.357461361653382603e+00
1.182969030826154233e+00
4.627720695653853689e+00
-1.906861506975604081e+00
3.224391535175760826e+00
2.992801191384062420e+00
-4.839817488541779955e-01
5.430068682165166472e+00
-2.519258180465187458e+00
3.300095898352918944e+00
1.084745652677042926e+00
3.837675630277925354e+00
-1.502864947542816410e+00
3.778200024845507876e+00
4.210210270162980106e-01
2.982744454688368574e+00
3.829809099896788194e-01
4.913289082989210854e+00
-2.106342101629385510e+00
2.886345820420186392e+00
3.350085761574902232e+00
-1.153303583723815917e+00
4.763081928140425525e+00
-2.568219286273742519e+00
5.361883507978002505e+00
-2.533720070356194398e+00
3.254212021101871688e+00
1.641921775756799651e+00
3.317032803328122448e+00
-1.226959732638543299e+00
5.441748187094601619e+00
-2.711536923808710586e+00
2.645412157865783875e+00
3.072046218102316040e+00
-5.916384881992221567e-01
5.383703967921537270e+00
-2.499504817672088208e+00
3.137238087755998883e+00
1.616302583598844933e+00
3.498431599948655712e+00
-1.302252153384329647e+00
4.920704664863806421e+00
-2.625095649204935544e+00
5.351651376388666392e+00
-2.650834169378979421e+00
2.733329623755295312e+00
2.915562254228702965e+00
6.082672539554976332e-01
4.830558145685580840e+00
-2.067878077975830564e+00
2.971140976553358293e+00
3.247492419639092187e+00
-1.119573273375428890e+00
5.189197440017905727e+00
-2.722395567596872290e+00
4.672427888558184250e+00
-2.521595091671485545e+00
5.334523905061132609e+00
-2.501870360340527899e+00
3.295678784647484871e+00
1.084846777943282436e+00
3.797988578456717335e+00
-1.440856024609920905e+00
3.836596604562082735e+00
3.533179758054643127e-01
3.158281543517110546e+00
-6.350936569454077585e-01
5.325810370286326645e+00
-2.458347040627224978e+00
2.498943464389584701e+00
3.284912429198686645e+00
-1.183984093466708964e+00
5.365238629128907810e+00
-2.735347687425334406e+00
3.189093442865788219e+00
2.927151500506184778e+00
-1.331256459741489429e-01
5.302254006466829317e+00
-2.392830696917420674e+00
2.266280384802830561e+00
3.867407895442731114e+00
-1.429736097331298694e+00
3.923295617223995002e+00
-8.881077304728091093e-02
3.367990448299464479e+00
-1.280690220651935940e+00
5.352127260684469867e+00
-2.742674210215944264e+00
3.233786811962702679e+00
2.795145668665899752e+00
2.266479576922421080e-01
5.139236443477158467e+00
-2.268055675286362316e+00
2.570269076748925574e+00
3.632389616824673872e+00
-1.303151996382470035e+00
4.101700524471580067e+00
-1.184981385959100741e+00
4.016551153948791253e+00
-1.563591150583893530e+00
3.669584788944053599e+00
1.323919989465085933e+00
2.479337078819367601e+00
2.708178310926461219e+00
1.952274598155708141e+00
3.712304934843803750e+00
-1.425286924354979945e+00
3.878919727814863272e+00
-1.297944286660634994e-01
3.347515917543943509e+00
-1.250101002899232316e+00
5.415388071740422582e+00
-2.718182316998104753e+00
2.295173179297338883e+00
3.787344196132583107e+00
-1.398699751528251323e+00
3.959569567406514778e+00
-3.671951065713532358e-01
3.546736130998377590e+00
-1.317659995322374655e+00
4.843922533476333392e+00
-2.623379317004336908e+00
5.367342899019274860e+00
-2.629291276444607028e+00
2.808850617636870606e+00
2.951726684089340580e+00
1.004866749958588379e-01
5.135998533941064537e+00
-2.269414873240464203e+00
2.566126570177975630e+00
3.632984990660204971e+00
-1.305834877831363983e+00
4.098698765716424219e+00
-1.182188433548708284e+00
4.007639700413970552e+00
-1.561408732620095163e+00
3.672588580955643778e+00
1.292584649660118101e+00
2.531699800952488033e+00
2.660711989887412976e+00
2.146332009119469753e+00
3.427937274768147358e+00
-1.288624677065037138e+00
5.104687156511137580e+00
-2.704299796174108206e+00
4.977841464043449626e+00
-2.637291466799831063e+00
5.189306506315986667e+00
-2.679460627531251138e+00
4.320789959488699594e+00
-2.187151690358817735e+00
4.752689149263995994e+00
-2.004901951447701780e+00
3.011656632215776952e+00
3.239268896128576269e+00
-1.080052910291802393e+00
5.302460236725783815e+00
-2.752947317255156179e+00
4.020043694176918869e+00
-1.102946141560869897e+00
3.954484911565213423e+00
-1.566088210370686573e+00
3.682196456048393962e+00
1.023225789772900907e+00
2.611606345018774533e+00
2.408324982507216827e+00
2.895956683760172901e+00
9.800488966450111583e-01
4.613848237572877764e+00
-1.897446307704824919e+00
3.234420529723039728e+00
2.979614939122769979e+00
-4.201036578458856030e-01
5.414720939466548089e+00
-2.496998764745529620e+00
3.243500396418663723e+00
1.127551470160080394e+00
3.748896795178649821e+00
-1.454377702989298360e+00
3.835997041193499602e+00
9.046015240119009704e-02
3.203496504513309251e+00
-9.331106213604333233e-01
5.435562632648663239e+00
-2.570005409178373945e+00
3.287498899796768015e+00
1.269581550100526757e+00
3.576790676876285158e+00
-1.338138500968531819e+00
4.486661523363265403e+00
-2.435918335597129225e+00
5.026047395938890716e+00
-2.188822522611878263e+00
2.649831870524094413e+00
3.554028033473797699e+00
-1.293165330170277905e+00
4.125657951066362017e+00
-1.485550531149557152e+00
4.123697143510996810e+00
-1.654111772046586104e+00
3.563620446817727938e+00
1.691330781485965051e+00
2.130015044108275024e+00
3.576496298721516087e+00
-1.336859420475879467e+00
4.308704639272734838e+00
-2.101105618667193919e+00
4.634371007944461773e+00
-1.925982612804403971e+00
3.142353925483146071e+00
3.108029903084150725e+00
-8.607030152470283024e-01
5.463992153380188732e+00
-2.682730109189482626e+00
2.748310512337475586e+00
3.035312564490501686e+00
-4.722673533957960634e-01
5.350478579796957845e+00
-2.467669323812022419e+00
2.769976773556510175e+00
2.781350368026691999e+00
1.464196000006888987e+00
4.308877368875044134e+00
-1.720231459383646300e+00
3.498961110368275840e+00
2.120353930079275084e+00
1.691232065304623111e+00
4.236356712870284369e+00
-1.662253605726288219e+00
3.574199323373525861e+00
1.858066871564637790e+00
2.041678675364492435e+00
3.691173928994402331e+00
-1.417738716792616538e+00
3.890490819518879650e+00
-2.307546687138848363e-01
3.395856588655525421e+00
-1.277440161822417375e+00
5.322221200452809775e+00
-2.732811907723877276e+00
3.696442536786988420e+00
8.954569025109367919e-01
2.837459398233099783e+00
1.512421957244328485e+00
4.217068777935727653e+00
-1.658043602573302300e+00
3.577737710276262639e+00
1.813115889575016348e+00
2.115785028455614114e+00
3.631297460111121644e+00
-1.392011095894582162e+00
3.921671287749812773e+00
-4.455628142721580476e-01
3.516026620309416817e+00
-1.339482669208714505e+00
4.871071828716724283e+00
-2.623718754933431985e+00
5.366307437106572209e+00
-2.643009987556620199e+00
2.540979634233201168e+00
3.319633157678352653e+00
-1.175012857105923736e+00
5.296771297310023385e+00
