8.152345540191001660e+00
-4.030601195434972972e+00
3.603303716988896621e+00
-1.658672028567646395e+00
5.192173506710465070e+00
-2.331173178233006738e+00
2.598628084263715277e+00
3.132254889133983422e+00
-1.061600032701321528e+00
4.616222451846795138e+00
-2.477927608665044801e+00
4.993225560302296806e+00
-2.575082078103372307e+00
2.610733657169251209e+00
2.997656544300458581e+00
-1.011129904101769617e+00
5.256337588015620454e+00
-2.647055929167470900e+00
2.647896814839865609e+00
2.624542306882051257e+00
1.077881679385310099e+00
4.466111398410324895e+00
-1.784976060295239142e+00
3.554040010541457129e+00
-2.740283290779197412e-01
3.550875660188231198e+00
-1.330371953488987513e+00
4.077980791486385925e+00
-2.219679039958422528e+00
5.057408526816477234e+00
-2.221181881432850336e+00
2.807015091575617127e+00
2.901916676391638639e+00
-7.946205423642005439e-01
5.392057048458894108e+00
-2.564197763848659051e+00
3.073864661689605260e+00
2.632668422840580558e-01
4.462346917111811528e+00
-1.813693095124768728e+00
3.550246310199166810e+00
-1.625097075788524137e-01
3.526835095455984614e+00
-1.303674650103411770e+00
4.072395417693918773e+00
-2.215750002771870619e+00
5.089101550323515077e+00
-2.231305314712252130e+00
2.773084036594961166e+00
2.926816476170780223e+00
-9.278260919659677697e-01
5.372849380931125296e+00
-2.656351979385351392e+00
3.224949346534966566e+00
-1.721785080634196108e-01
4.439296599449230385e+00
-1.787350018868055557e+00
3.546999062052205165e+00
-2.080142041095283112e-01
3.566857646416969008e+00
-1.324168964944182125e+00
4.050974647971509413e+00
-2.232719770239770529e+00
5.043082388010377670e+00
-2.216409547299191818e+00
2.869085712482219552e+00
2.829658974514259739e+00
-6.010253652415384895e-01
5.362814400895087985e+00
-2.488536920781975859e+00
2.292149339696803345e+00
3.447259747094273852e+00
-1.244391027681567286e+00
4.238035871800228449e+00
-2.318899467590775476e+00
5.274064415941393413e+00
-2.426109266236890605e+00
2.333869926194599209e+00
3.386026143363724650e+00
-1.198798551053162909e+00
4.280966441814795687e+00
-2.326198502591516615e+00
5.282497504852624814e+00
-2.460274593551086575e+00
2.211670240773776719e+00
3.512228118291629730e+00
-1.253899204130149325e+00
4.193313404167551717e+00
-2.284828079405322843e+00
5.229421025397327227e+00
-2.371121469048427688e+00
2.449236588823642702e+00
3.271095107241045685e+00
-1.130080757011023840e+00
4.315453126680315776e+00
-2.327701745278411671e+00
5.314686499417447862e+00
-2.531682761328372777e+00
2.794955296822362545e+00
1.889890104288776573e+00
3.109334116136158066e+00
-1.101863417677856560e+00
5.279228910082876425e+00
-2.645659191553220158e+00
2.793030599973664430e+00
2.267143929990472095e+00
2.273786735831984096e+00
2.765862057453170930e+00
3.557685654515568840e-01
4.902671197754189691e+00
-2.096555634922977251e+00
3.141724715147055313e+00
1.997981459254192904e+00
1.770180361771306332e+00
3.854143981509153161e+00
-1.481276306466880133e+00
3.955824598472180487e+00
-2.054985865438481163e+00
4.810303850521814084e+00
-2.030220708276332608e+00
3.167628943331560976e+00
1.863011898987805059e+00
2.027628488906012993e+00
3.386299754278490504e+00
-1.229122040468205723e+00
4.162927090426273402e+00
-2.265249202846229881e+00
5.217029778801375528e+00
-2.360764286508846510e+00
2.479753813165798793e+00
3.232880887507209255e+00
-1.114479151528170675e+00
4.331176653745487215e+00
-2.337446055176285675e+00
5.316781897187341066e+00
-2.548942670795609544e+00
3.026590662829943046e+00
5.228664082295184645e-01
4.254764414695197949e+00
-1.672362080558996489e+00
3.695345773539740808e+00
-9.876266123919172912e-01
4.075959007716991600e+00
-1.577996854901148494e+00
3.780902886500459470e+00
-1.467147660192684278e+00
4.343735973856811761e+00
-1.743657021236528326e+00
3.617572646268745640e+00
-4.845327919168332942e-01
3.741327433545887704e+00
-1.413650162609161320e+00
3.963371363355488342e+00
-2.022928027184409672e+00
4.855600954919804479e+00
-2.077252801809148508e+00
3.127984276074208481e+00
2.086888370780850988e+00
1.614969140603553566e+00
3.970607558339540599e+00
-1.530961105283554780e+00
3.900865345385246208e+00
-1.861499832573856539e+00
4.626986007916441324e+00
-1.918608018724535569e+00
3.336728038692248877e+00
1.065448237859867309e+00
2.744290731807132566e+00
5.571722228988390535e-01
4.706585278057099586e+00
-1.951987958287974667e+00
3.361737434251936829e+00
9.702078084837137961e-01
2.734475095966050873e+00
6.165876640972657308e-01
4.713218458111065878e+00
-1.938951919610565344e+00
3.334720612866657774e+00
9.852232100607020149e-01
2.678815650486416455e+00
1.141403443769714254e+00
4.315796525619397528e+00
-1.703646737879747297e+00
3.665362024895252979e+00
-8.352507226992211820e-01
3.970389766593487302e+00
-1.523678796620666187e+00
3.843934744210642851e+00
-1.736978877980756009e+00
4.534261654025892874e+00
-1.859144302799340176e+00
3.462653410985474967e+00
4.037584986624672134e-01
3.155657187591176971e+00
-1.136520773135239359e+00
5.063321070714274619e+00
-2.613121376610475721e+00
2.448161639327200323e+00
3.186231123686829925e+00
-1.096775810975089804e+00
4.332284550343451279e+00
-2.332048703039035331e+00
5.318295273637576592e+00
-2.551705712793594039e+00
3.088802288079068425e+00
1.737687135383366166e-01
4.470324573948864177e+00
-1.792591748327227119e+00
3.539733145736947417e+00
-9.642687746273481686e-02
3.524857999107429585e+00
-1.334448148212667551e+00
4.077478531946923113e+00
-2.236618929014264623e+00
5.089411014444843673e+00
-2.243234545901995780e+00
2.776413194965924092e+00
2.918670272562163603e+00
-9.070652217971398867e-01
5.404877123313743148e+00
-2.613815543461009749e+00
3.267899141298121535e+00
-6.854400776970368536e-01
4.841034449154949293e+00
-2.034021600220046189e+00
3.169755315617335256e+00
1.817534905290830061e+00
1.976149394923051528e+00
3.507123185092877460e+00
-1.279270676243841276e+00
4.114731960611893946e+00
-2.264775736402865558e+00
5.144892584861246121e+00
-2.300606204985920833e+00
2.692556650757764292e+00
3.041419712077551463e+00
-1.037215477846999079e+00
5.097509000649888655e+00
-2.646939410850694507e+00
2.206232405201733471e+00
3.454412480164924748e+00
-1.256147820643400692e+00
4.209398086446908493e+00
-2.300774062836416167e+00
5.252460709382697601e+00
-2.395057182098359494e+00
2.416505438400133432e+00
3.310113166383332750e+00
-1.156191193159174846e+00
4.322005037815311645e+00
-2.341662306092998858e+00
5.304638717745095100e+00
-2.501398904172886350e+00
2.612283595642134415e+00
2.526203852018719331e+00
1.922034043680152626e+00
3.531734537754326997e+00
-1.297184304400904598e+00
4.097631541800152988e+00
-2.218836217728640037e+00
5.118094344856788602e+00
-2.282217546957217902e+00
2.736838317675723609e+00
2.983929705036652003e+00
-1.015056690151678431e+00
5.286560081980249848e+00
-2.672790634225348683e+00
2.759717514721006903e+00
2.444553875567003765e+00
1.969803900249171402e+00
3.423544121166875343e+00
-1.260623687442307128e+00
4.162754183372194383e+00
-2.266794769815522859e+00
5.186917959509614207e+00
-2.343579002025326652e+00
2.539248618413052050e+00
3.194511098717127240e+00
-1.090619415128845748e+00
4.354928341953717918e+00
-2.359373571078054344e+00
5.309839682202736277e+00
-2.544680065723796236e+00
3.233541592851441493e+00
-6.417532065490861859e-01
4.835617383103732791e+00
-2.042401926485665875e+00
3.207048943018665277e+00
1.779486396070064425e+00
2.067925685363155353e+00
3.275180916902284967e+00
-1.187141165982742663e+00
4.251111418061721103e+00
-2.302758215938399911e+00
5.278594566711446667e+00
-2.450264081143636918e+00
2.244573251266972047e+00
3.483926435263452248e+00
-1.237534758575114635e+00
4.209857692625297076e+00
-2.291891109964198314e+00
5.245950831864830910e+00
-2.390820742759794726e+00
2.394841332870909500e+00
3.324815238134017914e+00
-1.157311951517599358e+00
4.290047191741933830e+00
-2.316389694723008041e+00
5.306921659240106059e+00
-2.505511264598595744e+00
2.148865579400428771e+00
3.562267689280549821e+00
-1.273578409318877780e+00
4.160386220879717989e+00
-2.285992994332144423e+00
5.189056895070618403e+00
-2.335607418639992439e+00
2.572318162703940203e+00
3.141938556510746050e+00
-1.078995691176015015e+00
4.514748493419062925e+00
-2.434293853348223902e+00
5.206017879922104186e+00
-2.611051525406587359e+00
2.870459421390871402e+00
2.030598429775236635e+00
2.717952296756359853e+00
7.210200799156259999e-01
4.606314882500369912e+00
-1.888446343931680760e+00
3.454052812025841135e+00
4.479989613603241883e-01
3.101646339151792553e+00
-1.116080443166149516e+00
5.249281219405429688e+00
-2.642990924252301088e+00
2.648027338167658673e+00
2.621530494965165659e+00
1.110080313446004219e+00
4.441649562002014662e+00
-1.769497567512223313e+00
3.573311346089488083e+00
-3.798805893845611514e-01
3.622354120072524886e+00
-1.364176620784399052e+00
4.043867277563427010e+00
-2.187987956469967354e+00
4.990627770410186237e+00
-2.166381412241231263e+00
2.914091864172434487e+00
2.754552646182506503e+00
-9.111481365566842516e-02
5.192538619234499997e+00
-2.298060568342655152e+00
2.701968571415442888e+00
3.034813882956632014e+00
-1.006102359943506386e+00
5.173184505034906344e+00
-2.643562666351114920e+00
2.607038590570749825e+00
2.612512708363519121e+00
1.420699694834416382e+00
4.147219860986918860e+00
-1.609884374763655979e+00
3.774167369174078246e+00
-1.465879141851885503e+00
4.306671534832091197e+00
-1.731396519060638184e+00
3.636154637183075078e+00
-6.475714633064189041e-01
3.819627272884604352e+00
-1.461743119650698031e+00
3.916144448350264540e+00
-1.920511673896152072e+00
4.746866892550975159e+00
-2.011501713816597814e+00
3.243257532549045141e+00
1.509249870113007930e+00
2.308846524792264265e+00
2.716593873203237308e+00
6.840281288008043248e-01
4.647075019266414309e+00
-1.913158240997483661e+00
3.419312616674330396e+00
6.502497792700016044e-01
2.960080619604828822e+00
-8.406794808174484768e-01
5.374450481924072598e+00
-2.507007861592021047e+00
2.138460857308237095e+00
3.557320187828200808e+00
-1.287760040211528789e+00
4.152673573745179425e+00
-2.255877973699879302e+00
5.179583802983227514e+00
-2.346095269673550199e+00
2.597173271088406565e+00
3.129509021463660723e+00
-1.049247115523370910e+00
4.521367669577228909e+00
-2.453017208158958073e+00
5.203656406138923884e+00
-2.623512029440841609e+00
2.808734778664173870e+00
2.316777524130800625e+00
2.261685411188332662e+00
2.772433566296157004e+00
3.907812447489301677e-01
4.866054537685855941e+00
-2.038721679772106832e+00
3.188678988967766248e+00
1.818027039035324366e+00
2.080630046571241287e+00
3.279095311726439643e+00
-1.173542562286554070e+00
4.269466097165667051e+00
-2.309452329097497980e+00
5.304172917210067340e+00
-2.514899315522012735e+00
2.136774818945653909e+00
3.560954277745809193e+00
-1.283751163985346277e+00
4.153024749012677930e+00
-2.292578198308817594e+00
5.180919552094108482e+00
-2.339056485506495697e+00
2.608660422054699168e+00
3.125592551739483582e+00
-1.081593565693929504e+00
4.581684185808162724e+00
-2.473374559069088985e+00
5.112922294698454273e+00
-2.612482762700035988e+00
2.611757735048489515e+00
2.664711499316370524e+00
9.036136339008814522e-01
4.574535336383865669e+00
-1.855290904740858338e+00
3.469373270764487316e+00
2.774797824056788320e-01
3.255441891837794532e+00
-1.173737177270288479e+00
4.463492701531374784e+00
-2.427745548166862388e+00
5.266641665672525008e+00
-2.617135350960132278e+00
3.104289337401751059e+00
7.969019244155706172e-01
3.791220481864852943e+00
-1.435154521016850371e+00
3.953425369746064177e+00
-2.005013197670932890e+00
4.823449253738571585e+00
-2.058766987361475564e+00
3.159259984570679691e+00
1.935554930154312236e+00
1.914852954282358022e+00
3.652831847095668216e+00
-1.374410283768142893e+00
4.060582258927876609e+00
-2.220072746624110582e+00
5.039899975982105040e+00
-2.193198168233358558e+00
2.870081487913777707e+00
2.813152309980750498e+00
-4.170525631677881595e-01
5.327647637462652241e+00
-2.418562198193694446e+00
2.427128077010580309e+00
3.310338252082581700e+00
-1.152411868339129786e+00
4.299328339270264365e+00
-2.339674327312966096e+00
5.300615128533095799e+00
-2.497984221883581935e+00
2.636070035595150074e+00
2.436454335997273901e+00
2.120334426013560591e+00
3.158465148333625905e+00
