8.007936892958845476e+00
-3.535917346562490238e+00
3.297961926317019010e+00
-1.926360295893004393e+00
5.027081111160230265e+00
-2.167525797269580945e+00
3.592962666979258923e+00
-1.963824193351614067e+00
3.932226407747200447e+00
-2.054961202340912951e+00
2.528876052234213745e+00
2.000467668205340166e-01
3.953678202899173932e+00
-1.460735752946594745e+00
4.374433921777768575e+00
-2.336557429734036351e+00
2.091673721003632469e+00
2.239524671973541547e+00
2.765205388314286861e-01
4.681469752780158089e+00
-1.857137506575250674e+00
4.017343368578765173e+00
-2.178373192636552602e+00
2.398190629144283381e+00
1.987179904908233652e-01
4.397631951682161144e+00
-1.685243365730904053e+00
4.181232965896068521e+00
-2.249835629011755600e+00
2.422187746461556657e+00
1.825086073871950987e-02
4.544804537976142811e+00
-1.772450780074572574e+00
4.099500580011099515e+00
-2.213889850723988140e+00
2.445446299193522410e+00
-1.448333484341872701e-01
4.666429255176944402e+00
-1.849475947574802381e+00
4.018619184441346803e+00
-2.175973808293364176e+00
2.374145544979493039e+00
4.033178806054849574e-01
4.229884813178784952e+00
-1.588177287811343819e+00
4.261223945164045013e+00
-2.279106207276350826e+00
2.286820228026694046e+00
1.080475514311993068e+00
3.539316567495641497e+00
-1.243624784992348520e+00
4.474683394958687721e+00
-2.340354771523618815e+00
2.163266374644503109e+00
2.085721004368227049e+00
1.447934223851551572e+00
3.370915191056870430e+00
-1.176957935500799524e+00
4.529174259230722477e+00
-2.366944848590612605e+00
2.224963901730588223e+00
1.916811320944891150e+00
1.912331269590892058e+00
2.390905138580236677e+00
-6.404650895878061245e-01
5.172119820808766200e+00
-2.304678391238188073e+00
3.293057685940234958e+00
-1.760400451882632167e+00
4.990469767306163540e+00
-2.393362968327179541e+00
2.775826009301002095e+00
-8.826682857819960759e-01
4.641154092535417774e+00
-1.834844139144783837e+00
4.022096885177555592e+00
-2.171446115817705191e+00
2.313939740486005814e+00
9.084606396153390717e-01
3.751227487316700415e+00
-1.338622388683615050e+00
4.427390808229754171e+00
-2.327707525838475178e+00
2.117347318333098194e+00
2.198097812627063607e+00
7.792349389770868440e-01
4.224820802034051859e+00
-1.586756105935821948e+00
4.292606011497263729e+00
-2.301520201152940093e+00
2.273214843638591720e+00
1.286219106342833207e+00
3.235393883484025235e+00
-1.116210303442896068e+00
4.547069279449256207e+00
-2.361067302197256357e+00
2.265524555052849998e+00
1.784728673857398640e+00
2.180554595321863687e+00
1.068455544139427005e+00
3.874073146959952751e+00
-1.404337058138829253e+00
4.417462737312807697e+00
-2.340914772063341864e+00
2.114133861750739030e+00
2.222330674661192607e+00
5.078423825184216200e-01
4.521589224108379490e+00
-1.744140003734093725e+00
4.130776974825626446e+00
-2.219223708481968149e+00
2.482692140571187256e+00
-3.366530987641920269e-01
4.819962189428348864e+00
-1.945241709889530712e+00
3.902884272365226614e+00
-2.109077718856630312e+00
2.091512632774201297e+00
2.211937974360853598e+00
7.192755821547388573e-01
4.291448232256261264e+00
-1.618973887059748762e+00
4.266976202240314819e+00
-2.288128327653109473e+00
2.359281390245198118e+00
6.669206595148430283e-01
3.969911776857159236e+00
-1.450991880116994537e+00
4.384795489213433761e+00
-2.327574222440677687e+00
2.098762357285945956e+00
2.249520053782275486e+00
3.145726458919752555e-01
4.683917677039595162e+00
-1.843355808480413360e+00
4.028283539210451458e+00
-2.169072488890765094e+00
2.414340450778373892e+00
1.855542405142200924e-01
4.448886307031640008e+00
-1.699762677235238106e+00
4.163732226645990409e+00
-2.228051527305706880e+00
2.430925946825092332e+00
6.223724668004088079e-02
4.550256003128897220e+00
-1.760301028871421369e+00
4.106564608422519136e+00
-2.202419816855156753e+00
2.437434166915171563e+00
2.027354416864945996e-02
4.579259541003741774e+00
-1.777757601983414482e+00
4.090411799293835138e+00
-2.194741366773147018e+00
2.445864871446289612e+00
-3.625701489835830849e-02
4.625255081448978345e+00
-1.806031501671034212e+00
4.059405453226853311e+00
-2.179545227533339347e+00
2.407939423828239001e+00
2.579931800304977596e-01
4.399677102096451797e+00
-1.667773531734594528e+00
4.193092749253912288e+00
-2.237542916227792666e+00
2.420210018355119175e+00
1.663045185526115799e-01
4.475090775969769119e+00
-1.711751901508293372e+00
4.152880220973202974e+00
-2.219893392096436990e+00
2.448647874701818772e+00
-4.135355200734527892e-02
4.632207896807511993e+00
-1.808680090690688358e+00
4.056109506638935436e+00
-2.175701070937156700e+00
2.411719695677020159e+00
2.462940803439396809e-01
4.415253927894706720e+00
-1.674422382904746431e+00
4.188122269379340956e+00
-2.233795595818611979e+00
2.441304174023101847e+00
2.375562623327875933e-02
4.590084231883256649e+00
-1.779743681312854209e+00
4.087409404475931929e+00
-2.188832230111718236e+00
2.446359486108745873e+00
-5.831335746314003643e-03
4.613728274203812596e+00
-1.793810269198222507e+00
4.073072373776778221e+00
-2.181620266310990708e+00
2.437221380374238855e+00
6.831899113305550664e-02
4.561431807478364853e+00
-1.759696980460837779e+00
4.108144474701566295e+00
-2.196906605753369046e+00
2.461113776630620809e+00
-1.036399677202766156e-01
4.686149972035565270e+00
-1.839695060291973272e+00
4.022223455072551523e+00
-2.196817099074887203e+00
2.366893148671382896e+00
4.890885423869159032e-01
4.089032783187084519e+00
-1.528286894096439363e+00
4.332970715149808250e+00
-2.325260969628131669e+00
2.075215981245203789e+00
2.256061359196636751e+00
1.373026042772274025e-01
4.776181392590728159e+00
-1.923797141505573460e+00
3.940215415649617636e+00
-2.141745858742621245e+00
2.224566743362751620e+00
1.495335214823081182e+00
2.957905788616348008e+00
-9.982196366798141707e-01
4.561432536369968815e+00
-2.345196956406547351e+00
2.308908293470928630e+00
1.528326188383124062e+00
2.600335424286783770e+00
-8.587526425916758299e-01
4.585195297423658722e+00
-2.330137729563467097e+00
2.407896988339388589e+00
1.027040626449645444e+00
3.189217844573080995e+00
-1.094515764691398996e+00
4.528697111676490472e+00
-2.344734501761273293e+00
2.250756686378618365e+00
1.786816110864655860e+00
2.209016882806551063e+00
6.761295220095772107e-01
4.316174636752429628e+00
-1.633808256694146310e+00
4.228602911949867149e+00
-2.267998589567044476e+00
2.377514662448243055e+00
3.708471120545466237e-01
4.259746537040873804e+00
-1.604838031652396912e+00
4.248835385062686321e+00
-2.274887736099532098e+00
2.326942395045034750e+00
7.728505793772549870e-01
3.881210469550481434e+00
-1.406419665613320991e+00
4.386463622887479374e+00
-2.319874511810464668e+00
2.088693134768287329e+00
2.241213955619225207e+00
3.928619335593993567e-01
4.566523950891114403e+00
-1.788205164880020126e+00
4.119724023505751731e+00
-2.235611823006217413e+00
2.493378531376384100e+00
-3.992662434018694473e-01
4.823165204158910591e+00
-1.962383513610949759e+00
3.920730849362758175e+00
-2.138576489568857486e+00
2.104916175650508148e+00
2.185142809597896640e+00
7.906066111818993436e-01
4.244604868462804603e+00
-1.589533417712900132e+00
4.265288472322768420e+00
-2.278815242112913975e+00
2.321968193927816948e+00
8.362759992560280242e-01
3.827091433541117471e+00
-1.376017150547214518e+00
4.406109356188037118e+00
-2.322906662652478804e+00
2.100675225571519533e+00
2.226953759305482450e+00
5.377499896177250216e-01
4.451795787379237979e+00
-1.715570225746227750e+00
4.187934152693859602e+00
-2.261880880766069968e+00
2.478892428326923358e+00
-2.798477593202183256e-01
4.748124241140728508e+00
-1.905853537443805479e+00
3.986031691432935897e+00
-2.167780789904856675e+00
2.284408543682510562e+00
1.212275903273897004e+00
3.331334797521849023e+00
-1.157249035696505501e+00
4.533081045299655720e+00
-2.361305151367330879e+00
2.240564795358154004e+00
1.880986537993197150e+00
2.000053271902851648e+00
2.095311082278999759e+00
1.579322430869897431e+00
3.184263481543187613e+00
-1.078730409423898973e+00
4.543486815968197590e+00
-2.341692915262942876e+00
2.258420106202219557e+00
1.799209958446045476e+00
2.223040972307243734e+00
6.349941390633523364e-01
4.375732720193506786e+00
-1.658065547843459608e+00
4.204663642360627840e+00
-2.249001992646254777e+00
2.402223856456992213e+00
2.521078588253840014e-01
4.387014430503958451e+00
-1.666831166322507940e+00
4.195711234198155282e+00
-2.244697325032075419e+00
2.421336908713455305e+00
1.115454469781820279e-01
4.502080211973652268e+00
-1.734218570945971649e+00
4.133678776866171134e+00
-2.217685160419881729e+00
2.451570796124793894e+00
-1.067067608478889928e-01
4.664987339697435509e+00
-1.836208163236230595e+00
4.029788949759946171e+00
-2.169606152298189095e+00
2.387094977885163338e+00
3.918070797415966200e-01
4.276752292421120316e+00
-1.601863668332398571e+00
4.249459446220250847e+00
-2.263935769194083569e+00
2.341150826386341866e+00
7.522038050996484593e-01
3.941785264829305024e+00
-1.424369563142507955e+00
4.377039118331790490e+00
-2.307301992205044172e+00
2.084923994259319624e+00
2.269652712814031581e+00
2.523239534849691657e-01
4.706947610798534853e+00
-1.865538566117398656e+00
4.037125636240154414e+00
-2.186007087095832802e+00
2.429397815641234359e+00
1.488404916178915904e-01
4.443145161535160703e+00
-1.704364528767015052e+00
4.190995983001795544e+00
-2.253309544116208318e+00
2.455063245537163485e+00
-4.283835989274153988e-02
4.592034016483561132e+00
-1.794915775930925772e+00
4.102644733140334843e+00
-2.213696091169300217e+00
2.454453048989160280e+00
-3.020459653444816650e-02
4.587905732020109539e+00
-1.790968120942037389e+00
4.107729029944142241e+00
-2.215313489599434416e+00
2.462565387923930427e+00
-8.485538674415843419e-02
4.631122043916917619e+00
-1.817191278865942561e+00
4.081826996057594137e+00
-2.202982703378356888e+00
2.452594097718549193e+00
-4.985259741960013091e-03
4.571632741178047965e+00
-1.778944617911547788e+00
4.117533178616435308e+00
-2.217902018939097886e+00
2.450045439390117430e+00
1.892497781328278394e-02
4.554097993163599867e+00
-1.767692911747791529e+00
4.129277545456426779e+00
-2.222608791488393631e+00
2.462377033876024246e+00
-6.663219017514909748e-02
4.626210289253172014e+00
-1.811659684883979660e+00
4.086629733740081427e+00
-2.202808910152691979e+00
2.452297771334123855e+00
1.432687127861359544e-02
4.562535146289902421e+00
-1.770793951639273889e+00
4.127298960977146436e+00
-2.220615197970788657e+00
2.473924870090838724e+00
-1.403111242746396259e-01
4.678998654941596058e+00
-1.844163011296465760e+00
4.051322159887633667e+00
-2.184985758451643001e+00
2.420845392218336389e+00
2.678840565893010894e-01
4.364832152400064835e+00
-1.651964131974630989e+00
4.210098200506989130e+00
-2.264824671985588900e+00
2.383908404620445509e+00
2.843492172647600347e-01
4.321831059350969895e+00
-1.644524834320778339e+00
4.216157831107329557e+00
-2.266527055150572956e+00
2.373050856825616783e+00
3.748729541536777177e-01
4.244947687174553508e+00
-1.600522387476188690e+00
4.252016006008484617e+00
-2.279494519898376481e+00
2.299056015957251287e+00
9.572869145892983767e-01
3.670203589324844362e+00
-1.308406812702554323e+00
4.442848133959817147e+00
-2.338119716531717796e+00
2.128693589694109711e+00
2.159288188590473556e+00
9.996771812730314011e-01
3.963884621970046318e+00
-1.458950384061637351e+00
4.384736902829330596e+00
-2.340687129695602664e+00
2.087628565157299665e+00
2.251358731213913611e+00
1.915167561462198242e-01
4.746982548303011029e+00
-1.899781865377021095e+00
3.968055477306056567e+00
-2.153105211096522531e+00
2.306197637135653178e+00
9.274399145092294683e-01
3.713075321092258463e+00
-1.325942199947075961e+00
4.433530365269169771e+00
-2.333696799350139628e+00
2.121338747752508525e+00
2.179459049699801643e+00
8.678839843136801901e-01
4.119597417469091916e+00
-1.536308720075955758e+00
4.332164355455047300e+00
-2.321384999547719374e+00
2.134803242662278056e+00
2.061357529019221424e+00
1.586178908222175998e+00
3.168492796378148846e+00
-1.078788033229070464e+00
4.541937140385599037e+00
-2.346481520575018465e+00
2.257381558573092306e+00
1.774576851136747679e+00
2.239839018668824622e+00
4.406324342324774435e-01
4.527807576313326088e+00
-1.755498892773477593e+00
4.119508589550681776e+00
-2.220031385347799535e+00
2.470615478659428543e+00
-2.972810802644606509e-01
4.780905635934537656e+00
-1.924033929975182522e+00
3.930727982525671571e+00
-2.129230338680778711e+00
2.152241585660543688e+00
1.949535237978403224e+00
2.069530369449147145e+00
1.719474984593359013e+00
2.887158722901336461e+00
-9.605111686821881101e-01
4.576551822737466857e+00
-2.339986219421710256e+00
2.333896609774056330e+00
1.450081014141328950e+00
2.728215050305244471e+00
-9.004748032607092778e-01
4.581924463670046244e+00
-2.330633016529978896e+00
2.378332650492940736e+00
1.228891516714041732e+00
3.001515946469765161e+00
