7.901611106083624492e+00
-3.278418782564419764e+00
4.101966675497652481e+00
-2.359030844240281866e+00
3.052772144912647256e+00
-1.319821096827687557e+00
4.034606168053094244e+00
-2.051208005438783122e+00
2.894266018913381977e+00
-1.439471634105557785e+00
4.351884171879524921e+00
-2.169646172582563981e+00
2.966917368064370564e+00
-1.471389651869773774e+00
4.007301204760880253e+00
-2.036062352391315056e+00
2.963391489525390554e+00
-1.466971795543954737e+00
3.809691581567209884e+00
-1.938638065953649736e+00
3.013214366205020589e+00
-1.502947793568620183e+00
3.423549060775687991e+00
-1.703479061856986609e+00
3.187358638310454406e+00
-1.610800358094526485e+00
3.310587878744807089e+00
-1.654003623039125515e+00
3.263251287915797771e+00
-1.646064928845017317e+00
3.277828325004085386e+00
-1.646845848174278482e+00
3.272972800863117815e+00
-1.621103563420693838e+00
3.263628919067059098e+00
-1.649536450239963647e+00
3.272505736920711783e+00
-1.631307346209821096e+00
3.284884116021099310e+00
-1.655484254867461091e+00
3.268538497412894817e+00
-1.639544457014017631e+00
3.279171311572871339e+00
-1.622087293492280979e+00
3.262547885731609920e+00
-1.646599560857612277e+00
3.274455196732821260e+00
-1.629886119565776115e+00
3.256486057935730205e+00
-1.653604188510748640e+00
3.269608887049256118e+00
-1.637661346565017384e+00
3.281090466139353179e+00
-1.661656878287647743e+00
3.263457669886965729e+00
-1.644772404118771014e+00
3.275287533401753937e+00
-1.627986372984247421e+00
3.258530387068626410e+00
-1.652586587605242796e+00
3.270101215880363732e+00
-1.635600561167680711e+00
3.282250876619909441e+00
-1.659809861706005085e+00
3.264022063040740385e+00
-1.642607188730949908e+00
3.277500596400962696e+00
-1.626887472294506143e+00
3.258667677139108321e+00
-1.650205693617025293e+00
3.271935505956875545e+00
-1.634181764832287609e+00
3.283432576843653639e+00
-1.658089171397204131e+00
3.266673900176226830e+00
-1.641881678166705383e+00
3.276777295042940352e+00
-1.624005860409317492e+00
3.262036964694545293e+00
-1.649771920786516466e+00
3.270874479861351602e+00
-1.631175458625435226e+00
3.286915965705716314e+00
-1.657851531840847770e+00
3.265229852270089772e+00
-1.638503006895342118e+00
3.279690591526290611e+00
-1.623177721982305810e+00
3.262485695151753795e+00
-1.647634979577449199e+00
3.273458730196963096e+00
-1.630318415917785035e+00
3.286058445702165098e+00
-1.654751580202237671e+00
3.268303315413717325e+00
-1.637855744282078696e+00
3.281773324363267630e+00
-1.663011734073660319e+00
3.261340964699550149e+00
-1.644390800713626311e+00
3.276216178692060055e+00
-1.629352514309727162e+00
3.257278334373109097e+00
-1.652826147377449928e+00
3.269431822458816583e+00
-1.636163127280278129e+00
3.282115964441794986e+00
-1.660712085068863697e+00
3.264370459482319298e+00
-1.643921170419873068e+00
3.275781400602581162e+00
-1.626842560604003118e+00
3.259737640751743104e+00
-1.651837508654251607e+00
3.270477553319284247e+00
-1.634501334512802551e+00
3.283278308393693834e+00
-1.658946884085229279e+00
3.265440601839712187e+00
-1.642074108516546005e+00
3.277706657650700794e+00
-1.625573315368347371e+00
3.259925394301623314e+00
-1.649512553885994492e+00
3.272490861586119681e+00
-1.633195501021180940e+00
3.284684642212773120e+00
-1.657558917447318869e+00
3.266212647409695080e+00
-1.640178192792483669e+00
3.278451309349548204e+00
-1.623450894866487193e+00
3.261730196606006160e+00
-1.648111514926407173e+00
3.272785238469505753e+00
-1.630899331919534845e+00
3.286046025999439291e+00
-1.655780472523352920e+00
3.267109339740888352e+00
-1.638236863585998515e+00
3.281096164621398081e+00
-1.622748418559941452e+00
3.260820630123154373e+00
-1.645110423114397147e+00
3.276497830395340483e+00
-1.630636275408736902e+00
3.255395517879126288e+00
-1.652633076146991620e+00
3.270478455338180712e+00
-1.637800791903375242e+00
3.280416356207024542e+00
-1.660766558535240467e+00
3.263677880140211762e+00
-1.644394540135234895e+00
3.276410380652487575e+00
-1.628297743704815392e+00
3.257751548408072573e+00
-1.651542789353615648e+00
3.271122437298282559e+00
-1.635779935254096706e+00
3.282681708268756271e+00
-1.659781415368100976e+00
3.264409153982620104e+00
-1.642528546911287357e+00
3.277499692359697292e+00
-1.626421029808194696e+00
3.259422296069670821e+00
-1.650222949313129517e+00
3.271110722860735454e+00
-1.633257798101166891e+00
3.284333269450465220e+00
-1.658174232189953967e+00
3.265881143906584239e+00
-1.640964365060141983e+00
3.277893001708517051e+00
-1.624155978886417717e+00
3.261316825395614849e+00
-1.648921349369059541e+00
3.272591375634045452e+00
-1.631819591047750651e+00
3.285013886580509634e+00
-1.656187476016371729e+00
3.267650958348920831e+00
-1.639582627727188102e+00
3.279422810338589400e+00
-1.622714888084979989e+00
3.262120520669035795e+00
-1.646993821331065089e+00
3.273809734280116679e+00
-1.629965660647452408e+00
3.286497534683052280e+00
-1.654589230805025180e+00
3.268047267499694541e+00
-1.637264342213782475e+00
3.280955091462283590e+00
-1.661927898275894044e+00
3.263569776017385848e+00
-1.645476346467059425e+00
3.275304578537132638e+00
-1.628584916805986715e+00
3.257050417273748000e+00
-1.652128907260218771e+00
3.270388297653875842e+00
-1.636274482863823820e+00
3.281818561382626509e+00
-1.660141696681202816e+00
3.264754380942182621e+00
-1.643665803821334315e+00
3.275703669039622401e+00
-1.626271413991939863e+00
3.259690982739908982e+00
-1.651321812414681789e+00
3.270863853732144388e+00
-1.634124891385037026e+00
3.282977880694099238e+00
-1.658275243447301373e+00
3.266338576159097062e+00
-1.642216769868881432e+00
3.276649035461872472e+00
-1.624349621251885978e+00
3.261509117333789565e+00
-1.650010051119839671e+00
3.271839683625109796e+00
-1.632347580170391943e+00
3.284967032932805786e+00
-1.657125750962700650e+00
3.265935697925395065e+00
-1.639463681476642343e+00
3.280276274493515665e+00
-1.624238691184696215e+00
3.260937711963489694e+00
-1.647371357989137586e+00
3.273852892122862013e+00
-1.631085952150692409e+00
3.285785573755228839e+00
-1.655195075667434956e+00
3.267951470572548978e+00
-1.638289513245686502e+00
3.280086416496711621e+00
-1.621683797621429557e+00
3.263369103735780818e+00
-1.646271421841349447e+00
3.274136955526379289e+00
-1.628879540127118997e+00
3.257184110542863831e+00
-1.653151103139061551e+00
3.269711647352178119e+00
-1.636730113983492885e+00
3.282021966228704013e+00
-1.661232389660420861e+00
3.263147972750523707e+00
-1.643699956577289845e+00
3.277126598132019009e+00
-1.628204543626482259e+00
3.257773710667953182e+00
-1.651274983253290918e+00
3.271117401763032451e+00
-1.635351270939366719e+00
3.281776557225283053e+00
-1.658573247839084441e+00
3.265954253508293270e+00
-1.642869369579142980e+00
3.277243603025064012e+00
-1.625965420413726381e+00
3.258787460833166172e+00
-1.649244078720684126e+00
3.272720847634316588e+00
-1.633801929058568803e+00
3.283567552863073669e+00
-1.657254595929053664e+00
3.267124057865214759e+00
-1.641219484798283501e+00
3.277585593070277969e+00
-1.623643582231730775e+00
3.261483864769409102e+00
-1.648532146169552348e+00
3.273122817016374420e+00
-1.631746479156748864e+00
3.284871774838452385e+00
-1.655530692610123866e+00
3.267813749863003991e+00
-1.639208137780489238e+00
3.279728731107169004e+00
-1.622463663596904748e+00
3.261767888526191594e+00
-1.646234748986514784e+00
3.275072715387082223e+00
-1.630465839361414426e+00
3.256067730500180168e+00
-1.653645733141258400e+00
3.269217164829117728e+00
-1.637598706256656378e+00
3.280913642467198521e+00
-1.661549891431499226e+00
3.263384177085105087e+00
-1.644772320630354390e+00
3.275953009557303730e+00
-1.628500761292514643e+00
3.257970924334564700e+00
-1.652298440104938315e+00
3.270810056129489496e+00
-1.636164476000625756e+00
3.281045303717644579e+00
-1.659172792601983248e+00
3.265585392459623648e+00
-1.643709306104732093e+00
3.276684848998388411e+00
-1.626559089460914320e+00
3.258481327494060942e+00
-1.650107825523075888e+00
3.271887880175430752e+00
-1.634302203488629868e+00
3.282953776629428777e+00
-1.657911158204663060e+00
3.265598101359434402e+00
-1.641193605972420144e+00
3.278516086789688977e+00
-1.625200640117810291e+00
3.260262688760033445e+00
-1.648885757881141778e+00
3.272661148414335752e+00
-1.632360268989763608e+00
3.284166581179403632e+00
-1.656064683816102612e+00
3.267988941905411782e+00
-1.640292225933730919e+00
3.278764746253394868e+00
-1.622915269778227199e+00
3.261472875591380660e+00
-1.647052451381712412e+00
3.274021738315083585e+00
-1.630761927558716629e+00
3.285509625981262616e+00
-1.654565890181467047e+00
3.268073049224165416e+00
-1.637845802912685222e+00
3.282161515856836687e+00
-1.663474083859302510e+00
3.261356902191308915e+00
-1.644688692158353005e+00
3.275413415484761614e+00
-1.628961044801153779e+00
3.258811422900890431e+00
-1.653891257913973734e+00
3.267842054426243870e+00
-1.635302150063629334e+00
3.283172798251722035e+00
-1.661404702073765671e+00
3.263660766164378391e+00
-1.643636371740780477e+00
3.276057925968117068e+00
-1.627089319095364139e+00
3.259451635673399572e+00
-1.651776705785463761e+00
3.270190552699050457e+00
-1.634364615446483482e+00
3.282797444241945417e+00
-1.658694240424495314e+00
3.265517362689812408e+00
-1.642110027051779220e+00
3.277311103082089616e+00
-1.625426070923821076e+00
3.260626327592686113e+00
-1.650093129800107139e+00
3.271764411187454868e+00
-1.632816698068216166e+00
3.283849419927382218e+00
-1.656951299871493255e+00
3.267318855140177281e+00
-1.640924391833904483e+00
3.279031213817975132e+00
-1.624233291096477627e+00
3.260685562236746993e+00
-1.647716427606174650e+00
3.273993055837415955e+00
-1.631756266219349438e+00
3.284392828471524250e+00
-1.654887190791748175e+00
3.268910585505280686e+00
-1.639394232605690060e+00
3.279434394526057339e+00
-1.621851745303176440e+00
3.263673622290443888e+00
-1.647043116090158410e+00
3.272906754077476332e+00
-1.628614446513949598e+00
3.258416123113167195e+00
-1.654513216737852455e+00
3.267749918131284126e+00
-1.636253695891495274e+00
3.282709551634847678e+00
-1.662193773123905594e+00
3.262029270331169073e+00
-1.643586972556515757e+00
3.277240461151337936e+00
-1.628864698188172477e+00
3.257556628605615678e+00
-1.651682119456702180e+00
3.269710870133997638e+00
-1.634898759912115196e+00
3.283621581804035738e+00
-1.660268467937178638e+00
3.264238099885385047e+00
-1.642471431011530925e+00
3.278264463409221285e+00
-1.627056723635299296e+00
3.257859009217120239e+00
-1.649325400721281421e+00
3.272990331765364136e+00
-1.634523214944659131e+00
3.283048938228924296e+00
-1.657551096874474883e+00
3.265973356352639634e+00
-1.641025835378260744e+00
3.278754804347677076e+00
-1.624863129437711828e+00
3.260494465946596865e+00
-1.648541785957855055e+00
3.272423333842109372e+00
-1.631664440650154813e+00
3.285230958876114826e+00
-1.656342194014891911e+00
3.266742708698248343e+00
-1.639052303450193149e+00
3.280333760519159814e+00
-1.623460082586492437e+00
3.261631994036487736e+00
-1.646825519322051790e+00
3.273756128677377752e+00
-1.630135687869431749e+00
3.286619837503240937e+00
-1.654773752590853242e+00
3.268326416638008602e+00
-1.637582412603357351e+00
3.280578701152718324e+00
-1.661730342674222261e+00
3.263615655333781618e+00
-1.645543052432641540e+00
3.274534016919089296e+00
-1.628196919610901183e+00
3.258519018933452749e+00
-1.653226778126817509e+00
3.269331371896069705e+00
-1.635833274993035102e+00
3.282376384089019439e+00
-1.660554940853154804e+00
3.263719255068600944e+00
-1.643115852187093218e+00
3.276888278298287549e+00
-1.627167998376767288e+00
3.259074152423833581e+00
-1.651170952267641656e+00
3.271020694772644344e+00
-1.634375075660782883e+00
3.282904348322959187e+00
-1.658426008213259806e+00
3.265968950121473924e+00
-1.642041407240793394e+00
3.277114129806819154e+00
-1.624762645321378374e+00
3.260998107739298657e+00
-1.649731374330538847e+00
3.272405652214455785e+00
-1.632811703032199802e+00
3.284966644043545880e+00
-1.657297957065462457e+00
3.265530367542333945e+00
-1.639330462797856214e+00
3.279662879947423004e+00
-1.623873870612259296e+00
3.261130306306198268e+00
-1.647376100369349006e+00
3.274870885224169470e+00
-1.631886240789268694e+00
3.283782074503305726e+00
-1.654031415083250689e+00
3.268844086787555003e+00
-1.638803980251445580e+00
3.280262192567755086e+00
-1.622004585096888052e+00
3.262428357117775235e+00
-1.645851923034379105e+00
3.274376498341023289e+00
-1.629050608684534218e+00
3.258108557995777588e+00
-1.653914696715563792e+00
3.268919750541240621e+00
-1.636642288466939821e+00
3.281604272672285383e+00
-1.661031487260716366e+00
3.263964548608681238e+00
-1.644309069796836109e+00
3.275427107984417496e+00
-1.627174423532004921e+00
3.259052638073472785e+00
-1.652018226735483708e+00
3.269987401164274665e+00
-1.634748157326952001e+00
3.282874138249229468e+00
-1.659373825230417321e+00
3.266090081999986072e+00
-1.643209963240783722e+00
3.275886253909390256e+00
-1.624974357015825710e+00
3.260786981869720158e+00
-1.650605371717573933e+00
3.271379325978589936e+00
-1.633120181031716855e+00
3.283909199185009786e+00
-1.657571360966181295e+00
3.266231932928057802e+00
