8.107597592839153933e+00
-3.834311078117072391e+00
2.127934360453484608e+00
3.375795918706635756e+00
-1.181828560423857200e+00
4.414784862416558653e+00
-2.370373993576933458e+00
3.397765337784468986e+00
-1.569710776256471263e+00
4.886629401279680707e+00
-2.051580533584092425e+00
3.386926330319095957e+00
-1.445069802363046385e+00
4.565832734588496145e+00
-1.847845255063748082e+00
3.710289412240943108e+00
-2.021550259969086660e+00
5.158613424656660840e+00
-2.300478386657498042e+00
2.915678307916613754e+00
1.004955551642141787e+00
2.825856104639700384e+00
-9.858041411893774253e-01
5.179694386929561745e+00
-2.565623621012321998e+00
2.872766476036795691e+00
-5.857098076741368287e-01
4.964618332780736054e+00
-2.088825445951655535e+00
3.341289598408117456e+00
-1.210598524910638352e+00
4.418927034068188320e+00
-1.750417059990050150e+00
3.797076219797230312e+00
-2.075596168655530427e+00
5.231129793276396711e+00
-2.411978887655414017e+00
2.603100852119523800e+00
2.372107027462566187e+00
7.179024271838141402e-01
4.608433959950431813e+00
-1.873518450852179829e+00
3.711292835416905689e+00
-2.040925256303872892e+00
5.178611270669429167e+00
-2.313288117728783622e+00
2.901580770495194361e+00
1.162793055065528547e+00
2.790102387492275238e+00
-9.445845497232566723e-01
5.245444997873472737e+00
-2.567480810692603033e+00
2.138440814488917319e+00
3.070441634436301470e+00
-1.067188008235253172e+00
4.451821722619365929e+00
-2.373322706840379048e+00
2.815927086837670235e+00
1.361339169013884298e+00
2.821816339401688634e+00
-9.679637035464796480e-01
5.112844856722698950e+00
-2.581055195458371809e+00
3.124305636700005273e+00
-1.375725362583261724e+00
5.294680245516141248e+00
-2.476109857613725929e+00
2.486437592231091287e+00
2.609944580434708783e+00
-4.245029888676482011e-01
5.241111873390369880e+00
-2.327909311234519052e+00
2.918466836063023262e+00
1.124451169541422990e+00
2.832062818729578879e+00
-9.984776103592121199e-01
5.128775250653148987e+00
-2.570767541543615753e+00
3.113211226820091770e+00
-1.339460730829999058e+00
5.275678093838734206e+00
-2.446920857178294106e+00
2.559799246419008689e+00
2.464453838304919486e+00
2.305979782853035398e-01
4.920018586929591820e+00
-2.052145197124072062e+00
3.414706283361851558e+00
-1.525539774479354183e+00
4.621405573923155430e+00
-1.879707402242185577e+00
3.668611888349168293e+00
-1.994123488585439752e+00
5.106784457331658977e+00
-2.241188541999382444e+00
3.040495603427623816e+00
3.313863417777518916e-01
3.360509365847819563e+00
-1.214213635013312365e+00
4.308970081678122455e+00
-2.304419053248530247e+00
3.956402137339651848e+00
-2.100550773976178398e+00
4.962262579176486277e+00
-2.534720363492177331e+00
3.205160441122621773e+00
-1.441311725796121435e+00
5.281137972414116533e+00
-2.513399865561418700e+00
2.325407797379293484e+00
2.823096314424305753e+00
-9.342970594027237841e-01
4.904941068693948303e+00
-2.514495651326658976e+00
3.164314049064295808e+00
-1.408648168998016148e+00
5.259452219895406344e+00
-2.421997676589680903e+00
2.722165506018901393e+00
2.020576401450904669e+00
1.796464756646127370e+00
3.427143815036220786e+00
-1.243158017950228844e+00
4.305612033548101181e+00
-2.314000879561726620e+00
4.002948429691810972e+00
-2.132415246459835600e+00
4.830444651849919779e+00
-2.468641967174743268e+00
3.189480944292482967e+00
-1.467287469492881691e+00
5.282503402819144434e+00
-2.451616041795055878e+00
2.608308184798242557e+00
2.436453964289187368e+00
5.072420338355888569e-01
4.724902222205209057e+00
-1.921878548807607334e+00
3.612390470150339539e+00
-1.967833289043873668e+00
5.056715429664716766e+00
-2.186244798913862475e+00
3.144153603501083083e+00
-2.189177546758543924e-01
3.766453392049691207e+00
-1.400753302551028368e+00
4.143797234709529320e+00
-2.245316643617938812e+00
4.712370937115348823e+00
-2.429862204480375709e+00
3.133608079262563351e+00
-1.373592852967174149e+00
5.219167655823601315e+00
-2.341057079129024387e+00
2.907472118254670335e+00
1.261864671451502717e+00
2.674095611451879240e+00
-5.867031611521504875e-01
5.258606894188607939e+00
-2.389489421075277953e+00
2.831821136585351617e+00
1.554188892434601232e+00
2.363757083444730345e+00
1.767817427722829571e+00
3.338335483818983374e+00
-1.183962508703350514e+00
4.317513941322639326e+00
-2.336246869913155777e+00
3.860692070773680040e+00
-2.063490982930765050e+00
5.166831891063532467e+00
-2.530058272468382441e+00
2.071683210501175321e+00
3.123746569793147465e+00
-1.076013163419855090e+00
4.442806422385666032e+00
-2.354744277775908223e+00
2.965685574064230945e+00
4.804518915480912034e-01
3.597454207616285426e+00
-1.335231180498135828e+00
4.226193887169141128e+00
-2.285783281943344569e+00
4.449551206298622219e+00
-2.336163250108874045e+00
2.351817847109986204e+00
2.680326596452051291e+00
-7.204958996944212934e-01
5.294497427191181771e+00
-2.450192138963409594e+00
2.591727676180932249e+00
2.446848713637934214e+00
5.836173326740350387e-01
4.676982992886239643e+00
-1.892689852309002108e+00
3.643938891435950289e+00
-1.973895892117429884e+00
5.098943331152435476e+00
-2.244837722415391923e+00
3.091527470958526536e+00
1.862238124170039200e-01
3.500657673589206986e+00
-1.272386165336811814e+00
4.240655612885649184e+00
-2.267898524384353465e+00
4.301494436185891779e+00
-2.290576720290044666e+00
3.516549135922669045e+00
-1.845588163968486350e+00
5.095555088036421765e+00
-2.235153335720971413e+00
3.067468513652865880e+00
3.119917250644734796e-01
3.483382872060044821e+00
-1.280099646197229823e+00
4.263145313453470031e+00
-2.296314367590800209e+00
4.246200469758514728e+00
-2.241494112725802346e+00
3.909374855857807418e+00
-2.072081727744162993e+00
5.067081617656190140e+00
-2.546800040500210027e+00
3.030810239947383078e+00
-1.202588337266687901e+00
5.250186937923276176e+00
-2.359683104247451535e+00
2.825232689015163778e+00
1.582397904103439945e+00
2.397545719075192761e+00
1.396844950727744061e+00
3.802222266015584218e+00
-1.415411784033675513e+00
4.175218748727067997e+00
-2.257252526416917426e+00
4.697290821315326603e+00
-2.430006336810310863e+00
3.126414300849023498e+00
-1.374979246588653448e+00
5.211646172836255531e+00
-2.340163750460336978e+00
2.916677287718048017e+00
1.172190178349554746e+00
2.725199683429694986e+00
-8.447476870566363871e-01
5.301753588879615009e+00
-2.469477334244557287e+00
2.488807217946208183e+00
2.608827202065366446e+00
-4.836674239534207720e-01
5.258913400906566338e+00
-2.392386762813335288e+00
2.826698922409427439e+00
1.569918212114552736e+00
2.347238494048542901e+00
1.844928987763857942e+00
3.205346441377651789e+00
-1.126078592250931543e+00
4.352110518391485883e+00
-2.347727701867558636e+00
3.556336688529398771e+00
-1.890574914604072232e+00
5.174236184824806628e+00
-2.301133434389652344e+00
2.936197251409197406e+00
9.794456221856403522e-01
2.945119048855118216e+00
-1.010372246005320385e+00
4.405651681386438590e+00
-2.349230893063260162e+00
2.982975548771099383e+00
4.122463884091054354e-01
3.578620871270746573e+00
-1.309309663916085054e+00
4.216252648905955525e+00
-2.260977559332082887e+00
4.430759709315830186e+00
-2.348918965897989874e+00
2.444337643903830237e+00
2.560869855073651724e+00
-1.600727511266750169e-01
5.087642483336500376e+00
-2.200390371826458580e+00
3.218458305518092200e+00
-5.003672847704090376e-01
3.959816961281387826e+00
-1.497755899108874189e+00
4.056274726098557437e+00
-2.189738800900442151e+00
5.008281271915399735e+00
-2.532666558178402472e+00
3.165283968899506917e+00
-1.394368865520289935e+00
5.270314199663446608e+00
-2.490167271098761681e+00
2.406655734084139020e+00
2.730802743631265628e+00
-8.691619690523809671e-01
5.268627634374206004e+00
-2.533479537067751419e+00
2.223124633526786909e+00
2.937131644028532662e+00
-9.872614737903039339e-01
4.480688251978125258e+00
-2.361444797731449885e+00
2.337830574299406106e+00
2.688368324222633277e+00
-8.138826185134975244e-01
5.303312854847032298e+00
-2.493801718171231308e+00
2.399656639596474683e+00
2.730118732319225749e+00
-8.818852182091528880e-01
5.220454548533662198e+00
-2.579006879961612597e+00
2.217702877205453227e+00
2.791267770826877381e+00
-9.205697267070300782e-01
5.111014279954182449e+00
-2.575409884975944586e+00
3.147990526115789223e+00
-1.383133734039424523e+00
5.271719787423005954e+00
-2.485366658743016544e+00
2.433514475813826738e+00
2.692315698537325108e+00
-7.791704293700192352e-01
5.298057288260220155e+00
-2.486013995334035886e+00
2.455713267886801443e+00
2.672763578345493940e+00
-6.832181969460700000e-01
5.299918526294800536e+00
-2.443292976736082700e+00
2.600069613688735348e+00
2.377447541266985098e+00
6.393497849636674557e-01
4.657795087057227335e+00
-1.870406750323325040e+00
3.668352626233802649e+00
-2.021099955884405830e+00
5.129019018995979451e+00
-2.264310269270543685e+00
3.013032132687698539e+00
5.249331076029960519e-01
3.287019496400496621e+00
-1.164146030814846799e+00
4.317212943947454029e+00
-2.328674556479439328e+00
3.837371888259863528e+00
-2.045816307952499358e+00
5.197167321132226014e+00
-2.520787280543073550e+00
2.146309825233029933e+00
3.044390603754821178e+00
-1.032284243425789949e+00
4.448974854557974368e+00
-2.360314229921724571e+00
2.654266390616964344e+00
2.044208749944319337e+00
2.119327460929849583e+00
2.575233687037199015e+00
8.298111838312083322e-03
4.996202046196494884e+00
-2.140510543742814686e+00
3.327455072522336188e+00
-1.122798377400928693e+00
4.365819006976336070e+00
-1.715482637098503238e+00
3.835200776459597449e+00
-2.091761596340014240e+00
5.234637807504959994e+00
-2.439334258452283244e+00
2.497323766236216436e+00
2.593214469060153959e+00
-3.813187608114450011e-01
5.229643292420585787e+00
-2.350734148427915393e+00
2.925585466664773371e+00
1.077397081317942096e+00
2.809660151003014583e+00
-9.612650287386528269e-01
5.239252031122118680e+00
-2.542533053387329822e+00
2.136201963761199973e+00
3.041915906020594917e+00
-1.036124362109580144e+00
4.448610100754627261e+00
-2.351451538599258484e+00
2.742531893388729713e+00
1.595181129406425757e+00
2.554843498512226585e+00
3.160165589576567902e-01
4.789521571595437344e+00
-1.957038532484461912e+00
3.559062042516911717e+00
-1.872452632137504569e+00
4.965162891463282158e+00
-2.137757346497441091e+00
3.293915869295040544e+00
-9.595154337997828797e-01
4.275314512385021359e+00
-1.660913571885624940e+00
3.894576957578035792e+00
-2.119713156372766250e+00
5.219119547531823500e+00
-2.515555297385770217e+00
2.326459085694637885e+00
2.821476495770741444e+00
-9.197410196979179942e-01
4.801344223423182456e+00
-2.505365872193561216e+00
3.115329384287524928e+00
-1.263058476805205110e+00
5.167467554406565355e+00
-2.266790641068701984e+00
3.025457489811700817e+00
5.394342809711787368e-01
3.305475713103326996e+00
-1.201401059958410622e+00
4.317665210451094637e+00
-2.318103444772894317e+00
3.870859506284106466e+00
-2.052243407718176371e+00
5.144808528889077692e+00
-2.518685973925439470e+00
2.152267056477664919e+00
2.923208956094184519e+00
-9.898032045987392724e-01
4.463119432118796581e+00
-2.350897847492294801e+00
2.467642508691248793e+00
2.502118912431795739e+00
2.982516685225298225e-01
4.878596171057034248e+00
-2.014568298837851934e+00
3.468235297329483657e+00
-1.679551576569708216e+00
4.753163558070887973e+00
-1.959250146679669680e+00
3.529090720578705209e+00
-1.836780099310776126e+00
4.920509882542346780e+00
-2.071894973601273726e+00
3.344401276240048571e+00
-1.234078000940542985e+00
4.439181602593276210e+00
-1.762779245665850203e+00
3.784101043635057948e+00
-2.069238415928232655e+00
5.226817883857844294e+00
-2.399221589382106057e+00
2.644136298948641439e+00
2.250358296700734062e+00
1.151279906839050460e+00
4.235539422338245430e+00
-1.656306880780698210e+00
3.955872862940836843e+00
-2.171138017049355273e+00
5.197036821113400151e+00
-2.519050476004857320e+00
2.173329365980131378e+00
3.002799927808186720e+00
-1.019327829562832743e+00
4.481881590232542401e+00
-2.368113348058581646e+00
2.507751650385706910e+00
2.442623854129312377e+00
8.553602576535923596e-01
4.440121687485608426e+00
-1.752215792496768731e+00
3.817475139742026791e+00
-2.076392728850760427e+00
5.239773720926838685e+00
-2.448367006840370230e+00
2.590547349077017891e+00
2.441716988478877415e+00
3.894948212020274969e-01
4.779471664032406863e+00
-1.970421042099864906e+00
3.578011329799537954e+00
-1.907231886163917478e+00
4.954159428745793292e+00
-2.112668975570829666e+00
3.283971157239981231e+00
-8.550882282357212816e-01
4.266365839784024061e+00
-1.676028053519133199e+00
