7.960794088156524673e+00
3.670430598609471851e+00
-1.854901774005953907e+00
5.506521613284271588e+00
5.418001339116623072e+00
-1.549758099063730299e+00
5.950745259728987158e+00
3.083264164660765694e+00
3.614486841479032986e+00
4.434803306559329528e+00
3.570494531450722153e+00
4.289774961533587394e+00
3.744150548428316849e+00
4.160652328313036996e+00
3.838727378652389000e+00
4.061187611910716200e+00
3.917551041681171409e+00
4.002359846319938796e+00
3.930083341281427778e+00
4.004750643100413399e+00
3.963826464184207143e+00
3.975665313584343608e+00
3.959753954548690835e+00
3.986799771717691954e+00
3.950489286915563891e+00
3.967740883212665715e+00
3.970852503330405625e+00
3.988052675931327062e+00
3.956622024778145175e+00
3.972690186541139923e+00
3.975955279468535775e+00
3.991304385290894707e+00
3.958927628539385513e+00
3.976361011386973399e+00
3.981092986492710040e+00
3.960418536749179541e+00
3.964262082110241447e+00
3.982336600841514418e+00
3.981770069663795208e+00
3.966710666419544395e+00
3.970922907784003808e+00
3.981986166638745939e+00
3.959116233650996630e+00
3.968246337590326522e+00
3.973741815659439958e+00
3.988936132141501556e+00
3.957298130066421393e+00
3.974819917763191768e+00
3.977776726982719335e+00
3.958818954701670556e+00
3.965467675949633897e+00
3.975649615148698857e+00
3.984683885845954343e+00
3.960573977432658488e+00
3.969395042006659491e+00
3.977676833934988831e+00
3.958107381536698721e+00
3.962364836127697298e+00
3.976772435020303309e+00
3.978406204313390759e+00
3.965186896439796271e+00
3.964131727458004129e+00
3.982333292774014932e+00
3.984898585256052783e+00
3.967401916050234956e+00
3.968265670972907166e+00
3.984197193504133150e+00
3.959105488008169527e+00
3.968035631261027874e+00
3.976080726963157730e+00
3.987890753728986049e+00
3.960662725590213817e+00
3.973748869689569307e+00
3.977338681385265140e+00
3.963121036862531366e+00
3.961675455161777215e+00
3.980939449349190085e+00
3.982737226433503253e+00
3.963976916600675082e+00
3.967047440354243282e+00
3.985171746310624208e+00
3.952668639096935888e+00
3.966501853977526082e+00
3.976694391751244950e+00
3.982886269776949373e+00
3.962378624972609842e+00
3.969939930783850990e+00
3.978058343659878204e+00
3.956837671396086442e+00
3.963343227072448016e+00
3.974003132479131839e+00
3.984001549122041741e+00
3.959657158586066039e+00
3.968738484843291392e+00
3.976916262646190248e+00
3.990966861685246947e+00
3.963166690430947270e+00
3.971992548920008304e+00
3.983005232873027435e+00
3.958418872402725164e+00
3.966229887967411827e+00
3.980432866513278434e+00
3.983439494009638260e+00
3.964407262190846382e+00
3.969724938781607371e+00
3.980694446370197426e+00
3.960394546823320816e+00
3.963647841799462057e+00
3.977633922039051306e+00
3.985447535949714126e+00
3.961137473858400870e+00
3.970819724039651444e+00
3.980628446250200625e+00
3.955191034344538004e+00
3.964555229868989006e+00
3.976954467701484752e+00
3.984104375379425633e+00
3.959752721589585356e+00
3.970806587409331012e+00
3.978810046857347515e+00
3.956697161772245952e+00
3.959273284322315511e+00
3.979971497268071978e+00
3.975037797734200407e+00
3.965286565596897184e+00
3.965036437616298315e+00
3.981356744479490839e+00
3.988909663607700384e+00
3.960326292555596872e+00
3.976447217423083380e+00
3.978787386043453278e+00
3.959339914267250293e+00
3.967898085015800991e+00
3.975871869098269951e+00
3.988443216703147165e+00
3.961331986113664438e+00
3.971471219029144795e+00
3.981574496147499254e+00
3.954925847429747066e+00
3.970430694015471218e+00
3.972111514802441068e+00
3.988651428244214259e+00
3.958287010300362674e+00
3.973555013177515249e+00
3.971286229099901366e+00
3.965793984100876024e+00
3.958675298192181113e+00
3.979325312405887161e+00
3.981938104346585572e+00
3.961904313238025832e+00
3.968398408893704765e+00
3.979429625866361064e+00
3.954600833655687708e+00
3.963723519919001514e+00
3.973358503750842097e+00
3.986592792623460113e+00
3.955661851669365348e+00
3.970934900595635586e+00
3.976692987726450301e+00
3.989541071409921980e+00
3.960078939370101914e+00
3.973474546945991559e+00
3.984153466231431739e+00
3.955019497017202124e+00
3.969681874643253838e+00
3.973715030308288210e+00
3.990421728380828092e+00
3.958085027680403378e+00
3.978382723651026520e+00
3.973029432792542615e+00
3.961992666561117815e+00
3.961046594372272800e+00
3.981735511684951767e+00
3.979967459228650473e+00
3.962464851884798023e+00
3.972812143793529316e+00
3.977433178050480578e+00
3.960129704764063785e+00
3.960675639235700540e+00
3.978735364799633523e+00
3.980512088530101966e+00
3.963657260463942400e+00
3.966968100854441293e+00
3.982081937494349688e+00
3.950611006673037107e+00
3.967884500909490075e+00
3.968775145032117813e+00
3.990118091393777711e+00
3.951897671751193108e+00
3.974409732158298958e+00
3.970379514511817032e+00
3.994333978837058208e+00
3.956976828411865377e+00
3.976773822565811134e+00
3.979141955755256532e+00
3.960800579628262152e+00
3.964392627186045015e+00
3.979500360088235045e+00
3.984506084423703687e+00
3.962156523009464859e+00
3.969562877823574087e+00
3.986549614108665374e+00
3.950659276002627784e+00
3.973052061220492703e+00
3.970571610470365442e+00
3.989628394393631261e+00
3.958951685038619495e+00
3.970930630378351811e+00
3.979370248732036597e+00
3.957763129119582945e+00
3.961518735903269750e+00
3.977826283755929282e+00
3.979897685750961589e+00
3.964750114165038308e+00
3.964312770383989992e+00
3.984150488224912134e+00
3.949311602035944002e+00
3.969840604231641201e+00
3.968702735272303883e+00
3.986219463319073508e+00
3.954506176245105031e+00
3.973823767475388014e+00
3.972023316825278538e+00
3.993633798916319755e+00
3.957307794885564167e+00
3.976306749873856461e+00
3.981167966066343933e+00
3.958430350957550914e+00
3.965856569199760706e+00
3.977423582390618773e+00
3.986698120787802502e+00
3.964603011779301855e+00
3.965302773877624531e+00
3.988546049444511521e+00
3.949027357948740491e+00
3.974429976074922877e+00
3.964496794954180281e+00
3.995735496901029471e+00
3.952204037367748501e+00
3.976882716806474427e+00
3.975337314857157800e+00
3.959101857625453746e+00
3.961426262043723501e+00
3.975661193678560856e+00
3.984045064745248776e+00
3.958631188189197125e+00
3.970878292375902507e+00
3.977460871985165625e+00
3.990554938940484853e+00
3.961318756368195526e+00
3.977014696625761569e+00
3.977866324587813196e+00
3.963841628690157215e+00
3.964283599150812076e+00
3.979500928089287015e+00
3.986998413032381894e+00
3.961781952887116098e+00
3.971603730636747986e+00
3.982579195464614141e+00
3.956690100617222150e+00
3.968495773669365345e+00
3.975730371660708862e+00
3.985993401940919334e+00
3.962516296371424662e+00
3.969956740125642369e+00
3.981966649083786169e+00
3.954997783374157194e+00
3.964293321031461037e+00
3.977069406600161727e+00
3.982114143651921179e+00
3.965415505460949230e+00
3.965400201709266881e+00
3.984532634837762988e+00
3.953904672511381335e+00
3.964572281999637848e+00
3.976104587546881675e+00
3.978624177177481513e+00
3.966418732034496131e+00
3.963225446934221186e+00
3.982928469700456553e+00
3.981808319367568849e+00
3.970923039015766598e+00
3.968612249660884661e+00
3.986328784044505635e+00
3.954777799657386073e+00
3.972315881121162295e+00
3.975165928780959756e+00
3.987988351660047392e+00
3.960425121640775536e+00
3.975221212760672973e+00
3.978497398038541633e+00
3.958281151954777144e+00
3.966897288117305909e+00
3.975727637992803043e+00
3.987513765748182504e+00
3.959370445299460695e+00
3.972443269762736762e+00
3.980661572154708505e+00
3.956586558975276002e+00
3.965610900668779859e+00
3.974411972936885640e+00
3.984322612639159100e+00
3.962278155687304348e+00
3.969129572911167525e+00
3.979077497414355680e+00
3.953021836060629735e+00
3.968792340093468152e+00
3.968139702604806640e+00
3.992855200321715703e+00
3.949275298842356285e+00
3.977117212148426173e+00
3.969951870120844273e+00
3.995541753513824013e+00
3.955620032631474547e+00
3.980545723586897733e+00
3.976245207416377880e+00
3.961140532704187756e+00
3.965110815464341965e+00
3.982210662472288387e+00
3.981305288162557687e+00
3.968044432675911892e+00
3.966978731617746945e+00
3.986020615208243800e+00
3.953314854602951733e+00
3.972737856620571772e+00
3.965970697495674990e+00
3.996331882722539142e+00
3.950770903030271786e+00
3.981319489522636701e+00
3.971962403492482085e+00
3.962002785877030142e+00
3.960829416693861127e+00
3.978345404584789247e+00
3.982487831471407169e+00
3.958854151709045865e+00
3.973675588713577067e+00
3.974253690656336158e+00
3.962069895341918446e+00
3.958107131284765323e+00
3.979186969762614545e+00
3.980158862397802366e+00
3.962225544998090321e+00
3.967341171103625719e+00
3.980531904175437230e+00
3.984457151944423181e+00
3.966129718136294890e+00
3.970618284393441222e+00
3.983566900562512725e+00
3.958914364663389307e+00
3.964823651085016554e+00
3.980551284846330251e+00
3.982841100584742833e+00
3.966685397361573440e+00
3.968090291569308370e+00
3.984231423735796085e+00
3.955906471651716494e+00
3.969097462692519951e+00
3.971945008688133605e+00
3.986807080042052753e+00
3.961909871341437128e+00
3.969492550569849065e+00
3.981480881158573126e+00
3.956748713651085492e+00
3.962249077223696681e+00
3.976972073971368538e+00
3.982960909604270405e+00
3.962241550383506450e+00
3.968358289155239138e+00
3.979346370700414859e+00
3.952298733296922606e+00
3.968856990176752753e+00
3.968443076010556680e+00
3.986703931613849061e+00
3.958913290554761932e+00
3.967956557658195660e+00
3.978486867338022037e+00
3.988243696885540146e+00
3.961980336747697784e+00
3.973627265182785528e+00
3.980145894492019387e+00
3.962797258047417337e+00
3.961904589648441721e+00
3.984208180798662902e+00
3.979735419865950696e+00
3.967327938770156326e+00
3.968507764117222614e+00
3.983524050737494715e+00
3.956754816836686395e+00
3.966120383502844682e+00
3.977835589800475358e+00
3.981686936872550042e+00
3.966797963593168497e+00
3.966235039214006441e+00
3.982456352516979159e+00
3.956296349709095050e+00
3.962815058512902056e+00
3.978329692253087302e+00
3.979433116717087771e+00
3.966312786077312413e+00
3.962959444081846527e+00
3.982653958013556039e+00
3.953813425334067322e+00
3.965161816567233544e+00
3.972020288491202145e+00
3.986749722214613101e+00
3.954495550749404398e+00
3.972976535457148017e+00
3.974389414947539834e+00
3.991371529446704702e+00
3.959758663106927479e+00
3.975270127102806583e+00
3.980896412586766520e+00
3.958841432514881742e+00
3.965454596633465112e+00
3.979863048219841826e+00
3.984092671646647599e+00
3.963034736041961104e+00
3.969527116141955858e+00
3.985761933163210369e+00
3.951171931419301231e+00
3.972872543772952181e+00
3.970316084403086254e+00
3.987462705513737493e+00
3.961373322599563984e+00
3.969049294153073060e+00
