7.518415614461291696e+00
8.829642989692771948e+00
3.494237750637520179e+00
5.115529231019531942e+00
5.935651408681594354e+00
5.673427564875433760e+00
5.486173505264762440e+00
5.596969780238984171e+00
5.643028321340484155e+00
5.598403777125313674e+00
5.594390730153079083e+00
5.595444527458837136e+00
5.585584847729795577e+00
5.608792967623553061e+00
5.603219921919024848e+00
5.595542288345504822e+00
5.589540845095131161e+00
5.613322464277141322e+00
5.605634793830089890e+00
5.598941567029411814e+00
5.591006370612963572e+00
5.586816440676146911e+00
5.608588407131021469e+00
5.600691129784358679e+00
5.593523466712922776e+00
5.590093168055033424e+00
5.610883765317264960e+00
5.603741164060719093e+00
5.600365611457165826e+00
5.588668417299547997e+00
5.612172096589454817e+00
5.606800983888640566e+00
5.602458362504652456e+00
5.593947529645391548e+00
5.586133062028203256e+00
5.609921197103481916e+00
5.601884973977993454e+00
5.599016019788676246e+00
5.589749102719540730e+00
5.611340602830528823e+00
5.603737787682852911e+00
5.600684235842501302e+00
5.594287395049201805e+00
5.585451504593431871e+00
5.608943751700397051e+00
5.602259204596305331e+00
5.593120520014096542e+00
5.589063943566571879e+00
5.613027550584443581e+00
5.604916037482405855e+00
5.597620256779856973e+00
5.590916994312340904e+00
5.584385945753499669e+00
5.608352888638969524e+00
5.598677559455277120e+00
5.595116467292025497e+00
5.585790206151608039e+00
5.606759565940580003e+00
5.605858059764010193e+00
5.598348613386550099e+00
5.590538243744496150e+00
5.612885559037507299e+00
5.605519481348190780e+00
5.601862532873843392e+00
5.591900987948061008e+00
5.584623043648754503e+00
5.611745244271768129e+00
5.603206576019150731e+00
5.594238456379887481e+00
5.590226592769188763e+00
5.611905714112013221e+00
5.604285213601482241e+00
5.600659152514857908e+00
5.592429734118959495e+00
5.584891356536909157e+00
5.604007563038505779e+00
5.604831859005001249e+00
5.596663229028306930e+00
5.586453637530320648e+00
5.610909598343374327e+00
5.605828833544582501e+00
5.594126738202925608e+00
5.591687115529235363e+00
5.616471317185998124e+00
5.605315758044350893e+00
5.601661538632611403e+00
5.590418503380017334e+00
5.587288798058120953e+00
5.612603634174480938e+00
5.599591022013203023e+00
5.599059536926000114e+00
5.588768438673071159e+00
5.611693649645946635e+00
5.607903703415607843e+00
5.598792977270423243e+00
5.594980358550424526e+00
5.584667907623349414e+00
5.606858214114810224e+00
5.601779292991025727e+00
5.595728359830990151e+00
5.590321402385566074e+00
5.610659801029796334e+00
5.603638512761088819e+00
5.598778456767624867e+00
5.592276660917091746e+00
5.584510276126940731e+00
5.607540824646730648e+00
5.599814848834791192e+00
5.593577065882791466e+00
5.589332884822789893e+00
5.610427007710827141e+00
5.603405615355834257e+00
5.594373690965865009e+00
5.592000054496002903e+00
5.613979892382156223e+00
5.606472103834073906e+00
5.598349206195393002e+00
5.595522610713421940e+00
5.584741895795745315e+00
5.606052176258398134e+00
5.606607588315967838e+00
5.596408664832997815e+00
5.588940245197791867e+00
5.613133355385891754e+00
5.605392516099474420e+00
5.599093827278582403e+00
5.591505856118667239e+00
5.583666192688929719e+00
5.609590221898992368e+00
5.602645967307978481e+00
5.592964099696980718e+00
5.589279570196641345e+00
5.612392493332528431e+00
5.604033477893032966e+00
5.598503890762787094e+00
5.592066036946691909e+00
5.613324052446088785e+00
5.605481534444225034e+00
5.599920220733060283e+00
5.595902359882068744e+00
5.587184787412600606e+00
5.609439006022326701e+00
5.607049650709764244e+00
5.594795732688743861e+00
5.589111641659309626e+00
5.612884402161768982e+00
5.605736675113657697e+00
5.597889512003282775e+00
5.595388518181416693e+00
5.585329965730212898e+00
5.609052790527002230e+00
5.601999102269656028e+00
5.596931661283877091e+00
5.588242662907252800e+00
5.610654968570882417e+00
5.606608075488105136e+00
5.598186126408938534e+00
5.591347984313388864e+00
5.585694447030929766e+00
5.607799078810259630e+00
5.601289354943324028e+00
5.595058264912435853e+00
5.588974861636511804e+00
5.610298991154618165e+00
5.603755618635548608e+00
5.596139276483791392e+00
5.591788625218906184e+00
5.611330482545757725e+00
5.609200985556496377e+00
5.598800570047430369e+00
5.594000467692742617e+00
5.585322838552553293e+00
5.610682874941943510e+00
5.603463404477952992e+00
5.593131251663923997e+00
5.591429077710911244e+00
5.613598559021290235e+00
5.605381078847920584e+00
5.597619258435365452e+00
5.592880008835813044e+00
5.585884118057721892e+00
5.606157606459930776e+00
5.606203143081695650e+00
5.591988993278420139e+00
5.590316533446158864e+00
5.608808030848099868e+00
5.606937566070270940e+00
5.596206226160073349e+00
5.591037489437988839e+00
5.613965075568314589e+00
5.606432121793013756e+00
5.602478169735190860e+00
5.592680920691832647e+00
5.587126644689958788e+00
5.611087107910836203e+00
5.601161715831748822e+00
5.597664487881100825e+00
5.590134559082616583e+00
5.615573990037621144e+00
5.604100425175886357e+00
5.598853442575905781e+00
5.593861025510356022e+00
5.585028240012515965e+00
5.609085450982814081e+00
5.603903319804330430e+00
5.593610097621604993e+00
5.589818879912322735e+00
5.612487532253791933e+00
5.599225983434421572e+00
5.605984801995608002e+00
5.589375072168296654e+00
5.584879004199976293e+00
5.605257688988455556e+00
5.603446917019204498e+00
5.596014405154748239e+00
5.590913377335104073e+00
5.606203132235961561e+00
5.605487090627297775e+00
5.597350423085670990e+00
5.590617120525152473e+00
5.612194933494723870e+00
5.607713489037754684e+00
5.599072974676396974e+00
5.592563273083111852e+00
5.582295126882697467e+00
5.611534407043956563e+00
5.601721628869153591e+00
5.598456316072089045e+00
5.590475048853754458e+00
5.612022042813543443e+00
5.602697137980056752e+00
5.602645148900917249e+00
5.591948325992128765e+00
5.584183721188534122e+00
5.609385866661195763e+00
5.602856894967835011e+00
5.593180151064784944e+00
5.578333841420541006e+00
5.617744858122109441e+00
5.604889647935142882e+00
5.594130321601991085e+00
5.592785882423133792e+00
5.615221287702642172e+00
5.604816472999030630e+00
5.604744772067615344e+00
5.591026264931325152e+00
5.587576577228876573e+00
5.610805668242720756e+00
5.602455531208929251e+00
5.596247541147893578e+00
5.591923569979786457e+00
5.613448005336432622e+00
5.605204794322212969e+00
5.596421660750648286e+00
5.595194280777039175e+00
5.588244414623298795e+00
5.607030299157519160e+00
5.603737938948193609e+00
5.597062184363357673e+00
5.588643185171754624e+00
5.612177369115732617e+00
5.605403017066929117e+00
5.599690470571578871e+00
5.591261390526362618e+00
5.583424428141023022e+00
5.609706960012720955e+00
5.602263985364333898e+00
5.594665595127517044e+00
5.587070774496388559e+00
5.609203856555740053e+00
5.605786201031133231e+00
5.596370502808226455e+00
5.591001552596543078e+00
5.612636174515351684e+00
5.605542980325740388e+00
5.602219925528483913e+00
5.593153717886168330e+00
5.583393581547273499e+00
5.610668101639596728e+00
5.599401233032962999e+00
5.596321637362184909e+00
5.592828089874605446e+00
5.610458266069338507e+00
5.605312111843153033e+00
5.600862903305318774e+00
5.590192222390609089e+00
5.585075521501825513e+00
5.608514640614228774e+00
5.603124468804206337e+00
5.593228727098367159e+00
5.587662627379879510e+00
5.614948095395067895e+00
5.603790013811500437e+00
5.597852084152377117e+00
5.591786187254423446e+00
5.583512179919218887e+00
5.607223427298284157e+00
5.601884814471199903e+00
5.594482557453945404e+00
5.586435825339005845e+00
5.611306229732293538e+00
5.602473179745023124e+00
5.597451230030712210e+00
5.591484574033635191e+00
5.613369832862289854e+00
5.605450554476543168e+00
5.597105122736005356e+00
5.592942726058740988e+00
5.582408874973291191e+00
5.610806876391822406e+00
5.603702760364966728e+00
5.595462756081366784e+00
5.587376991090041045e+00
5.613696460304534064e+00
5.605262008853284073e+00
5.598662950516909653e+00
5.589971685036922544e+00
5.585173948595611115e+00
5.609307181105335438e+00
5.600414279247025284e+00
5.594997875463189274e+00
5.589820444818514922e+00
5.610792901774204644e+00
5.603771014985948540e+00
5.595824924875323347e+00
5.586461364880646485e+00
5.616215771110702804e+00
5.604116951034942673e+00
5.597435779584209570e+00
5.597281455013717988e+00
5.586716594665085189e+00
5.609370459609438697e+00
5.601721847141937438e+00
5.595673129056543793e+00
5.591717187206820761e+00
5.612945789495714877e+00
5.604013161376093954e+00
5.599866172838074974e+00
5.592967201728974658e+00
5.585108596038656614e+00
5.606962283986380413e+00
5.603939650706674769e+00
5.595423795493332797e+00
5.588537198257613525e+00
5.610690708153414974e+00
5.603379874579229813e+00
5.600377659436369449e+00
5.590539554254141841e+00
5.589131762120853608e+00
5.605151478225182338e+00
5.598898189992766561e+00
5.594269088622088937e+00
5.588761587954465426e+00
5.614898596579142698e+00
5.598946544990753615e+00
5.598070889347126489e+00
5.590103257480530274e+00
5.615164513586866413e+00
5.606574514988177604e+00
5.596445501843334114e+00
5.596053993845428565e+00
5.587879992919661198e+00
5.607282061572321119e+00
5.603852159393490240e+00
5.596061922853802884e+00
5.589014072809503020e+00
5.614147905790921378e+00
5.604733095322319336e+00
5.597821195017097295e+00
5.592726617814647305e+00
5.585528705459910093e+00
5.607318561286787073e+00
5.601786758029927427e+00
5.594897431876994176e+00
5.587653037981219484e+00
5.609901737871433980e+00
5.605878751769099999e+00
5.598274831852443789e+00
5.589449429708449379e+00
5.614586779038338804e+00
5.605813850888223371e+00
5.599911005294756272e+00
5.595812545825130435e+00
5.588017361937222205e+00
5.609660739852002642e+00
5.602080574575180272e+00
5.598621479131752565e+00
5.589581658441124645e+00
5.612402445904475456e+00
5.606009855719364054e+00
5.596863596203834668e+00
5.594533862251780398e+00
5.587494018677443997e+00
5.608062769816772430e+00
