7.564777704771877609e+00
8.631210814755030825e+00
1.950678196622378513e+00
5.269304646996768149e+00
5.803298756443337147e+00
5.384594600276559007e+00
5.345511268744981948e+00
5.477019726089870311e+00
5.439760057008078853e+00
5.409174153583006905e+00
5.426837238276807085e+00
5.427144994779391496e+00
5.445969604822599841e+00
5.450667212392946048e+00
5.447186427500681383e+00
5.441237066835131309e+00
5.440251450409899547e+00
5.437789212352907242e+00
5.437508930131190965e+00
5.433584323297966812e+00
5.432170288465138164e+00
5.425800977743791442e+00
5.430906527026755803e+00
5.423776213459944984e+00
5.418988014309272572e+00
5.450180149967908783e+00
5.450647065606352371e+00
5.444025564892408298e+00
5.442579695357036229e+00
5.440452231419660833e+00
5.439274294892391559e+00
5.437838261277355478e+00
5.433443104372846832e+00
5.431973636297740882e+00
5.429449818082604295e+00
5.425603390634270440e+00
5.425914282301695479e+00
5.421703269308132178e+00
5.448097722308603785e+00
5.449367445042535785e+00
5.443466185134240298e+00
5.445352442882803068e+00
5.441696426788353413e+00
5.438626192343042121e+00
5.436085723801486580e+00
5.433832692222745564e+00
5.432721451654835221e+00
5.427786132923965390e+00
5.425615821820376716e+00
5.427120645838481749e+00
5.421193381551931978e+00
5.450540734778886787e+00
5.449300997847460692e+00
5.445209579101578434e+00
5.444009724443401588e+00
5.434465406926237918e+00
5.441719379938962042e+00
5.437662603104503667e+00
5.433923489119489858e+00
5.429637007710038432e+00
5.433592523447813072e+00
5.422033038610545752e+00
5.425193551215061305e+00
5.424447364838603569e+00
5.449027443454228070e+00
5.443669711594630201e+00
5.449445794186451586e+00
5.442244414707783307e+00
5.441484417505683346e+00
5.437635125373119216e+00
5.436596668414840572e+00
5.435798175054226355e+00
5.431791682253562570e+00
5.428402676089714163e+00
5.427224451365483482e+00
5.425497620902204332e+00
5.421499370095894221e+00
5.450869936144109751e+00
5.447078905092778811e+00
5.443370193421388059e+00
5.445685489921031852e+00
5.440146740548126303e+00
5.438799059272898084e+00
5.436508102255420027e+00
5.433703595767052974e+00
5.433011560301289400e+00
5.427867601599135838e+00
5.427633967019050765e+00
5.425267474615363739e+00
5.422387875747705088e+00
5.450831572221684240e+00
5.446106428473049377e+00
5.445156345628933359e+00
5.443614338222733551e+00
5.439972821905699973e+00
5.438352842584059488e+00
5.441347488058172033e+00
5.430093402141956460e+00
5.429751672923734063e+00
5.430023752555699801e+00
5.427907671839485637e+00
5.421009228786472178e+00
5.421512573175251148e+00
5.452006254103351601e+00
5.445690088983090149e+00
5.445369528922708646e+00
5.443883859374116341e+00
5.437707410160559363e+00
5.441023143800247652e+00
5.436172698907722811e+00
5.432472486029293002e+00
5.431701671704616707e+00
5.428030660629118209e+00
5.431038063330281496e+00
5.422085472078713053e+00
5.423581815983546939e+00
5.447601724581125460e+00
5.450263325898384359e+00
5.445188035453251807e+00
5.441047237889221400e+00
5.442497516542979419e+00
5.437795418532395786e+00
5.434282216949507749e+00
5.436791415246186254e+00
5.428339452632525486e+00
5.428427287323372319e+00
5.429512485324559989e+00
5.422015660484960975e+00
5.423626289641704012e+00
5.450580935106160929e+00
5.447398134377762879e+00
5.445820117068818966e+00
5.444064728244326190e+00
5.441053875710697874e+00
5.437073751578949121e+00
5.437586451120351327e+00
5.433399971668766426e+00
5.428376397883639903e+00
5.432391488366854482e+00
5.425913340888900649e+00
5.421209891446852502e+00
5.424826907762239081e+00
5.449391319850329651e+00
5.447732975233891217e+00
5.445571731880046507e+00
5.443201629992310941e+00
5.438943571612052885e+00
5.438111225413158500e+00
5.435940692325827328e+00
5.432785823885100562e+00
5.430810703408767814e+00
5.430933453256454158e+00
5.426139152466863180e+00
5.424515385027917524e+00
5.421458286798976012e+00
5.448143318405707980e+00
5.448098372381651622e+00
5.447472986942034190e+00
5.441849239208801592e+00
5.439283454916028049e+00
5.440657002296955369e+00
5.435086244604566019e+00
5.432257010064229341e+00
5.433005293684383119e+00
5.428131273475720775e+00
5.427812139148404214e+00
5.424656976952123344e+00
5.419494204147191851e+00
5.452761558822797561e+00
5.447280809174864125e+00
5.444974785816896201e+00
5.444712175705596735e+00
5.440198491147661741e+00
5.435569023200549132e+00
5.438314398233036862e+00
5.433725067256200525e+00
5.431631898022972749e+00
5.428078196895241625e+00
5.428242183251176911e+00
5.418756610320649258e+00
5.425268385227964174e+00
5.448022094621192579e+00
5.448499611719226365e+00
5.445737113381149186e+00
5.443202559243498939e+00
5.439928236866157896e+00
5.438946175646444559e+00
5.436628577899933035e+00
5.432955041356047232e+00
5.431305021621692930e+00
5.426621262282042224e+00
5.428432026525774390e+00
5.423255291020464774e+00
5.423412235102543555e+00
5.449470077376267874e+00
5.447774067768131445e+00
5.445613798778098591e+00
5.443791409749568544e+00
5.437006820659068040e+00
5.441262105204994981e+00
5.435314299073544575e+00
5.430869617841208807e+00
5.433282353618194449e+00
5.430068187228368259e+00
5.425887588777746906e+00
5.424934959026773029e+00
5.419177278799901742e+00
5.448040066261857106e+00
5.450318436321833104e+00
5.442508564190079667e+00
5.444589435297210400e+00
5.442192366140430337e+00
5.440093532073420057e+00
5.433638152350544814e+00
5.433595887484623965e+00
5.431318837555393131e+00
5.429227086324516449e+00
5.423608108272008010e+00
5.426144093348097996e+00
5.421702934569267995e+00
5.450332064578178759e+00
5.448208571971790981e+00
5.443984276548028411e+00
5.440235465221236133e+00
5.443977441608498502e+00
5.433592333423142406e+00
5.438166835665107612e+00
5.433359416831007316e+00
5.429448016206707806e+00
5.429305724110989217e+00
5.424407950258108180e+00
5.425978547510028172e+00
5.420322126649330663e+00
5.449090417021172250e+00
5.449045435429593631e+00
5.444525168296261874e+00
5.443100828916574763e+00
5.440599751182297439e+00
5.437288190377408625e+00
5.429798872551836908e+00
5.436951288225796652e+00
5.431229756346101389e+00
5.425396764129956750e+00
5.427916016973117763e+00
5.423447727339741675e+00
5.421244674093156135e+00
5.454361446235017397e+00
5.445009000016040268e+00
5.445536246729456131e+00
5.442813322111617502e+00
5.440954516659823881e+00
5.438110122028145810e+00
5.433322799012240800e+00
5.435303471605693382e+00
5.431208420569141104e+00
5.428464717342332158e+00
5.425982020963914465e+00
5.425162922108468955e+00
5.418577091683925318e+00
5.450545734714379975e+00
5.446396350200583214e+00
5.445788837264712967e+00
5.442401975965433181e+00
5.440809306757371289e+00
5.437061027845725647e+00
5.434702821663961458e+00
5.432179423479896130e+00
5.432160306792838789e+00
5.428513847995513508e+00
5.426710766278482367e+00
5.421762444844310913e+00
5.424057069580189072e+00
5.448957168444366062e+00
5.445093145606426432e+00
5.441415325918125490e+00
5.446821702230748130e+00
5.436861171079424793e+00
5.439958094694061330e+00
5.435627492978283293e+00
5.433387855927043653e+00
5.430109606557452118e+00
5.427988864224842835e+00
5.427929738049315667e+00
5.422648129284609375e+00
5.419054150698974226e+00
5.449663320534757993e+00
5.445891703378822335e+00
5.445672171543738393e+00
5.441663331043510965e+00
5.440446875944505933e+00
5.437896746916834445e+00
5.435349252370961892e+00
5.433559788909247068e+00
5.431786406792528332e+00
5.427422282327696301e+00
5.426938468536453897e+00
5.422360136238729034e+00
5.422846637444170170e+00
5.447577493491763789e+00
5.449166327892547734e+00
5.443385667762739466e+00
5.440715688865274124e+00
5.442170427910039798e+00
5.437997244816812348e+00
5.435150816058924583e+00
5.433495697837440019e+00
5.429598773572743120e+00
5.426843591858261817e+00
5.427956667989299433e+00
5.423976405293061021e+00
5.420892843075688639e+00
5.449455901461347729e+00
5.447916708113696771e+00
5.443872321646536783e+00
5.442942315714658363e+00
5.439492140216338534e+00
5.435807386343898706e+00
5.438210998165206256e+00
5.431172640057750023e+00
5.430089183049735979e+00
5.429827843435965917e+00
5.428112181326374852e+00
5.418343026386597039e+00
5.424040363800497921e+00
5.451070062468136967e+00
5.446747770032899005e+00
5.448445437891561660e+00
5.440034525402715815e+00
5.440179894325252619e+00
5.437909628031979636e+00
5.436063081329538527e+00
5.430719562680481616e+00
5.433223025423356667e+00
5.427533705183543944e+00
5.423003556545388903e+00
5.427066011159342729e+00
5.421041959291097001e+00
5.449762158186036487e+00
5.446849913324232517e+00
5.442572685458440418e+00
5.444529586340101979e+00
5.439788746094307292e+00
5.436078950783830521e+00
5.437552114291269945e+00
5.432590923906171376e+00
5.429867595748408604e+00
5.429173755308295490e+00
5.425692381023305089e+00
5.421239277213437013e+00
5.420623322709116287e+00
5.450163064414861758e+00
5.447885546992550232e+00
5.443975321348800911e+00
5.440066502434178553e+00
5.439651376189359233e+00
5.438818362094953507e+00
5.436636948803131197e+00
5.431086008259445208e+00
5.432894159069653561e+00
5.427904108508171177e+00
5.424066102344264451e+00
5.424679270774853457e+00
5.420570765261531143e+00
5.447495923091600467e+00
5.446876134897717492e+00
5.447397208316965056e+00
5.436921396392011552e+00
5.443482789365218011e+00
5.435829410213095514e+00
5.435753661356237387e+00
5.430435917012839120e+00
5.432198941878114695e+00
5.429070642787417356e+00
5.425057865766166110e+00
5.423844061617407952e+00
5.421917543413138141e+00
5.450365053740943821e+00
5.447025652745494995e+00
5.444725384658101852e+00
5.442889598082597757e+00
5.437954522958699854e+00
5.437618311755691991e+00
5.438849899363357387e+00
5.432083319325559323e+00
5.431045781898973246e+00
5.427876382029607427e+00
5.424137657850808480e+00
5.424145115656235028e+00
5.419981118253284436e+00
5.451333631118540524e+00
5.447340607875736929e+00
5.442165855467214541e+00
5.443416909937722536e+00
5.440863512297894999e+00
5.438083100634059086e+00
5.437207679477641165e+00
5.428828754700579573e+00
