8.119644665475215461e+00
-4.520905347991590162e+00
4.619322235409341282e+00
-1.069788185469549902e+00
5.363538401566426472e+00
-2.481172830341965341e+00
5.676543220471139684e+00
-2.766951418882878322e+00
5.325479153376908137e+00
-2.463408043054789331e+00
5.640342166369950228e+00
-2.747263520512703838e+00
5.437724742923192522e+00
-2.523586785011867395e+00
5.606871064959672246e+00
-2.722079711808579106e+00
5.479164026115109110e+00
-2.570681091018366171e+00
5.608380113463197425e+00
-2.709330110428849192e+00
5.499562066185625042e+00
-2.600678752939817429e+00
5.588646911520557481e+00
-2.658293778998809476e+00
5.510155176068926686e+00
-2.621854523348874366e+00
5.576368102838574536e+00
-2.656989645833923497e+00
5.516446068141896752e+00
-2.638980700724907535e+00
5.563324359932856567e+00
-2.656971317772235608e+00
5.543158303109051666e+00
-2.651893243235688757e+00
5.554677449208007545e+00
-2.659206233030654953e+00
5.543471650649762772e+00
-2.620506714459778230e+00
5.547680751101706775e+00
-2.663725525918753334e+00
5.544341341166830084e+00
-2.632502883902109847e+00
5.562608578966835360e+00
-2.666635076637438040e+00
5.539018535743498006e+00
-2.639401871503503472e+00
5.560152597094239368e+00
-2.631774631686148780e+00
5.536182929808419750e+00
-2.647808295228123221e+00
5.556220975498161074e+00
-2.639481027558693960e+00
5.559090981979152524e+00
-2.656751881005496418e+00
5.550162330026573443e+00
-2.645549676060068744e+00
5.554030315532601847e+00
-2.663876490419460730e+00
5.546896612008912264e+00
-2.653251112963188607e+00
5.551391599496359852e+00
-2.630035999359729093e+00
5.540757683235885800e+00
-2.659419018397612522e+00
5.546710941413100393e+00
-2.636856684857487920e+00
5.559751315182742459e+00
-2.665257363330277851e+00
5.542876307313414408e+00
-2.644711838129345960e+00
5.554380282724455498e+00
-2.628610403692588360e+00
5.537245280864843799e+00
-2.650901172716595866e+00
5.552582975223050887e+00
-2.637355509917175045e+00
5.558694187904338335e+00
-2.658645383104744297e+00
5.549401199480215929e+00
-2.646232983197148947e+00
5.554536218366540545e+00
-2.622901259505214355e+00
5.542895784171570028e+00
-2.652272205596862165e+00
5.550082327488411238e+00
-2.630269109785106973e+00
5.537886921342106916e+00
-2.659281870687621563e+00
5.544502343533764588e+00
-2.636726290925210936e+00
5.561179761213415063e+00
-2.667993610975853080e+00
5.542192886122811579e+00
-2.645947505686415901e+00
5.557128114780897299e+00
-2.631717157917346839e+00
5.538835892285710827e+00
-2.654372337894264522e+00
5.550866446824381129e+00
-2.638210105883034728e+00
5.560405251093619050e+00
-2.662365167746113759e+00
5.546627563779253478e+00
-2.645175350696934213e+00
5.554372903299046982e+00
-2.625631521980897887e+00
5.540761340131456159e+00
-2.651356344646457863e+00
5.553033695906465006e+00
-2.635300678528107898e+00
5.561430262539959202e+00
-2.658417884208556625e+00
5.549406584058035996e+00
-2.642970247000605344e+00
5.558874082074356515e+00
-2.666941833052579813e+00
5.545409902660082047e+00
-2.650782318442439056e+00
5.553731242492583320e+00
-2.630427632488523848e+00
5.540777902400454202e+00
-2.657899977350997034e+00
5.549157949860160421e+00
-2.638281195610493679e+00
5.560268826061852465e+00
-2.663930203809175890e+00
5.545738630750300047e+00
-2.646605078657064070e+00
5.555286452671034603e+00
-2.627400667542798995e+00
5.542892972792795803e+00
-2.654741342432269668e+00
5.551188310510712931e+00
-2.635512208469237727e+00
5.560945213136542442e+00
-2.659966646546071178e+00
5.547949219885752292e+00
-2.643510126208816757e+00
5.556808802984234852e+00
-2.667424168126047768e+00
5.543823086998192373e+00
-2.651193358246664467e+00
5.553104974503193958e+00
-2.632388340887485079e+00
5.538250030871564533e+00
-2.657440840433232143e+00
5.549578336752304608e+00
-2.640604141784655745e+00
5.558122283595965385e+00
-2.663933261069342695e+00
5.545591652632980484e+00
-2.648144031149653799e+00
5.554822350862506752e+00
-2.629159090279884925e+00
5.540295846956259318e+00
-2.654535155683523495e+00
5.551277107729806204e+00
-2.637385349101177834e+00
5.560410153794054899e+00
-2.661122194541303276e+00
5.547895174431590526e+00
-2.645264226700120958e+00
5.556640214712688319e+00
-2.625925828423432584e+00
5.542591885248841166e+00
-2.651565235734133275e+00
5.554137664757614168e+00
-2.634726511516367609e+00
5.536972448008417480e+00
-2.658468909348397080e+00
5.549888783006128534e+00
-2.642429640785307399e+00
5.557288745729551671e+00
-2.664881025842563478e+00
5.545738426115526920e+00
-2.649934822136547297e+00
5.554740645327479243e+00
-2.629942654632832166e+00
5.539118298123510975e+00
-2.655970963136441654e+00
5.548677151460988277e+00
-2.636263567729521196e+00
5.562142040881720817e+00
-2.665048873341927305e+00
5.544136082248381392e+00
-2.643481393607396868e+00
5.558867287301457516e+00
-2.629778768423585600e+00
5.538934980004182052e+00
-2.650436059089850360e+00
5.553580570879039335e+00
-2.636496291044667650e+00
5.561730520639241782e+00
-2.658915060345908632e+00
5.547415719856441108e+00
-2.642981520845892884e+00
5.555244499368792610e+00
-2.664711437006479056e+00
5.543492546600419679e+00
-2.650669392510232036e+00
5.551076818953341707e+00
-2.629035430489669700e+00
5.541961386704555181e+00
-2.659692548165359050e+00
5.547435241741963452e+00
-2.637470127010810739e+00
5.561490555971974281e+00
-2.665756998963527025e+00
5.545066137627939540e+00
-2.646298649462417885e+00
5.555575749784856576e+00
-2.628842397885003290e+00
5.539325033236415230e+00
-2.652225317990759113e+00
5.552923729145619269e+00
-2.637772545625174381e+00
5.560947472986435436e+00
-2.660763321945400328e+00
5.547363613456222531e+00
-2.643855447598703723e+00
5.557576955814967690e+00
-2.626075849716672295e+00
5.542030100116464020e+00
-2.650204315008176437e+00
5.554946569363723441e+00
-2.633826479210754634e+00
5.536410638564543518e+00
-2.657136605595614043e+00
5.548698972033673904e+00
-2.640308785335394592e+00
5.559793547135844172e+00
-2.666001667222062999e+00
5.545516737695521670e+00
-2.648342004503599689e+00
5.554714317131157486e+00
-2.630410614796114821e+00
5.538290417491264606e+00
-2.653544724788210463e+00
5.551671879415501998e+00
-2.638404895818071694e+00
5.560450933789642392e+00
-2.661544072888946122e+00
5.548024722006823950e+00
-2.646788120368019026e+00
5.554097282908533550e+00
-2.624144526570816538e+00
5.545009198232968117e+00
-2.654591015873994930e+00
5.550829159144067049e+00
-2.632993233257306276e+00
5.536209297062395507e+00
-2.658790068427954179e+00
5.547071067630341190e+00
-2.640847542626830080e+00
5.559277273943521891e+00
-2.667813155170682293e+00
5.542473157099807146e+00
-2.647776937005580145e+00
5.555696914372433959e+00
-2.632286878237243943e+00
5.539291742900325666e+00
-2.656125292010512062e+00
5.550995594524207100e+00
-2.639365405148132115e+00
5.560953789714432105e+00
-2.663846747715461927e+00
5.546661644264272439e+00
-2.647068622008275973e+00
5.554144286358857485e+00
-2.626090387789236757e+00
5.543319707012750897e+00
-2.655139695089843599e+00
5.551558267085646925e+00
-2.634595914595487365e+00
5.563468464392721913e+00
-2.662089704676800839e+00
5.545566816217689876e+00
-2.641323213709756423e+00
5.559016016239007207e+00
-2.669449882420376063e+00
5.539894345024197087e+00
-2.647969797124850810e+00
5.553620763823830409e+00
-2.632783859540049232e+00
5.536205394642420785e+00
-2.655505903100257026e+00
5.550063712635620483e+00
-2.640838323020156864e+00
5.558874134946029777e+00
-2.664339596955566769e+00
5.545566668320595305e+00
-2.647594472043628855e+00
5.555758866011903052e+00
-2.629124401652841669e+00
5.541929246055691038e+00
-2.655469092171003798e+00
5.551114811240482005e+00
-2.636999760088886813e+00
5.559706416329444956e+00
-2.660496217707608579e+00
5.546141160429916894e+00
-2.643922350781482855e+00
5.555946479650206271e+00
-2.624967672151499176e+00
5.543547866238633048e+00
-2.652355201984544664e+00
5.552587172467458032e+00
-2.633282978820588482e+00
5.538409405276770059e+00
-2.658776410361848974e+00
5.550432530672094522e+00
-2.641946756722408640e+00
5.556941213859036388e+00
-2.664844532712013603e+00
5.544801417872986526e+00
-2.648283003457436724e+00
5.554083639653516258e+00
-2.630453082330962200e+00
5.539343711910581725e+00
-2.654723534883402625e+00
5.550609072124540688e+00
-2.638697083363930052e+00
5.559742961450134580e+00
-2.661440064545214312e+00
5.548655581114304347e+00
-2.647988941135352547e+00
5.552980259244518990e+00
-2.623819147654794737e+00
5.545083483381969991e+00
-2.655761495758572899e+00
5.550348902594721245e+00
-2.632773809419347799e+00
5.564708426866438629e+00
-2.662101055797948312e+00
5.545055473632269916e+00
-2.639532085864121580e+00
5.558325475077543487e+00
-2.668431559682314713e+00
5.539856177680882787e+00
-2.646025862745117863e+00
5.556284020729024498e+00
-2.634200905237600310e+00
5.535989880531132279e+00
-2.653884209499040914e+00
5.552946048147427760e+00
-2.641479041568082664e+00
5.557613252189594455e+00
-2.662233511941387132e+00
5.545811879870775840e+00
-2.647152859842537342e+00
5.553529572939712722e+00
-2.627540324611558287e+00
5.541902260074802911e+00
-2.655130860607324728e+00
5.550539683627395249e+00
-2.634392317702235697e+00
5.565062906347244542e+00
-2.664020319772743228e+00
5.544757870490804486e+00
-2.641598889335246003e+00
5.559332504492608074e+00
-2.627395060397034854e+00
5.540796058379467759e+00
-2.648392005787687964e+00
5.556496609696897515e+00
-2.635798985252398197e+00
5.536946774540367322e+00
-2.656354950017246530e+00
5.549662947445445305e+00
-2.641500906419993466e+00
5.554831316596185786e+00
-2.661538156628368679e+00
5.546949093870191305e+00
-2.650115775498651960e+00
5.551953708363322804e+00
-2.626898435281418642e+00
5.542337211496511706e+00
-2.656941068652174831e+00
5.548201369604974786e+00
-2.634860984755228230e+00
5.562842367588808123e+00
-2.663885453781520418e+00
5.545534816400333966e+00
-2.643870711045097188e+00
5.557198609685480406e+00
-2.626991888681295961e+00
5.542174287891784346e+00
-2.652279689788340722e+00
5.552001505205273801e+00
-2.633322988502656337e+00
5.539410071962412196e+00
-2.660461751796283192e+00
5.548393220269707271e+00
-2.641691360770257901e+00
5.559133344895016648e+00
-2.666614132934520320e+00
5.544700258783609392e+00
-2.649962188970652388e+00
5.552079059444780640e+00
-2.628994924151037971e+00
5.541323944694923398e+00
-2.658254230101003479e+00
5.547436956374602879e+00
-2.635854324509324442e+00
5.563098256258474095e+00
-2.665564099577203194e+00
5.545598895708090836e+00
-2.645238871923404567e+00
5.558211466495668773e+00
-2.629181851333282971e+00
5.540511335273571092e+00
-2.652659872448162925e+00
5.550196875834716437e+00
-2.634431045678820027e+00
5.562264511381602716e+00
-2.660487121958813539e+00
5.547914534525363095e+00
-2.642802659806037013e+00
5.559164037145979620e+00
-2.668497159731561652e+00
5.544307750427522663e+00
-2.650980243360616662e+00
5.552990411801073556e+00
-2.631566684054320149e+00
5.537521161203970976e+00
-2.656506156902053828e+00
5.549457959646069583e+00
-2.639749124229369581e+00
5.559993730585798488e+00
-2.665236916800738598e+00
5.544420481090186037e+00
-2.646219171420201910e+00
5.557235063792529850e+00
-2.630129017476751319e+00
5.541753768086096876e+00
-2.655014357102638112e+00
5.549662967340489139e+00
-2.635546281926644863e+00
5.558814975989536222e+00
-2.659493882814742971e+00
5.547748047945533223e+00
-2.644837056624988580e+00
5.556259019745533045e+00
-2.625167387194455415e+00
5.543456459178924156e+00
