7.656318410869369373e+00
8.120311233035954146e+00
-1.633366722943605520e+00
5.701366679516670644e+00
5.543691017711793734e+00
4.704429852247731247e+00
5.160895599207150575e+00
5.181819638516458326e+00
5.040159358913984811e+00
5.092759685085469279e+00
5.123209296609286589e+00
5.093552381693036146e+00
5.093713595320210175e+00
5.086631244026531107e+00
5.104595669093249022e+00
5.097457918803829813e+00
5.088653178099504792e+00
5.109096180310205071e+00
5.103351488711630246e+00
5.094512270370617379e+00
5.081247787958541373e+00
5.106942496235966189e+00
5.100188719564713757e+00
5.089095967892822259e+00
5.112078897398820487e+00
5.101665411825253571e+00
5.095540689363964759e+00
5.083105169300305093e+00
5.109382818640116675e+00
5.097678763940527880e+00
5.090331836603287030e+00
5.113202212986958095e+00
5.102001815261850481e+00
5.095597199711829894e+00
5.085938969206549309e+00
5.109506966161103669e+00
5.097710943421607688e+00
5.093269728912767746e+00
5.110857348514087128e+00
5.105018249529184260e+00
5.096139008842381024e+00
5.085482010115613960e+00
5.112630294305841261e+00
5.100143509256770180e+00
5.091957569289039753e+00
5.082255610280956404e+00
5.103380726539674228e+00
5.096976930231947200e+00
5.087527952213280358e+00
5.110005885166226669e+00
5.101400962425505448e+00
5.092138058816699342e+00
5.085386418555005505e+00
5.104671779082160299e+00
5.095383460504762319e+00
5.090552368155249141e+00
5.110162960378088925e+00
5.103979926310798554e+00
5.090731835460492682e+00
5.085770105899721116e+00
5.105066032947528143e+00
5.096341476621705446e+00
5.089747129982567841e+00
5.112572392336328875e+00
5.101107017833947488e+00
5.094503659128148954e+00
5.085301373503349431e+00
5.107645959354417897e+00
5.098623592843127383e+00
5.089961948218800991e+00
5.111033154101223275e+00
5.106613318278514058e+00
5.091588633095345706e+00
5.085694358425616457e+00
5.109445539690901761e+00
5.098232623684674003e+00
5.092395763087659510e+00
5.110393284357860999e+00
5.109151343295225800e+00
5.092995893611166558e+00
5.085647902671913023e+00
5.112596446064069156e+00
5.097502583789004227e+00
5.091941650941929076e+00
5.083713414507967876e+00
5.102848556850108075e+00
5.097567303172080955e+00
5.084538842300755590e+00
5.110671777024176521e+00
5.101241779718224123e+00
5.092119405336018367e+00
5.084667837782063771e+00
5.103843001445984129e+00
5.097085532553879084e+00
5.088263651585558378e+00
5.109858292245072597e+00
5.102344230833858241e+00
5.094607251456320540e+00
5.082367321736966481e+00
5.104434581854223829e+00
5.097107854398879034e+00
5.090709919530314487e+00
5.113435419280079053e+00
5.099058975609893629e+00
5.093039776977440702e+00
5.084698949144724978e+00
5.110243664729398283e+00
5.098486312367425555e+00
5.087989344591252738e+00
5.110571118285982983e+00
5.105193128661090540e+00
5.094388329214305955e+00
5.084836754902397615e+00
5.109801917939042148e+00
5.096500836419168401e+00
5.092288852486760220e+00
5.111117143771868321e+00
5.104449333924936383e+00
5.095329598223448997e+00
5.086178324299653219e+00
5.107888346998739948e+00
5.099734005217131383e+00
5.092708460098076095e+00
5.111083345848805415e+00
5.105228282849138211e+00
5.096234124358957729e+00
5.089370314050412070e+00
5.105051550106590064e+00
5.101416389711753929e+00
5.095263245348198744e+00
5.078617138902404626e+00
5.106355928650789799e+00
5.097170644506091364e+00
5.087675779846490443e+00
5.109385580422733497e+00
5.102483926198489783e+00
5.091455212642086003e+00
5.081624437663981197e+00
5.109160340952227486e+00
5.096524600907359037e+00
5.087532139807574794e+00
5.110581460145960264e+00
5.104182732397528177e+00
5.091719698563774266e+00
5.084607526775211106e+00
5.107570329137633536e+00
5.096562112477605488e+00
5.089265775639729483e+00
5.110810491133207734e+00
5.104246605668023129e+00
5.092964410465206093e+00
5.084077140168743014e+00
5.107880102446633153e+00
5.096988104385920870e+00
5.092199081534649174e+00
5.111938226506411276e+00
5.101440648208859230e+00
5.095392158769080915e+00
5.087141657609176804e+00
5.107315416312700584e+00
5.099988423136317728e+00
5.092655744956585018e+00
5.111612310413191196e+00
5.105397421017258353e+00
5.096048229109132244e+00
5.084111253359124838e+00
5.110573818973846549e+00
5.101584525502281586e+00
5.090196661676738010e+00
5.082754058749484827e+00
5.104497612571045728e+00
5.096497280385968942e+00
5.087730364551502404e+00
5.110192571014522400e+00
5.101183281444807704e+00
5.092369086516313814e+00
5.083869373617256215e+00
5.105909831171423718e+00
5.095489005136292882e+00
5.090215207471827874e+00
5.110785169159256291e+00
5.100723513647502649e+00
5.093381790822423483e+00
5.085597009193788764e+00
5.105404565289049401e+00
5.099763888418845426e+00
5.086510076085643206e+00
5.112743967254394839e+00
5.104054718210902841e+00
5.092509212957712528e+00
5.084971683350935301e+00
5.106675467566342164e+00
5.099212230793912504e+00
5.088764891183269690e+00
5.110884659152967302e+00
5.106519203284844544e+00
5.091185984300230061e+00
5.085337811355529425e+00
5.108668695077254185e+00
5.099279920091010609e+00
5.090296728576383600e+00
5.114415414251015868e+00
5.103423756602575523e+00
5.093206865954064355e+00
5.086537998233343849e+00
5.110897243296785852e+00
5.098708997998939729e+00
5.091193401905084848e+00
5.083338847118957560e+00
5.104646338539481576e+00
5.094617422774393667e+00
5.086805184334708407e+00
5.107726333071081370e+00
5.100435313449984243e+00
5.092748115089358762e+00
5.083313434100062089e+00
5.104304492780897817e+00
5.095748685260931055e+00
5.089758898209002957e+00
5.111025903952464589e+00
5.099540836479677708e+00
5.093675524255209197e+00
5.084079254925383928e+00
5.105882071435556391e+00
5.096371899776932501e+00
5.088606366507062440e+00
5.111882671186052107e+00
5.100059156056143017e+00
5.094283970997065758e+00
5.083725084312042064e+00
5.107668283632224693e+00
5.097520689983118025e+00
5.090001880135781143e+00
5.110708963635064883e+00
5.103085446944835901e+00
5.095416756456313756e+00
5.083230352335731617e+00
5.110019533173804973e+00
5.096896345666651840e+00
5.091984192540877530e+00
5.110848777201122850e+00
5.104044218548988709e+00
5.095941975761061116e+00
5.084255159554545322e+00
5.110092604255584980e+00
5.100129087957626872e+00
5.092075696810746344e+00
5.112061636121817187e+00
5.101874036407766155e+00
5.098489575336902391e+00
5.087918530705732856e+00
5.108071560420558654e+00
5.099742674935568765e+00
5.093337281798049787e+00
5.080592902797988586e+00
5.106759026016213454e+00
5.096198862570237686e+00
5.087768108899588526e+00
5.108841946262406175e+00
5.103218340135996733e+00
5.089522647106866415e+00
5.086224939540215928e+00
5.103020321120436797e+00
5.099715350762437538e+00
5.086477874147862899e+00
5.111731719201904944e+00
5.100329768523621965e+00
5.096075215609870313e+00
5.082500812939464652e+00
5.107019039422769247e+00
5.099015924788208309e+00
5.086570802103647537e+00
5.111059884599523429e+00
5.103664866645618581e+00
5.095262579481626197e+00
5.082563010858239139e+00
5.108313576215632423e+00
5.098081322551244021e+00
5.089857525850819187e+00
5.114448882593200629e+00
5.100069677363529230e+00
5.094437479192619911e+00
5.088091008567766416e+00
5.108834835461639301e+00
5.096884195595705158e+00
5.092115455875203978e+00
5.111817506691548552e+00
5.105757032625950487e+00
5.095001916065847070e+00
5.085494335702848367e+00
5.108376180646607700e+00
5.100762721236535846e+00
5.093733289990979074e+00
5.079570552556056384e+00
5.107356817926794079e+00
5.095326218587810096e+00
5.089046929026760147e+00
5.107749745700195909e+00
5.100802626202725953e+00
5.092775735437117035e+00
5.084409750542140394e+00
5.103711985037788779e+00
5.097962966507454396e+00
5.089128806093809132e+00
5.108823215020385611e+00
5.100510047627771826e+00
5.095493532531111924e+00
5.083668972961238985e+00
5.105585241429465349e+00
5.098407244600039689e+00
5.087743132617987385e+00
5.113680159380781909e+00
5.100307500249304127e+00
5.094112693115511625e+00
5.085089596098393727e+00
5.106950010996294864e+00
5.097896715587907579e+00
5.087832227313414890e+00
5.114483786170229251e+00
5.100901119232863934e+00
5.093988906548425177e+00
5.087715778749034357e+00
5.106726998832626485e+00
5.099512005688050742e+00
5.090268317055016034e+00
5.112685521283808932e+00
5.104440598536676532e+00
5.094730073029371198e+00
5.084180275035679486e+00
5.109534658891599967e+00
5.100941517635090960e+00
5.088432303097191856e+00
5.115813668895692778e+00
5.103421416856649628e+00
5.097084416650929484e+00
5.084930432148701662e+00
5.109054491575149015e+00
5.101720578707986675e+00
5.090034662154739209e+00
5.081462289956277800e+00
5.108223176536220933e+00
5.096824715998338640e+00
5.084689178247727703e+00
5.109348722484454264e+00
5.104436571131169664e+00
5.090065557224290771e+00
5.084318087869559299e+00
5.107516069270716663e+00
5.095865415998351189e+00
5.088870836443675216e+00
5.115283263984726325e+00
5.096985577974316506e+00
5.094136245700832788e+00
5.085601800435656905e+00
5.105257088594177262e+00
5.099396130766650437e+00
5.088145145012522796e+00
5.111773954302651468e+00
5.101870283687661711e+00
5.094779723925166870e+00
5.084289546932632575e+00
5.107463099530922257e+00
5.098962509818894873e+00
5.089261654743148178e+00
5.113019257134167717e+00
5.102420686950235762e+00
5.094524615088589670e+00
5.089267015300166008e+00
5.105082416758888186e+00
5.100486486010557208e+00
5.090866875182999962e+00
5.112437765363685216e+00
5.102558084808488381e+00
5.097355995377537141e+00
5.086284185047877493e+00
5.107601337738664427e+00
5.101043804505406953e+00
5.090508661799403534e+00
5.084379076276589693e+00
5.102552773760336891e+00
5.097823256055594499e+00
5.087148002166930638e+00
5.109195823578970952e+00
5.101711203449952770e+00
5.089889042002023523e+00
5.085197260685557552e+00
5.105319161187992449e+00
5.094520774265251184e+00
5.090779675263180870e+00
5.111459999090103068e+00
5.104012649288843129e+00
5.090160811561259102e+00
5.084586622912258491e+00
5.109306079595934413e+00
5.094791434371395589e+00
5.089591065774015988e+00
5.112731505155801770e+00
5.100242019511751046e+00
5.094919444038774614e+00
5.084097143956712195e+00
5.108207847829604020e+00
5.096405114039349371e+00
