7.723558200922933104e+00
7.661052621378616756e+00
-2.932476845674568899e+00
6.025423069874663362e+00
5.458690848635129989e+00
4.095174491750037227e+00
5.171580302704951393e+00
4.884658705340941154e+00
4.706282420111039144e+00
4.905502285381253991e+00
4.847515087451530036e+00
4.831961168103895865e+00
4.869446274371655115e+00
4.824705322153175935e+00
4.830245516856159327e+00
4.839521005720424540e+00
4.839718590033589507e+00
4.846761606452174576e+00
4.853373076398749930e+00
4.851427831072723684e+00
4.831000688159323708e+00
4.834393742394542670e+00
4.837169900141992329e+00
4.843852019045309376e+00
4.846989858464908707e+00
4.850672787344454839e+00
4.857912491894582629e+00
4.827746823981698299e+00
4.834865349148963709e+00
4.838380933727220778e+00
4.843016551904988809e+00
4.849377219193127253e+00
4.850385821936346709e+00
4.857141702126648752e+00
4.829378685806018368e+00
4.834021778567064942e+00
4.839037852170161358e+00
4.843931392336722652e+00
4.845823223219755782e+00
4.854291370831133712e+00
4.856272320770352202e+00
4.829673413227919099e+00
4.833225869357841376e+00
4.841968565591671769e+00
4.843457544312077090e+00
4.845415217680606901e+00
4.854267901064890367e+00
4.858372890198673133e+00
4.828359501225877537e+00
4.828517979826009388e+00
4.845518092566031498e+00
4.842415704794003517e+00
4.846038534311949419e+00
4.854215702615420014e+00
4.857228226878955724e+00
4.829459314322484431e+00
4.835550039945214706e+00
4.840483029577764107e+00
4.844675020188342174e+00
4.845487889635869294e+00
4.855572211882125622e+00
4.857659602408681998e+00
4.831255053889405460e+00
4.834127940526902201e+00
4.838894532865168685e+00
4.846838291652872499e+00
4.847489594952795855e+00
4.854829632759077640e+00
4.856820910411037140e+00
4.833493938217377384e+00
4.834305661006705890e+00
4.839794123372023193e+00
4.846631867107441316e+00
4.848233834126207675e+00
4.853987455505680337e+00
4.861727340206757120e+00
4.829167711039055177e+00
4.829368767799478768e+00
4.847379562997183200e+00
4.842625048570170954e+00
4.849314903404640553e+00
4.856533040642057486e+00
4.858526289095985717e+00
4.829270625930232264e+00
4.838337517755644690e+00
4.836220578069256426e+00
4.849515435965352061e+00
4.847754955725537052e+00
4.856286954083616436e+00
4.860334388338575451e+00
4.831493111552724429e+00
4.836223436833686939e+00
4.837372701450487256e+00
4.849822178880258683e+00
4.849830444512377881e+00
4.853109329660261650e+00
4.829182469549038181e+00
4.832134756298470890e+00
4.836867476971474566e+00
4.843680129426307879e+00
4.845437303449951827e+00
4.849221442443738539e+00
4.857207128945487007e+00
4.828217863467554771e+00
4.830860531482937148e+00
4.833683310289915269e+00
4.847323097144475845e+00
4.843101239964875404e+00
4.851867458561985202e+00
4.856734679378988950e+00
4.828716316144225473e+00
4.832266645886901912e+00
4.838394978482327247e+00
4.842100139619421206e+00
4.847259537261864537e+00
4.849967421072387985e+00
4.856830132004644085e+00
4.828016675273357095e+00
4.832491870032382231e+00
4.843498670444434495e+00
4.835881385249268583e+00
4.850009294670195814e+00
4.852766190061291951e+00
4.854165734124355147e+00
4.830421545871053546e+00
4.834382488902107866e+00
4.838254584270538672e+00
4.844156584202761628e+00
4.846103030393640765e+00
4.851465007581094113e+00
4.857479606128385363e+00
4.831863284259518387e+00
4.832292112043276688e+00
4.841378561263152136e+00
4.842533184590272377e+00
4.846641805830579131e+00
4.852237020411893198e+00
4.855868833739497070e+00
4.824290025185423936e+00
4.839093993836828922e+00
4.839553288376242435e+00
4.844126908623635153e+00
4.845739850138722105e+00
4.851527727064268269e+00
4.859859250102353201e+00
4.830478874014257684e+00
4.834266721519082211e+00
4.840451222978044754e+00
4.843781030936660237e+00
4.848633844976486529e+00
4.854150825484438769e+00
4.858495611938455916e+00
4.829034283511150605e+00
4.828889397995320465e+00
4.847440309994105689e+00
4.842815586251497884e+00
4.847325281367728778e+00
4.853573783532976194e+00
4.859370309813304090e+00
4.830278236744881326e+00
4.834452531312499524e+00
4.841670671985707664e+00
4.844562855029281856e+00
4.847824300615267923e+00
4.855495184765755923e+00
4.859035835383424207e+00
4.829715258457232707e+00
4.836744853109358644e+00
4.840156619930043647e+00
4.846740417938210754e+00
4.847355824383018152e+00
4.853755590031616940e+00
4.860215690694277946e+00
4.830389987814274200e+00
4.836920202226104415e+00
4.841112085973183099e+00
4.843677217394136925e+00
4.850025494222717448e+00
4.850823646464219152e+00
4.863271465983719288e+00
4.829448507313325756e+00
4.837518638244130642e+00
4.840108885858567689e+00
4.845894084165156990e+00
4.850535000521896123e+00
4.853708172034704837e+00
4.858741063201641452e+00
4.838471118037409369e+00
4.831107594908959690e+00
4.842950393352453808e+00
4.848960652146709904e+00
4.846870680103315010e+00
4.856023267269738319e+00
4.829880198799012092e+00
4.831768192230602388e+00
4.836616600890361717e+00
4.833507600539225457e+00
4.853315472308357137e+00
4.849436221779209077e+00
4.853321589637851652e+00
4.830676745514563386e+00
4.827841714985785515e+00
4.841453890524382686e+00
4.839968091772271386e+00
4.847345016413652452e+00
4.850138118900287232e+00
4.856056767407253005e+00
4.828576017207605986e+00
4.832006196609419213e+00
4.833956212736568503e+00
4.847549798428892665e+00
4.843656576388263524e+00
4.854555101686292673e+00
4.853762833851693159e+00
4.828180363263851582e+00
4.834521635189114264e+00
4.838563632255823421e+00
4.839735744334921819e+00
4.850616783357740935e+00
4.848993043500608557e+00
4.853578854004282128e+00
4.833125410521276422e+00
4.834160948849579142e+00
4.838791634732597657e+00
4.840977654638987104e+00
4.848379939155780249e+00
4.853179998327026290e+00
4.856515740710390716e+00
4.827433364108501657e+00
4.835694068649593724e+00
4.836273802048120629e+00
4.846692533532414693e+00
4.845489178064603664e+00
4.854954057781957211e+00
4.855172323712040772e+00
4.831299352073497033e+00
4.835201904913075666e+00
4.837189145039067384e+00
4.845288881200461972e+00
4.846513799136626943e+00
4.854510248674839268e+00
4.857046062372122996e+00
4.830813633324797962e+00
4.827561110494715813e+00
4.845719836001853409e+00
4.843274580661657502e+00
4.846105288918240994e+00
4.854033469273419499e+00
4.856708802613989739e+00
4.831322944456878155e+00
4.835325380687001129e+00
4.840640679263795931e+00
4.843299894880521705e+00
4.850143263556083717e+00
4.853802349292956286e+00
4.848736089908439517e+00
4.837698027110119980e+00
4.834634073616606464e+00
4.838342562519484247e+00
4.847382890611512174e+00
4.845658526576021252e+00
4.855544667985243201e+00
4.857752584650741667e+00
4.831753430539992955e+00
4.836345757136077061e+00
4.838958352930866624e+00
4.845490251769125400e+00
4.850640253744064267e+00
4.853595743410183516e+00
4.858712510286752995e+00
4.830173890441576745e+00
4.837477385148222453e+00
4.842432229360198015e+00
4.841952094012963670e+00
4.851355184639680296e+00
4.855333805732931829e+00
4.859898034743173945e+00
4.831429676277702256e+00
4.837528993121004817e+00
4.839470978393687339e+00
4.845558137807436161e+00
4.850803820100406227e+00
4.854910814363725180e+00
4.827470199681493490e+00
4.825566611668843819e+00
4.841986574387853182e+00
4.841112517565359319e+00
4.845258754603410267e+00
4.852933295168760708e+00
4.854181226693329521e+00
4.827758916673972500e+00
4.833167485666757912e+00
4.835542684443060679e+00
4.841497905338771446e+00
4.846532776962956035e+00
4.851421260136455693e+00
4.855902503938903436e+00
4.826781863662788830e+00
4.831805510423360595e+00
4.839722266743775592e+00
4.841049234703600490e+00
4.845741953347724618e+00
4.851264236284102971e+00
4.854887743174473691e+00
4.829711154348277802e+00
4.832206268396173954e+00
4.838687827950164611e+00
4.843318767428328897e+00
4.847009712530130798e+00
4.853339291591285409e+00
4.848374096117833432e+00
4.835034179630487650e+00
4.834547547490914532e+00
4.836186190677888241e+00
4.843606335084772674e+00
4.846197952691597699e+00
4.846994436113930327e+00
4.862400766452308787e+00
4.825764139230559024e+00
4.835763328870011257e+00
4.839287163360603827e+00
4.841856250406527451e+00
4.848882988962942342e+00
4.851076496232211710e+00
4.859170648636090384e+00
4.828307669355980103e+00
4.834717125137803606e+00
4.834378206485841822e+00
4.847965616689402069e+00
4.845407406531107242e+00
4.852340664049982877e+00
4.858972975884981338e+00
4.829600336357424695e+00
4.834644941042066435e+00
4.837735323023875544e+00
4.846382843504095206e+00
4.846386580401816246e+00
4.855106775034847111e+00
4.857100573994315162e+00
4.833016169232744907e+00
4.830535710703923513e+00
4.841777091354735774e+00
4.843912176949443094e+00
4.847580813934030175e+00
4.854404626775640885e+00
4.857901179850484752e+00
4.830439323417420994e+00
4.835468184338895803e+00
4.838947657210940889e+00
4.847156820255927201e+00
4.846342648280117515e+00
4.853082873764921423e+00
4.859182801795455475e+00
4.831088101162020365e+00
4.836338408593647387e+00
4.838835773118866257e+00
4.845216630277590752e+00
4.850267033977393893e+00
4.853241518128893262e+00
4.859477028018165612e+00
4.829589316102653740e+00
4.837297793192945505e+00
4.839726936445024386e+00
4.846116177738235109e+00
4.848206754642236938e+00
4.854662787217806752e+00
4.859613765677178066e+00
4.831599829074828989e+00
4.836626897883325782e+00
4.840005663919155765e+00
4.844401973848729170e+00
4.852123293495778533e+00
4.850118233658735178e+00
4.861379268685542598e+00
4.833904480216010491e+00
4.835821350882276271e+00
4.841407617937647956e+00
4.845800300037311992e+00
4.851015586537864799e+00
4.854822547184244108e+00
4.827909189745616558e+00
4.832766981107651461e+00
4.835556522590095163e+00
4.841977061876948873e+00
4.847628807080288205e+00
4.850582356894593161e+00
4.854404584686599300e+00
4.829657921226794492e+00
4.831412427198477744e+00
4.838872272642205097e+00
4.842619714975238132e+00
4.842888592117970070e+00
4.852920656965118873e+00
4.854451505534769673e+00
4.829693660881736683e+00
4.831119907095798638e+00
4.838706703361862260e+00
4.841470694742919356e+00
4.848147755742399312e+00
4.843848711578682575e+00
4.861888158758413070e+00
4.828240551828430149e+00
4.832418757814904708e+00
4.840425894764731396e+00
4.841328811252415321e+00
4.845606543512079867e+00
4.852466538021308118e+00
