7.872817294697139090e+00
-3.957258798303442404e+00
2.975755661617898618e+00
3.160844883033598673e+00
6.346280931339760567e-01
4.689264745345007590e+00
-1.943749322077187980e+00
5.155313957715228490e+00
-2.732531444580660995e+00
5.142126518442557526e+00
-2.390223891317480920e+00
5.060411874278167410e+00
-2.589722742288686597e+00
5.032242195096733539e+00
-2.276946605339209562e+00
5.065771474026419696e+00
-2.590955370056996276e+00
5.033068568154230427e+00
-2.276716751124632232e+00
5.065759665211764684e+00
-2.591895351066516362e+00
5.031722060798312413e+00
-2.277574942195692564e+00
5.059781000254920613e+00
-2.594758212827858568e+00
5.019406308221344482e+00
-2.268027152121877332e+00
5.068651486432123043e+00
-2.604288413241611977e+00
5.031760901620740967e+00
-2.279054299984464738e+00
5.066417322528243616e+00
-2.598540412793346466e+00
5.029904317663615565e+00
-2.275835616395976313e+00
5.062596483665634750e+00
-2.592441492720870322e+00
5.027551039862044213e+00
-2.272158348526525096e+00
5.061214165121580955e+00
-2.582906729000812085e+00
5.030333576660798833e+00
-2.273213908023210106e+00
5.065585951849717716e+00
-2.591041592741274879e+00
5.025696170859768053e+00
-2.274665673236555552e+00
5.060079298517297985e+00
-2.589542352654023549e+00
5.028051333568191339e+00
-2.275468298644181431e+00
5.064233450445711604e+00
-2.596181693568497817e+00
5.028704303797582931e+00
-2.274416780373779812e+00
5.055818500543698413e+00
-2.578106033072245395e+00
5.022763742046808311e+00
-2.268126471325845550e+00
5.062571552081907456e+00
-2.586099479771465592e+00
5.031797452014316718e+00
-2.275435022928144146e+00
5.059151544731061989e+00
-2.582509350121702685e+00
5.023947646818527346e+00
-2.267099948625477701e+00
5.068640376431541306e+00
-2.604297857664744864e+00
5.029503369531353130e+00
-2.278382593042950433e+00
5.061287689923755551e+00
-2.590299814879340801e+00
5.029730775775692386e+00
-2.276719206260596540e+00
5.060444599155219159e+00
-2.587252154488458800e+00
5.027576262232869020e+00
-2.273497011050575445e+00
5.065254253012311025e+00
-2.595476660519957068e+00
5.029894416897676912e+00
-2.273975535623082411e+00
5.058139801139295955e+00
-2.582619162925573253e+00
5.021948641659378154e+00
-2.266079349128696130e+00
5.068912523512917545e+00
-2.597506920951080378e+00
5.032110087202155135e+00
-2.275111278056858310e+00
5.062363713106158514e+00
-2.594383800718724320e+00
5.029849064492499799e+00
-2.277689942653356781e+00
5.058551708643432399e+00
-2.587169992944485575e+00
5.025593510468648439e+00
-2.272482092403516063e+00
5.065789842369100349e+00
-2.597796149245904296e+00
5.031227046960824900e+00
-2.275860172049559260e+00
5.061691008200390307e+00
-2.589062191590004502e+00
5.023276593822874503e+00
-2.268209825710091554e+00
5.067985328156622948e+00
-2.597448893117718427e+00
5.031061776332066415e+00
-2.274868716971875315e+00
5.067204645721845147e+00
-2.591135839933284224e+00
5.031936405656441735e+00
-2.280495893490019910e+00
5.069752605279571611e+00
-2.607595647424397534e+00
5.041076258904512386e+00
-2.287043692697843689e+00
5.054395408377471810e+00
-2.578968171685152466e+00
5.017226778371592033e+00
-2.264361625484173857e+00
5.068702487015637637e+00
-2.602067230605903614e+00
5.031791377143776778e+00
-2.277689775796241989e+00
5.067516628704693105e+00
-2.598155629784146381e+00
5.030788526287482298e+00
-2.275425834863318286e+00
5.066935576749668435e+00
-2.592125779469990121e+00
5.031589591188627253e+00
-2.276487985055320795e+00
5.072468894513965765e+00
-2.599368724778390316e+00
5.039422158109405636e+00
-2.289426416959381871e+00
5.062292478617600899e+00
-2.591436509366411567e+00
5.033893336811281038e+00
-2.280862122966928585e+00
5.060742488862468136e+00
-2.590020343194708197e+00
5.023968732228301093e+00
-2.270450518824429054e+00
5.066978500320584722e+00
-2.598651529818764239e+00
5.029721375171229525e+00
-2.275187186679412221e+00
5.064527871208916565e+00
-2.591414948246552274e+00
5.029618323187674100e+00
-2.273971381980316231e+00
5.068126208554199152e+00
-2.596557522645099425e+00
5.031452427609217182e+00
-2.274586890573141229e+00
5.062678734273830194e+00
-2.591580081235180799e+00
5.029287104915546536e+00
-2.277303774820482740e+00
5.060194067231456927e+00
-2.589065572355783829e+00
5.027003217516383238e+00
-2.273976145190748088e+00
5.064970834268306632e+00
-2.596771886280912156e+00
5.029647948953280157e+00
-2.274732707278698918e+00
5.059949181539490581e+00
-2.588656374419396222e+00
5.021429107162024508e+00
-2.266712583519766344e+00
5.068988510879555598e+00
-2.599399096874057680e+00
5.032291568902278911e+00
-2.276325770810453619e+00
5.064339130115152798e+00
-2.591484723629785769e+00
5.031475839244410331e+00
-2.277472352704809300e+00
5.062105256930172104e+00
-2.595437926773914050e+00
5.023256472649765492e+00
-2.271517875876818415e+00
5.066479628982911265e+00
-2.600724697767054838e+00
5.029299631869536213e+00
-2.276452154075629508e+00
5.066228387051673998e+00
-2.598343708424545095e+00
5.029824527949788404e+00
-2.275761882075807208e+00
5.066459644764982784e+00
-2.594038902739280505e+00
5.036879551784088527e+00
-2.279281794539915751e+00
5.058753517069489725e+00
-2.577824440578467602e+00
5.020831938326071331e+00
-2.265580746370004395e+00
5.066948630363451223e+00
-2.590587048940871107e+00
5.035107318946998589e+00
-2.283949396959715550e+00
5.064022526128329815e+00
-2.598173665001632493e+00
5.028747333004508491e+00
-2.275586186950342427e+00
5.057470197123887345e+00
-2.585394420026031259e+00
5.022589707025442607e+00
-2.269261663793809891e+00
5.067628188751048590e+00
-2.599972030037519755e+00
5.030359638367832176e+00
-2.276039880760730050e+00
5.061708265921722294e+00
-2.584314264958936569e+00
5.031640635207155654e+00
-2.275293918341399824e+00
5.060748738707044225e+00
-2.585369806529423720e+00
5.024912820361505439e+00
-2.268055544792465295e+00
5.068460234296984446e+00
-2.604026968656850904e+00
5.029290420055700039e+00
-2.278175684527126155e+00
5.060948331745644069e+00
-2.588652902705958159e+00
5.030612688814134259e+00
-2.277447152836402644e+00
5.061247189207562336e+00
-2.590853945433243766e+00
5.025385493463098818e+00
-2.271598347619781855e+00
5.066045226909948518e+00
-2.596785499875733816e+00
5.032259261760066771e+00
-2.275925558863173492e+00
5.056767969063432844e+00
-2.578313987030128374e+00
5.021263536613842504e+00
-2.265360265633663772e+00
5.068546358401069263e+00
-2.595464071781004911e+00
5.035730102635986860e+00
-2.277244735689575528e+00
5.057904118128351278e+00
-2.589335265366851324e+00
5.020769020161235829e+00
-2.269307898245532584e+00
5.067791101291721390e+00
-2.603150004634150694e+00
5.030632502565022257e+00
-2.278036769314081944e+00
5.063075348336953496e+00
-2.591386102011577819e+00
5.030378737857629012e+00
-2.276024908875851516e+00
5.059265661854901452e+00
-2.585852097706774266e+00
5.025495062919860700e+00
-2.270150410533565477e+00
5.066521906318169677e+00
-2.595048544836107141e+00
5.032651383135626766e+00
-2.274827184031707805e+00
5.057293855813462358e+00
-2.577911589819850136e+00
5.019333420261280487e+00
-2.266674830492445114e+00
5.068400548415992191e+00
-2.605612509623519202e+00
5.031331950044061863e+00
-2.279652879143176047e+00
5.066246115874024625e+00
-2.600136634009013736e+00
5.029511653104460578e+00
-2.276487727906497671e+00
5.064478888507098375e+00
-2.597137573252017440e+00
5.030842173757722691e+00
-2.275278840739690445e+00
5.060642806520647241e+00
-2.591084103227986990e+00
5.019936920702438243e+00
-2.264952996331091484e+00
5.069819295011344984e+00
-2.599966438393805923e+00
5.033203672065244660e+00
-2.276878195241210712e+00
5.062447134767939616e+00
-2.588227123952584030e+00
5.025929784444414850e+00
-2.274650631971573134e+00
5.065639413488288056e+00
-2.600485211981458544e+00
5.031475572113784267e+00
-2.277675844547265349e+00
5.061651266522297021e+00
-2.591816871394372335e+00
5.022585759625278534e+00
-2.269252465324758550e+00
5.067630332937066662e+00
-2.599775579216292432e+00
5.030603619513440705e+00
-2.276121951705908586e+00
5.061996923789078728e+00
-2.585242117037868326e+00
5.031317920087468032e+00
-2.274911906527936623e+00
5.059702463026856556e+00
-2.580360456322395191e+00
5.025849018134810997e+00
-2.268663291627173617e+00
5.062904523560353809e+00
-2.591803750169205056e+00
5.029079178656368221e+00
-2.277238612856827160e+00
5.061082800879971977e+00
-2.595319726498580781e+00
5.022910309258202588e+00
-2.270446503289539564e+00
5.067719929076296204e+00
-2.601340917455345902e+00
5.030641760567231557e+00
-2.277022564619974876e+00
5.066989852847921583e+00
-2.594901025779833503e+00
5.034562803084170035e+00
-2.280274856706813846e+00
5.063320862432339808e+00
-2.589574535304431269e+00
5.032959701104492645e+00
-2.276161045630019863e+00
5.059823687143913062e+00
-2.577884586176836468e+00
5.027324130092090115e+00
-2.274128201153656104e+00
5.060429475393801724e+00
-2.593659663854951170e+00
5.025337299736247765e+00
-2.273392657235726588e+00
5.065852358489938645e+00
-2.599698264818395721e+00
5.031798072075965855e+00
-2.277311595419956092e+00
5.057000212489301205e+00
-2.580276948228733769e+00
5.021947182899815232e+00
-2.267777063781964308e+00
5.067031664095502208e+00
-2.597524884570264536e+00
5.030401105075051227e+00
-2.275201712224415918e+00
5.062798453284074185e+00
-2.585785233487291723e+00
5.032189542881353894e+00
-2.275028817102212830e+00
5.061313714648316697e+00
-2.586856571153511197e+00
5.020652212489506994e+00
-2.270002164674073342e+00
5.067921886421174804e+00
-2.604556353270431668e+00
5.030897294671364151e+00
-2.278997609129275403e+00
5.063031791284119620e+00
-2.593313621235945554e+00
5.028634662462108551e+00
-2.275508038843341740e+00
5.067484281719680794e+00
-2.599838110590483087e+00
5.030574857164835656e+00
-2.276262270229863383e+00
5.061970623961811633e+00
-2.585675555325560815e+00
5.031428906460438277e+00
-2.275093918522141490e+00
5.061408275324836836e+00
-2.587436171998462875e+00
5.023680712018337324e+00
-2.266983276525148305e+00
5.068570232134279152e+00
-2.604287823542459357e+00
5.029573682041564631e+00
-2.278481076190767229e+00
5.061410430409486239e+00
-2.591496098288277317e+00
5.029286102771379774e+00
-2.276332197523620593e+00
5.058961268938938716e+00
-2.586115072166371931e+00
5.025154049531788125e+00
-2.271340863450244107e+00
5.062377484111312498e+00
-2.589670900337589732e+00
5.027714265006746786e+00
-2.273007614307227975e+00
5.064802824272803150e+00
-2.592957682979418532e+00
5.033768234114552875e+00
-2.276069272957347067e+00
5.057449024168456653e+00
-2.577302688290626254e+00
5.021720425362970808e+00
-2.264622048980864832e+00
5.067243101118041437e+00
-2.604265317769697496e+00
5.029831216070411060e+00
-2.278418999886418828e+00
5.066520256650570708e+00
-2.598029262842941112e+00
5.030615849891105107e+00
-2.279505739502959649e+00
5.067737460135111505e+00
-2.598303441865089880e+00
5.037929097863165673e+00
-2.283713389917569003e+00
5.058406733548034495e+00
-2.582091215847259758e+00
5.025177389869664779e+00
