8.022698178474044539e+00
-4.133573296306428446e+00
4.228935559019131318e+00
2.318976707617666388e+00
1.108854682870422881e+00
4.818845357310851618e+00
-1.555934501634983480e+00
5.447064732734485659e+00
-2.407017074477632246e+00
5.385399203661247469e+00
-2.314323960325322282e+00
5.362756554709013024e+00
-2.287282540105585849e+00
5.383967259735412014e+00
-2.312871754400927848e+00
5.378261110775286014e+00
-2.306423283920458811e+00
5.378222344145688893e+00
-2.310032265300755228e+00
5.377519226859341472e+00
-2.305844482144579821e+00
5.379878726699804936e+00
-2.309499829050619457e+00
5.377683723813666106e+00
-2.310260582712895694e+00
5.377167360074872171e+00
-2.307048601030430746e+00
5.378351322279677049e+00
-2.310127213646758548e+00
5.377371109873868349e+00
-2.307764505489462881e+00
5.378512832125418974e+00
-2.313448226742870872e+00
5.377168640894494978e+00
-2.309388085061032658e+00
5.378719727195993450e+00
-2.310255926787820435e+00
5.377784117968067434e+00
-2.313841413347466958e+00
5.377006045194312023e+00
-2.310093335763152123e+00
5.378581230286124892e+00
-2.311060689741649021e+00
5.377611107321009776e+00
-2.314768094228354389e+00
5.376762051382830698e+00
-2.310738543442164783e+00
5.378429558853578207e+00
-2.311853393932418399e+00
5.377447225507184569e+00
-2.315704152456025344e+00
5.376513834071452003e+00
-2.311374798605810632e+00
5.378279344341464707e+00
-2.312646620925064234e+00
5.377285215389443707e+00
-2.313653147723987225e+00
5.377366455902537368e+00
-2.312237857411500119e+00
5.378491483470043910e+00
-2.314095573782052995e+00
5.376424999494608947e+00
-2.312841998319512093e+00
5.376702856547860954e+00
-2.312418532732521292e+00
5.377712546254821646e+00
-2.313674863644965107e+00
5.379334623088809941e+00
-2.305164622841918920e+00
5.379081794090803115e+00
-2.306882980323439192e+00
5.378948524441899970e+00
-2.305313826709017189e+00
5.380054993985191381e+00
-2.307186279510021087e+00
5.378038481313613950e+00
-2.306231506673691811e+00
5.378231334290032528e+00
-2.305537147008331900e+00
5.379194561085341775e+00
-2.307675448036164756e+00
5.378837774251965520e+00
-2.306458711636417913e+00
5.379691019396017460e+00
-2.308334785120290888e+00
5.377923513637920649e+00
-2.309631757627062854e+00
5.377325468212463377e+00
-2.306307378458090085e+00
5.378525031535152934e+00
-2.309525019959764780e+00
5.377507953502346005e+00
-2.307024586914050879e+00
5.378641457351321264e+00
-2.312374508305409471e+00
5.377478213968441167e+00
-2.308995824099151939e+00
5.378815672233631773e+00
-2.309468581019987532e+00
5.377906887849130513e+00
-2.312635249146243410e+00
5.377366185364799378e+00
-2.309702493705710680e+00
5.378679370256786996e+00
-2.310268516239451841e+00
5.377748566575546896e+00
-2.313686828295023812e+00
5.377078044402123780e+00
-2.310283364403313833e+00
5.378540660848279309e+00
-2.311076499007068907e+00
5.377587184029852807e+00
-2.314648946070262170e+00
5.376820953753441934e+00
-2.310911005021759834e+00
5.378392713312517337e+00
-2.311873890526804587e+00
5.377423194874532797e+00
-2.315583488355891895e+00
5.376574157291005740e+00
-2.311552795830767781e+00
5.378241592289984219e+00
-2.312667055373334168e+00
5.377259243029669733e+00
-2.316519138577237680e+00
5.376325910057829560e+00
-2.312188755285744968e+00
5.378091378728764305e+00
-2.313460014771260287e+00
5.377097204765692418e+00
-2.314469131414067959e+00
5.377177957656151364e+00
-2.313050840223831450e+00
5.378303864720056282e+00
-2.314909077053882491e+00
5.378236657900077766e+00
-2.304971616024592329e+00
5.378515526454591189e+00
-2.304566077658011469e+00
5.379524667121097892e+00
-2.305814692494775109e+00
5.379145329024924926e+00
-2.305973554142604520e+00
5.378905049704862051e+00
-2.307439857686159890e+00
5.378850275018028704e+00
-2.306150952916143471e+00
5.379806668744384623e+00
-2.307881137641505820e+00
5.377988685759637733e+00
-2.308733691984028003e+00
5.377569938135476235e+00
-2.305977919703668277e+00
5.378664494903935278e+00
-2.309970874529721829e+00
5.377341187790309007e+00
-2.306327554726067763e+00
5.378575574479305565e+00
-2.310931026106250563e+00
5.377090696638753720e+00
-2.306708325844953222e+00
5.378418929070928556e+00
-2.310423637638659766e+00
5.377298806300636613e+00
-2.307532020418613161e+00
5.378417880719065458e+00
-2.312480270045701225e+00
5.377058669257591461e+00
-2.307653115151995227e+00
5.379512416030245880e+00
-2.311176211851222906e+00
5.377205584474592293e+00
-2.310511660745340201e+00
5.377208420840862146e+00
-2.309060589649316153e+00
5.378166082094858247e+00
-2.314048045808899445e+00
5.376809563260001923e+00
-2.309392282693436993e+00
5.378639964295874876e+00
-2.311292603373944488e+00
5.378039429413559169e+00
-2.311064466673348416e+00
5.377887831099443794e+00
-2.310958038383721824e+00
5.377861513285327355e+00
-2.311383509551210302e+00
5.378053057471626097e+00
-2.312030540750453333e+00
5.377729295285416100e+00
-2.311747783529363165e+00
5.377486178535270334e+00
-2.311962105898022646e+00
5.377797425220953720e+00
-2.312966498014228378e+00
5.377114002751422817e+00
-2.316043136019526383e+00
5.376334069269779192e+00
-2.312078943318688573e+00
5.378037494951978026e+00
-2.313828915287664767e+00
5.377455068969271501e+00
-2.304979447766110745e+00
5.379269613062783506e+00
-2.304845074515338155e+00
5.379324560304856284e+00
-2.305465932280729380e+00
5.379245586069689722e+00
-2.305429833844177434e+00
5.379039911537025986e+00
-2.305526321720077210e+00
5.379010752331754297e+00
-2.305823740839938019e+00
5.379065613201107432e+00
-2.306340527211959479e+00
5.379212258925704759e+00
-2.306932696460215038e+00
5.378907144680256991e+00
-2.306676190935319060e+00
5.378645055880129533e+00
-2.306928332920910041e+00
5.378978011991939923e+00
-2.307960688585183995e+00
5.378131844603279532e+00
-2.310346411402675049e+00
5.377251708183371726e+00
-2.306750784948623512e+00
5.378242684923221439e+00
-2.307973112207283073e+00
5.377706314850398073e+00
-2.307254313105188803e+00
5.378860727221216109e+00
-2.309024559476580585e+00
5.378622185682156775e+00
-2.309215698712823617e+00
5.378294098520393973e+00
-2.308905457433003683e+00
5.378374519074345272e+00
-2.309536946800776036e+00
5.378350394997792883e+00
-2.309622028311146380e+00
5.378605185239567987e+00
-2.310753619149378046e+00
5.377494606227211094e+00
-2.312919377588393388e+00
5.376788428114769758e+00
-2.308791372641939788e+00
5.379205340966594306e+00
-2.312448979398326721e+00
5.377038167847059569e+00
-2.313298824841118151e+00
5.376598598664855899e+00
-2.310270069302438500e+00
5.377441127434327228e+00
-2.311172883081971108e+00
5.376910894596130142e+00
-2.310620350124342082e+00
5.378203670016039162e+00
-2.312744181359224882e+00
5.377382079872001341e+00
-2.312787292383630344e+00
5.377644099235132202e+00
-2.312327798004521817e+00
5.378369982027733975e+00
-2.314076069109821443e+00
5.376544099848661773e+00
-2.314645964924193944e+00
5.376233792595999539e+00
-2.312264142467768124e+00
5.377260014874190475e+00
-2.308152351110662082e+00
5.377709097671870886e+00
-2.303670148009187013e+00
5.379050411784286112e+00
-2.306477915060152650e+00
5.378228487279625547e+00
-2.304673260770752741e+00
5.379405074048714930e+00
-2.306445728674132667e+00
5.379106072656733240e+00
-2.306647434205439051e+00
5.378152718123719644e+00
-2.305819939323325851e+00
5.378241443366158947e+00
-2.305708648766168878e+00
5.379681379976633870e+00
-2.308180563189873080e+00
5.378058804386981251e+00
-2.309680694505872101e+00
5.377463224881985582e+00
-2.305634328589263760e+00
5.379969996250800968e+00
-2.309541056670855852e+00
5.377616170563530140e+00
-2.309246061885286583e+00
5.377468162399578588e+00
-2.307245719949032381e+00
5.378476805590196363e+00
-2.311861810634201930e+00
5.377026931066785309e+00
-2.306800911956442324e+00
5.379640964135735004e+00
-2.310753085696830578e+00
5.377427227964703071e+00
-2.311511265019983608e+00
5.376957616108799520e+00
-2.308427565512634949e+00
5.377876933351021904e+00
-2.309578496446552887e+00
5.377339264764917637e+00
-2.308834421585135743e+00
5.378471915998120245e+00
-2.310534046686491649e+00
5.378346279266959407e+00
-2.311029008537802021e+00
5.377668920327402624e+00
-2.315153957609401569e+00
5.376654588508878341e+00
-2.310817940721181518e+00
5.378405268692074692e+00
-2.312053736895169909e+00
5.377415545491679438e+00
-2.313283144484509890e+00
5.377422882280730398e+00
-2.311628296522701742e+00
5.378016949643853017e+00
-2.312179693284326820e+00
5.377480586487909164e+00
-2.311949790638555324e+00
5.378037259270792347e+00
-2.313307138409723684e+00
5.377115094056547306e+00
-2.316699622225907973e+00
5.376366303132061653e+00
-2.313195818521111669e+00
5.377868760956599381e+00
-2.314041023189342017e+00
5.376905033804512790e+00
-2.308936808408075692e+00
5.378131932089817546e+00
-2.305182131192586414e+00
5.379712611832364821e+00
-2.306162439471987291e+00
5.378741955185814660e+00
-2.309874096744251037e+00
5.377885586296232034e+00
-2.305826329437251854e+00
5.379561352445031197e+00
-2.306957291923432241e+00
5.378578275330634817e+00
-2.310813193460247827e+00
5.377636779683780510e+00
-2.306462719545472773e+00
5.379411526441777447e+00
-2.307752451832260299e+00
5.378416664972697880e+00
-2.308689349247209588e+00
5.378517724861707983e+00
-2.307348923669236829e+00
5.379608877552079171e+00
-2.309181694201544843e+00
5.377565868096104040e+00
-2.308052045591999057e+00
5.377810675872560786e+00
-2.307524445519143708e+00
5.378797551938766297e+00
-2.308970904566348015e+00
5.378497434622064866e+00
-2.309208088887670041e+00
5.377652370351462707e+00
-2.309385023779041646e+00
5.377516454379172472e+00
-2.308453223340442673e+00
5.378601344290180108e+00
-2.309852504586780597e+00
5.378248030478213870e+00
-2.310053922819011785e+00
5.377825244924790304e+00
-2.313587793613313348e+00
5.377180060904811931e+00
-2.310823269008400960e+00
5.378417244679360110e+00
-2.311186107527070099e+00
5.377496729911590556e+00
-2.314297894732643801e+00
5.376995613898015058e+00
-2.311493303111761932e+00
5.378267279553549329e+00
-2.311975265770263466e+00
5.377340324878757905e+00
-2.315289748261361247e+00
5.376728682150362815e+00
-2.312084622025566638e+00
5.378126923290625250e+00
-2.312778445567968078e+00
5.377183053654730038e+00
-2.316285074972844971e+00
5.376459651356642944e+00
-2.312694095880396983e+00
5.377982428037510587e+00
-2.313579201607390612e+00
5.377019829348582469e+00
-2.317227502910938597e+00
5.376209698614342614e+00
-2.313331338861472464e+00
5.379831052977522177e+00
-2.305705122425272258e+00
5.378855201620945437e+00
-2.309473652349456785e+00
5.377964341469914089e+00
-2.305304772123628609e+00
5.379680063565249526e+00
-2.306500091469268821e+00
5.378692105839141036e+00
