8.038566119753754791e+00
-4.152837316301835280e+00
4.604179062723451565e+00
1.455899411245997310e+00
2.072814611433921872e+00
4.296476017974304895e+00
-8.423625934530387660e-02
5.035766836925109402e+00
-1.721103577439682564e+00
5.418836385875242634e+00
-2.221403383901800588e+00
5.343419571032777426e+00
-2.117859518068694769e+00
5.339433601794034701e+00
-2.113952413190182789e+00
5.351128792801267409e+00
-2.133137769543966833e+00
5.342332004792142541e+00
-2.117379508231580942e+00
5.348520199456247681e+00
-2.129501076241097302e+00
5.343261853348942658e+00
-2.118952233366533378e+00
5.348464306390873446e+00
-2.129480958747230090e+00
5.343187544014833534e+00
-2.119061431977922183e+00
5.348466301152462243e+00
-2.129693881830770241e+00
5.343148255185511175e+00
-2.119230812216420290e+00
5.348427050445708986e+00
-2.129865504606523352e+00
5.343112048014906357e+00
-2.119404438599972185e+00
5.348390451479572150e+00
-2.130038726878392907e+00
5.343075396860763604e+00
-2.119577371255926490e+00
5.348353911880472822e+00
-2.130212091961630527e+00
5.343038752413153958e+00
-2.119750306011616292e+00
5.348317354192243300e+00
-2.130385430673072289e+00
5.343002109236538288e+00
-2.119923233257321460e+00
5.348280796572487006e+00
-2.130558759198162733e+00
5.342965465325389296e+00
-2.120096150014989522e+00
5.348244238416597796e+00
-2.130732077482043518e+00
5.342928820822315572e+00
-2.120269056505386107e+00
5.348207679663032010e+00
-2.130905385438291777e+00
5.342892175729827109e+00
-2.120441952729051671e+00
5.348171120319665128e+00
-2.131078683073616364e+00
5.342855530047117441e+00
-2.120614838685217940e+00
5.348134560385474856e+00
-2.131251970386085937e+00
5.342818883773800209e+00
-2.120787714371024979e+00
5.348097999861333385e+00
-2.131425247373314846e+00
5.342782236911262750e+00
-2.120960579787637634e+00
5.348061438746290364e+00
-2.131598514033393954e+00
5.342745589457861044e+00
-2.121133434931509854e+00
5.348024877041193115e+00
-2.131771770369848884e+00
5.342708941414079149e+00
-2.121306279802636752e+00
5.347988314745578897e+00
-2.131945016375244695e+00
5.342672292781788457e+00
-2.121479114400492527e+00
5.347951751860330560e+00
-2.132118252053736729e+00
5.342635643558234726e+00
-2.121651938722860287e+00
5.347915188383814744e+00
-2.132291477400315216e+00
5.342598993744915425e+00
-2.121824752768110667e+00
5.347878624318336271e+00
-2.132464692417096241e+00
5.342562343341973552e+00
-2.121997556537564833e+00
5.347842059661738645e+00
-2.132637897100314817e+00
5.342525692349188837e+00
-2.122170350027404062e+00
5.347805494415812433e+00
-2.132811091451109586e+00
5.342489040766027486e+00
-2.122343133239092960e+00
5.347768928579051284e+00
-2.132984275463753132e+00
5.342452388594131740e+00
-2.122515906167138589e+00
5.347732362153645447e+00
-2.133157449145107964e+00
5.342415735831106183e+00
-2.122688668814960433e+00
5.347695795137387798e+00
-2.123616143767915965e+00
5.342379082479178365e+00
-2.113170053693550710e+00
5.347659227531491588e+00
-2.123789874025443059e+00
5.342342428537923738e+00
-2.113343370008310185e+00
5.347622659334986039e+00
-2.123963594008087430e+00
5.342305774006771202e+00
-2.113516676100831493e+00
5.347586090548952065e+00
-2.124137303714388914e+00
5.342269118885861090e+00
-2.113689971970442727e+00
5.347549521173051268e+00
-2.124311003141662546e+00
5.342232463175645485e+00
-2.113863257615288926e+00
5.347512951209073329e+00
-2.124484692293548971e+00
5.342195806875602138e+00
-2.114036533040108967e+00
5.347476380652023131e+00
-2.124658371163071102e+00
5.342159149986693834e+00
-2.114209798236545979e+00
5.347439809507883446e+00
-2.124832039754798174e+00
5.342122492507057174e+00
-2.114383053206398078e+00
5.347403237773604268e+00
-2.125005698062190085e+00
5.342085834440557512e+00
-2.114556297952173480e+00
5.347366665448596734e+00
-2.125179346088982069e+00
5.342049175781959036e+00
-2.114729532462707340e+00
5.347330092536003221e+00
-2.125352983834901899e+00
5.342012516534468070e+00
-2.114902756745467904e+00
5.347293519030940523e+00
-2.125526611287488876e+00
5.341975856699605174e+00
-2.115075970797406057e+00
5.347256944939004164e+00
-2.125700228458153429e+00
5.341939196273602697e+00
-2.115249174615015271e+00
5.347220370256954070e+00
-2.125873835340303497e+00
5.341902535259965390e+00
-2.115422368203565551e+00
5.347183794984251115e+00
-2.126047431933493215e+00
5.341865873655724961e+00
-2.115595551553755893e+00
5.347147219123269402e+00
-2.126221018236507554e+00
5.341829211463707594e+00
-2.115768724669190970e+00
5.347110642673220227e+00
-2.126394594252941861e+00
5.341792548680451169e+00
-2.115941887543359101e+00
5.347074065634027207e+00
-2.126568159975578354e+00
5.341755885310914387e+00
-2.116115040182353635e+00
5.347037488005334183e+00
-2.126741715401447408e+00
5.341719221351052482e+00
-2.116288182585624345e+00
5.347000909786414624e+00
-2.126915260534703478e+00
5.341682556801999660e+00
-2.116461314743643740e+00
5.346964330979280255e+00
-2.127088795370590812e+00
5.341645891666026102e+00
-2.116634436663183738e+00
5.346927751581839416e+00
-2.127262319915212085e+00
5.341609225937677508e+00
-2.116807548335366107e+00
5.346891171596379166e+00
-2.127435834157759942e+00
5.341572559621922345e+00
-2.116980649763943401e+00
5.346854591023506131e+00
-2.127609338103004344e+00
5.341535892718260570e+00
-2.117153740950235008e+00
5.346818009859404697e+00
-2.127782831746764192e+00
5.341499225225511793e+00
-2.117326821892390853e+00
5.346781428105011003e+00
-2.127956315088196160e+00
5.341462557145652212e+00
-2.117499892585607224e+00
5.346744845761998377e+00
-2.128129788122764321e+00
5.341425888475053618e+00
-2.117672953028517657e+00
5.346708262831847414e+00
-2.128303250861937723e+00
5.341389219216766016e+00
-2.117846003223764484e+00
5.346671679313770298e+00
-2.128476703294043038e+00
5.343405455767639367e+00
-2.118019043163166693e+00
5.348683199142542755e+00
-2.128650145416735917e+00
5.343368818357568273e+00
-2.118192072854983454e+00
5.348646647483439764e+00
-2.128823577239338238e+00
5.343332180354575911e+00
-2.118365092289729024e+00
5.348610095233885531e+00
-2.128996998745635416e+00
5.343295541762329570e+00
-2.118538101475716751e+00
5.348573542391645397e+00
-2.129170409944999509e+00
5.343258902580897640e+00
-2.118711100405808345e+00
5.348536988960400862e+00
-2.129343810839630535e+00
5.343222262804440348e+00
-2.118884089074803523e+00
5.348500434937087711e+00
-2.129517201415031202e+00
5.343185622440810079e+00
-2.119057067485688783e+00
5.348463880323681252e+00
-2.129690581682333050e+00
5.343148981484248772e+00
-2.119230035635812470e+00
5.348427325120459486e+00
-2.129863951636889130e+00
5.343112339938348221e+00
-2.119402993529011070e+00
5.348390769324415928e+00
-2.130037311268358824e+00
5.343075697804133384e+00
-2.119575941164169475e+00
5.348354212937952212e+00
-2.130210660588621963e+00
5.343039055076956423e+00
-2.119748878532976555e+00
5.348317655962101291e+00
-2.130383999589297250e+00
5.343002411761418990e+00
-2.119921805642889900e+00
5.348281098394313204e+00
-2.130557328272973283e+00
5.342965767853041115e+00
-2.120094722483149674e+00
5.348244540236784417e+00
-2.130730646633372416e+00
5.342929123357505361e+00
-2.120267629061938219e+00
5.348207981487926865e+00
-2.130903954675496426e+00
5.342892478268348455e+00
-2.120440525368957552e+00
5.348171422148935150e+00
-2.131077252395733534e+00
5.342855832591101084e+00
-2.120613411409842275e+00
5.348134862221282759e+00
-2.131250539796848642e+00
5.342819186321334790e+00
-2.120786287180079555e+00
5.348098301702027157e+00
-2.131423816865333887e+00
5.342782539464011826e+00
-2.120959152680622850e+00
5.348061740592370938e+00
-2.131597083616459720e+00
5.342745892014836073e+00
-2.121132007909479533e+00
5.348025178891097298e+00
-2.131770340034245148e+00
5.342709243978362998e+00
-2.121304852866146451e+00
5.347988616600682477e+00
-2.131943586129357193e+00
5.342672595346765974e+00
-2.121477687542987933e+00
5.347952053721127363e+00
-2.132116821893018876e+00
5.342635946130710245e+00
-2.121650511955750051e+00
5.347915490248809967e+00
-2.132290047324716831e+00
5.342599296322187108e+00
-2.121823326083630334e+00
5.347878926188608162e+00
-2.132463262424964867e+00
5.342562645924895826e+00
-2.121996129941695397e+00
5.347842361536239153e+00
-2.132636467193629759e+00
5.342525994936368150e+00
-2.122168923512386396e+00
5.347805796296693615e+00
-2.132809661631493992e+00
5.342489343358781007e+00
-2.122341706809387940e+00
5.347769230463458534e+00
-2.132982845726644872e+00
5.342452691193308567e+00
-2.122514479825538647e+00
5.347732664041769723e+00
-2.133156019494834243e+00
5.342416038432748593e+00
-2.122687242556564602e+00
5.347696097031004570e+00
-2.123614709434675341e+00
5.342379385085781252e+00
-2.113168622778408334e+00
5.347659529431100900e+00
-2.123788439778547144e+00
5.342342731151335400e+00
-2.113341939182453721e+00
5.347622961237596506e+00
-2.123962159844105191e+00
5.342306076622988620e+00
-2.113515245352146188e+00
5.347586392458868687e+00
-2.124135869634441232e+00
5.342269421508265559e+00
-2.113688541312741531e+00
5.347549823085969933e+00
-2.124309569146770382e+00
5.342232765800391192e+00
-2.113861827037841756e+00
5.347513253128116872e+00
-2.124483258387800166e+00
5.342196109505456647e+00
-2.114035102543882605e+00
5.347476682576157714e+00
-2.124656937341200535e+00
5.342159452621707771e+00
-2.114208367827704826e+00
5.347440111436985610e+00
-2.124830606020136070e+00
5.342122795146897474e+00
-2.114381622881295275e+00
5.347403539706334641e+00
-2.125004264413293598e+00
5.342086137085710007e+00
-2.114554867711019082e+00
5.347366967385583258e+00
-2.125177912520342716e+00
5.342049478433039233e+00
-2.114728102309181512e+00
5.347330394476758286e+00
-2.125351550347297724e+00
5.342012819191086948e+00
-2.114901326672862236e+00
5.347293820981518842e+00
-2.125525177898425877e+00
5.341976159357416876e+00
-2.115074540810005566e+00
5.347257246891236271e+00
-2.125698795146869546e+00
5.341939498938614861e+00
-2.115247744716183043e+00
5.347220672214225701e+00
-2.125872402112777060e+00
5.341902837929803027e+00
-2.115420938384702243e+00
5.347184096947011689e+00
-2.126045998792338132e+00
5.341866176330756666e+00
-2.115594121822119700e+00
5.347147521091330624e+00
-2.126219585179556670e+00
5.341829514144443181e+00
-2.115767295023430528e+00
5.347110944643868713e+00
-2.126393161276221910e+00
5.341792851365771533e+00
-2.115940457982961931e+00
5.347074367609686796e+00
-2.126566727082145114e+00
5.341756188002128702e+00
-2.116113610707951675e+00
5.347037789985153999e+00
-2.126740282594576037e+00
5.341719524045382528e+00
-2.116286753191648273e+00
5.347001211771527984e+00
-2.126913827813595503e+00
