7.278736235097399643e+00
-3.263038862164185261e+00
4.517945160602583776e+00
-2.804471765649726667e+00
4.251366822604348172e+00
-2.411499588240018532e+00
3.948210229828807538e+00
-2.237836217422944696e+00
4.816547825284145823e+00
-2.665441506865808829e+00
3.063566314306825245e+00
-8.790845162672692448e-01
4.476989633044594186e+00
-1.902420252906695364e+00
4.503733874271361515e+00
-2.623399348968970202e+00
3.410654327546382092e+00
-1.755740369615975238e+00
5.047810306358273991e+00
-2.438028365298447131e+00
3.962478006272248887e+00
-2.311877855485452216e+00
4.923110756579980318e+00
-2.681557897986946326e+00
3.168359259349311952e+00
-1.190974290890027376e+00
4.673140389494754743e+00
-2.060664355748435206e+00
4.385217513891362273e+00
-2.566863563957364036e+00
3.897555497456979268e+00
-2.203917493321259524e+00
4.891236067566739898e+00
-2.682847906711824049e+00
3.123234513117695954e+00
-1.061356818464081364e+00
4.594965082336517348e+00
-1.992499028039575126e+00
4.438857802272327291e+00
-2.595853138989143272e+00
3.689324028610327044e+00
-2.063818534059397969e+00
5.100609419494873009e+00
-2.660389199029622009e+00
3.471920564897316375e+00
-1.869683844415829910e+00
5.041728174439851884e+00
-2.438837032910585290e+00
3.953867307737726655e+00
-2.309168105947372318e+00
4.934380171776854951e+00
-2.681926661984671778e+00
3.182934203551722074e+00
-1.229878841341560669e+00
4.697925118581710358e+00
-2.080678993506754004e+00
4.367564874802209118e+00
-2.561265940926246376e+00
3.963529598385524100e+00
-2.245222055390293292e+00
4.774480052733274249e+00
-2.651953960022212176e+00
3.040730003487492894e+00
-8.069535654285091564e-01
4.428399648643765119e+00
-1.862818004894121859e+00
4.527296227645139837e+00
-2.634359660328548181e+00
3.299797739064869173e+00
-1.534552207069163288e+00
4.928744405248687954e+00
-2.298697805750036238e+00
4.142352701262559833e+00
-2.427801413654393947e+00
4.606742766331523242e+00
-2.588696757454233666e+00
2.975126742549687009e+00
-5.985108486792120042e-01
4.302848552146906869e+00
-1.772503716471006463e+00
4.593315312864682198e+00
-2.662815841977111297e+00
3.012033734733416956e+00
-7.319033177223330799e-01
4.411481804156439424e+00
-1.851768314159484285e+00
4.542962605383313424e+00
-2.641446493822029673e+00
3.243110272770130198e+00
-1.397563378490610519e+00
4.852970336720860089e+00
-2.220545615263203487e+00
4.236643807482054491e+00
-2.488931584362623628e+00
4.376592598619534868e+00
-2.480239312722980038e+00
3.466805013158492432e+00
-1.847675319183891052e+00
5.082337013473472886e+00
-2.494449083244786092e+00
3.870705767466898539e+00
-2.248542209764147870e+00
5.020099092681545194e+00
-2.681888133246929762e+00
3.306736385931522637e+00
-1.547773063513126601e+00
4.878832998034689616e+00
-2.249643772755626436e+00
4.195222823071088847e+00
-2.458941090671874274e+00
4.480403241937312764e+00
-2.532791989551703260e+00
3.042583920094891869e+00
-8.237387299156893050e-01
4.470561677091843933e+00
-1.896628443230253591e+00
4.509744174784189319e+00
-2.626187907106631414e+00
3.391940546361198905e+00
-1.720685727549665867e+00
5.026472697670986811e+00
-2.413017998184680213e+00
3.993252568700762950e+00
-2.331354150281448767e+00
4.879769360151980706e+00
-2.672962515175670184e+00
3.130069462949422121e+00
-1.082229523380698444e+00
4.612599496009807787e+00
-2.008689458988224708e+00
4.431080667450443045e+00
-2.590892048884726684e+00
3.726832177216063524e+00
-2.089468618111768983e+00
5.082092476054401509e+00
-2.679926126364210681e+00
3.403224524293454234e+00
-1.752463740730073827e+00
4.980634923222643451e+00
-2.359257784027851024e+00
4.062877301329724133e+00
-2.380382760196687375e+00
4.768579201138204660e+00
-2.647972619942257300e+00
3.045957786093338893e+00
-8.199985744998776749e-01
4.445185502501322716e+00
-1.877040141848028920e+00
4.518161359682300926e+00
-2.631823567567299182e+00
3.341590792527536102e+00
-1.622138622269148289e+00
4.975955412348017859e+00
-2.348369492124691593e+00
4.081474309053002791e+00
-2.392194399174812691e+00
4.735904081879584560e+00
-2.636979798955088938e+00
3.027493719588038701e+00
-7.711768468892560291e-01
4.401396645009735487e+00
-1.843573813656760985e+00
4.545285595469178652e+00
-2.644677872685390341e+00
3.230380800738903879e+00
-1.364941022997044229e+00
4.825410111383238387e+00
-2.193321951949999349e+00
4.253447732711507001e+00
-2.494683642138193047e+00
4.321321021689853659e+00
-2.455100128074443333e+00
3.698023676186436681e+00
-2.072622128454388868e+00
5.098817577480346586e+00
-2.665353223577105357e+00
3.458056376660308739e+00
-1.847252765219444814e+00
5.030982517592516245e+00
-2.423572021472194304e+00
3.974417480769641742e+00
-2.323402146435307181e+00
4.904513482577718797e+00
-2.677645980296972539e+00
3.153932647463489669e+00
-1.152428854783894119e+00
4.653357560513459390e+00
-2.042865548044523472e+00
4.399893484531436805e+00
-2.574018594592040632e+00
3.841490845634726092e+00
-2.166640028127283735e+00
4.975401482744012505e+00
-2.695423364472643524e+00
3.207570588541093670e+00
-1.295446210321437919e+00
4.731302813289897102e+00
-2.108587040173052429e+00
4.339454564364848999e+00
-2.544456434283241197e+00
4.059976484438126754e+00
-2.306751393142844719e+00
4.570700940180676852e+00
-2.574321832547791900e+00
2.953195778478092226e+00
-5.277425029329959605e-01
4.249054910666492546e+00
-1.734676608111876739e+00
4.615691953030917283e+00
-2.674088261302260960e+00
2.921466587782963309e+00
-4.218236990411873277e-01
4.178664712873819909e+00
-1.683783623591638134e+00
4.642934288108315322e+00
-2.682593089744063963e+00
2.818330357177397438e+00
-5.820548307769679575e-02
3.895738701761072953e+00
-1.493264182556058639e+00
4.730716548577416525e+00
-2.707147283554974138e+00
2.806546220027814176e+00
-5.330229817290366157e-03
3.845223095759887855e+00
-1.460452949006140422e+00
4.743130737923887175e+00
-2.708476605013345750e+00
2.815824085865405113e+00
-4.749186368495644794e-02
3.870205805478616146e+00
-1.479237589561714916e+00
4.738542197036241355e+00
-2.707384524751721422e+00
2.810079231196455307e+00
-2.047595283103320618e-02
3.861198339873604723e+00
-1.472618967895487296e+00
4.737380160611371238e+00
-2.708419805666848923e+00
2.815909048350196286e+00
-3.993669858862247679e-02
3.871363763596613161e+00
-1.479664032456774247e+00
4.738559174230768889e+00
-2.710190850649392580e+00
2.810335214740452781e+00
-1.384234559328079150e-02
3.858794360763168285e+00
-1.470599677945386929e+00
4.739468165344948858e+00
-2.709354866429915631e+00
2.814399543967842643e+00
-3.816781952551318025e-02
3.861098403308058646e+00
-1.470986333366503862e+00
4.740472954900939229e+00
-2.709366550364354698e+00
2.813636140154140985e+00
-3.100139689128195153e-02
3.860274914266647261e+00
-1.473455280567503856e+00
4.741163130604313380e+00
-2.708603594460868624e+00
2.811732893988049486e+00
-3.088917865986495759e-02
3.860761271783158755e+00
-1.472792177564636873e+00
4.741356058983225097e+00
-2.707763447318876970e+00
2.812229903099776163e+00
-2.891618233697723639e-02
3.858383830386458602e+00
-1.472057929215968786e+00
4.741676812613724756e+00
-2.711411959326267773e+00
2.812726634124258496e+00
-2.693763605345295131e-02
3.858889745948076211e+00
-1.471317777740858368e+00
4.741998732212241663e+00
-2.710632813633238047e+00
2.813226157567482844e+00
-2.497021411355071496e-02
3.859400421963602668e+00
-1.470580947067974265e+00
4.740493083213233483e+00
-2.709853828883288518e+00
2.813724105127029862e+00
-3.420028178147277442e-02
3.859908457316459263e+00
-1.469842363232406468e+00
4.740814791115534277e+00
-2.709074778330947897e+00
2.814222831386793189e+00
-3.222983699009313030e-02
3.860417831495123853e+00
-1.473298739886176101e+00
4.741136197870542190e+00
-2.708295783809018697e+00
2.811888120647621392e+00
-3.025774151758764408e-02
3.860926404847500493e+00
-1.472560518876969482e+00
4.741457688135348292e+00
-2.707516779910217330e+00
2.812386806379904680e+00
-2.828664502872119124e-02
3.858543233205305345e+00
-1.471822594909413251e+00
4.741779054993895848e+00
-2.711164914027572870e+00
2.812885319581811761e+00
-2.631512443994538097e-02
3.859052186308067789e+00
-1.471084543843598436e+00
4.742100409642992176e+00
-2.710385866315486059e+00
2.813383857091164231e+00
-3.554760171559023796e-02
3.859561203181033573e+00
-1.470346593821565850e+00
4.740595131731329737e+00
-2.709606835536685576e+00
2.813882313017758374e+00
-3.357593794579433188e-02
3.860070104902477262e+00
-1.469608622252355890e+00
4.740916664723854979e+00
-2.708827816268375877e+00
2.811547621618304404e+00
-3.160442269103747037e-02
3.860578987583603627e+00
-1.473064641755997162e+00
4.741238140681972801e+00
-2.708048811499927044e+00
2.812046250693406524e+00
-2.963293794788779412e-02
3.861087799493019279e+00
-1.472326602516853544e+00
4.741559568855697293e+00
-2.711696984051171988e+00
2.812544841066899171e+00
-2.766154875116094702e-02
3.858704568721168293e+00
-1.471588591145165825e+00
4.741880944202851111e+00
-2.710917929654312886e+00
2.813043383842080303e+00
-2.569022170336915378e-02
3.859213578995453364e+00
-1.470850597438391194e+00
4.740375510708100926e+00
-2.710138888435023929e+00
2.813541883737805449e+00
-3.492249976055228355e-02
3.859722539502337568e+00
-1.470112626960750291e+00
4.740697074390832988e+00
-2.709359860694029898e+00
2.814040338146490239e+00
-3.295090753846030562e-02
3.860231445865050848e+00
-1.473568706004590778e+00
4.741018587385949168e+00
-2.708580846342265591e+00
2.811705706063250432e+00
-3.097938864419497174e-02
3.860740300385089085e+00
-1.472830656850808051e+00
4.741340049231141052e+00
-2.707801845504978822e+00
2.812204324697900049e+00
-2.900794117522409454e-02
3.861249101741125234e+00
-1.472092628553994587e+00
4.741661460107250647e+00
-2.711449998330357936e+00
2.812702899004126955e+00
-2.703656775051432870e-02
3.858865945814326182e+00
-1.471354621639052951e+00
4.741982819846444208e+00
-2.710670948054537899e+00
2.813201428719363406e+00
-2.506526855154644906e-02
3.859374941204206433e+00
-1.470616635900367175e+00
4.740477461788778157e+00
-2.709891911130274167e+00
2.813699913917498296e+00
-3.429743606528901090e-02
3.859883884082437433e+00
-1.469878671534633696e+00
4.740799009489756521e+00
-2.709112887613484233e+00
2.814198354484579667e+00
-3.232586756142391549e-02
3.860392774259068460e+00
-1.473334719391276693e+00
4.741120506230770637e+00
-2.708333877549589985e+00
2.811863788359528993e+00
-3.035437088456566235e-02
3.860901611794915311e+00
-1.472596676751880107e+00
4.741441951947035882e+00
-2.707554880989925028e+00
2.812362392988811521e+00
-2.838294694738341395e-02
3.858518287421000004e+00
-1.471858655279571604e+00
4.741763346601151063e+00
-2.711203013881148483e+00
2.812860953139614928e+00
-2.641159685478750019e-02
3.859027318754618463e+00
-1.471120655044879655e+00
4.742084690148096193e+00
-2.710423967832849890e+00
2.813359468758245718e+00
-3.564399709418508699e-02
3.859536297524948090e+00
-1.470382676092599983e+00
4.740579407859640604e+00
-2.709644935155155032e+00
2.813857939803614983e+00
-3.367238021502105827e-02
3.860045223682241122e+00
-1.469644718470066502e+00
4.740900939411981874e+00
-2.708865915896972343e+00
2.811523231251614519e+00
-3.170083439019960592e-02
3.860554097191322143e+00
-1.473100734786718213e+00
4.741222419978504909e+00
-2.708086910109088752e+00
2.812021866242164769e+00
-2.972936065098619185e-02
3.861062917999293020e+00
-1.472362698846545026e+00
4.741543849511934638e+00
-2.711735085923625110e+00
2.812520456780021050e+00
-2.775796002955382979e-02
3.858679671767558439e+00
-1.471624684103185032e+00
4.741865227968741436e+00
-2.710956030770237835e+00
2.813019002815116743e+00
-2.578663354155136256e-02
3.859188686442140970e+00
-1.470886690610405445e+00
4.740359782462334692e+00
