8.032520216774422295e+00
-4.146080306158694384e+00
4.456873355640365020e+00
1.804608728254109007e+00
1.659419629385467498e+00
4.537443391752164601e+00
-8.350755853519915561e-01
5.276730830907335523e+00
-2.143971580609068450e+00
5.430714609531092307e+00
-2.281747740920292866e+00
5.322170864771498699e+00
-2.149947090718474119e+00
5.365753113729221369e+00
-2.206365177318185822e+00
5.356780445495793685e+00
-2.196132024953171946e+00
5.360994337911757945e+00
-2.213323658319078291e+00
5.358454649158942651e+00
-2.202067399077256571e+00
5.357158231223166034e+00
-2.191671204322217292e+00
5.358485794031418337e+00
-2.195455767154564697e+00
5.361395721294564432e+00
-2.210323541173309536e+00
5.358524448796930351e+00
-2.199413279035029145e+00
5.355638796284239334e+00
-2.198475362003707190e+00
5.360617055548322796e+00
-2.206434853322162049e+00
5.359186479920030166e+00
-2.195249458918540508e+00
5.356405656358642631e+00
-2.194171290029484744e+00
5.362445254567403730e+00
-2.213271947509932502e+00
5.358703577621653835e+00
-2.200285404552127400e+00
5.358709805769414913e+00
-2.212198893624638174e+00
5.359784709221647070e+00
-2.196337098771631524e+00
5.355693641532429439e+00
-2.191895422241121771e+00
5.361034544019107173e+00
-2.209822582863386842e+00
5.358345321066305900e+00
-2.200467602672230960e+00
5.354965130966409248e+00
-2.197271876564388382e+00
5.356871634883792588e+00
-2.192966401121638764e+00
5.358366163607696464e+00
-2.194285352256167609e+00
5.357974783909718042e+00
-2.196559201133491346e+00
5.357077728932797989e+00
-2.197249790874812980e+00
5.361997655367598092e+00
-2.215325203072488147e+00
5.355852116736305568e+00
-2.197816354096318037e+00
5.359442397118742818e+00
-2.204603577555158456e+00
5.358049346896303966e+00
-2.193086046160420022e+00
5.358130326609801486e+00
-2.206735354444193220e+00
5.359584911971141175e+00
-2.201162100849852088e+00
5.355322438246492567e+00
-2.198410557168523294e+00
5.360837479891078949e+00
-2.207265692825369108e+00
5.359328981436521033e+00
-2.195215137257005455e+00
5.356586918298303246e+00
-2.194579023190403433e+00
5.357979106910140565e+00
-2.198346974399065790e+00
5.357015038449495670e+00
-2.199483108220158467e+00
5.361036223270599699e+00
-2.216085777330441875e+00
5.359970963976387281e+00
-2.194757369535325076e+00
5.356700013358748791e+00
-2.194051299205695749e+00
5.357827266832456914e+00
-2.197370919497991348e+00
5.361943306409428622e+00
-2.214329694501764312e+00
5.358807365211871954e+00
-2.201878616057303617e+00
5.355074697419020424e+00
-2.191090481926531996e+00
5.358775224640244694e+00
-2.195374930338983344e+00
5.357586662418684753e+00
-2.196007173338272889e+00
5.361564539584547262e+00
-2.212471613331846942e+00
5.358498444190690435e+00
-2.200681880795948064e+00
5.355417378203591205e+00
-2.199733927492029562e+00
5.358906555398756488e+00
-2.194340410732464441e+00
5.357959407376141847e+00
-2.195296996886658913e+00
5.357692973639139211e+00
-2.197158744262484031e+00
5.357303125682842726e+00
-2.198814608244358926e+00
5.356860137808864053e+00
-2.200649015226587846e+00
5.360877102396600868e+00
-2.208003076753231042e+00
5.359786508491490409e+00
-2.195848020819002766e+00
5.359611666922998729e+00
-2.207436581357111738e+00
5.356880107068265673e+00
-2.196371784490571688e+00
5.358716217855661768e+00
-2.211148591635698324e+00
5.358631038793685519e+00
-2.203451751600177477e+00
5.356877759921617965e+00
-2.192126846633005499e+00
5.358516095566543846e+00
-2.197562126489232881e+00
5.356524449340801297e+00
-2.195766775458544373e+00
5.359913854818825207e+00
-2.211233861948524559e+00
5.357990422181632795e+00
-2.203259333866812497e+00
5.356257824965932279e+00
-2.190022515256875302e+00
5.358248390185965881e+00
-2.195106235986540977e+00
5.361408326626629695e+00
-2.210004880345423750e+00
5.358310454837864611e+00
-2.199633396862721746e+00
5.355349448199135942e+00
-2.198054589736814890e+00
5.361877772702922762e+00
-2.208691822754677236e+00
5.360104930286984981e+00
-2.195310625002710125e+00
5.356484187725575552e+00
-2.193953483751898137e+00
5.358111445378937354e+00
-2.198088868528550233e+00
5.357136328477928977e+00
-2.198946954249064056e+00
5.356951637255066956e+00
-2.201177932989235586e+00
5.358252416125738549e+00
-2.193043251916394709e+00
5.362549841782894511e+00
-2.210088596062459221e+00
5.359381165220947096e+00
-2.197838197564912388e+00
5.359205826079935342e+00
-2.209463600866840682e+00
5.358279247974087944e+00
-2.203620494950944142e+00
5.353875509070109118e+00
-2.189150777232429679e+00
5.358140314105150459e+00
-2.194444369244174631e+00
5.357839807033186297e+00
-2.195857311609580531e+00
5.362278822508151244e+00
-2.213354551092588274e+00
5.356256025479321892e+00
-2.196012030015368488e+00
5.357815009320954225e+00
-2.212050441507601217e+00
5.358436197036936299e+00
-2.191248964135748434e+00
5.358530316610806032e+00
-2.204926057070992762e+00
5.359979210988830900e+00
-2.199342269502627900e+00
5.355718737980647681e+00
-2.196591046802462532e+00
5.361242243403837371e+00
-2.214735321739810914e+00
5.357702366830065621e+00
-2.193390555273203368e+00
5.356985943125424754e+00
-2.192755710082625153e+00
5.358372016808528038e+00
-2.196527581951389418e+00
5.357426735883716873e+00
-2.197655403550193398e+00
5.361019725031379579e+00
-2.213494050834043048e+00
5.358029285767497818e+00
-2.202097861597479334e+00
5.357131845246155599e+00
-2.191925090503664464e+00
5.358538519892103835e+00
-2.195754868870057219e+00
5.357612880884441431e+00
-2.196819234670821963e+00
5.360562876080454231e+00
-2.211429362240286522e+00
5.355953264508022116e+00
-2.198095279132551205e+00
5.358252072796598320e+00
-2.204150119166845556e+00
5.360173612561201395e+00
-2.196378928076280879e+00
5.356390970942630503e+00
-2.194367999347796694e+00
5.358022750763103303e+00
-2.199366848701168831e+00
5.356345365172852979e+00
-2.198109823729492707e+00
5.356439047065609138e+00
-2.200944286916469927e+00
5.358662670759885671e+00
-2.193958968554612809e+00
5.357911065769424219e+00
-2.195210400227996850e+00
5.361033327662688919e+00
-2.210131433209491458e+00
5.358172560001997375e+00
-2.200777504098260895e+00
5.354841208515078499e+00
-2.197532780656776374e+00
5.356734760836533660e+00
-2.193208773431614134e+00
5.358372892248436159e+00
-2.196125111329233270e+00
5.356713305857074836e+00
-2.194739562735458893e+00
5.360112862634734299e+00
-2.210147125226477272e+00
5.358195535554973077e+00
-2.202451794921388206e+00
5.354304216522500326e+00
-2.198230286249976295e+00
5.361659936206491395e+00
-2.206796208027055339e+00
5.358984710003484864e+00
-2.197605335358389755e+00
5.355530908436153759e+00
-2.194219662313786845e+00
5.357464814193982683e+00
-2.199259454975297512e+00
5.357048342023182919e+00
-2.201664340009870546e+00
5.355740003532986293e+00
-2.191573517174309149e+00
5.357886920961366428e+00
-2.194424385127264010e+00
5.358060000645177290e+00
-2.196872128745862351e+00
5.357185923877177736e+00
-2.197895367499492991e+00
5.361349156500162749e+00
-2.214662040857861669e+00
5.358216357294408816e+00
-2.202615911135458404e+00
5.357018291404560983e+00
-2.192532196020466007e+00
5.358218574074500751e+00
-2.196045981810682335e+00
5.362004999078854972e+00
-2.212446361351173785e+00
5.358923753171167981e+00
-2.200278334639734545e+00
5.358691600174703140e+00
-2.211851175350956655e+00
5.359813110318732754e+00
-2.196444044379704863e+00
5.355535574866663318e+00
-2.191583634741278708e+00
5.357714145352880486e+00
-2.197401447018222598e+00
5.356928027251427693e+00
-2.197200002392138529e+00
5.356588315921984034e+00
-2.199489649777264244e+00
5.356964719993843715e+00
-2.193267252348793050e+00
5.357778084306589861e+00
-2.192741986387282349e+00
5.357800350394424704e+00
-2.195660655573135500e+00
5.360965378198647713e+00
-2.210452496456322358e+00
5.356163488516426874e+00
-2.196868163280957464e+00
5.358507250265041044e+00
-2.212253636759392350e+00
5.360431848847936109e+00
-2.195209034238421619e+00
5.356646899504736048e+00
-2.193197558525061819e+00
5.358275229180385679e+00
-2.198037658325505461e+00
5.356717311546599802e+00
-2.197014798317301842e+00
5.356785599419430888e+00
-2.199843582531682884e+00
5.356820748492813422e+00
-2.192641091153012312e+00
5.358256559658133966e+00
-2.194098787456175259e+00
5.357961976438687657e+00
-2.195850484820004667e+00
5.357531840528252154e+00
-2.197679252639189507e+00
5.361444706167360685e+00
-2.214137249306119770e+00
5.358353195321867268e+00
-2.202125114509648540e+00
5.357124484322875801e+00
-2.192044774260845319e+00
5.358303726792794208e+00
-2.195497865999819442e+00
5.362224566307700613e+00
-2.212134121004647902e+00
5.359116753691199442e+00
-2.199834073084771191e+00
5.358859401961157509e+00
-2.211481386483522105e+00
5.357972068144736255e+00
-2.195253747689589474e+00
5.356090947201471941e+00
-2.191263647542148973e+00
5.358057176268888888e+00
-2.196358808383199523e+00
5.357701361755541569e+00
-2.199738063830602997e+00
5.355726575053155969e+00
-2.197861608520135235e+00
5.355992459740075873e+00
-2.200532338039298264e+00
5.358562634739256758e+00
-2.193798063510981500e+00
5.362651820921596091e+00
-2.210755931446518385e+00
5.359555232934864577e+00
-2.198358481537799225e+00
5.359283092181563291e+00
-2.210116988306443542e+00
5.358409265974794167e+00
-2.202480288678089870e+00
5.354777215248995859e+00
-2.190710085810439800e+00
5.363458105440698453e+00
-2.210848959734097008e+00
5.359670547199304913e+00
-2.197471033337010660e+00
5.356008265067922380e+00
-2.196051447134869772e+00
5.357644232208631507e+00
-2.200253141078889918e+00
5.359878026705692022e+00
-2.213902899846844186e+00
5.357414856866891562e+00
-2.191439705508504421e+00
5.359713237567423683e+00
-2.206784732491036571e+00
5.359586557098510617e+00
-2.199020585478606460e+00
5.355811678424357680e+00
-2.197013236175316742e+00
5.357452734321904053e+00
-2.202570714253635487e+00
5.355369278009448841e+00
-2.191323167588105747e+00
5.360750783990162915e+00
-2.206632962673964471e+00
5.358951450561502128e+00
-2.199267083812737056e+00
5.354931753153922003e+00
-2.194790278985478071e+00
5.357093358240328840e+00
-2.201181744893637493e+00
5.355815998647925902e+00
-2.200240570484853997e+00
5.357619621212101890e+00
-2.193856497019918805e+00
5.357626906234918884e+00
-2.194636756312066783e+00
5.357140050683016241e+00
-2.196712088467385637e+00
5.360778463337163124e+00
-2.212085672620513588e+00
5.355826361244326428e+00
-2.198283942112408518e+00
5.358181364184408046e+00
-2.204437016455580434e+00
5.360128658283496605e+00
-2.196670123262932428e+00
5.356331891841365156e+00
-2.194650138359257152e+00
5.357950404359586472e+00
-2.199121997794229788e+00
5.356666121223102373e+00
-2.199445298637022539e+00
