8.032080662925073611e+00
6.669975975433738213e+00
1.135927559307738033e+00
5.771001665782737433e+00
5.483289317368780225e+00
4.749748367098384882e+00
5.208823119191027473e+00
5.170282501318721913e+00
5.066081144424627425e+00
5.126946686250945184e+00
5.122856278417229348e+00
5.107398729910984869e+00
5.121415998965358263e+00
5.114883125789895679e+00
5.111616315048885362e+00
5.112246881208798222e+00
5.116112950289802619e+00
5.111606940112523034e+00
5.115234133127727567e+00
5.119881944478074765e+00
5.115697273239705467e+00
5.116274903786682593e+00
5.117329149148548417e+00
5.118720935811470696e+00
5.117029354833256605e+00
5.117225731795540078e+00
5.116556817867930818e+00
5.114666944920442049e+00
5.114597054902680462e+00
5.117546019411891578e+00
5.114782202796958721e+00
5.118001036346157662e+00
5.115982328098754195e+00
5.116158809137000496e+00
5.116903162061110066e+00
5.118213612665162060e+00
5.116915934952815270e+00
5.116937178100581463e+00
5.118837742464714680e+00
5.117080478614935757e+00
5.114111315648731448e+00
5.118786354790181292e+00
5.116654545180746361e+00
5.114082255175836700e+00
5.114005349777989373e+00
5.118058737257665136e+00
5.115861188424232431e+00
5.114665637058982917e+00
5.117847453549917880e+00
5.118238110526058371e+00
5.116618494584754373e+00
5.117508753001200006e+00
5.115693369878382413e+00
5.117831034338941265e+00
5.113921909961971934e+00
5.118724346209032383e+00
5.114062493879810489e+00
5.115627719072447732e+00
5.119122790671583267e+00
5.114865991411415180e+00
5.117059614908181508e+00
5.116790409758308122e+00
5.117934122515040762e+00
5.116567553131908141e+00
5.116233140912056498e+00
5.120350479101791308e+00
5.117538719879520137e+00
5.116313975550622395e+00
5.114813032577012031e+00
5.116508095777885679e+00
5.115426290946531118e+00
5.117335900766435408e+00
5.116200628548321916e+00
5.116084566650383358e+00
5.117450542038859851e+00
5.114198023308770935e+00
5.115145706715874319e+00
5.116458519250724812e+00
5.119505334925735340e+00
5.117344224831233745e+00
5.114729678841007932e+00
5.116120796487014566e+00
5.114344906546786973e+00
5.117781054415364572e+00
5.116397681872838277e+00
5.115936436864009451e+00
5.116241967370523724e+00
5.117860694309100289e+00
5.116245715749979439e+00
5.117627966958113284e+00
5.116831463316219519e+00
5.118522302674977098e+00
5.117284964642583311e+00
5.115160644322175543e+00
5.116119671976779415e+00
5.114964376817865421e+00
5.116919486665247874e+00
5.115574231441976316e+00
5.116442781810565776e+00
5.116215800736553909e+00
5.116207037053811746e+00
5.118788322369821842e+00
5.116111565519385174e+00
5.116929491748571479e+00
5.116875890793373571e+00
5.120431781960598450e+00
5.116141968675091967e+00
5.116369427204785936e+00
5.114642536379410132e+00
5.118557034115758242e+00
5.114214461739726048e+00
5.114337208557190095e+00
5.118479167886777148e+00
5.115673425966066112e+00
5.116000088536621249e+00
5.120022579495628889e+00
5.115235759757761791e+00
5.115281730909634561e+00
5.120409498626624867e+00
5.115942632267118206e+00
5.118546892936925552e+00
5.113481541192756552e+00
5.115902546420731944e+00
5.115349138386479311e+00
5.116785060680614450e+00
5.116839406636167098e+00
5.115547659218009358e+00
5.118254473636834945e+00
5.116497142795601860e+00
5.116471064088911724e+00
5.118110532777429889e+00
5.117596461279848796e+00
5.116964535207977782e+00
5.119029285675837926e+00
5.114735635326881358e+00
5.113346146137869752e+00
5.118537425268289809e+00
5.114300392331045941e+00
5.119452751324140571e+00
5.114346663095585832e+00
5.116824087679622046e+00
5.116197296784131154e+00
5.119395159028432118e+00
5.116696004223154404e+00
5.116051147514545150e+00
5.120589626125264360e+00
5.116126474629572485e+00
5.112361278117528940e+00
5.116218646509729240e+00
5.117216445484140230e+00
5.115247154052063649e+00
5.115639956607174632e+00
5.117593180883448056e+00
5.115673151049626277e+00
5.115370803184362103e+00
5.119082403254103575e+00
5.118072148355026663e+00
5.116492103963850013e+00
5.117529721084365768e+00
5.117798400513561496e+00
5.118238430685245532e+00
5.114869904961547142e+00
5.116531642181924688e+00
5.115375257140565068e+00
5.116488545403446331e+00
5.115711029185370684e+00
5.117447223649526755e+00
5.116125438068098497e+00
5.116935986417594506e+00
5.116930426797933862e+00
5.115210894409401021e+00
5.118335548432586535e+00
5.117062317070831590e+00
5.120055858541725513e+00
5.113908227175671506e+00
5.116137546197196961e+00
5.115325770984528120e+00
5.117054085756647552e+00
5.115908401176377573e+00
5.115791403881225996e+00
5.117521975576604376e+00
5.116304516321623197e+00
5.117080175895519112e+00
5.116932686671957775e+00
5.116504126355875925e+00
5.117707432634603926e+00
5.118981743755784741e+00
5.113817213885988089e+00
5.116250755438255915e+00
5.115272656443507593e+00
5.116738070229186697e+00
5.115549386128359188e+00
5.116747294727571393e+00
5.115925893253271184e+00
5.117680790147692171e+00
5.116432957132904136e+00
5.116880468231561174e+00
5.114394970383513872e+00
5.119489815258938314e+00
5.116174637419195648e+00
5.121113635772715611e+00
5.113273533311656571e+00
5.115684102123876364e+00
5.116118279911377797e+00
5.116195448293386683e+00
5.116329678204181164e+00
5.115834938274972821e+00
5.117660795961584519e+00
5.116088212585008677e+00
5.114600788869585024e+00
5.120052752956335773e+00
5.115606718627446980e+00
5.120605686855319583e+00
5.115861776794389471e+00
5.115086063777432024e+00
5.117042790063853985e+00
5.115176382558431101e+00
5.115396850855114863e+00
5.116606067190029528e+00
5.114941689107174838e+00
5.117963091583655810e+00
5.115468667032917693e+00
5.118713007831943607e+00
5.116410829759285406e+00
5.116858379372907883e+00
5.116930792245412363e+00
5.118672131669594449e+00
5.116418320669652076e+00
5.117206607175496913e+00
5.115199509743653117e+00
5.115207359091888506e+00
5.116405325484069344e+00
5.115726344349649679e+00
5.117692669750008250e+00
5.116282667459210565e+00
5.116215918102455795e+00
5.118146618989473318e+00
5.116478773228778643e+00
5.115500613477043323e+00
5.119429197137400855e+00
5.117151856338806759e+00
5.112406328007929268e+00
5.117845852632254555e+00
5.115134671771476071e+00
5.115338249211133004e+00
5.115772617251395538e+00
5.120408931210145731e+00
5.113528437095990142e+00
5.117801611139183748e+00
5.116860131474991746e+00
5.115019411152824880e+00
5.119268284652960688e+00
5.117267992413408351e+00
5.116942665933629009e+00
5.118387308449143802e+00
5.114511034234725528e+00
5.113780742742957131e+00
5.116933930788642115e+00
5.115973344670334377e+00
5.115034920743935842e+00
5.116488266300645904e+00
5.116567325923683462e+00
5.116922538047933067e+00
5.116547184208043220e+00
5.118314140449484739e+00
5.116933833537156140e+00
5.117486854543757957e+00
5.118460434665612624e+00
5.114661741477080525e+00
5.116609948862675949e+00
5.115249161420672763e+00
5.116318778820493129e+00
5.115708330145121607e+00
5.117339414234253425e+00
5.115920824758111607e+00
5.113860052238048404e+00
5.118270288937487145e+00
5.117070016741095628e+00
5.116915607608990335e+00
5.114726974137290050e+00
5.119793688960887934e+00
5.113796921269961437e+00
5.118797664734676012e+00
5.113533185575532158e+00
5.116053412419591773e+00
5.115850593544487346e+00
5.118662673003976593e+00
5.114798222443751818e+00
5.117231298644499660e+00
5.116595675835199586e+00
5.117908170758311392e+00
5.116746131802734077e+00
5.117618847414273198e+00
5.117486795427036661e+00
5.116367358878077809e+00
5.113956307839945481e+00
5.119072821915347404e+00
5.113735795330092593e+00
5.113450355656576463e+00
5.120338076492339852e+00
5.113857255493031495e+00
5.117281760610496555e+00
5.117018324428011411e+00
5.116737880631336388e+00
5.117209740685662034e+00
5.117605809922126880e+00
5.117178112368272913e+00
5.117021259736509009e+00
5.114195171910599136e+00
5.119696889660236394e+00
5.113814081427186409e+00
5.115471018058057595e+00
5.117281600122875140e+00
5.115403284242390214e+00
5.117505609294473068e+00
5.116363082482552116e+00
5.116676316914596789e+00
5.117668127865009353e+00
5.116662155135261791e+00
5.118422666775186869e+00
5.117043082606151039e+00
5.116238023839571269e+00
5.118217871217961346e+00
5.114308589197656296e+00
5.116062590770791729e+00
5.115840437781173478e+00
5.117102704734540097e+00
5.115769549175960051e+00
5.117080969027136383e+00
5.116339331432783410e+00
5.117960347200241955e+00
5.116511032580155494e+00
5.115708646020612704e+00
5.119900990863677670e+00
5.117125599883256548e+00
5.114747292296137893e+00
5.115486657718427921e+00
5.117512496383298526e+00
5.115055248293542078e+00
5.115760555159241108e+00
5.116421486949343844e+00
5.117469207632812989e+00
5.116385849283458853e+00
5.116461489579802624e+00
5.117732453877743559e+00
5.114400807429490214e+00
5.120802116876958188e+00
5.115793894602990832e+00
5.117735342060107939e+00
5.116858030373302668e+00
5.114692681292836163e+00
5.114040302301095409e+00
5.117928891267281344e+00
5.115747038517307388e+00
5.116182693425372463e+00
5.117057478480367294e+00
5.116476578631249161e+00
5.115832516861935630e+00
5.119608315491934292e+00
5.117001624640300506e+00
5.117456804924946034e+00
5.117545312637328259e+00
5.116438807069149775e+00
5.115095092724979864e+00
5.115535689351598414e+00
5.114143309348077260e+00
5.116705068024031355e+00
5.117510231132627929e+00
5.116030414500338352e+00
