7.676893862396718227e+00
-3.723438156987699088e+00
3.073711250719492583e+00
1.788101696277015762e+00
1.220693384338418230e+00
4.065804649768526957e+00
-1.548850302995965267e+00
4.708420198857443673e+00
-2.664787211727670080e+00
5.224600300411757381e+00
-2.620777198325119350e+00
3.242277595385374855e+00
1.059308572685104588e+00
2.577745712335254957e+00
2.137173898468344824e+00
2.819151663362341242e+00
1.283083916703398941e+00
3.830021770555259941e+00
-1.396387814545374972e+00
5.197592102574719597e+00
-2.821479875057502085e+00
4.602258135706764897e+00
-2.586693976176698495e+00
5.203727921733135808e+00
-2.568485836910590514e+00
3.054361741298803778e+00
1.677391040119622145e+00
1.863046089710420627e+00
3.380903946951586025e+00
-6.019218998469328952e-01
5.189815972458830196e+00
-2.452817920323040024e+00
3.376522893801326308e+00
6.271634321628376529e-01
2.909812467007422132e+00
1.135905398684694756e+00
3.949994015807611447e+00
-1.473070125535132613e+00
4.988139839003643772e+00
-2.772618872514856392e+00
5.106400060697042775e+00
-2.752874640823313790e+00
4.713105146976344528e+00
-2.642711978675948536e+00
5.238687409140516671e+00
-2.662743156818723200e+00
3.432320323662839900e+00
3.963719834204849080e-01
3.131752084384457291e+00
2.973177052033735834e-01
4.630994446361087036e+00
-1.951292771616507826e+00
4.064416641420973697e+00
-1.598965893821000295e+00
4.446772620165267753e+00
-1.845072670269453763e+00
4.129342911534256366e+00
-1.771975066698263657e+00
4.578978503121865273e+00
-1.944658340564624943e+00
4.023923968995947398e+00
-1.485153884487832698e+00
4.383976526954226571e+00
-1.801440198355838351e+00
4.170478281572524537e+00
-1.883422162436408254e+00
4.665725679546762095e+00
-2.016008366039735655e+00
3.943370969597898679e+00
-1.255257001283730744e+00
4.229749472376009400e+00
-1.689135748142398530e+00
4.416396444282543854e+00
-2.380317352924385510e+00
5.013025254401996200e+00
-2.326136086991864360e+00
3.514002494785188446e+00
1.462391494412746962e-01
3.269164725346072053e+00
-1.994473394029420699e-01
4.952409491431327027e+00
-2.215535214550024889e+00
3.739418170662522911e+00
-6.140118793745784620e-01
3.775663713397676702e+00
-1.384063114170229980e+00
5.279761833877647526e+00
-2.805682053557013056e+00
4.117252095450782079e+00
-1.767293551471701640e+00
4.620109751338620896e+00
-1.977968109566247801e+00
3.988754246681127213e+00
-1.392952398623891863e+00
4.321711787749096700e+00
-1.752676095602837103e+00
4.222357534590829076e+00
-1.999219316474831309e+00
4.740952159695414281e+00
-2.075425854405876791e+00
3.868003803023059461e+00
-1.022569950605589417e+00
4.068775455197583213e+00
-1.575706012651622245e+00
4.807543628023774218e+00
-2.707944503124286140e+00
5.229422699999195068e+00
-2.698517413518217278e+00
3.751119942383017936e+00
-6.879658184360590845e-01
3.883692213533661786e+00
-1.456467793573164693e+00
5.155294940898002665e+00
-2.810113720520186043e+00
4.732410789612991664e+00
-2.649428513130481111e+00
5.238734511702283214e+00
-2.676120817046301337e+00
3.554128679869595242e+00
-1.453301167015386142e-02
3.414339245594375072e+00
-6.655515691743874029e-01
5.198519826455725301e+00
-2.462883882469443009e+00
3.351482248739656278e+00
7.029479993904675927e-01
2.848861777856023014e+00
1.330462225710544732e+00
3.753265462330974245e+00
-1.348330880055315095e+00
5.281995725676513764e+00
-2.812867241602368118e+00
4.143680134467834009e+00
-1.829749510728527762e+00
4.678764184782690627e+00
-2.023444700045187616e+00
3.935579282508477217e+00
-1.232499282279107877e+00
4.204871560137454445e+00
-1.670155976838104017e+00
4.478807954499342436e+00
-2.470378271518046454e+00
5.081306219881700059e+00
-2.397056553926379507e+00
3.393056898360239160e+00
5.704858468647358016e-01
2.961476730445207650e+00
9.330815046563544213e-01
4.111470414715491017e+00
-1.584376042361939962e+00
4.601933738867215240e+00
-2.602877014056938165e+00
5.178952341775733714e+00
-2.529209221627549464e+00
3.131126745857502947e+00
1.436153022111489097e+00
2.133966127236625265e+00
3.038322740252513032e+00
5.772148544443873597e-01
4.451147498079066622e+00
-1.815139884420088112e+00
4.200384304669472435e+00
-1.939660596789553271e+00
4.699259581897859306e+00
-2.038899849845952517e+00
3.913263204994093414e+00
-1.156682432483691070e+00
4.168286910047891425e+00
-1.648493523869284605e+00
4.563562107074280227e+00
-2.572986114268516644e+00
5.158059099903877787e+00
-2.495213472957808598e+00
3.208824885170387997e+00
1.178041780814425898e+00
2.449200746861178501e+00
2.443810018768232339e+00
2.217278368613393003e+00
2.719200590453509481e+00
1.557986109383584949e+00
3.563061125851723965e+00
-1.062198816859897477e+00
5.335768358697070113e+00
-2.684158932523257768e+00
2.934409838075234589e+00
2.057233589091886472e+00
1.384527819229664169e+00
3.878853331104402447e+00
-1.428179889934192204e+00
5.113261496146462193e+00
-2.808073983333654766e+00
4.857070297307109819e+00
-2.693940919028711800e+00
5.193734329494855473e+00
-2.745464354289378406e+00
4.264617593601315093e+00
-2.104743755484458578e+00
4.859979600524106935e+00
-2.177829353381947719e+00
3.738808112892759716e+00
-6.128682066207434831e-01
3.798534882511489741e+00
-1.399428701612523751e+00
5.262119136116588436e+00
-2.808595052877818077e+00
4.244742903039414372e+00
-2.059516947508681195e+00
4.832953930579050983e+00
-2.151103385006554625e+00
3.770660575996469976e+00
-7.274425822564593025e-01
3.863285520199662759e+00
-1.445014090490741143e+00
5.187524934228809670e+00
-2.816272817026144626e+00
4.622444650413528144e+00
-2.597969756370234862e+00
5.212459988810604017e+00
-2.584544663085743821e+00
3.084262187550065093e+00
1.586869370275957758e+00
1.969306620076953340e+00
3.255386000028548832e+00
-1.886857425248893716e-01
4.982614164030041870e+00
-2.240328420323722369e+00
3.709540277788739626e+00
-5.024419527684477194e-01
3.719293103601312822e+00
-1.318783471280445596e+00
5.324126585604625816e+00
-2.785773130024065125e+00
3.702385019143140443e+00
-5.308596732315777889e-01
3.776812779979333179e+00
-1.383333358630615129e+00
5.279583926726483689e+00
-2.806475234680379849e+00
4.130065254643066730e+00
-1.798236525259461427e+00
4.646805519727699618e+00
-1.997416200869145397e+00
3.967426373164600673e+00
-1.327707492542954837e+00
4.276574193005159508e+00
-1.719852768873981974e+00
4.306323074671459139e+00
-2.179071198214991512e+00
4.872122704728957032e+00
-2.187356665680205037e+00
3.722409911622092338e+00
-5.628559019417295195e-01
3.751325482318933258e+00
-1.361135932323303654e+00
5.297150645762608967e+00
-2.797007894466795541e+00
3.962003744223657975e+00
-1.340383645736196616e+00
4.341087018102952833e+00
-1.766884572515756036e+00
4.208721255663650851e+00
-1.969749446501892987e+00
4.721939626688001823e+00
-2.059424649660670958e+00
3.890147560990400155e+00
-1.093008595222464852e+00
4.117293283654977820e+00
-1.609460343660375381e+00
4.698980102815037085e+00
-2.659350266181376377e+00
5.225809323770003623e+00
-2.613566310420877947e+00
3.201361686645723292e+00
1.186265781063176927e+00
2.422841256480287697e+00
2.496736697059574794e+00
2.087366394184482665e+00
2.923841984318282794e+00
9.437324629963546041e-01
4.135470554430082935e+00
-1.597978378429829149e+00
4.540334279963069264e+00
-2.549403673924102609e+00
5.134186496667407340e+00
-2.463855992427996355e+00
3.265343819374207257e+00
9.990756565764181696e-01
2.606934323906886064e+00
2.074848174003853352e+00
2.918888770177166414e+00
9.780435020999965756e-01
4.114750986773723085e+00
-1.580604847924392153e+00
4.599436065089529180e+00
-2.602185832329589665e+00
5.177031898813808652e+00
-2.527601154734005817e+00
3.136154371130887242e+00
1.416047604893367673e+00
2.160903789867633762e+00
2.992083694923226123e+00
7.067334440523523886e-01
4.341698603965907566e+00
-1.738492980281944433e+00
4.265717637342486768e+00
-2.093578969207922746e+00
4.807823044215396635e+00
-2.132507390169242623e+00
3.796847634847952957e+00
-7.987211167286167868e-01
3.916854523101182206e+00
-1.475351451869613806e+00
5.109246266915116408e+00
-2.799770870704522352e+00
4.869151465901168763e+00
-2.701831218150124947e+00
5.183723525976609459e+00
-2.747841903839435496e+00
4.324532718506416629e+00
-2.226153126833259055e+00
4.940355923025809837e+00
-2.254705733431838777e+00
3.626585746643775199e+00
-2.419537685065304422e-01
3.537499841877818962e+00
-9.962561794884582378e-01
5.310956342655210882e+00
-2.628152468641422157e+00
3.005048888809472185e+00
1.844767749851625283e+00
1.667744663369838953e+00
3.596588466801746264e+00
-1.126083976924616259e+00
5.343634792450226101e+00
-2.718154829627076108e+00
3.111516111048697297e+00
1.485909631070437609e+00
2.106088532680368886e+00
3.064737329302724245e+00
4.795022611431466464e-01
4.516622971297788780e+00
-1.866898127713458866e+00
4.149185079589975622e+00
-1.825201717403957646e+00
4.606732726996265903e+00
-1.967872437000516506e+00
3.996260528436428316e+00
-1.408968302685659424e+00
4.335122277478290265e+00
-1.761842836777981258e+00
4.208673330731753204e+00
-1.965487879053388509e+00
4.724332746121726601e+00
-2.060094992206901843e+00
3.888980743163733766e+00
-1.079412175879660651e+00
4.110288390981273743e+00
-1.609253055182599423e+00
4.710324596274965359e+00
-2.665704728392319200e+00
5.226207552612905261e+00
-2.626469251563133600e+00
3.258722274880077485e+00
9.992978136106187570e-01
2.633869279855738821e+00
1.985393010790046597e+00
3.045318291594280691e+00
5.528456434713943102e-01
4.462312530314363812e+00
-1.824355440862725608e+00
4.190211902600735172e+00
-1.920130100978209020e+00
4.680427072274733646e+00
-2.023945681386124296e+00
3.933152519732750818e+00
-1.221377941626820007e+00
4.206390176710641526e+00
-1.673250910651090662e+00
4.475887778880077938e+00
-2.472701637599060920e+00
5.078167087907679900e+00
-2.397922718198524095e+00
3.395087252854149362e+00
5.499454606086103814e-01
2.977981462549863068e+00
8.802471394894242351e-01
4.167158869251677444e+00
-1.618579411943301016e+00
4.465822153840984576e+00
-2.454347131022770689e+00
5.067927897567233941e+00
-2.382484810943258591e+00
3.419186138603411251e+00
4.739081558556661466e-01
3.036583899283565202e+00
6.716441339067853455e-01
4.343236890413755269e+00
-1.737337022594251490e+00
4.268416869512559941e+00
-2.104870556948263527e+00
4.809008407086461823e+00
-2.136915947290213502e+00
3.792841179134095242e+00
-7.963057768469413711e-01
3.909104970626205322e+00
-1.473494191823359056e+00
5.119006540172853725e+00
-2.804467578356753421e+00
4.836087783049691780e+00
-2.685009597559492533e+00
5.205904148618247795e+00
-2.733553736358295794e+00
4.143771412410076849e+00
-1.823479220756682784e+00
4.662095508843753677e+00
-2.008441282319085808e+00
3.951794859216680944e+00
-1.273459515459192337e+00
4.246692996613956161e+00
-1.701472500488220518e+00
4.378151017669799749e+00
-2.320258068434581933e+00
4.967511557011873080e+00
-2.282705564149867250e+00
3.584605984468482553e+00
-9.878670733770189560e-02
3.429397196411402504e+00
-7.152694225540559003e-01
5.213050821654671374e+00
-2.485527530177394251e+00
3.306911961589439564e+00
8.601297782614886200e-01
2.716586271068103020e+00
1.760653770710127741e+00
3.322548201634242471e+00
-4.063880315698422674e-01
5.086743394551257680e+00
