7.788239963578246439e+00
-3.849744801885901069e+00
2.564036960674092036e+00
3.576386460383548904e+00
-8.257471978593773354e-01
5.356032982741826487e+00
-2.625233055524332837e+00
3.942667086154628908e+00
-3.652937410393092832e-01
3.510465694027886663e+00
-3.566935181647218345e-01
5.059255844620854425e+00
-2.290161397960171374e+00
3.674126432150284671e+00
5.634707498030480100e-01
2.857072507478453982e+00
1.963426066195228525e+00
3.316091518304080665e+00
2.783260723163166195e-01
4.730033897464623216e+00
-2.006433473935884670e+00
4.136843941039526129e+00
-9.833464789151711294e-01
3.910708241224948090e+00
-1.355540202025690810e+00
5.385329939296261692e+00
-2.745424282471684574e+00
4.490940478838340688e+00
-2.016750557207132033e+00
4.660810186356373563e+00
-1.990190596564468617e+00
4.491575846172453979e+00
-2.002788078237370151e+00
4.613038461016036429e+00
-1.954207086006259919e+00
4.581672991999776734e+00
-2.212695810968155818e+00
4.774324505499173199e+00
-2.082326373002588493e+00
4.306120200542405740e+00
-1.498334449209423269e+00
4.284189709013257463e+00
-1.708680162340327602e+00
5.107564886531196002e+00
-2.802859721241605317e+00
5.281677012507279834e+00
-2.699872300614197584e+00
4.754489159105618867e+00
-2.536427775349425762e+00
5.066483784563803994e+00
-2.349547518899280707e+00
4.051220830928103922e+00
-7.116729039940281609e-01
3.735195634445288349e+00
-9.942377910150621556e-01
5.322680238004593001e+00
-2.584146185309891486e+00
3.911713988861319269e+00
-2.469538931247161617e-01
3.437068552891139106e+00
-9.633484430619571048e-02
4.920001789514265589e+00
-2.162889220517278055e+00
3.835676745644541086e+00
2.431812056393367616e-02
3.243019586629222850e+00
6.156774866275653846e-01
4.471925478981508384e+00
-1.808700687953668895e+00
4.664294667517868476e+00
-2.374251449814682946e+00
4.903034326406946697e+00
-2.192580179042995070e+00
4.152214983971676432e+00
-1.026399314344089708e+00
3.947808200322121319e+00
-1.406678563824188544e+00
5.384536092962193266e+00
-2.765308897321114401e+00
4.606405151012621602e+00
-2.270553183938299302e+00
4.855811039827631959e+00
-2.148608816673148070e+00
4.195291572004965275e+00
-1.156974711921302301e+00
4.042815856138270547e+00
-1.528447302233004290e+00
5.353539979817993455e+00
-2.808755320979411607e+00
4.889518836935707213e+00
-2.688364179219038697e+00
5.212250773562657535e+00
-2.524349869164302707e+00
4.219171183047365936e+00
-1.257875860699533721e+00
4.116329744030607252e+00
-1.595528228140907556e+00
5.291240680416837705e+00
-2.824243896189337910e+00
5.085141350694640572e+00
-2.758538257924517012e+00
5.279606797133542528e+00
-2.726002712763651026e+00
4.849280849710242869e+00
-2.664530255732562747e+00
5.173241048232458006e+00
-2.473022883719864673e+00
4.119715360274090798e+00
-9.435669589628123965e-01
3.891158636116632596e+00
-1.327157860329633454e+00
5.387443747117138138e+00
-2.732902029371457431e+00
4.411502925205403436e+00
-1.815315535073318998e+00
4.508929518445203399e+00
-1.874962924575964918e+00
4.760146980368927139e+00
-2.548529619545355729e+00
5.031755148448462833e+00
-2.317094978446574860e+00
4.064246963640983701e+00
-7.566767753012613174e-01
3.763818411910837991e+00
-1.066342450686855958e+00
5.345641396678816548e+00
-2.618912438940886211e+00
3.980660852211798773e+00
-4.890633496113099277e-01
3.592179955868676000e+00
-6.044630913479012158e-01
5.181963748834477634e+00
-2.409912282204199840e+00
3.643308012117688399e+00
6.707997998358732339e-01
2.770116419013411324e+00
2.216296956953226260e+00
3.007261732276576893e+00
1.367705306710251589e+00
3.913144697273053918e+00
-1.361498831371788398e+00
5.386189081820468516e+00
-2.775452015587141830e+00
4.632821030876766777e+00
-2.330225709344604379e+00
4.903213719270512527e+00
-2.191815616399899636e+00
4.134777172691527447e+00
-9.771038501356306138e-01
3.915881416506646229e+00
-1.358526576055297141e+00
5.389486515450337301e+00
-2.748152012995082494e+00
4.501559213115352343e+00
-2.036912567572924715e+00
4.681226559514621854e+00
-2.003612190928955261e+00
4.455660423394981251e+00
-1.907009556210103929e+00
4.546657931072881631e+00
-1.900995808806743126e+00
4.695499233295532093e+00
-2.435535864669324368e+00
4.946514803831959739e+00
-2.231553293623374401e+00
4.104862680158475108e+00
-8.763587233017670064e-01
3.866368621262763039e+00
-1.274188619871133410e+00
5.383574690411223607e+00
-2.709099431991587981e+00
4.325722162592180453e+00
-1.563869526740663041e+00
4.354021912218208001e+00
-1.754844410385715259e+00
5.011487371742879837e+00
-2.777577094502119870e+00
5.258026742645609097e+00
-2.604534642979752679e+00
4.436064672590730673e+00
-1.865256721662465367e+00
4.545985034253073209e+00
-1.898413451022111342e+00
4.695606492748584770e+00
-2.427533307306621424e+00
4.946626078313026476e+00
-2.236457399965441351e+00
4.100397045286668707e+00
-8.777948098264459764e-01
3.855118698568261948e+00
-1.262662726539197866e+00
5.379775362719223963e+00
-2.704736554308634133e+00
4.294339626384719111e+00
-1.487332291862363043e+00
4.283771763555287215e+00
-1.710620968628102201e+00
5.111091480421423583e+00
-2.807249905650426758e+00
5.278704869022034174e+00
-2.699908551875656926e+00
4.757684244949818009e+00
-2.545560647690203293e+00
5.069479678787113031e+00
-2.354932076137491670e+00
4.059244354911085040e+00
-7.441101515121402166e-01
3.757436913517582688e+00
-1.052964372740241350e+00
5.342191746352412451e+00
-2.613203639561127112e+00
3.959416018073316224e+00
-4.188877706115858857e-01
3.540633523829809892e+00
-4.473415625024838027e-01
5.106947745184842624e+00
-2.334745253385682062e+00
3.649949155047128801e+00
6.492819457820365736e-01
2.770038796500739586e+00
2.216429626879375725e+00
3.005213785316271480e+00
1.371565184952800776e+00
3.908931448211857784e+00
-1.356030295326239754e+00
5.386661576940507068e+00
-2.773887288356414516e+00
4.624029998712988032e+00
-2.309748552438800395e+00
4.890091859749969849e+00
-2.180814007410688760e+00
4.150516991628188990e+00
-1.026519331820085368e+00
3.943674088696480062e+00
-1.403483837634078135e+00
5.384509419569931232e+00
-2.764749851577638751e+00
4.594794971720324028e+00
-2.249919320789823818e+00
4.836443734382879001e+00
-2.133873912749408852e+00
4.220950508430353132e+00
-1.239685210958996198e+00
4.085666110598947576e+00
-1.570990568903710249e+00
5.324018914687941972e+00
-2.820826186633229149e+00
5.011771540581366757e+00
-2.743487004093569048e+00
5.278891889202229848e+00
-2.652086096167368012e+00
4.563332188976833237e+00
-2.178010015428723190e+00
4.781881965436655335e+00
-2.085706589628781416e+00
4.294646205295039820e+00
-1.457913812643509166e+00
4.243681975442128440e+00
-1.678150788332065213e+00
5.167627464514839453e+00
-2.816569047265954140e+00
5.259997163850551161e+00
-2.731007936065489083e+00
4.945139080840768031e+00
-2.720122173594607951e+00
5.251512347962310479e+00
-2.581785736941483833e+00
4.348197803282114471e+00
-1.625569741625376707e+00
4.373294020210111377e+00
-1.770781875251713489e+00
4.984779840401913908e+00
-2.763152865837120498e+00
5.249446346707345334e+00
-2.581959013328105179e+00
4.363929209794865649e+00
-1.668241870976140850e+00
4.408614368750828127e+00
-1.800564909606218178e+00
4.917473128674594740e+00
-2.735443015561173308e+00
5.200191792902790766e+00
-2.512666705094223296e+00
4.211876038975421288e+00
-1.239099081091452392e+00
4.096901955264662831e+00
-1.583509270806844338e+00
5.313093625779612417e+00
-2.825812428945839727e+00
5.040544459410305045e+00
-2.751430975669798329e+00
5.285817477045199553e+00
-2.686044087110783352e+00
4.670065842560369163e+00
-2.401121406644058265e+00
4.949806230991202760e+00
-2.237223003556026768e+00
4.091026017622495736e+00
-8.452744928788475942e-01
3.826713505208192867e+00
-1.204379236252614005e+00
5.375541588981396224e+00
-2.680965782394771235e+00
4.183967459040361270e+00
-1.149037729866652535e+00
4.053031921046133412e+00
-1.543292616558846309e+00
5.344535226042004261e+00
-2.814810546717479323e+00
4.928840009673158384e+00
-2.720069542394880191e+00
5.238989101735415765e+00
-2.566236450107582279e+00
4.311560984083726566e+00
-1.529183769542109772e+00
4.308210416596193859e+00
-1.725589771571042430e+00
5.074425370177824135e+00
-2.794599027564976357e+00
5.282022412675600798e+00
-2.672811522557267949e+00
4.641605574898555631e+00
-2.342548903051039577e+00
4.910779148531740468e+00
-2.198958837667047028e+00
4.125642800622820516e+00
-9.494049671942265123e-01
3.894174751454309025e+00
-1.325064733652854043e+00
5.384326697531173878e+00
-2.730976374378039306e+00
4.431664175011831297e+00
-1.862097873397380088e+00
4.544754063604464100e+00
-1.899645636847153929e+00
4.695055688008983097e+00
-2.431087280605214396e+00
4.948295014698584460e+00
-2.233788640648578738e+00
4.101507249610376604e+00
-8.682297939407730425e-01
3.856737874214049899e+00
-1.257602724982582743e+00
5.380882598815710516e+00
-2.701612482610863175e+00
4.294739166717683077e+00
-1.476452219263223897e+00
4.285131807532824411e+00
-1.707562806176874615e+00
5.108390719205081254e+00
-2.801567704801640080e+00
5.282224909818666880e+00
-2.698648440334961762e+00
4.755760642835756613e+00
-2.535263771739106442e+00
5.067870584761951847e+00
-2.349008820727176872e+00
4.055001730515241931e+00
-7.165901100225434694e-01
3.744898515124283733e+00
-1.013208283023633083e+00
5.332104364609754121e+00
-2.594037997000704365e+00
3.928651765992718037e+00
-2.960777606244666682e-01
3.492858227906565638e+00
-2.832344650963539157e-01
5.035257646590133085e+00
-2.259615223336018275e+00
3.684324771201408666e+00
5.328690483308755610e-01
2.880393230185855025e+00
1.889170822029164309e+00
3.388057956283247130e+00
1.723381906677623476e-02
4.886244624689353167e+00
-2.135109793752931306e+00
3.867294911431064186e+00
-9.587880808095783358e-02
3.309645659617494573e+00
3.507337935226373382e-01
4.640440879075317326e+00
-1.940016312672725673e+00
4.328491856645689140e+00
-1.564339500971501540e+00
4.310362212299626350e+00
-1.729220172122050592e+00
5.074738883282639001e+00
-2.797507655893527900e+00
5.279558202098759701e+00
-2.670127009623144421e+00
4.626889114819849880e+00
-2.319091051421571681e+00
4.882405582075479700e+00
-2.175842422809632470e+00
4.160313930586994502e+00
-1.059344873503276663e+00
3.969825509212815184e+00
-1.446041204135053881e+00
5.378892781754606389e+00
-2.780447102563680772e+00
4.681749276427220607e+00
-2.418819812074138209e+00
4.978557872686971919e+00
-2.261148183710886883e+00
4.062452179360511728e+00
-7.482310469726080049e-01
3.756651302608335463e+00
-1.048638453073340582e+00
5.341600787817843532e+00
-2.611343647256911815e+00
3.960214329599174299e+00
-4.141873235110292151e-01
3.555655564518019229e+00
-4.931156082832839349e-01
5.130907280171007834e+00
-2.357214633272602278e+00
3.643089356022388703e+00
6.748916337440078461e-01
2.764325015188648038e+00
2.233467457174989956e+00
2.983016733323105463e+00
1.441059329658411547e+00
3.849478775168363232e+00
-1.260766425054905771e+00
5.387949921727131830e+00
-2.730997927179998896e+00
4.411143803108678263e+00
-1.807652775653451727e+00
4.507683548676218344e+00
-1.871538616986312187e+00
