7.770914475466634386e+00
8.964099345366092209e+00
5.681025347518077417e+00
5.827708401041117980e+00
6.456246750360826958e+00
6.504235750882680911e+00
6.335608344061683717e+00
6.329619238632730571e+00
6.364772541203072009e+00
6.362645645176456810e+00
6.359528299698324005e+00
6.366443152764722946e+00
6.357586020985084296e+00
6.359877530310461324e+00
6.369248859075018920e+00
6.356765693050276056e+00
6.354696586181769469e+00
6.376569793009326581e+00
6.360411901667622381e+00
6.369788435146991112e+00
6.354456361515081753e+00
6.363476939700312585e+00
6.368071959033551721e+00
6.355926681849556559e+00
6.359404263141559710e+00
6.367113144833340677e+00
6.364891862832307901e+00
6.361637357123711034e+00
6.364420405566650452e+00
6.357072700395391962e+00
6.355583430568816361e+00
6.360511360072570675e+00
6.368430274174321504e+00
6.357214885248667180e+00
6.354730035131106014e+00
6.360560123545347722e+00
6.368361819794901457e+00
6.357236640296718200e+00
6.360352072546447744e+00
6.361285416102957946e+00
6.365368222043241708e+00
6.365813288508417322e+00
6.357284955695547524e+00
6.359534237205716423e+00
6.367002058049108904e+00
6.368765201394168685e+00
6.355855936116481253e+00
6.353408542525524894e+00
6.362001341917076225e+00
6.365672326855787766e+00
6.359082112790951591e+00
6.365539720089135933e+00
6.377377178177082051e+00
6.373478746223093516e+00
6.357796268972315978e+00
6.367644979293918261e+00
6.375324980405338238e+00
6.371087636423649947e+00
6.370897393707893208e+00
6.359989458915102034e+00
6.357680860240148668e+00
6.365834168959572992e+00
6.365503254561388324e+00
6.355915558352259964e+00
6.360042267964580276e+00
6.367669641516942036e+00
6.364565992210195589e+00
6.365195258397276845e+00
6.356620319802490648e+00
6.365149909397128880e+00
6.363443825465180836e+00
6.364995835336000773e+00
6.357124731187794531e+00
6.361119500964954376e+00
6.368626110568141208e+00
6.362923117097265546e+00
6.355845349310931702e+00
6.355706012954536632e+00
6.360840509947361276e+00
6.368857031129226520e+00
6.357554453349239409e+00
6.360223611803355936e+00
6.367256719733765280e+00
6.365217395608506301e+00
6.355748234509666972e+00
6.361267092928392763e+00
6.366558752553716616e+00
6.361342415127273497e+00
6.371393692638188000e+00
6.365157666093376854e+00
6.354727193671019236e+00
6.361426073369994327e+00
6.365621442095132920e+00
6.366854866870080620e+00
6.355778795374821932e+00
6.360010027412227984e+00
6.367423790592529720e+00
6.355277282734449251e+00
6.365636854228832853e+00
6.358145654313965167e+00
6.354794558399234461e+00
6.359915263882692571e+00
6.368292064675098452e+00
6.357004855015033762e+00
6.354149998989722548e+00
6.360296502959268850e+00
6.368639466389733883e+00
6.357089561509869036e+00
6.359776129843251802e+00
6.359859823546901936e+00
6.365285122849854815e+00
6.363303339822788729e+00
6.365733426758059643e+00
6.356236352281988466e+00
6.360005981316006363e+00
6.369523457318359227e+00
6.360516830643762276e+00
6.364140466940586549e+00
6.357620611361030960e+00
6.360573208387398481e+00
6.369825404553770554e+00
6.368492120942597090e+00
6.372750440141490280e+00
6.360051127590365283e+00
6.367079697896951274e+00
6.375103978488681378e+00
6.371680046497113281e+00
6.358448199967582148e+00
6.353654432330715807e+00
6.357793173428962774e+00
6.361508379865227880e+00
6.362564147912936008e+00
6.374286726191910724e+00
6.351736929909024276e+00
6.363083130890726302e+00
6.368164590456634855e+00
6.357623901552865497e+00
6.358871473090390580e+00
6.362210614900885908e+00
6.365731317781431642e+00
6.366323097907411466e+00
6.355748510288194097e+00
6.360112602102694801e+00
6.367509839787941495e+00
6.361206439143213487e+00
6.362287876337411774e+00
6.366433789830532319e+00
6.357691024506014976e+00
6.358961323883960404e+00
6.368689264857024135e+00
6.364966042106448896e+00
6.362136297027165988e+00
6.363324208460055864e+00
6.356458805133737400e+00
6.354884191909793145e+00
6.361841852155724730e+00
6.367653168132258124e+00
6.356460598045576837e+00
6.353794854758065824e+00
6.361964411344634307e+00
6.367977613664062453e+00
6.356484771126333477e+00
6.353693925676078713e+00
6.362036454818367659e+00
6.368196995089071777e+00
6.356638793305151580e+00
6.353854549206054081e+00
6.362245700098195123e+00
6.368374314756333199e+00
6.358183945916400681e+00
6.355419509957886959e+00
6.371085487145013104e+00
6.359284457606375618e+00
6.364994660463153764e+00
6.363958818476709745e+00
6.365250988729698634e+00
6.355809314500203477e+00
6.354394523967164865e+00
6.365649888779421062e+00
6.361011346357309471e+00
6.359323043538334552e+00
6.365891697122849635e+00
6.358034168635763095e+00
6.358858121655781126e+00
6.358112971021776971e+00
6.360258516881733826e+00
6.362566246885255516e+00
6.375558569458172897e+00
6.355491756896080702e+00
6.365658022650856118e+00
6.356290072650669920e+00
6.368279754045727437e+00
6.362427784759564275e+00
6.359782175883465172e+00
6.379098755368337592e+00
6.362284156008968239e+00
6.362885566852364505e+00
6.359296528904612167e+00
6.363576000001569533e+00
6.361010783122496015e+00
6.363512857779861420e+00
6.365756670174680387e+00
6.357401101306662028e+00
6.359160207156192790e+00
6.367475517550989395e+00
6.357013843401758457e+00
6.354540335369544657e+00
6.364048266358118155e+00
6.359631827124685444e+00
6.354400546283576645e+00
6.361240577727849121e+00
6.368125915532572456e+00
6.356884816049158005e+00
6.359382356778423784e+00
6.362513939303769739e+00
6.364581834348756573e+00
6.365167465606819341e+00
6.356572824659086685e+00
6.360936019757696513e+00
6.374407759622667591e+00
6.371026751680745726e+00
6.370474337791082853e+00
6.361108740523119032e+00
6.356121967406919815e+00
6.365153764618234788e+00
6.367092038252200048e+00
6.357242324378157505e+00
6.359154755631153400e+00
6.367134694333016043e+00
6.368250188366102904e+00
6.354094378559159040e+00
6.358621065393599281e+00
6.367657238285348242e+00
6.364762045031350013e+00
6.364731059986898920e+00
6.355839352049840407e+00
6.354799102586023984e+00
6.362022728853300002e+00
6.367124116483005025e+00
6.359051284013099270e+00
6.371600549269810010e+00
6.365381215491681566e+00
6.362824044764995968e+00
6.376288606317404906e+00
6.373883370210680077e+00
6.359626081452461221e+00
6.366811949110474878e+00
6.374670165646065811e+00
6.370578145883481369e+00
6.372486983852536646e+00
6.359401845003954001e+00
6.353484105882642119e+00
6.365984079273945717e+00
6.368171309193030538e+00
6.355300452881957440e+00
6.359322244367240806e+00
6.368308326086808968e+00
6.365925294096827614e+00
6.354403708157743580e+00
6.360007143916743821e+00
6.367220347469269015e+00
6.366488989410580501e+00
6.355150905579002085e+00
6.359817960422455840e+00
6.367983449112891492e+00
6.368305714589381772e+00
6.372424844690634416e+00
6.373277512123236122e+00
6.360154865725649920e+00
6.368704353170322463e+00
6.374203454031631466e+00
6.370294246152507611e+00
6.372247937408003438e+00
6.361270916308096268e+00
6.354433852659501447e+00
6.365348748394894507e+00
6.367601926827999748e+00
6.357264890479044972e+00
6.359099223527672429e+00
6.367939764210685638e+00
6.360340324016859448e+00
6.363179928311314626e+00
6.365673704611470640e+00
6.356900273610497365e+00
6.360324564037185269e+00
6.367846924299810141e+00
6.367672578393959171e+00
6.357149860350245874e+00
6.364831941633909196e+00
6.361506255346646377e+00
6.373027326680359650e+00
6.358944274867639024e+00
6.361431366274273635e+00
6.365740746877031064e+00
6.357055581344527084e+00
6.359940391242285607e+00
6.369572369398467160e+00
6.360109530855015514e+00
6.358050048657009512e+00
6.374660435994790930e+00
6.357287029674141721e+00
6.358095139065600421e+00
6.359047789788286664e+00
6.361860625236284150e+00
6.372964714773431183e+00
6.355211715420988838e+00
6.363240637324753202e+00
6.365155805154467217e+00
6.365566880899122815e+00
6.355441694077313741e+00
6.359854501633660284e+00
6.362174347127282026e+00
6.366039530340196428e+00
6.364501868963031939e+00
6.356015954587109995e+00
6.360384080568660892e+00
6.368221888516869100e+00
6.359977844449691275e+00
6.375032659608313779e+00
6.364196917063726033e+00
6.372335641155337349e+00
6.372107312959747638e+00
6.359026495556823200e+00
6.361169796267336807e+00
6.365359637772435519e+00
6.364869718320663949e+00
6.356261542630770478e+00
6.360402684556323294e+00
6.362900599152921721e+00
6.364652190018931677e+00
6.365230535997954853e+00
6.356737255745034787e+00
6.361113434383295129e+00
6.366182820543718535e+00
6.362978278788585129e+00
6.365306916054537467e+00
6.358153789513530718e+00
6.359805553328071070e+00
6.368707909289133440e+00
6.358041044927619900e+00
6.353247672059807449e+00
6.368596755398424847e+00
6.358441423843727236e+00
6.359749037775205061e+00
6.357797213138447034e+00
6.365742474209396207e+00
6.366196119371335449e+00
6.356730564578063181e+00
6.358998604131160803e+00
6.375077385826279475e+00
6.373567018531131723e+00
