6.432596927757118443e+00
1.071443275413199281e+01
8.548507831770052690e+00
-5.352046098503605576e-01
7.661894406075557384e+00
8.766075765204563552e+00
3.183408641209352741e+00
2.452676480137042425e+00
4.870703092673171142e+00
6.226515441245531690e+00
2.219139303584367173e+00
2.540157451350283369e-01
3.802348114818208558e+00
5.228344816441871323e+00
1.512353460275883021e+00
8.517038993554251203e-01
2.543507978640775935e+00
2.795573458397040412e+00
5.188241406550304635e-01
1.980136252780938966e+00
4.241799046700959863e+00
2.358561113274914245e+00
-1.509417126591507119e-01
1.536289445105816498e-01
4.732805636203488042e+00
3.486437641871813931e+00
3.374071848506783766e+00
3.393566090117014156e+00
3.134627836198694339e+00
2.381017257172441948e+00
2.537909897345067112e+00
1.130187217739302863e+00
4.284797862044186445e+00
2.647593888758259517e+00
3.955782665029680789e+00
3.113408278361367021e+00
3.578172591037755534e+00
2.517318736919997857e+00
3.380415681954655138e+00
1.822020868881907729e+00
3.952420136115066818e+00
2.277642435829746681e+00
4.040577623837782184e+00
2.786730621824930587e+00
3.786104888479624009e+00
2.591962374641040068e+00
3.643040641424994064e+00
2.173704045762813841e+00
3.821953683589353723e+00
2.233957993233331774e+00
3.969131773200456514e+00
2.565241625856798713e+00
3.865098777912411521e+00
2.565473780358828559e+00
3.756386854693775312e+00
2.331631741395647328e+00
3.803212683462144028e+00
2.289619899810133585e+00
3.896472273708810441e+00
2.453904330208036111e+00
3.883866590914406558e+00
2.515631403495659946e+00
3.812499053178107999e+00
2.400280849621699186e+00
3.816723101277580632e+00
2.352432974327645532e+00
3.852629735248481957e+00
2.410192363684046324e+00
3.877179410930364334e+00
2.474404922495946124e+00
3.843546354592092484e+00
2.426960887032955760e+00
3.831461978764245213e+00
2.353452565310115041e+00
3.826035095266010710e+00
2.395274558524211006e+00
3.862603904739578375e+00
2.436925362142279727e+00
3.857054658220692822e+00
2.432254848560543969e+00
3.843861375159163707e+00
2.380062539197838944e+00
3.819052755779421382e+00
2.400561210996244199e+00
3.852452611755803780e+00
2.423537834779208922e+00
3.858702958766810909e+00
2.427355642803421087e+00
3.850399859767066335e+00
2.392669194339050343e+00
3.812839712611145515e+00
2.405338232513393404e+00
3.839830371673587095e+00
2.407292243715365210e+00
3.858809225955126987e+00
2.420201684902949069e+00
3.858236459408502128e+00
2.404760631066809484e+00
3.816237058304022156e+00
2.419345804951050560e+00
3.833268945014138840e+00
2.406601670556677952e+00
3.853673500870269386e+00
2.412602145431438139e+00
3.860838990825275818e+00
2.406600746603989815e+00
3.821813667315399066e+00
2.429017970339939936e+00
3.832322065099551978e+00
2.415091757615765999e+00
3.846613610206988998e+00
2.407846207277590800e+00
3.853609945937521708e+00
2.397236409659700751e+00
3.864851731285136260e+00
2.426551155838078344e+00
3.836327914548245843e+00
2.421193357504096699e+00
3.846325201995420606e+00
2.415339100613512535e+00
3.852968431589339549e+00
2.399045668087822492e+00
3.863677681391130214e+00
2.428657296353572193e+00
3.833512353503120362e+00
2.419663354352021400e+00
3.845743612304496573e+00
2.412821530436358497e+00
3.855494277267816905e+00
2.403662542538991254e+00
3.864294535675649289e+00
2.433785238023072672e+00
3.829955898730094788e+00
2.420057752329084710e+00
3.842594249530897343e+00
2.410869797838174122e+00
3.850535056137715184e+00
2.400970812917691433e+00
3.860776849608066108e+00
2.428552555299052784e+00
3.832766079888032085e+00
2.422845088745241959e+00
3.844147442308875284e+00
2.418626310640991317e+00
3.850209391132049408e+00
2.402167999890281624e+00
3.860761254906533324e+00
2.387577632226294710e+00
3.826792190723764975e+00
2.423658588010869419e+00
3.837692129423829535e+00
2.411303377827584526e+00
3.848238024559609727e+00
2.402339188431307004e+00
3.859789113270682748e+00
2.389347877992083369e+00
3.830676955323394139e+00
2.427789516940808578e+00
3.842226859386002502e+00
2.420270037505102945e+00
3.849893293148068274e+00
2.410362497975310436e+00
3.857938683679095870e+00
2.391530570865390892e+00
3.824106476744411509e+00
2.421925416553679877e+00
3.835677606294465747e+00
2.414466824000056633e+00
3.850531318651803758e+00
2.406571384786570178e+00
3.861027482047548975e+00
2.400579235205901441e+00
3.820307145224830059e+00
2.421598272983317646e+00
3.836360924651743165e+00
2.413950843679484759e+00
3.851116265594120236e+00
2.411393055036512578e+00
3.858785621473174388e+00
2.402307624829494337e+00
3.820228208848504892e+00
2.427518185234410986e+00
3.832227079593643282e+00
2.412979478274892564e+00
3.848149623256237106e+00
2.408789646804026852e+00
3.855891392132801521e+00
2.400086465068338892e+00
3.861009797409209909e+00
2.425962031699918864e+00
3.831144310202441172e+00
2.413034608255835600e+00
3.849448593739837055e+00
2.414091979214568084e+00
3.852979342529792461e+00
2.402556049074082711e+00
3.861591817732714205e+00
2.426118548384230245e+00
3.832186594641244781e+00
2.417499470424030683e+00
3.846356055737413016e+00
2.413670628032257071e+00
3.856321632922958820e+00
2.404279355015328967e+00
3.863079982133384771e+00
2.434552801204326045e+00
3.831513224198849432e+00
2.420360644716143206e+00
3.843975374878068063e+00
2.415315713916687201e+00
3.851820295958042095e+00
2.402351999083617073e+00
3.860246343392085500e+00
2.428299715489889099e+00
3.831320425114707273e+00
2.423236932413186828e+00
3.843635739587232258e+00
2.416038436965052050e+00
3.852529975144047825e+00
2.405477007684852619e+00
3.856762942500139957e+00
2.388751467257062444e+00
3.824794934753687592e+00
2.415588150700868297e+00
3.839000154960784172e+00
2.412050034062828807e+00
3.850688033980549374e+00
2.403044942445463850e+00
3.863560863716693383e+00
2.395649610948227703e+00
3.829477374486026875e+00
2.430626863719984598e+00
3.837688238505485572e+00
2.415357369775824381e+00
3.847680814349737854e+00
2.403598816888594669e+00
3.859528981494338762e+00
2.392231158197367424e+00
3.826562229404306237e+00
2.428329676723186559e+00
3.836564907261862167e+00
2.415679695420087203e+00
3.846121524133674807e+00
2.402595401428124777e+00
3.860874137391692607e+00
2.396024318260341346e+00
3.825597745428356511e+00
2.431559571116444829e+00
3.833927046360409374e+00
2.416052447124075631e+00
3.843805795236521661e+00
2.403230507093199630e+00
3.853499138364314014e+00
2.392548042363956462e+00
3.820051313058470122e+00
2.422924931644679702e+00
3.833919317602396237e+00
2.415667161973842791e+00
3.846601891189231903e+00
2.408743382987768911e+00
3.857420665781930325e+00
2.400097252123012836e+00
3.867065467374203536e+00
2.432083246385530639e+00
3.832980347469714388e+00
2.419718065197293821e+00
3.845421706659069905e+00
2.412177603317442465e+00
3.853854515706770734e+00
2.398380255352640766e+00
3.864600978289423061e+00
2.430014806301808328e+00
3.832562468325815708e+00
2.420469915602815547e+00
3.843494398845981763e+00
2.410430673561971826e+00
3.854564670380483005e+00
2.401710935636930166e+00
3.863936295378969099e+00
2.433534769182206237e+00
3.829931577523720598e+00
2.421390879658997353e+00
3.841652288717547492e+00
2.411084064820884443e+00
3.852645954888361146e+00
2.403263852430761904e+00
3.860504012464270218e+00
2.429492341072873707e+00
3.831495132555197358e+00
2.423195477830966116e+00
3.843053987739507793e+00
2.416957929503908087e+00
3.850677407042757849e+00
2.404114024157197882e+00
3.860922187058189792e+00
2.390177688453508864e+00
3.828938840365608609e+00
2.423105490742147428e+00
3.838906589615689313e+00
2.414676316051002303e+00
3.850065656196364650e+00
2.403433257265184864e+00
3.861380931107504466e+00
2.395064989748775908e+00
3.826104068631842381e+00
2.425642056230735477e+00
3.837173186135903524e+00
2.413749737781945459e+00
3.848057492339267860e+00
2.402418522677098878e+00
3.861269234359337332e+00
2.395039434204718543e+00
3.826034969707399647e+00
2.428488161351583408e+00
3.836678432561225982e+00
2.415187169732331718e+00
3.847822079156316022e+00
2.405441019366821642e+00
3.856309710241444755e+00
2.393358709360441150e+00
3.823938045078381087e+00
2.425314325519244640e+00
3.837499655625135730e+00
2.417609350156930237e+00
3.848781103930026148e+00
2.410441337148134799e+00
3.854962040766052311e+00
2.395576278778695389e+00
3.822811481046556548e+00
2.427151654887999666e+00
3.834962454449280855e+00
2.419035894982553891e+00
3.847312869373694877e+00
2.409746500162369465e+00
3.857513538185462387e+00
2.400959252753270157e+00
3.861767100186234813e+00
2.429547480709992158e+00
3.829942585391212351e+00
2.411979609190642471e+00
3.848333434150335464e+00
2.411141204802422777e+00
3.858780862332998218e+00
2.407533101376530205e+00
3.862674440709504609e+00
2.431740397444861479e+00
3.828436157319893951e+00
2.413768752780319105e+00
3.845591917215878563e+00
2.412747480887543539e+00
3.856013102745029286e+00
2.405356412266908883e+00
3.861626246828701703e+00
2.431807339446014460e+00
3.829030456451094189e+00
2.418059001242874650e+00
3.844211507275272943e+00
2.413487003908345585e+00
3.850296244393739187e+00
2.402764062676503443e+00
3.858784062128548520e+00
2.427934702317191107e+00
3.829763728882454199e+00
2.419343025253725799e+00
3.844053471980340753e+00
2.416882899066887358e+00
3.855898119205034114e+00
2.410229738235270425e+00
3.861748715813787314e+00
2.395281027888572556e+00
3.826777708252841137e+00
2.421677009923459689e+00
3.840733410293180938e+00
2.415924869377828799e+00
3.851431108787346069e+00
2.406508596889771034e+00
3.859516950185624129e+00
2.391900616293169524e+00
3.826087715112917564e+00
2.423099247042714399e+00
3.838738659081560201e+00
2.415538603387001437e+00
3.849584955747659354e+00
2.406980464810612563e+00
3.857472728604466550e+00
2.392586318768094245e+00
3.823334828957408948e+00
2.422121422770917576e+00
3.840118976554033559e+00
2.417554721678434770e+00
3.851124157098748668e+00
2.414055128879631695e+00
3.851914364055459838e+00
2.393070797275404615e+00
3.819945642479702919e+00
2.419046073573881461e+00
3.838281525246695303e+00
2.414962687106997130e+00
3.848210052884087684e+00
2.414015266481860600e+00
3.852986508254045539e+00
2.392539048159738613e+00
3.818575882291137980e+00
2.423492884822742166e+00
3.834622249097185076e+00
2.414718290665315514e+00
3.849579927890564690e+00
2.413655106651162896e+00
3.857659978636937215e+00
2.405327548301203322e+00
3.863638579066088763e+00
2.429040855037763347e+00
3.830711709892652195e+00
2.414212570237476818e+00
3.846130558902378649e+00
2.410058513356150289e+00
3.858162029716861063e+00
2.406222703724897549e+00
3.862247762417605923e+00
2.431567038613899889e+00
3.828278781282017817e+00
2.414126566210744951e+00
3.845280402307155398e+00
2.411462693762909559e+00
3.856739525616007747e+00
2.405957829555293692e+00
3.864246429015347317e+00
2.437231344447204684e+00
3.828743859964902185e+00
2.420954382036284880e+00
3.840546184914050976e+00
2.407762410325590796e+00
3.854829339872328120e+00
2.402665513183569690e+00
3.864276124363767551e+00
2.437339093046092309e+00
3.827490605998669970e+00
2.423344408513706583e+00
3.839316214781006043e+00
2.409342394666231790e+00
3.852242678002988363e+00
2.403808754373802703e+00
3.860296043680617295e+00
2.391407476669183296e+00
3.826965502082271264e+00
2.421367153794762750e+00
3.840970339191827065e+00
2.416267718976579548e+00
3.849947885710971907e+00
2.403580814684002753e+00
3.860179410351000762e+00
2.393682660934706607e+00
3.822171471328395853e+00
2.420615769039381693e+00
3.836147757113684165e+00
2.409439146566902057e+00
3.850369041046063590e+00
2.405039465108158581e+00
3.861478668660518920e+00
2.397685149909850377e+00
3.826044327158601543e+00
2.428959985554964618e+00
3.835525946169193734e+00
2.416025281587890206e+00
3.844959303363934211e+00
2.401521820963193221e+00
3.859165541922492615e+00
2.394569017918353637e+00
3.827545403680093994e+00
2.432926301759373633e+00
3.835706481862454442e+00
2.421135263736164944e+00
3.844571529636905183e+00
2.404576421444743595e+00
3.858660407328669883e+00
2.395643175484463150e+00
3.826966282516131024e+00
2.435997862574220463e+00
3.832139846287610840e+00
2.420518102395555537e+00
3.842211051149813095e+00
2.402565597180494450e+00
3.858683442838071187e+00
2.397687135587959872e+00
3.869651916940183511e+00
2.437081630845653990e+00
3.832553109484461817e+00
2.420865621057040507e+00
3.842616208905141661e+00
2.408767003673892404e+00
3.852424059933990286e+00
2.396429746745007527e+00
3.861421931684881237e+00
2.427475149803033805e+00
3.833161312547508803e+00
2.419812726561242577e+00
3.845692457121201890e+00
2.414580916029259061e+00
3.853193269766281848e+00
2.402420137418221024e+00
3.861385621104870935e+00
2.430751708634872443e+00
3.829569244000510686e+00
2.418927867081178462e+00
3.844925954023889592e+00
2.415716012527392209e+00
3.852925171708108554e+00
2.405599294851636927e+00
3.859916570678108894e+00
2.432549658458151409e+00
3.830233424273757237e+00
2.420713507713513124e+00
3.844260812593832455e+00
2.419678158136134627e+00
3.850878705933335588e+00
2.406351045390518362e+00
3.859159422963916786e+00
2.389105448393917808e+00
3.828029403489968452e+00
2.422431397633630468e+00
3.839914308469892568e+00
2.415591203839090539e+00
3.849423194637902501e+00
2.404355803109321066e+00
3.859343373600271576e+00
2.391293547209657699e+00
3.826340334038508040e+00
2.424466369821162814e+00
3.838082433427524087e+00
2.415472589218185195e+00
3.848765490131731859e+00
2.405060743678816060e+00
3.855979219718824069e+00
2.392920222026626131e+00
3.822049608773495866e+00
2.419985429687059764e+00
3.838805705257062328e+00
2.415659096006593565e+00
3.851950389241940442e+00
2.413374593245800170e+00
3.857924261911655606e+00
2.399681017786753578e+00
3.820791610089225188e+00
2.424800109392681868e+00
3.833509754782682855e+00
2.412262445589016480e+00
3.850939781379826066e+00
2.410318134204367801e+00
3.860159372990347837e+00
2.404773184873299829e+00
3.862645835299327590e+00
2.425875906630853507e+00
3.827757487900939726e+00
2.410372561890624432e+00
3.847468765681214986e+00
2.404645400575768477e+00
3.855952510501218011e+00
2.399329990227984322e+00
3.863870219895958691e+00
2.429076815616065588e+00
3.829487420987546464e+00
2.414303293343049273e+00
3.845380053528778319e+00
2.408832901230625545e+00
3.856316690700308580e+00
2.403028281939174615e+00
3.864587296664023341e+00
2.433347340449989460e+00
3.830663574433667229e+00
2.419448767077599705e+00
3.843088308367620165e+00
2.410109944372656798e+00
3.852459867653235559e+00
2.400592003904510552e+00
3.862968095356275278e+00
2.431894596475207670e+00
3.831368769113302708e+00
2.423839903625197856e+00
3.837004399637344854e+00
2.409300850823831830e+00
3.850558904592054965e+00
2.396747630613472513e+00
3.865217813175532591e+00
2.436280891051953112e+00
3.831566558489481356e+00
2.428597957014150488e+00
3.840379266292497373e+00
2.415315089493334622e+00
3.845616866190221472e+00
2.399083944553704661e+00
3.859701048319399419e+00
2.384206247922974420e+00
3.833027183095833124e+00
2.428869099524770370e+00
3.839765876995131944e+00
2.418214655152246095e+00
3.846799936067045511e+00
2.402717142139339845e+00
3.857496491574863295e+00
2.387773050339718317e+00
3.829099224765698750e+00
2.426070943622168130e+00
3.839715462936374557e+00
2.419404338810978494e+00
3.847188618878097266e+00
2.405923504348334685e+00
3.858084474681728437e+00
2.393126424269474306e+00
3.826621608717544198e+00
2.425947513722671367e+00
3.838922466739874029e+00
2.421387264467254941e+00
3.848390864919271070e+00
2.407532432411719991e+00
3.858544446341929834e+00
2.397899782464090634e+00
3.824416443398734433e+00
2.428309634963706554e+00
3.835823590773937752e+00
2.416770900635575980e+00
3.846603354461963775e+00
2.409616148705963745e+00
3.851690084878534481e+00
2.392753757093624589e+00
3.865640959323000558e+00
2.423476164155708101e+00
3.834014527064728117e+00
2.419459292096295844e+00
3.843274994364517916e+00
2.404870579049359414e+00
3.858816503226347727e+00
2.400880370451586643e+00
3.866628414099192668e+00
2.434678574342925117e+00
3.828593728240215377e+00
2.416814882420208921e+00
3.842040253960937513e+00
2.403093052230430349e+00
3.859131462597745532e+00
2.403106669396783523e+00
3.866816179555319088e+00
2.439357145310342645e+00
3.823778098580183027e+00
2.416842389754803033e+00
3.837500938290527408e+00
2.398114923288291678e+00
3.860598456063116135e+00
2.403441997062997881e+00
3.870258931584430240e+00
2.447021995098487501e+00
3.827050807688802347e+00
2.424958522613601453e+00
3.836120476904795851e+00
2.404619762219371903e+00
3.852322240570904555e+00
2.395349199822725872e+00
3.869004319964532534e+00
2.440893160017454377e+00
3.830256296629010127e+00
2.429036350265520561e+00
3.837042673909181190e+00
2.410841707763838659e+00
3.849810448449269007e+00
2.400172625872889931e+00
3.863627924029028549e+00
2.394020158753758842e+00
3.826674492936001926e+00
2.424565519640118350e+00
3.839257160895860554e+00
2.413855195821187571e+00
3.848754833049864210e+00
2.403057848181466838e+00
3.860477369395771241e+00
2.393730394413279505e+00
3.827708850132996776e+00
2.426992967029782289e+00
3.838403892974317166e+00
2.416885665167304964e+00
3.844990422133480301e+00
2.404592695707633343e+00
3.857171630035268528e+00
2.388080070166914481e+00
3.829713743554939320e+00
2.430194449708598547e+00
3.838374171018466896e+00
2.419906316168569660e+00
3.846974753682217418e+00
2.406600598536700719e+00
3.856135664474803271e+00
2.392275140630933272e+00
3.826746747519065739e+00
2.430493090189473904e+00
3.836298997547519019e+00
2.420529859721299637e+00
3.846221820583148432e+00
2.409047273240073839e+00
3.854883526338464428e+00
2.393817859826340211e+00
3.868632221600241117e+00
2.428491447178902973e+00
3.836294353494787757e+00
2.424527625617345361e+00
3.844049255175934654e+00
2.410305448665695405e+00
3.852654769624414222e+00
2.394635525442946555e+00
3.868259488330849649e+00
2.431254097300425521e+00
3.835923102728770573e+00
2.426783857883882956e+00
3.843168155561753174e+00
2.412646906460675034e+00
3.850115221960455969e+00
2.392796884361779508e+00
3.865674130929654950e+00
2.428681922576185315e+00
3.835519570006673096e+00
2.425537168052238624e+00
3.843660084030549484e+00
2.416331052676347291e+00
3.849893993392003555e+00
2.397703878090134300e+00
3.862025741150700853e+00
2.428560722012096385e+00
3.832415870506856947e+00
2.423178194878789604e+00
3.844250104214626873e+00
2.417358367704025568e+00
3.850912482552748983e+00
2.402510662875248837e+00
3.861373465469866595e+00
2.432432888860986964e+00
3.828320518757669433e+00
2.421270028084979486e+00
3.841311753829235176e+00
2.414220566338354690e+00
3.854580885231110532e+00
2.406486127720356194e+00
3.863195843761281445e+00
2.398175632754169229e+00
3.823592588046646590e+00
2.422436769288430547e+00
3.834644799678566418e+00
2.405009581299283994e+00
3.854228692565078607e+00
2.405296460491583854e+00
3.865829541664964619e+00
2.403374070952287944e+00
3.824490336523171941e+00
2.428900461311894077e+00
3.829615512659008125e+00
2.407707747146356159e+00
3.845604438930801727e+00
2.397060229506035700e+00
3.863610788603552670e+00
2.396483950382745309e+00
3.831023197011298453e+00
2.435791803514007370e+00
3.836388945101277148e+00
2.422661762610741398e+00
3.839039713005175436e+00
2.399872406709774086e+00
3.849758670706810992e+00
2.381280618113474912e+00
3.827724626822806897e+00
2.426833269332232756e+00
3.837379705718537259e+00
2.424685024039087811e+00
3.842834547100484777e+00
2.405385703553032606e+00
3.855681284878961002e+00
2.391502883696638992e+00
3.870884354206387545e+00
2.434179755775374154e+00
3.834479915644573467e+00
2.422211393450549366e+00
3.842898561529660917e+00
2.406308286633187965e+00
3.856068560521260125e+00
2.398380649659745956e+00
3.864887301913899176e+00
2.429962409243374033e+00
3.833384448342590289e+00
2.420425239908850834e+00
3.841642985928557685e+00
2.411699499533103364e+00
3.850449817385565687e+00
2.393308675217189041e+00
3.862367821396815337e+00
2.427835028257710359e+00
3.832833826126892163e+00
2.421301052092833306e+00
3.844104804013725563e+00
2.414674354454748872e+00
3.852360318312007870e+00
2.401847953372180378e+00
3.860616489769637560e+00
2.428707124601424905e+00
3.831478473638322946e+00
2.420720066731645304e+00
3.845193229623550035e+00
2.417354939500060418e+00
3.852388070150030153e+00
2.405758453704502475e+00
3.858993113431081312e+00
2.431741730278621283e+00
3.827753170320273401e+00
2.418759825963404442e+00
3.843521499791562324e+00
2.416193376443877661e+00
3.851312436496176606e+00
2.405794390855605425e+00
3.860565841849624924e+00
2.392502132641360024e+00
3.827485806569647320e+00
2.422863079678564624e+00
3.836924707883654140e+00
2.414185486074740705e+00
3.846290820294142598e+00
2.397273635710297501e+00
3.863016232724661769e+00
2.392870333068962019e+00
3.830286873431315797e+00
2.433482352346428179e+00
3.836119804613899564e+00
2.418202662904558764e+00
3.845043113087816433e+00
2.400423303528320673e+00
3.858620027784853246e+00
2.392478574151355897e+00
3.827595825952822661e+00
2.430759914526077203e+00
3.836803082743105442e+00
2.419693427960105669e+00
3.847390039728141531e+00
2.407154474965226054e+00
3.858896858097549121e+00
2.397211301892363089e+00
3.823391651117286294e+00
2.429203433349747421e+00
3.830248760776894024e+00
2.413878269581536173e+00
3.844801344717181379e+00
2.401923850049528575e+00
3.857267538435023901e+00
2.399350138322676962e+00
3.864434422561723537e+00
2.427066274914566613e+00
3.832294802908897680e+00
2.415071484430896032e+00
3.846898358655262307e+00
2.408046163513458460e+00
3.853247054236158320e+00
2.398340223541256755e+00
3.865310340476471485e+00
2.430029757427991655e+00
3.834224909734484488e+00
2.420598022817765482e+00
3.843150097428752687e+00
2.412784583239272251e+00
3.852395231348500815e+00
2.396641769145414713e+00
3.861888797519033023e+00
2.429992443461001628e+00
3.831308775032778335e+00
2.419491731180077654e+00
3.843589028017960096e+00
2.411713455172757037e+00
3.854913743672204962e+00
2.403522213762700588e+00
3.863495064342997942e+00
2.434777836106154503e+00
3.830056719972841250e+00
2.422267231696651368e+00
3.840870277896718310e+00
2.411990478192101328e+00
3.853386766702608490e+00
2.403312176864135896e+00
3.864078053510755950e+00
2.438123003172142589e+00
3.829846072673015911e+00
2.424949771374672380e+00
3.840867945906806025e+00
2.416455311763241021e+00
3.848401992715491993e+00
2.402639644028907284e+00
3.859975669175766733e+00
2.388117203680208078e+00
3.830067707794825971e+00
2.425254561374826867e+00
3.841060885224718557e+00
2.419363892872104849e+00
3.848520425087920138e+00
2.406312260213596677e+00
3.855978357388068822e+00
2.386297722625253304e+00
3.826475528062998954e+00
2.423736682533061959e+00
3.837379367667688612e+00
2.415454371043152193e+00
3.851716114588633388e+00
2.408354200657556010e+00
3.861376939226589311e+00
2.401885414226812898e+00
3.818705571019676448e+00
2.425211215300064893e+00
3.830343355153054130e+00
2.406170683150650635e+00
3.848735580914107945e+00
2.402191025963730020e+00
3.862967373366212431e+00
2.402290883915739528e+00
3.821023784153752434e+00
2.432527631793827805e+00
3.828558893170519006e+00
2.408179670827239161e+00
3.848426150430654946e+00
2.404685464785621285e+00
3.862323854609217566e+00
2.407627980672405688e+00
3.866322359033505851e+00
2.433749659750185756e+00
3.827906122737583683e+00
2.412973924980848395e+00
3.844337087367536654e+00
2.404631997004024413e+00
3.859892312490825539e+00
2.404292952535508565e+00
3.866590119609432996e+00
2.434874428319962369e+00
3.829509324429446693e+00
2.415500702110481068e+00
3.844073435601213617e+00
2.408455693687742816e+00
3.856799009992113447e+00
2.403482174070610711e+00
3.864900294886801646e+00
2.433444687606565182e+00
3.828398219307237671e+00
2.416116164953008294e+00
3.845099379436759612e+00
2.412437430577756725e+00
3.855029901035844642e+00
2.405666609489150787e+00
3.863253371506812250e+00
2.435242124662684304e+00
3.826243991577624293e+00
2.418260866311736201e+00
3.840528606217596064e+00
2.409923729662093450e+00
3.853867791422304290e+00
2.403740140779390799e+00
3.864684493400007970e+00
2.439461849940975480e+00
3.826347886428115519e+00
2.422438894633770712e+00
3.832173125772854849e+00
2.402493825281817763e+00
3.847987093315064833e+00
2.396298123878373598e+00
3.859704517285119874e+00
2.389721944655358588e+00
3.828940402754879457e+00
2.424459552318320554e+00
3.841588928039078255e+00
2.419152434837697818e+00
3.849333935880351554e+00
2.406695731946888905e+00
3.859644053104863026e+00
2.391953602111660526e+00
3.827530341501971023e+00
2.427184057434375042e+00
3.838036756899575686e+00
2.416461884821773154e+00
3.848917696308728154e+00
2.407984063389161378e+00
3.858223684789968910e+00
2.394394013684201017e+00
3.824234784998036041e+00
2.426269703846695602e+00
3.835263848362001404e+00
2.414466152379241226e+00
3.847284045770991590e+00
2.406646102878480686e+00
3.857855802605906881e+00
2.396936556531747975e+00
3.823986838107765074e+00
2.429334122518472583e+00
3.833949923939182991e+00
2.417519857738504641e+00
3.848263577327981189e+00
2.409247194955031812e+00
3.857080577650749298e+00
2.399637814191981189e+00
3.867705312157913689e+00
2.432246116819454684e+00
3.832831142322620011e+00
2.419159141717540429e+00
3.844442890663719581e+00
2.408529856652028123e+00
3.856933337677421747e+00
2.400800289979136526e+00
3.867187928692525922e+00
2.433278266818938995e+00
3.833395359228404242e+00
2.423200390635850354e+00
3.841995196286311476e+00
2.408458813938771925e+00
3.854752778821471271e+00
2.397484897224405387e+00
3.868530917099714639e+00
2.436525982845971328e+00
3.831898815747636355e+00
2.426784550361832160e+00
3.839270562484265348e+00
2.408766244508444121e+00
3.851931212940903126e+00
2.396898560717020565e+00
3.865771293179762313e+00
2.433800760799836649e+00
3.831833765457815844e+00
2.425223718903958492e+00
3.842409238016545103e+00
2.414779425308405614e+00
3.848494921180900086e+00
2.397627544979882064e+00
3.862265592590325092e+00
2.431440900458082144e+00
3.832430214065474683e+00
2.428965960613058694e+00
3.840110874275662667e+00
2.416462545338085022e+00
3.848090449780408040e+00
2.400319281736955190e+00
3.862270620955650102e+00
2.392497985093252844e+00
3.830217282549615465e+00
2.430510118464245028e+00
3.836411458937199370e+00
2.413986913072627694e+00
3.849362317586447535e+00
2.400596273394178581e+00
3.863546600526569286e+00
2.397701967936535006e+00
3.826489131218393958e+00
2.429388238979965475e+00
3.836817366544333474e+00
2.414080978082445483e+00
3.847866036078173124e+00
2.402527747710686334e+00
3.860895772620899002e+00
2.397747192969549968e+00
3.825655596346964060e+00
2.428890809053186217e+00
3.831230133332118371e+00
2.414549262072012592e+00
3.844306945899222505e+00
2.399568636510900799e+00
3.861335659768360351e+00
2.399483028298109222e+00
3.825333195470053127e+00
2.433570050723512512e+00
3.831807417298362939e+00
2.415382131858823556e+00
3.845804286396205640e+00
2.406533245867141346e+00
3.856580415575361798e+00
2.398300932059862944e+00
3.864227721031066487e+00
2.425199995405642461e+00
3.835820211724619178e+00
2.420341147810574078e+00
3.847507976233443650e+00
2.413229523533939158e+00
3.850844716417363145e+00
2.397718808950109803e+00
3.861483150776123807e+00
2.422507188689038138e+00
3.836374379087430508e+00
2.422106803467832581e+00
3.847326271211532145e+00
2.417800564958962006e+00
3.852151273062813353e+00
2.401074974428428987e+00
3.861132691934570538e+00
2.426579632821810772e+00
3.831838203748405114e+00
2.420064357804993627e+00
3.843424152287925999e+00
2.413001338268391027e+00
3.851323674467991509e+00
2.399339741507106716e+00
3.862467784567054530e+00
2.430637064216961019e+00
3.831049923906495902e+00
2.422712839004307561e+00
3.843054722238389509e+00
2.417581758359910182e+00
3.851745233244297850e+00
2.402708161923882813e+00
3.861788579369244800e+00
2.391621389044675361e+00
3.829248631106820788e+00
2.424783750168442165e+00
3.840606353468764667e+00
2.413998781760786194e+00
3.852154486074502948e+00
2.406393133366315773e+00
3.861406781083662754e+00
2.393382215027480608e+00
3.828936716043973121e+00
2.427930125874025791e+00
3.838941687045836382e+00
2.415772902376674303e+00
3.848100956389374439e+00
2.401702610909258517e+00
3.862133228782301586e+00
2.397096993259324904e+00
3.827093299427517081e+00
2.429554544938151928e+00
3.837227286575964236e+00
2.415673026360609210e+00
3.848358971615208013e+00
2.405644382619295918e+00
3.858525588465393508e+00
2.394053665914511519e+00
3.825822280134783426e+00
2.428846770441722924e+00
3.835417882122373001e+00
2.417541784957532691e+00
3.846118065250876406e+00
2.406059394085033443e+00
3.859745562103134020e+00
2.397408259073107839e+00
3.826282732329422398e+00
2.433943660847891710e+00
3.838033760672896477e+00
2.423168418774401367e+00
3.845857280606070461e+00
2.411162077745462984e+00
3.854687220517413415e+00
2.396468765977302073e+00
3.867112823233444630e+00
2.428058318483662603e+00
3.835437959760094717e+00
2.422626843315875078e+00
3.843975089106778320e+00
2.410359985171834474e+00
3.852977086488082570e+00
2.396937077463438648e+00
3.866351391093070688e+00
2.431415371465830422e+00
3.830338734858321104e+00
2.422465804172818427e+00
3.838997316103044621e+00
2.404238309594502354e+00
3.854729867246287967e+00
2.397474784654929358e+00
3.867961714575816057e+00
2.435173074639553459e+00
3.831436852909316571e+00
2.423727910165473620e+00
3.840918749158028334e+00
2.410171676217630399e+00
3.851807790870647619e+00
2.397851375567737531e+00
3.865502405507672989e+00
2.436507815455761339e+00
3.831341643725369117e+00
2.426547638790753414e+00
3.840988265002676094e+00
2.414011864859061163e+00
3.850894483769188525e+00
2.402607628222217517e+00
3.861471783191993801e+00
2.389418173423402791e+00
3.829401091685623371e+00
2.423719465256093386e+00
3.838850256223054203e+00
2.414318279278217627e+00
3.849370542434346731e+00
2.402907401593981529e+00
3.862727326635107872e+00
2.392433910963817301e+00
3.827952662354913826e+00
2.428457879599651648e+00
3.834043868707229130e+00
2.410542267349358614e+00
3.848238194607030316e+00
2.400204768120583143e+00
3.863840859268131922e+00
2.397629607698971377e+00
3.827377915365495209e+00
2.430201752130959569e+00
3.836202400087707076e+00
2.415705336589469621e+00
3.847401828956606540e+00
2.405963609323616303e+00
3.859483724309443531e+00
2.394290987533612025e+00
3.827386395548735720e+00
2.430977804791876196e+00
3.836237951204042318e+00
2.421433864438553130e+00
3.844920163337906871e+00
2.402637388755485492e+00
3.858932725596448510e+00
2.396001166647215186e+00
3.825307186392064462e+00
2.431047885408240461e+00
3.831320386634756492e+00
2.417841252180950473e+00
3.842928465973008301e+00
2.404000251199958527e+00
3.856804907188931431e+00
2.396704608228370503e+00
3.868200742346989962e+00
2.432818709291828974e+00
3.829473889181652435e+00
2.418928159184246862e+00
3.841136768192487949e+00
2.401528953336738326e+00
3.858969076067027437e+00
2.401099868416737060e+00
3.866082485793395307e+00
2.436416414123882657e+00
3.830013741724479726e+00
2.417545382733030213e+00
3.843902694702769018e+00
2.410514102313821461e+00
3.854909310000061318e+00
2.402099818012859878e+00
3.860795559700056501e+00
2.432763422549202303e+00
3.827184568047436564e+00
2.414510299384503789e+00
3.845296735828001466e+00
2.412609332509846105e+00
3.853970807460629366e+00
2.404180890053288611e+00
3.862182191970940259e+00
2.434510371891773772e+00
3.828035485301672480e+00
2.421972402716508377e+00
3.839943326002202895e+00
2.411640017469431463e+00
3.853159418321546070e+00
2.403923165531722361e+00
3.861159615204607931e+00
2.390707509842978418e+00
3.828299841159629846e+00
2.423519158461897582e+00
3.841679371153725597e+00
2.416610250945859129e+00
3.851772347265396412e+00
2.407618550837080651e+00
3.859278310233047016e+00
2.392105658583155936e+00
