6.437696944455650438e+00
1.076133714205203695e+01
8.639373148025990545e+00
-5.446854208527588392e-01
7.772075140568585283e+00
8.858421042888330987e+00
3.226015009482591456e+00
2.603816957784259589e+00
4.925137838252107159e+00
6.329082368536028014e+00
2.373713924483401350e+00
2.503594799977305607e-01
3.934819995416710015e+00
5.339231051673013262e+00
1.545415727364905401e+00
6.405610651470620143e-01
2.118633223367569762e+00
2.907093526557822383e+00
6.829041645572886399e-01
2.709400072226251233e+00
4.610242695044968642e+00
1.533822558449811524e+00
-3.172958014470799726e-01
1.049911941013033534e+00
4.536814615383434557e+00
2.219820645785530289e+00
3.774147446835907083e+00
3.997713048798238411e+00
2.663934745496656209e+00
2.842350902340752938e+00
2.745381930223845579e+00
1.743959480836628329e+00
2.078406968656948628e+00
7.877177602155365221e-01
4.537232058502867815e+00
3.771139621479294046e+00
3.151385800840212248e+00
3.244472938822044128e+00
3.061254352604993123e+00
2.203893533908384050e+00
2.409660470167079627e+00
1.036216343345489621e+00
4.448239871922705646e+00
3.010352910150456029e+00
3.784499314927762370e+00
3.195587787824442305e+00
3.452759348968673425e+00
2.414417819276162280e+00
3.230251485358652808e+00
1.673985362390253417e+00
4.055894388314937871e+00
2.425309929927335517e+00
4.030086826581758430e+00
2.918765425708159889e+00
3.723123146607728362e+00
2.583216779433291865e+00
3.581646628266946575e+00
2.122845676866829123e+00
3.816442019592062529e+00
2.240760074346510144e+00
4.012089281644582783e+00
2.654474932787393104e+00
3.854579646003206683e+00
2.611652299700731206e+00
3.730625128852205652e+00
2.353366766911265895e+00
3.758380112753635593e+00
2.267231578543709158e+00
3.930160717687085636e+00
2.491377770826359583e+00
3.899421396275079665e+00
2.567058968781220862e+00
3.809813159823855155e+00
2.416986620421763821e+00
3.767924007768040262e+00
2.344966108399309856e+00
3.864375315886841022e+00
2.420403331539851877e+00
3.893750868671410181e+00
2.501205864911359988e+00
3.850416327760188384e+00
2.450522391107949893e+00
3.785588085819272752e+00
2.402709948458374711e+00
3.833086949786471465e+00
2.401031730902682071e+00
3.875602796288697860e+00
2.457337938253693288e+00
3.867535093647161304e+00
2.454575456832814417e+00
3.802787034583849479e+00
2.440581423042435194e+00
3.822708460515786832e+00
2.410194717231582295e+00
3.859155025991228172e+00
2.432129690747577566e+00
3.872306863741093785e+00
2.448230988650192508e+00
3.817119686552753244e+00
2.459359827541142351e+00
3.824190269224161831e+00
2.426392082126667571e+00
3.848294623811552739e+00
2.425004918325161629e+00
3.868140064862684468e+00
2.439748462533309681e+00
3.868869407670476601e+00
2.467102549919219179e+00
3.824367031943720185e+00
2.436888784810259612e+00
3.841876795286258695e+00
2.424762787598897518e+00
3.858937214332558874e+00
2.424027932151656017e+00
3.870970795250221030e+00
2.467219323156662369e+00
3.829901078494141853e+00
2.449438461014950885e+00
3.838619912948066037e+00
2.428694182158392501e+00
3.855633826351038795e+00
2.423279338003027306e+00
3.868359708278260811e+00
2.463658216465540285e+00
3.830943912205898805e+00
2.452247657563791705e+00
3.837061727637916864e+00
2.433348446782739760e+00
3.852821087348091922e+00
2.423528370021937217e+00
3.863889288205100137e+00
2.463633477894676460e+00
3.828008977982640726e+00
2.449769328339137964e+00
3.838242273563482243e+00
2.436420458545180967e+00
3.851565306317047188e+00
2.427825815068469950e+00
3.862738236166267658e+00
2.419207687437193943e+00
3.826566672253349566e+00
2.450294007079667935e+00
3.837432564677878410e+00
2.437757671352852373e+00
3.846037320176289853e+00
2.425166669256350716e+00
3.861265355006258559e+00
2.416846565351650433e+00
3.829016663042951407e+00
2.455832605128539292e+00
3.836410122389446009e+00
2.441368642663069188e+00
3.846435775063884677e+00
2.426746774882770907e+00
3.855928229969141974e+00
2.416861101054311955e+00
3.825179534054952590e+00
2.451190686354506099e+00
3.837412298986739412e+00
2.442056377590957617e+00
3.849805104964849178e+00
2.435336273304618437e+00
3.858065392600888543e+00
2.425538480907780237e+00
3.820154149904904539e+00
2.450391470562464313e+00
3.835197910600570914e+00
2.440278189018530330e+00
3.848273430337246559e+00
2.435105803642932276e+00
3.857058952340530755e+00
2.425776675120120629e+00
3.862902238087588813e+00
2.451610053818988444e+00
3.832866255319944848e+00
2.439676487979386188e+00
3.849716935001227469e+00
2.438101385761317186e+00
3.857767386851818969e+00
2.430554556965125457e+00
3.864829964913685689e+00
2.458581939633087909e+00
3.829811424523943408e+00
2.440153667994416686e+00
3.847098331769855051e+00
2.436726099212848773e+00
3.856743340841664924e+00
2.432451842739973280e+00
3.862033635574073642e+00
2.458548893327770823e+00
3.828458186177157607e+00
2.443143129111750245e+00
3.842617796463463797e+00
2.434463740759500450e+00
3.854249298933660306e+00
2.427965641057368895e+00
3.863581588017448443e+00
2.461552909707071191e+00
3.827674085840811813e+00
2.446093898983912052e+00
3.840624218918113897e+00
2.436760691113593058e+00
3.852814929870095106e+00
2.429634028971277893e+00
3.857066644082564721e+00
2.414176648400490510e+00
3.824468089872547161e+00
2.439648051402178108e+00
3.844054646283630028e+00
2.441748597362974671e+00
3.853984011037296042e+00
2.437576123119288063e+00
3.859053345377437161e+00
2.422116102306850927e+00
3.822399138789447370e+00
2.445366367165752841e+00
3.838071861034558552e+00
2.438146104110775703e+00
3.853462959204768001e+00
2.435957977125982055e+00
3.859508963477613186e+00
2.424064027082970973e+00
3.823979471848514500e+00
2.451302735843360114e+00
3.835500806077408509e+00
2.439741290313443223e+00
3.847661366812382244e+00
2.431345431834013304e+00
3.859076636851630493e+00
2.422806473606030409e+00
3.821770950384014487e+00
2.449666131485189080e+00
3.831672186675540104e+00
2.439227726457781298e+00
3.846898301495007111e+00
2.432446084730839342e+00
3.856787950704903878e+00
2.422424261636185960e+00
3.865180493207899026e+00
2.450585430629015793e+00
3.831875451649580100e+00
2.442061981734419795e+00
3.845466588319903956e+00
2.434029063182931552e+00
3.856586841821285638e+00
2.426671585330686387e+00
3.866526060703852519e+00
2.457580675636195977e+00
3.833182911147218430e+00
2.446581943388419056e+00
3.839909888943840777e+00
2.434797508963122414e+00
3.851313429421032275e+00
2.419479342863083637e+00
3.864848375958348292e+00
2.454666842579308117e+00
3.835535407288474641e+00
2.452825765684634618e+00
3.842724542025337975e+00
2.441097202176585768e+00
3.848476888339424917e+00
2.421162574191125572e+00
3.863223440770569006e+00
2.454600783687516330e+00
3.833937746631421728e+00
2.452036091453980049e+00
3.842609512329929977e+00
2.443326117225974592e+00
3.849733830725899253e+00
2.426726424591767906e+00
3.859931208948009562e+00
2.411079523092729548e+00
3.833235235979245203e+00
2.451741561936247926e+00
3.844232465973231427e+00
2.449231727851382878e+00
3.843926355487957913e+00
2.427842599118722688e+00
3.855082739087025256e+00
2.404526445020380709e+00
3.833740551116510797e+00
2.452925542867328446e+00
3.844153769346280392e+00
2.453154818869609954e+00
3.841873068092187538e+00
2.429503231586442435e+00
3.852846009282126616e+00
2.406167714701281213e+00
3.827509163561422234e+00
2.448400257604255614e+00
3.841856927841813096e+00
2.447811071866130117e+00
3.847887985136324573e+00
2.436199052375836338e+00
3.856428585062002590e+00
2.416660023193200502e+00
3.821845627286669878e+00
2.451228494168767646e+00
3.835722367391186882e+00
2.442030745720152662e+00
3.847630091288928522e+00
2.434228878690956499e+00
3.857152571113509065e+00
2.423357032752946338e+00
3.823487034095596648e+00
2.455811560623511802e+00
3.835585260730241419e+00
2.445653746110123539e+00
3.846946374085872478e+00
2.437052723573680968e+00
3.856546684674062142e+00
2.425783906598439899e+00
3.866659736216624399e+00
2.457606814714165200e+00
3.832723052469738878e+00
2.446348317661565908e+00
3.843147758820323556e+00
2.434566343012420031e+00
3.853383955708920450e+00
2.423025704314520912e+00
3.863803300694388376e+00
2.455398861132907395e+00
3.832311588379194056e+00
2.445723204295988218e+00
3.844578097208768419e+00
2.440136446118427838e+00
3.848601800549567464e+00
2.425094586281629550e+00
3.859431874052408951e+00
2.449461652744581386e+00
3.833520795750262167e+00
2.447227959546032228e+00
3.842034422428916240e+00
2.444376956044596483e+00
3.847705704008398619e+00
2.421855631095588102e+00
3.862556562975579588e+00
2.456661427977492984e+00
3.830016765344336882e+00
2.448194542714345001e+00
3.845023603003423052e+00
2.443846542097791286e+00
3.852644390402093499e+00
2.434021225119707754e+00
3.858872015841367187e+00
2.414392932870232489e+00
3.829843901766956549e+00
2.451586601838773305e+00
3.841309304711474581e+00
2.447096369167955920e+00
3.847280536831637399e+00
2.429595862205003787e+00
3.858945194110402710e+00
2.416793864606987974e+00
3.826281918384122349e+00
2.451626429266219986e+00
3.840466785355230783e+00
2.444764024411168357e+00
3.849345126352883728e+00
2.436462774468464598e+00
3.854193558399562125e+00
2.414646585025991499e+00
3.824987278770613397e+00
2.449433782073015209e+00
3.840318687782450890e+00
2.446632749206980595e+00
3.849770342181111360e+00
2.440429942363612437e+00
3.855136729482543601e+00
2.421796600317892345e+00
3.822886357309322136e+00
2.450320845214103649e+00
3.841255400966904876e+00
2.449872296526319548e+00
3.849539623634387731e+00
2.443326254672453679e+00
3.852104953357449624e+00
2.422088870676292860e+00
3.864100590093029197e+00
2.450408110967662090e+00
3.835166612415597420e+00
2.445404199951301649e+00
3.846540389534187199e+00
2.439806191735710783e+00
3.851036558103553276e+00
2.422106380037254425e+00
3.863761390207983037e+00
2.453573772434108236e+00
3.832050987762844585e+00
2.444764389133371019e+00
3.845273459931523696e+00
2.439525601324449067e+00
3.853230347510633536e+00
2.426332590989145555e+00
3.863068769211221998e+00
2.456989897589874516e+00
3.829918739622324431e+00
2.446175666757866907e+00
3.841989322024816467e+00
2.436177893131734162e+00
3.855006750216791289e+00
2.431467916991755018e+00
3.862599409185438759e+00
2.463820442081429807e+00
3.827041504628566848e+00
2.446485113622484331e+00
3.841224815872230636e+00
2.436849978470732481e+00
3.851823305970136779e+00
2.430708304019620680e+00
3.861033835314852780e+00
2.416669657893928402e+00
3.828602604175443069e+00
2.451319663022024642e+00
3.836756451260536327e+00
2.438098328889451327e+00
3.849826234729626151e+00
2.427547994621742866e+00
3.861650237369208760e+00
2.419254310546279374e+00
3.827981456593516185e+00
2.454068709272771098e+00
3.837093865490526667e+00
2.441736989922128842e+00
3.848410354304275582e+00
2.430179478358549972e+00
3.859121106963726344e+00
2.420202930642728845e+00
3.825954780827991009e+00
2.453599302708979746e+00
3.836415277898342246e+00
2.442524593174159264e+00
3.848474376127569041e+00
2.432214825132955394e+00
3.858633112552087407e+00
2.424794515094109926e+00
3.824808973965617476e+00
2.455351231535474632e+00
3.835413879626669242e+00
2.446376569887346086e+00
3.845338070137803932e+00
2.434575388590676681e+00
3.854702270417655008e+00
2.420400661148256027e+00
3.868705940489696182e+00
2.456927213129116438e+00
3.834373371472208802e+00
2.447388177325890979e+00
3.845262320874518025e+00
2.435900438033449689e+00
3.854739791979835406e+00
2.423632951647736178e+00
3.865134115629572875e+00
2.455296048492784156e+00
3.831036458131726441e+00
2.445576274081738166e+00
3.843208865921784678e+00
2.435431079883535688e+00
3.854726636900883463e+00
2.426303334056258532e+00
3.866026572937069083e+00
2.461480712342512422e+00
3.831188421456980464e+00
2.449489379333843697e+00
3.839178499471415318e+00
2.435419839798353525e+00
3.851427586823003235e+00
2.422400917154782007e+00
3.865074703140697565e+00
2.460065949668374774e+00
3.832340268473753309e+00
2.453023609932511118e+00
3.839795072104338125e+00
2.440393308586290999e+00
3.849384127056975302e+00
2.425120569367180678e+00
3.863559475321028724e+00
2.418806497467088867e+00
3.829814147827694804e+00
2.453303721500119661e+00
3.839074218817065898e+00
2.441086644570848119e+00
3.846117602822960890e+00
2.424701965538035076e+00
3.860398471926964614e+00
2.414473016508278391e+00
3.830389151970306827e+00
2.456841632828648869e+00
3.833215217427271782e+00
2.441044487259389051e+00
3.843117516876431328e+00
2.419810920681838784e+00
3.863507195779393832e+00
2.419024482330593528e+00
3.832352885403957909e+00
2.464137662584221289e+00
3.835481097453985022e+00
2.445840893007925398e+00
3.839759211178755294e+00
2.425498190441530255e+00
3.856013668393017291e+00
2.412195461688776632e+00
3.829966109795496898e+00
2.459700341332016205e+00
3.837829276404146839e+00
2.451970284053790472e+00
3.840423494394608284e+00
2.428323336961712098e+00
3.855102752528974719e+00
2.415789895396894593e+00
3.870488541254968773e+00
2.455592858464609840e+00
3.839138749625657709e+00
2.452442004401331310e+00
3.844668665134697516e+00
2.438815782991388126e+00
3.851883818096541567e+00
2.419021255562700645e+00
3.866608923777486329e+00
2.454386102630054634e+00
3.834177302359782047e+00
2.448916735870043215e+00
3.842800638053984308e+00
2.435284267240084510e+00
3.854186112657308705e+00
2.425496520273131562e+00
3.864838399817079662e+00
2.459011476627705139e+00
3.830119172573962061e+00
2.446742453097594527e+00
3.842555771730093994e+00
2.437326229777699194e+00
3.852705786110290465e+00
2.426415894016571873e+00
3.863695070988610869e+00
2.460192128980528636e+00
3.829984899200285398e+00
2.448743244218224646e+00
3.841537045826557417e+00
2.439596577959680879e+00
3.849385978149973297e+00
2.424922750364145951e+00
3.861081723146895683e+00
2.413668567084729766e+00
3.830469636600946970e+00
2.451794487939768175e+00
3.840085499861842777e+00
2.440932737651290818e+00
3.851214091066798240e+00
2.430166183670221081e+00
3.859483613359327769e+00
2.415693289622650841e+00
3.827674757477818268e+00
2.450454301561369785e+00
3.840730308889337419e+00
2.443517348066778894e+00
3.849465684926437703e+00
2.435176860748264893e+00
3.856948687042363488e+00
2.417516394986205519e+00
3.824924177352418742e+00
2.448906589081502272e+00
3.838648222526056308e+00
2.442648741424340741e+00
3.850595135434637051e+00
2.437321342266295154e+00
3.856467628009031756e+00
2.419691004557760650e+00
3.823608100422107192e+00
2.451068562217463054e+00
3.836400003479607967e+00
2.443472914245415240e+00
3.847066196458627463e+00
2.435765516902663741e+00
3.855327767091210944e+00
2.421869204362069095e+00
3.822376912729710252e+00
2.452667416574961123e+00
3.832985164858697225e+00
2.439970129423069789e+00
3.848389453253872716e+00
2.435879269149816118e+00
3.857210572437956841e+00
2.427631100590327939e+00
3.861434923510923767e+00
2.452552093813852530e+00
3.826876503671047480e+00
2.437373869977722318e+00
3.844586753210341712e+00
2.430658697998667961e+00
3.859476039419664772e+00
2.431211928887642593e+00
3.864626275245261589e+00
2.459842465852812854e+00
3.829683901981369765e+00
2.444909225301909128e+00
3.843632016372532156e+00
2.436042287764642822e+00
3.855631383171320259e+00
2.430554320957536873e+00
3.864220418815923708e+00
2.461734411038967174e+00
3.828532077262052802e+00
2.445834361035903015e+00
3.842248416316072834e+00
2.437873331939983679e+00
3.849196725618780235e+00
2.428039142616481794e+00
3.858910489371773167e+00
2.453176297249534343e+00
3.831731876077315135e+00
2.449509295127049402e+00
3.842502784739244337e+00
2.443316263805057620e+00
3.848142098515991094e+00
2.425999957203686996e+00
3.862171858754739340e+00
2.417543503433655872e+00
3.829597042075465474e+00
2.454643515092823414e+00
3.838062084675197383e+00
2.441508519703964097e+00
3.847612876811039584e+00
2.428088395367512309e+00
3.859820068338219112e+00
2.417437601153078042e+00
3.827808796958502846e+00
2.453215777200044911e+00
3.839185080356664059e+00
2.444839356278277087e+00
3.846606645069981845e+00
2.432182223269003796e+00
3.856477281356901710e+00
2.416767359229308187e+00
3.825978985140750410e+00
2.452517941136857171e+00
3.837917705676011870e+00
2.448043581448353212e+00
3.842575140934910927e+00
2.429239704041483705e+00
3.852207371166258554e+00
2.415107159460497144e+00
3.822765739523451778e+00
2.449224100433976758e+00
3.833815069505840611e+00
2.444422882378223250e+00
3.843192037346991441e+00
2.428908003215604960e+00
3.857811140057218147e+00
2.421964441884032038e+00
3.869879767148362681e+00
2.460473568485711748e+00
3.833772876421845943e+00
2.448377517000551062e+00
3.842944679906271421e+00
2.435093401260830070e+00
3.854843491085754525e+00
2.424213327438100585e+00
3.866617590035688057e+00
2.459087239280516535e+00
3.832072048017860944e+00
2.448722922274328972e+00
3.838573119573355896e+00
2.431977152818348475e+00
3.853053065610516192e+00
2.420753283261991129e+00
3.870132526517204852e+00
2.463244045493617307e+00
3.832105629125936552e+00
2.455253744082657619e+00
3.837136457567085657e+00
2.433821117065076756e+00
3.847814264149270969e+00
2.416175101291476945e+00
3.867015327560801907e+00
2.462087418319782728e+00
3.832326541272058407e+00
2.455594262073191647e+00
3.839546985317956462e+00
2.441009519574844244e+00
3.847089839839241243e+00
2.423224526331972051e+00
3.858209383491145950e+00
2.413198363573850536e+00
3.827935466001537890e+00
2.447759256948706330e+00
3.842072789638012242e+00
2.443916893638035326e+00
3.848711573480886550e+00
2.429837129315084443e+00
3.859681207058008656e+00
2.417987959562134304e+00
3.827816287543996943e+00
2.451839399238625816e+00
3.838509149257076203e+00
2.444022441507742727e+00
3.846790325870508731e+00
2.431056830300642346e+00
3.859466833347170667e+00
2.417401487730248100e+00
3.828956321097412463e+00
2.458494123461529401e+00
3.834348154250548646e+00
2.440683069384053105e+00
3.845351444338694691e+00
2.428717319690271825e+00
3.859074819064237438e+00
2.421741177869909833e+00
3.826022056286355610e+00
2.458166014418860623e+00
3.833190008232127965e+00
2.443238246183300433e+00
3.844953360793199160e+00
2.432618959486965604e+00
3.856421316769576002e+00
2.421977801706769462e+00
3.869475138516086155e+00
2.459184372491530546e+00
3.834022929797618495e+00
2.447220413701141961e+00
3.842585021943488499e+00
2.434246940263584236e+00
3.852947092811125351e+00
2.420117700503487068e+00
3.867799515833623580e+00
2.457300100660596343e+00
3.834482230862461982e+00
2.451694659184960656e+00
3.841694370955782478e+00
2.435315635042022642e+00
3.852135093039676494e+00
2.422643429562536976e+00
3.866499119424854136e+00
2.459861522280629487e+00
3.830384707135904065e+00
2.448331689657682553e+00
3.841130826497160200e+00
2.435830286632282071e+00
3.853786464001241807e+00
2.427154339636544034e+00
3.865256395323541483e+00
2.463516140943321275e+00
3.830630789992165219e+00
2.452517469186886956e+00
3.839494346277476655e+00
2.438561536646241201e+00
3.850626502552411345e+00
2.426517975138223093e+00
3.862936709619441800e+00
2.419597180835052264e+00
3.825599057240325784e+00
2.447335536831389824e+00
3.837894145078473152e+00
2.435607615514901791e+00
3.852765361126345933e+00
2.431669216598100647e+00
3.863067578754689535e+00
2.423665902561142005e+00
3.823692997562110563e+00
2.449069859342852151e+00
3.836586244862996153e+00
2.437810722825849652e+00
3.849803354831815572e+00
2.430108839299446544e+00
3.859032239450144175e+00
2.418138517531773779e+00
3.826715953732145792e+00
2.455325695558343568e+00
3.836625931390926780e+00
2.442893420076095445e+00
3.847908866737642875e+00
2.432312059969174989e+00
3.854498454648591643e+00
2.420766639986783098e+00
3.820533990610810005e+00
2.446657419198784655e+00
3.836194898649094576e+00
2.441781255626642277e+00
3.849790291713973467e+00
2.437693235730098440e+00
3.858406759046912882e+00
2.426986711896642390e+00
3.866283007433466423e+00
2.455017447606431702e+00
3.834544198176721430e+00
2.444067588462851326e+00
3.847486393427613116e+00
2.438636630880787859e+00
3.856542028302305525e+00
2.427333506242175698e+00
3.865337862990896767e+00
2.456661820046455169e+00
3.833271990186188916e+00
2.446311121001174538e+00
3.843951761659593735e+00
2.436343437173098536e+00
3.854150564752878871e+00
2.424406407899553084e+00
3.865026545149133241e+00
2.458056851576178925e+00
3.829556942086057347e+00
2.447163075500301765e+00
3.840434936329367943e+00
2.432766231183753014e+00
3.855934253490616470e+00
2.428962510137512965e+00
3.866726499231876168e+00
2.465204978111905643e+00
3.827530481308523136e+00
2.449910272265384936e+00
3.836923315484935593e+00
2.430679772037590780e+00
3.852089589484130272e+00
2.424589648071177717e+00
3.866168869125058194e+00
2.421034792003801339e+00
3.827372677633809062e+00
2.452452141121879592e+00
3.837589149034787095e+00
2.436877861063750927e+00
3.851036417236470832e+00
2.428122951861178436e+00
3.862627144675372381e+00
2.419387479030940646e+00
3.828208985002775844e+00
2.454990363849529178e+00
3.837013262202055852e+00
2.441133821442083462e+00
3.848061832751713318e+00
2.427116113092474325e+00
3.860985861629853133e+00
2.419533080808900394e+00
3.827777381499085863e+00
2.455740256232782581e+00
3.836481376042500280e+00
2.443674129371104176e+00
3.845974525626765228e+00
2.429109142483570238e+00
3.858421406017982669e+00
2.416794550109940598e+00
3.829664867720415256e+00
2.459684354629523284e+00
3.838931195309626787e+00
2.449809185630594577e+00
3.842288438129290551e+00
2.431876862396810779e+00
3.853045022979816991e+00
2.414046397922648524e+00
3.869928088973765057e+00
2.451463508624759591e+00
3.842146102039030175e+00
2.454930212419836888e+00
3.844708283113555503e+00
2.441082735562263739e+00
3.848090697690274453e+00
2.413576632171297032e+00
3.866051000260562809e+00
2.448848558955891708e+00
3.840031489195685932e+00
2.453066998155145395e+00
3.846667807646494630e+00
2.445161622002190338e+00
3.849190756028845861e+00
2.421022884304535161e+00
3.863740041879583753e+00
2.453053187771696564e+00
3.831852892823814472e+00
2.446141617818700542e+00
3.843018967037231448e+00
2.438110218643493976e+00
3.853687387362168426e+00
2.427529307169162820e+00
3.865297281442633626e+00
2.461864532453387433e+00
3.827395625971640403e+00
2.448008221585557642e+00
3.839579934827558549e+00
2.435244309832865550e+00
3.853899982163859761e+00
2.428318056940462100e+00
3.864190732277110740e+00
2.464791833174369895e+00
3.828674546283855840e+00
2.451271981954302515e+00
3.835570228959811256e+00
2.437191871515856256e+00
3.847623138096588402e+00
2.421519624422947548e+00
3.864784634192390378e+00
2.418719562903276277e+00
3.831533505816513863e+00
2.458800991228516253e+00
3.836900950626405571e+00
2.442705541226077859e+00
3.845052775909936216e+00
2.423167657513129569e+00
3.860647060104650308e+00
2.415804967231157896e+00
3.830690447591748704e+00
2.458515593390167009e+00
3.836775767554605032e+00
2.445579172315816230e+00
3.845640535651891234e+00
2.428799559537854424e+00
3.858177392368104641e+00
2.417349843663073372e+00
3.823422257130266289e+00
2.453730352228803202e+00
3.835065461017293842e+00
2.441528670135088674e+00
3.847313849294639265e+00
2.433111174526716880e+00
3.858241819904792536e+00
2.423109938431571742e+00
3.824875737263897069e+00
2.457954174006793391e+00
3.833001746142206123e+00
2.443989443383480342e+00
3.844903865087945682e+00
2.431981773536540103e+00
3.858486500157096710e+00
2.422937063549695402e+00
3.870891038278019280e+00
2.463624187616503924e+00
3.831615471554954855e+00
2.446161093724508628e+00
3.842707099899721257e+00
2.433493699661331000e+00
3.855141963095547020e+00
2.422361445863486118e+00
3.867669012253322602e+00
2.460523750121257791e+00
3.833282392078102951e+00
2.449335638943963556e+00
3.840841742072442777e+00
2.435032339621396869e+00
3.853383191850553224e+00
2.425770717606714921e+00
3.865514373774056267e+00
2.460321757761640526e+00
3.832287898238639023e+00
2.451018605347387247e+00
3.840419230424324759e+00
2.436517445907788293e+00
3.852769446949828591e+00
2.427635904698620894e+00
3.859233935233913115e+00
2.459688504861538672e+00
3.826850921684420648e+00
2.444191691850997827e+00
3.843225843535668762e+00
2.440736755389942392e+00
3.851495838131048899e+00
2.432937506735830091e+00
3.858505464548252384e+00
2.414605634723253846e+00
3.828395072872229576e+00
2.448853581742400642e+00
3.842306294141059730e+00
2.445451648880760942e+00
3.848397489504514546e+00
2.430892277976534732e+00
3.856508707626966626e+00
2.412713894353788469e+00
3.827355749634034687e+00
2.448712193357374112e+00
3.837532545932472505e+00
2.444007222495582443e+00
3.845507724292560603e+00
2.425944758739093654e+00
3.860651806456696811e+00
2.419096520183882770e+00
3.825747622998633801e+00
2.457074845525896389e+00
3.832443713841011235e+00
2.439733795801523719e+00
3.847631312801227388e+00
2.429903877220033870e+00
3.860556626454171081e+00
2.425961862913569522e+00
3.824975999457593367e+00
2.458374554041363513e+00
3.834359368803524681e+00
2.444908799463018312e+00
3.845749291917348600e+00
2.433677506753084696e+00
3.856656267343754330e+00
2.424480172224613650e+00
3.866211556349715472e+00
2.454786048956940192e+00
3.832926359022533536e+00
2.443308418128296466e+00
3.845650829696740658e+00
2.436417472322528255e+00
3.854483576716857485e+00
2.424700002695465706e+00
3.860801562102557760e+00
2.454447037361677797e+00
3.830022108008265036e+00
2.439029092111846708e+00
3.846474946182810051e+00
2.438520566712615967e+00
3.856902655556643911e+00
2.432982384601246384e+00
3.861119695397370766e+00
2.456100360924752035e+00
3.827856393256010570e+00
2.438166088272986087e+00
3.845876108075975353e+00
2.439082856654922082e+00
3.853118980907394242e+00
2.433858745499383414e+00
3.858674657850382772e+00
2.455291471982078200e+00
3.829079089459684226e+00
2.444970952408689335e+00
3.840979603275325172e+00
2.438963880131796991e+00
3.851276890381724272e+00
2.428816461848505082e+00
3.859581789368504268e+00
2.413525994543681996e+00
3.829474432686966079e+00
2.449622411810522316e+00
3.841146021201748084e+00
2.443424033026315279e+00
3.848640963643624069e+00
2.428903092561021104e+00
3.859021224511342218e+00
2.416845136332220090e+00
3.828101140543931358e+00
2.451229695966833155e+00
3.839960681061313164e+00
2.445842320024941507e+00
3.847750596698880976e+00
2.433073479934928951e+00
3.856997924301888148e+00
2.416759453643357425e+00
3.826496801020653926e+00
2.450312054780643845e+00
3.840058455944773019e+00
2.447197830314538969e+00
3.846238888272603962e+00
2.433412464839673106e+00
3.855914918419993676e+00
2.418108636571628889e+00
3.825669858941998847e+00
2.453969249348381343e+00
3.836567913837171773e+00
2.447092960450096832e+00
3.845247002665873826e+00
2.433211772058646361e+00
3.853979677113867020e+00
2.418898529214986048e+00
3.866964179374284605e+00
2.452715541286884626e+00
3.836308203077175349e+00
2.448091364353595978e+00
3.845049752882049532e+00
2.439165443337013350e+00
3.850421101361261478e+00
2.418658814488417796e+00
3.865970043380526633e+00
2.451784260112859215e+00
3.836198278712601439e+00
2.450286014464315265e+00
3.845691780278965410e+00
2.440880500047450496e+00
3.847839320167424582e+00
2.417735128246108367e+00
3.866884960162930263e+00
2.455166278573313932e+00
3.835765771432705584e+00
2.453982324394240688e+00
3.841600598168978919e+00
2.440716860227704288e+00
3.848476944827804669e+00
2.420913924392988026e+00
3.864428639567175416e+00
2.456015040392928839e+00
3.834253869494276046e+00
2.455103075895702869e+00
3.840530953534287306e+00
2.442850425856142760e+00
3.848355200190457737e+00
2.424367447377039131e+00
3.862122778958155589e+00
2.414479737125845737e+00
3.829225135522012380e+00
2.450980327903472755e+00
3.838285304868916725e+00
2.440306478730681405e+00
3.847625416831221390e+00
2.424947730372788435e+00
3.861658577810461956e+00
2.418762160551703566e+00
3.829269345787384538e+00
2.454887320594335787e+00
3.838255379924879307e+00
2.443317521278321358e+00
3.842586108395607436e+00
2.425244447330847208e+00
3.858067190524904433e+00
2.414187273095746100e+00
3.829615863374142837e+00
2.453512719228409189e+00
3.840233388010462434e+00
2.449814383056876377e+00
3.845181047903206029e+00
2.432560701009435888e+00
3.855022895258541915e+00
2.416042050172999112e+00
3.824120868479066182e+00
2.450604872110796695e+00
3.838856173737104083e+00
2.446608920630441553e+00
3.846540166733322330e+00
2.436740298709062280e+00
3.854072069378521093e+00
2.420520121799491164e+00
3.866820078025010599e+00
2.451727087574164798e+00
3.838476338704125190e+00
2.450103187054781806e+00
3.844950146025230886e+00
2.437263365514470870e+00
3.853856062860132603e+00
2.421375683619704677e+00
3.866454543485790207e+00
2.455822101314919959e+00
3.834490323650463051e+00
2.448555864357406797e+00
3.844777472759276726e+00
2.438923782373407789e+00
3.853703132131056197e+00
2.424833197366467186e+00
3.865508997569079952e+00
2.457661634239916015e+00
3.832076228500657766e+00
2.447928879440304240e+00
3.844305652239994764e+00
2.440176909329454524e+00
3.853261645059793850e+00
2.427132849982596596e+00
3.863025948026060696e+00
2.459760947912632556e+00
3.830133249374845228e+00
2.448829499215923189e+00
3.840985619253597605e+00
2.437881568258451814e+00
3.851684347449963575e+00
2.427771752077223955e+00
3.864717567337081938e+00
2.460855907879127003e+00
3.831912258650394865e+00
2.455926593732796537e+00
3.837682555580948840e+00
2.439497331813991199e+00
3.845585703685132195e+00
2.423536220630911675e+00
3.860394811764449763e+00
2.413225190663531361e+00
3.831064543563317493e+00
2.453923135391782751e+00
3.836987018345950684e+00
2.442070152024388818e+00
3.846362992406122672e+00
2.425534009323185636e+00
3.860377653051538793e+00
2.417046527549160828e+00
3.827446859189452155e+00
2.454420680447764180e+00
3.837959906939855337e+00
2.444168782718104893e+00
3.847643754155481322e+00
2.432391529838973110e+00
3.859255673069490911e+00
2.421345347683579341e+00
3.826319910531616131e+00
2.456847505583175106e+00
3.832839324880736420e+00
2.440284178736876530e+00
3.846433104626791888e+00
2.430155546253950583e+00
3.860644482693085688e+00
2.426418288894901742e+00
3.827138427231346451e+00
2.458738610521260082e+00
3.836052282827250970e+00
2.450289329145443507e+00
3.843051834783577370e+00
2.433625265791697245e+00
3.852860128624843394e+00
2.417166277709948297e+00
3.869729622849805040e+00
2.457125686809611409e+00
3.835193358059682645e+00
2.451010317463302890e+00
3.841964303918929069e+00
2.433917436640294252e+00
3.854056164440118337e+00
2.422109330055174148e+00
3.868712575253296926e+00
2.458533490659666754e+00
3.835896061783695465e+00
2.455063869033872859e+00
3.841021253546593073e+00
2.438605687061224270e+00
3.849931803531003727e+00
2.420416144476820186e+00
3.865294162493097208e+00
2.457314919211456061e+00
3.832645486702896065e+00
2.451972883541666093e+00
3.840681212441792614e+00
2.438048905086900309e+00
3.847789135364754642e+00
2.420281607396807200e+00
3.865323040301419155e+00
2.459416307744149321e+00
3.832958360463444070e+00
2.453814309605564237e+00
3.840972557911881857e+00
2.444085395666570903e+00
3.848267409759545288e+00
2.428750214704479049e+00
3.859720485837627280e+00
2.414033903891846577e+00
3.830461961883325550e+00
2.452273708488621029e+00
3.842410761067406533e+00
2.446665811982170702e+00
3.848833778843621101e+00
2.431679690915314662e+00
3.857591203954726211e+00
2.415232836310556852e+00
3.825141190526622381e+00
2.447533336950316940e+00
3.834276143507052925e+00
2.437351849352141109e+00
3.848013411945299111e+00
2.425393955990639672e+00
3.866078972081160359e+00
2.426305193436000707e+00
3.827978206517590465e+00
2.460904798952179728e+00
3.833551560757950227e+00
2.443613476162394882e+00
3.842742880145449735e+00
2.426524502580426290e+00
3.856115448201270723e+00
2.416360487687446046e+00
3.828028231275817816e+00
2.458426763955978700e+00
3.837999421776612685e+00
2.450362127271262569e+00
3.844997187025742669e+00
2.436642970145787235e+00
3.855028744209502367e+00
2.420852845797923258e+00
