6.006499897079571326e+00
7.054280354026421840e+00
2.883817276874534485e+00
1.771648743878737053e-01
2.234878960859936647e+00
4.566658514328466367e+00
1.115804726852751561e+00
4.087538738682621187e+00
2.457706875732466489e+00
1.584929578836798081e+00
8.647172999443802910e-02
2.923783397275306672e+00
3.191287256064774702e+00
6.566668924879296432e-01
-5.639142816617714882e-02
4.202009084377993364e-01
4.071545487170335598e+00
1.317895801687146706e+00
3.670256005483966355e+00
1.124573969890826364e+00
3.687851331191178250e+00
1.090290272831194063e+00
3.824918955450993696e+00
1.220602187502030977e+00
3.404153253465061812e+00
8.765051103656675835e-01
4.177362122133136069e+00
1.878783277131521157e+00
1.496664005133683029e+00
-7.231223629373625950e-02
1.783978947821992289e+00
2.762851720357545116e+00
2.565873951954256604e+00
-9.810186242383810151e-02
6.293467949120655769e-01
1.521502301908288279e+00
3.675266819830691478e+00
6.486367919816875549e-01
3.759447225713782093e+00
2.907093798037422960e+00
2.478110182039456433e+00
9.088784302587580299e-01
8.779397100971453316e-01
2.845530683929245463e-02
3.098219306821763386e+00
3.229756052282536150e+00
8.104632457105791499e-01
2.159524739124550619e-02
3.198407533171158335e+00
3.250316559016259710e+00
1.126437378555964042e+00
4.961537939611786463e-01
2.092845102971557569e+00
5.137017248027841987e-02
2.194447663249822433e+00
2.964394236889305922e+00
1.973088746249784142e+00
-2.586253381155030340e-01
-9.726784325506449003e-02
-1.429342546016537097e-01
-1.012008762121672234e-01
-1.748758829731046349e-01
9.978074303585053872e-01
2.133713899132636094e+00
3.492187330326253836e+00
4.142753834217331455e-01
2.781618797190520187e+00
3.088472893617787207e+00
7.438233212097713487e-01
-1.066100168959674688e-01
3.170879181278827286e-01
4.105460785097360343e+00
1.339323560437085003e+00
3.484494682672739430e+00
9.666558929181381377e-01
4.047734702889750125e+00
1.576170714218729341e+00
2.310823444283438555e+00
2.162038209049307325e-01
3.150615416953820969e+00
3.154476963162979430e+00
1.237678800415168423e+00
5.952154719350246648e-01
1.906963149879641772e+00
-1.912655320930139319e-02
1.789179867653090561e+00
2.768050762657428443e+00
2.543315510498826537e+00
-1.261004596981651904e-01
6.113887922169044531e-01
1.461984020101574133e+00
3.694646766474084743e+00
6.930531546065066273e-01
3.832901376439191488e+00
2.858035412368098438e+00
2.424624961589032957e+00
7.542759547160974298e-01
2.967497660254126313e+00
4.979540010086553892e-01
3.843284907829682240e+00
2.923667665065872168e+00
2.454169530569553004e+00
8.175941257629808501e-01
2.282217031490423764e+00
1.421090004644095517e-01
2.711881586538364086e+00
3.146309077382572816e+00
1.069534014123738608e+00
-1.892171423842220201e-01
1.786203704019600769e-01
4.231114590348965088e+00
1.616677734313631820e+00
2.664869590312344716e+00
3.869323968323912788e-01
3.746005249984269092e+00
3.007626775232912664e+00
2.475195715347036085e+00
9.692341065014478119e-01
1.697703293850244766e+00
4.271768033591325509e-01
4.271594066034093196e+00
1.805600024052072650e+00
1.949176518375191458e+00
9.060268097036469626e-02
2.553358674891966551e+00
3.122129298416134180e+00
1.324871637545651293e+00
-2.330889949442228604e-01
2.742251013808538057e-02
3.928431022287075969e+00
3.048885873618197628e+00
2.511983491397185020e+00
9.819371279042423684e-01
1.787047996302501218e+00
5.586910135382043840e-01
3.436491087858348337e+00
7.857126287349560645e-01
4.237586551631316922e+00
2.225593333087736880e+00
1.314500576030575463e+00
-6.652187125236380671e-02
1.869156142831822187e+00
2.852082068948671889e+00
2.442952486959191205e+00
-1.624463486286892022e-01
4.157444524758583393e-01
1.098616593836474475e+00
3.794616891956557048e+00
8.589403002191933201e-01
4.117367507261182169e+00
2.489577150546633533e+00
1.687508573639666221e+00
1.196627434285566088e-01
3.141997969651986189e+00
3.183540193418029407e+00
1.094699989249744432e+00
4.312892915231547608e-01
3.114116086513521786e+00
5.658053836379938195e-01
3.975897755631283115e+00
2.795342589170221270e+00
2.321550745515967407e+00
5.838606788893001553e-01
4.158304486043639336e+00
1.616090048344841268e+00
2.435677238948013468e+00
2.890081098127911807e-01
3.400845714170035894e+00
3.128038852114362278e+00
2.049803873022582934e+00
1.123763233373907378e+00
1.886814252312936535e+00
7.741692574936130944e-01
1.801626334525952888e+00
7.073787693315791714e-01
1.743289085850724396e+00
7.128573695677323796e-01
1.523423698929052605e+00
6.431108684052327940e-01
1.012311781144817235e+00
-2.181669164310500453e-01
4.211630438899195972e-01
1.246116274966696968e+00
3.832710245579216579e+00
8.293038840438444748e-01
4.094330450178996550e+00
2.556189959840482917e+00
1.876520959741685424e+00
2.402195882168851604e-01
3.656003464463798203e+00
3.095029404069662426e+00
2.418781365112017578e+00
1.103367760595879821e+00
9.627546318159840855e-01
-3.650135081498123019e-02
2.542383885747806271e+00
3.127759920429445284e+00
1.454590053570482100e+00
-2.549740901646351254e-01
-3.237698303792721499e-02
3.316621889850961402e+00
3.256812217794320397e+00
1.558268830903059676e+00
8.869215301608506241e-01
1.180905725152033625e+00
-2.144474851350441358e-01
4.680813258603738758e-01
1.324274844125089778e+00
3.803246289218443987e+00
7.873057585051009832e-01
4.036335771163241048e+00
2.650287525767486940e+00
2.087806701084803596e+00
3.883364263941812000e-01
4.169695960606374818e+00
2.661468825086792389e+00
2.020387361063730403e+00
3.116844925947197531e-01
3.984106997319432963e+00
2.890281958312419519e+00
2.447021838012440220e+00
7.450651854427670084e-01
3.350053956820012058e+00
7.615918075027711120e-01
4.213993283178652405e+00
2.308346034917260869e+00
1.407461292333498148e+00
-3.929676177776873086e-02
2.160929316295657987e+00
3.002455105496281362e+00
2.054452423964860497e+00
-2.495703258816623082e-01
-3.993246586703882994e-02
-1.359595557330887938e-01
1.924536310772829273e+00
2.916798464870646868e+00
2.452523032644546408e+00
-1.789422188607794617e-01
3.289112258511855402e-01
9.698137200212768594e-01
3.831137805100365945e+00
9.055400549409513555e-01
4.185944185302664877e+00
2.302448001101249808e+00
1.379443814123174405e+00
-4.976997101083960318e-02
2.089562241650296581e+00
2.984642602951093071e+00
2.109615921098806801e+00
-2.436010492104677960e-01
5.945586504859604743e-03
8.421279521926628917e-03
3.606470122458692362e+00
3.182077980367879366e+00
2.216273321746124125e+00
1.186840766821899873e+00
1.830246450153314663e+00
5.109781341892576378e-01
4.009698301250692154e+00
1.357940986023063124e+00
3.275443256535122138e+00
7.455710120003622432e-01
4.214891879819562703e+00
2.180051370667986266e+00
1.295721495676051216e+00
-9.090318537836922230e-02
1.718201390051695698e+00
2.742802698223566260e+00
2.663572490493142375e+00
-8.416801500766395161e-02
7.892617430666708511e-01
1.729995958007814805e+00
3.573426982237818628e+00
5.530085820067671687e-01
3.424139237311542239e+00
3.047266208835139434e+00
2.204390504994426347e+00
1.129650843055230114e+00
1.862974439951197603e+00
5.412072986831634180e-01
3.840551024987426842e+00
1.178954777865208081e+00
3.773564089034538771e+00
1.205987082459134996e+00
3.479505454171393453e+00
8.961463253238663995e-01
4.167047185445504454e+00
1.778599132308616770e+00
1.724231854965098787e+00
3.943537035899812200e-03
2.127958298274796434e+00
2.965048503717559569e+00
2.066243742754445556e+00
-2.529057693295642117e-01
-1.796659178127445536e-02
-1.001237101181111921e-01
2.351661614313931281e+00
3.137563193245518356e+00
1.764965855021423335e+00
-2.740355872111830959e-01
-1.580068587139276393e-01
1.339206991182512185e+00
2.491810227294319446e+00
3.149200176519895145e+00
1.838398869059290064e-01
1.811514087835330855e+00
2.734071723431332757e+00
2.433939901566888331e+00
-1.467141977782847606e-01
5.190117221726603391e-01
1.302030976035051690e+00
3.774542545970143603e+00
7.701283565735268510e-01
3.976252662049399866e+00
2.720488911711581359e+00
2.182131513703831516e+00
4.660724562289806361e-01
4.313746508391346879e+00
2.246077194644210628e+00
1.479070294057811985e+00
-2.057940558816015800e-02
2.121972551692699493e+00
2.984462080159079100e+00
2.065947711574866119e+00
-2.515112269773636111e-01
-2.804475405191875909e-02
-1.237608365302865915e-01
2.161392611899374927e+00
3.051070717382580622e+00
2.119713040571375995e+00
-2.457976379182261750e-01
-2.251414962908215162e-02
-8.719442963958307091e-02
2.596849389035481348e+00
3.187535945642910207e+00
1.411742520786772648e+00
-2.471754914353319343e-01
3.869968533347111633e-02
3.947788924357041651e+00
3.043860300873984404e+00
2.528300091500378155e+00
9.124286213355201625e-01
7.941190568159790519e-01
-2.209199894409954457e-01
2.745323251830636968e-01
9.575838564898555560e-01
3.887237034952312875e+00
9.601727765097166634e-01
4.187301192991576215e+00
2.187494130107201507e+00
1.233302533846681204e+00
-1.122347731165747597e-01
1.666740948980754755e+00
2.711498876939628211e+00
2.741485815133195558e+00
-2.894398640764114794e-02
9.494215418129000605e-01
1.957279069344844524e+00
3.438694084399873230e+00
4.040668390322894599e-01
2.956257750811656315e+00
3.112997643089943978e+00
4.991359632813684999e-01
-9.248806472080327301e-02
2.393036708248088562e-01
4.052862334831106139e+00
1.327381384660401231e+00
3.509286578299910531e+00
9.339633204715450665e-01
4.056418974100023611e+00
1.616837681696139395e+00
2.193194744970139887e+00
1.734914765399310776e-01
2.941935535997785678e+00
3.162828768843549021e+00
5.833866286809933355e-01
-3.519903687273041870e-02
4.530536536049598051e-01
4.064706483326874675e+00
1.295725341554341270e+00
3.723574220797808643e+00
1.175653408137223632e+00
3.537816685020793273e+00
9.457220129872658809e-01
4.107022120833975443e+00
1.619739261353647652e+00
2.072545335799403698e+00
1.308414417379676342e-01
2.726040700597668565e+00
3.147375651440817990e+00
1.008897387546879187e+00
-1.624957917496697712e-01
2.158152927030515256e-01
4.137088482316185534e+00
1.437423564518383490e+00
3.247592182826021023e+00
7.639732694698085913e-01
4.236756540682089067e+00
2.142208990433249749e+00
1.306221103817933438e+00
-1.011846777853415980e-01
1.710265686261744245e+00
2.737830893909685592e+00
2.680253571676503466e+00
-5.533290129157265869e-02
8.284355784620278662e-01
1.803420089551405425e+00
3.535641156410345154e+00
4.926766377451460288e-01
3.291463048747057751e+00
3.103718539805588428e+00
1.835031311702107537e+00
1.058465938805210449e+00
1.331551887761810438e+00
5.455518231497572534e-01
1.540787125506745792e+00
-1.352202387252438021e-01
1.230434098415864819e+00
2.328609882308600110e+00
3.212406457210818189e+00
2.443859506672270143e-01
2.146764577547475739e+00
2.904808817393551124e+00
1.949449527985147368e+00
-2.596716458136612005e-01
-5.998617806265874042e-02
-1.775786047202791984e-01
7.012909942840749311e-01
1.781951575925625919e+00
3.686980923318646575e+00
6.045704834549056050e-01
3.537988409998841455e+00
3.002789209806053350e+00
2.370450641451159246e+00
1.090549246217132229e+00
1.222629672688396063e+00
9.315737153177490459e-02
3.291603846016382118e+00
3.209091832795139432e+00
1.647472912192078365e+00
9.508775765491122023e-01
9.193034855810338080e-01
-2.273472669331268459e-01
1.739017069962716655e-01
6.893721964103153299e-01
3.910337733366129331e+00
1.053557618678602648e+00
4.145042500751089598e+00
1.839538054220754226e+00
1.425579592717594046e+00
-1.020965887372043551e-01
1.588687355688339409e+00
2.675722661014004355e+00
2.778173461976064296e+00
-1.105839012392242221e-02
1.036778721707232176e+00
2.055481338001272640e+00
3.360073985306999411e+00
3.407629320905487535e-01
2.655665531072726626e+00
3.079750899920852270e+00
9.944361023331220739e-01
-1.758092828230536087e-01
1.824974545954772820e-01
4.206465172168238453e+00
1.560692467209730872e+00
2.819094515801157108e+00
4.637924011481633357e-01
3.943398634476155795e+00
2.858078647578621290e+00
2.371486329282258332e+00
6.650312288649062875e-01
3.831852274568789074e+00
1.163463380210839393e+00
3.760866255204458941e+00
1.158262546180621078e+00
3.568766448961356197e+00
1.013534669955275191e+00
3.993833116698946473e+00
1.485771942737918572e+00
2.599391942290530721e+00
3.460145852644122555e-01
3.620259795112299450e+00
3.053522035910673615e+00
2.359930020198690581e+00
1.126524805121277728e+00
1.193840502727752551e+00
7.156043598368411196e-02
3.194595714164734535e+00
3.211326321255081329e+00
1.274015350749028830e+00
6.280129717800448930e-01
1.818155490514569816e+00
-4.851039156268631414e-02
1.596154105019665703e+00
2.647781054992214500e+00
2.775865804037104478e+00
-1.758293107750808285e-02
1.052795950454826768e+00
2.058187818055463580e+00
3.360553186496592293e+00
3.578238220560767680e-01
2.652916185929810045e+00
3.072898370821846026e+00
1.034989451685210282e+00
-1.794221328998175657e-01
1.620783232127062101e-01
4.328944372667624663e+00
1.785730318869040989e+00
2.157906109710195697e+00
1.840460234377462867e-01
3.009661887112867529e+00
3.176083315077594005e+00
6.399996258759057532e-01
-2.080590617758535377e-01
5.866997395031646745e-01
1.512238863716966142e+00
3.751544741924285553e+00
7.221317167726922781e-01
3.843022046262107860e+00
2.845720304509617105e+00
2.398928134012554558e+00
7.214924964084424852e-01
3.334669693714404026e+00
7.136125489050592074e-01
4.185136733400235620e+00
2.395295466673910134e+00
1.504437316809962066e+00
2.091847585714719931e-02
2.492498813671881752e+00
3.108186604347600301e+00
1.496101592817097314e+00
-2.526789268239227337e-01
-5.927309818141766190e-02
2.969036836347087593e+00
3.279792562580981397e+00
6.426842246104653711e-01
-5.113793669111010853e-02
4.657491812220175276e-01
4.100898966858768979e+00
1.279917798997928235e+00
3.746182039682265152e+00
1.189261246253683790e+00
3.517595301988809542e+00
9.538806040047123069e-01
4.093380931412820445e+00
1.644056357003469193e+00
2.059050981218142340e+00
1.057486771342015519e-01
2.704194213005753689e+00
3.151998439240894179e+00
1.105303489791465976e+00
-1.951008800118918807e-01
1.622660691482563367e-01
4.325386868064908796e+00
1.822949592934716367e+00
2.112654200789547243e+00
1.422025842082136060e-01
2.883835365819777508e+00
3.182031922040818195e+00
6.538718573393771383e-01
-7.082699663095856635e-02
4.116824079203705855e-01
4.100862484737073821e+00
1.302905374382425485e+00
3.678378871544625284e+00
1.121318521339972563e+00
3.719432046173674955e+00
1.151269419322610732e+00
3.688353806396236223e+00
1.107092373786994877e+00
3.781234959168330079e+00
1.185143067194036615e+00
3.563326016943899610e+00
9.872863521601928927e-01
4.040751411986081898e+00
1.584330183635891842e+00
2.279567975208531383e+00
2.068392116305955430e-01
3.090937810497270455e+00
3.158275726544939932e+00
1.019264243642078016e+00
3.204644817383163202e-01
4.169525498480870951e+00
1.608146873143630362e+00
2.622385537493518992e+00
3.789193414205230814e-01
3.717119336556613973e+00
3.014069957499116104e+00
2.476712041047345103e+00
1.018265118488953069e+00
1.051416425005784916e+00
1.035917387681779683e-01
3.526014783631265193e+00
3.174212793945949240e+00
2.195047983156534599e+00
1.162578630216374531e+00
1.893978681466343295e+00
5.680698554813055079e-01
3.436566681068573104e+00
8.184833552977264226e-01
4.213515002792733277e+00
2.194092167088537160e+00
1.289391818316676375e+00
-9.453752664967515762e-02
1.751293112131955487e+00
2.749788850915488858e+00
2.619087509538137404e+00
-7.846992443761517666e-02
7.068111673472725620e-01
1.640390231470711946e+00
3.622094291949603750e+00
5.872871533726047311e-01
3.580755224769926137e+00
2.992064229199404846e+00
2.368925464333299313e+00
1.097234190821425814e+00
1.061724329606266171e+00
1.616706803809428439e-02
2.840886225680650856e+00
3.204606743792759005e+00
8.688057699110889320e-01
-1.152972497918131611e-01
3.225298539924776331e-01
4.090719876540903854e+00
1.378772533671996925e+00
3.464527624075898427e+00
9.296864187054081352e-01
4.103114298495253998e+00
1.642225497515817922e+00
2.070763128704248945e+00
1.071232188017139375e-01
2.678607742985100515e+00
3.155338530875760661e+00
1.071631541569626922e+00
-1.847034552498386106e-01
1.836930657414178880e-01
4.185813937333982437e+00
1.518968568578066947e+00
2.937080048653180064e+00
5.550212743583817776e-01
4.066585828613941800e+00
2.714861439657032527e+00
2.132365148251775810e+00
4.119405304144091451e-01
4.249618734609567738e+00
2.520795562093882225e+00
1.813365181542940796e+00
1.766461548979827156e-01
3.308824511856743200e+00
3.184406595969865972e+00
1.790217986748521950e+00
1.039856935165627272e+00
1.019508552049084305e+00
2.160645480968773902e-01
4.291489385353765229e+00
2.585521928520639001e+00
1.931489290608005449e+00
2.500306655145698165e-01
3.681212106396223760e+00
3.079106653817119899e+00
2.440002366849741477e+00
1.087215669855053690e+00
9.422212975743089469e-01
-1.130014797230856002e-02
2.778624769981141274e+00
3.219543711451506862e+00
9.509824254223873119e-01
-1.487108303929325637e-01
2.796640124190006294e-01
4.124843986255589456e+00
1.386991758459307889e+00
3.383489317340901970e+00
8.573085738127192990e-01
4.181484722267261311e+00
1.904986876803058671e+00
1.460644485879756482e+00
-7.870650073855602058e-02
1.739583084052729101e+00
2.742341360329955791e+00
2.643492356255150444e+00
-7.354037368859109303e-02
7.217256399034722714e-01
1.673737188867827630e+00
3.602958995796801567e+00
5.754052329381796893e-01
3.528220534062650238e+00
3.014457306643790080e+00
2.349948796119320171e+00
1.129191173972857731e+00
1.364503491191409790e+00
1.658447689306195016e-01
3.694985137319241275e+00
3.100198321871044715e+00
2.437171153713492799e+00
1.097310696783387218e+00
9.262808270047677706e-01
-5.679612632723566451e-02
2.381703050263531019e+00
3.117201850785170425e+00
1.667687737342811838e+00
-2.710622557568943547e-01
-1.423105750037630679e-01
1.820443368130804762e+00
2.859421312143049398e+00
2.610607378079828678e+00
-1.066395587221086599e-01
5.571144298135578543e-01
1.403886597402237202e+00
3.718153479863833155e+00
7.080163927084002218e-01
3.901733188596950619e+00
2.803670736134122876e+00
2.374620382569144095e+00
6.776221495461657307e-01
3.768603897764431832e+00
1.126112562399989026e+00
3.863874215677019386e+00
1.311905931305496376e+00
3.154000613356904292e+00
6.579056842613597578e-01
4.226334483277081944e+00
2.451305626545195793e+00
1.594664640746872752e+00
7.050250669810013970e-02
2.774667286551069090e+00
3.176911361915883969e+00
9.525253018746424605e-01
-1.441730701740004117e-01
2.634514085337535949e-01
4.093876175990706301e+00
1.413997167580934411e+00
3.341893324004207688e+00
8.352940089751117458e-01
4.205908149198397616e+00
1.931040424991972149e+00
1.418411288404821669e+00
-9.519081638351684083e-02
1.691318331622125415e+00
2.721880542929035141e+00
2.709244396325007020e+00
-4.399052787005750670e-02
8.831169567510588347e-01
1.873178290396483092e+00
3.495298506767388069e+00
4.523745633344974371e-01
3.146021163760233552e+00
3.116979933159690574e+00
1.375401296391793871e+00
7.446759331030670115e-01
1.555684168209377827e+00
-1.441958835846640086e-01
1.100965234702853346e+00
2.180209275942794012e+00
3.354972195519632550e+00
3.327547946813869117e-01
2.491842631940791364e+00
3.037729037914813190e+00
1.331356096154086455e+00
-2.394301556739864834e-01
-2.179016516025590253e-02
3.470358713735671508e+00
3.228382277392000788e+00
1.915267295075345322e+00
1.122827163230384784e+00
1.606111446874580295e+00
7.317276848062368444e-01
7.349059046575376897e-01
-2.213236780853098384e-01
1.356638144651685918e-01
5.340276792027706110e-01
3.954026054917819444e+00
1.121785804204390447e+00
4.047107548408596323e+00
1.640768100243317429e+00
1.971059552194825315e+00
7.718916912915041451e-02
2.524156197294132209e+00
3.086607128648296783e+00
1.431812994289149099e+00
-2.529763625659242621e-01
-3.033374045083885029e-02
3.313974736881518890e+00
3.263922234072146988e+00
1.563574011226377181e+00
8.980440116215793189e-01
1.152635220428887219e+00
-2.213306116795620559e-01
4.311760485710808277e-01
1.264739175987805941e+00
3.816945785317226836e+00
8.201562032236854316e-01
4.072918777034874260e+00
2.587655353479967779e+00
1.934563155259154899e+00
2.604363765699011513e-01
3.821338569093052584e+00
3.012236565113391773e+00
2.491212466752926069e+00
9.328266621768119826e-01
1.551301866862033307e+00
6.511444722077308622e-01
8.896657174417343938e-01
-2.236832503573233377e-01
2.889795256841546367e-01
9.848068876984080733e-01
3.881442903116053333e+00
9.468393770071921178e-01
4.185788022188210000e+00
2.230760586201133044e+00
1.272067681137369677e+00
-9.464810535017224857e-02
1.806620335654532283e+00
2.806896353390430754e+00
2.568205580425473311e+00
-1.075299267683096360e-01
6.115838353288517437e-01
1.475509978792535870e+00
3.700003237995142413e+00
6.625858241818197714e-01
3.825712351034463943e+00
2.902078244062476831e+00
2.431240158562075315e+00
8.221894997583061304e-01
2.202983645136285418e+00
1.160879517809435824e-01
2.556957069272025151e+00
3.087303020489587269e+00
1.354536524787808949e+00
-2.433998123854056450e-01
1.156190293366129301e-02
3.712467889131581877e+00
3.168507373785143244e+00
2.411912052991376232e+00
1.140255537804999886e+00
1.146119163122686135e+00
3.275320644681262161e-02
2.976015448220513004e+00
3.232252521826518343e+00
5.247480428347239823e-01
-2.580886331833531777e-02
4.973566172501185378e-01
4.079483159036701778e+00
1.254859070478712590e+00
3.814810717861945921e+00
1.275002270911801183e+00
3.258738324886828686e+00
7.563315702759629833e-01
4.229705631179632164e+00
2.214926317803303846e+00
1.326306958678869163e+00
-8.258365452523906691e-02
1.841561658623400710e+00
2.801588678848635716e+00
2.505294972063619507e+00
-1.269467368551633335e-01
5.153101715825985085e-01
1.322750209171869029e+00
3.756162120994071429e+00
7.433001701657795390e-01
3.989906532322014421e+00
2.714348734011283071e+00
2.203724502499175841e+00
5.093301869220675515e-01
4.289545603452586064e+00
2.090977255389493639e+00
1.459664099282351968e+00
-6.157169875394630232e-02
1.911611323266972473e+00
2.839908799879493184e+00
2.401213616088627489e+00
-1.621295428062439758e-01
3.616914056601717165e-01
1.026714151533093311e+00
3.831026973572316141e+00
8.762370842724072073e-01
4.176041213456230139e+00
2.368806864948428181e+00
1.478340422411419386e+00
2.481113170063117129e-02
2.486371106550284704e+00
3.119297892188420462e+00
1.475970218950075186e+00
-2.537738921288450467e-01
-5.637297694309714724e-02
3.127890911193827339e+00
3.255450591219230638e+00
6.566924915736526147e-01
-1.834120983012399453e-01
1.014799877683405516e+00
2.142990558399875844e+00
3.436061105378763969e+00
3.693752719469320933e-01
2.736797893780594571e+00
3.057688172471472399e+00
9.173923768623749586e-01
-1.606453660166565767e-01
2.277716935258652098e-01
4.104594739205194465e+00
1.404724228364416350e+00
3.309155518301460930e+00
7.821555565105560159e-01
4.250814595341708468e+00
2.068604217568095205e+00
1.301756749576982397e+00
-1.027176236933481090e-01
1.591257679414103343e+00
2.657355889941630522e+00
2.814551048140240042e+00
-1.077858706920319445e-02
1.094215422026130868e+00
2.116472952787296968e+00
3.301705737655868056e+00
3.288313232753252713e-01
2.556512377856445806e+00
3.044916076099886126e+00
1.241875384353102962e+00
-2.198448206200819266e-01
3.514001546674125342e-02
3.959037638873068587e+00
3.036611552316495377e+00
2.512795725089347343e+00
8.840393784410427447e-01
1.526110129523993386e+00
-1.220697321945079655e-01
1.326650074434937654e+00
2.405458059307895358e+00
3.133899756829687355e+00
1.806911389976120219e-01
1.844714085367580303e+00
2.756263809069444459e+00
2.385213664596994576e+00
-1.629101578673452511e-01
4.373161507970965145e-01
1.150658946947738404e+00
3.820440979396768189e+00
8.406553410002181037e-01
4.087356411117548660e+00
2.549504462336391164e+00
1.809865302004367571e+00
1.937594748497883379e-01
3.523173565320223410e+00
3.128471619931938008e+00
2.221794811533891245e+00
1.173825147196454033e+00
1.850315196747034596e+00
5.470059077182335416e-01
3.777897616106008272e+00
1.096353215668610215e+00
3.943067228072917985e+00
1.396302687693605993e+00
2.835421373580834903e+00
4.804482688826816617e-01
3.898559611078691312e+00
2.893685057632944257e+00
2.421927655485085040e+00
7.423785827870404974e-01
3.232295460743833893e+00
6.516812731757877231e-01
4.176095480961285134e+00
2.571146763336809915e+00
1.813003129456296048e+00
1.991486886141319856e-01
3.485412135681884571e+00
3.146542678130797022e+00
2.169817698548288210e+00
1.153336210473248302e+00
1.916500316501706491e+00
6.093926561693566724e-01
2.881920645337742393e+00
4.485085866307316760e-01
3.718557222441218002e+00
2.997039664953070837e+00
2.475007055752988183e+00
9.903027100302632668e-01
1.072821413480125052e+00
2.188751822224041521e-02
2.956239231098932496e+00
3.232336886330953618e+00
5.767113930015971279e-01
-4.025098163016523761e-02
4.758504931993194909e-01
4.085864444841616816e+00
1.267673519759500600e+00
3.775079590783137817e+00
1.223753148902752219e+00
3.424278885581910181e+00
8.800072539774621561e-01
4.178367172141871144e+00
1.859903103450688988e+00
1.526615941256374898e+00
-6.783372616407327971e-02
1.825554475821008493e+00
2.812263043755345304e+00
2.524142519627030179e+00
-1.196712140918557155e-01
5.563847783857031049e-01
1.392178706815658362e+00
3.734436599782681387e+00
7.095584363033229369e-01
3.923587326028063593e+00
2.783055735109992490e+00
2.329367218601108291e+00
6.471104896729775735e-01
3.920816309329500093e+00
1.283377324182465973e+00
3.456016105507994762e+00
8.925816384748335164e-01
4.163573231587274215e+00
1.741461344853894921e+00
1.737808361942077440e+00
1.136890574018238620e-02
2.149328681571463839e+00
2.978035500110224554e+00
2.021224997345701269e+00
-2.572482806136938138e-01
-5.033674955578852639e-02
-1.737353418806884542e-01
1.076571762161147916e+00
2.266034800062743493e+00
3.379221399150209582e+00
3.297914716029546334e-01
2.502965365865739589e+00
3.020410731519111991e+00
1.352432168334583906e+00
-2.369019987966947682e-01
-2.419145239172658390e-02
3.341929015072897080e+00
3.267348769706714506e+00
1.670279335017686995e+00
9.794212906221284598e-01
8.462449832884701983e-01
-2.263189350420163060e-01
1.169974366281756606e-01
4.727772052319787477e-01
3.919877692597289354e+00
1.139502162349356640e+00
4.001903009494356844e+00
1.538406949090100229e+00
2.303845858980248629e+00
2.050644902274655346e-01
3.113991289465862344e+00
3.150824508252574763e+00
1.031343984475980857e+00
3.779488558333603532e-01
3.838559583783279994e+00
1.138943300042756679e+00
3.892656958996446370e+00
1.339374412539706238e+00
3.032165648011893921e+00
5.706980667414894848e-01
4.100734043752216174e+00
2.649090321865487319e+00
1.995127519885733225e+00
3.101716437348900901e-01
3.980737523510993192e+00
2.890483084588139295e+00
2.440635010749112599e+00
7.163612971396313700e-01
3.394474009442714380e+00
8.012048470101302833e-01
4.214972847803283074e+00
2.210742286184583794e+00
1.303103027789675128e+00
-8.816308832403030316e-02
1.798373000814718292e+00
2.779428682664117467e+00
2.556652871079017508e+00
-1.045035119185417360e-01
6.025240606610680061e-01
1.478370564747799598e+00
3.695200294993105761e+00
6.706384093884425468e-01
3.819357200182645684e+00
2.865665743390559683e+00
2.421350883646660179e+00
8.193982832949844308e-01
2.316896167858510935e+00
1.714928287372936011e-01
2.778037485948752217e+00
3.139749785400273829e+00
9.061850732436232958e-01
-1.330966597714787758e-01
2.697488467851683058e-01
4.094018943754020867e+00
1.401009551134373865e+00
3.377943144866181413e+00
8.562096609694520577e-01
4.190040172715287170e+00
1.855844488203409082e+00
1.532095499293254726e+00
-7.037029802490420149e-02
1.789977776939279508e+00
2.806796119304243220e+00
2.521476899612636657e+00
-1.257485009667984877e-01
5.483496197484809542e-01
1.360409089999134791e+00
3.744440266829798247e+00
7.139936261174203436e-01
3.909563954667809593e+00
2.793141282484173260e+00
2.295964536921335508e+00
5.933380381624976385e-01
4.135929319326457687e+00
1.583772416366666214e+00
2.498971423738477249e+00
2.967341860480197102e-01
3.452136068169584959e+00
3.128122850563818336e+00
2.181949320818960203e+00
1.157016968046066019e+00
1.874440063393092437e+00
5.617731819331850396e-01
3.592231223369958037e+00
9.016324430353974684e-01
4.208153113372612886e+00
1.922501850586552319e+00
1.390630221461109706e+00
-9.383712159221128946e-02
1.619671351318551222e+00
2.670169805738020319e+00
2.778442308128857618e+00
-2.846241589593919916e-02
1.029093313845431235e+00
2.040476184853331265e+00
3.367916889284164217e+00
3.749425782451361044e-01
2.756196201304585536e+00
3.077833177033869383e+00
8.485948418376665359e-01
-1.261933846753118815e-01
2.656069511506036207e-01
4.083870723243713030e+00
1.394018074383895245e+00
3.391165222964666714e+00
8.695277106174577053e-01
4.178529607254989564e+00
1.820872712369060453e+00
1.604643213147590508e+00
-4.891401820063696892e-02
1.904991506916125399e+00
2.879200018727302357e+00
2.362223191205972572e+00
-1.803601023798822867e-01
3.111215787396692800e-01
8.949366730063865738e-01
3.863324845044020961e+00
9.207004882823341951e-01
4.165503586307775841e+00
2.235586073055126466e+00
1.251612768898017869e+00
-9.193718238042362934e-02
1.740550894013608962e+00
2.759871214622495295e+00
2.635493571481839936e+00
-9.632991775489627151e-02
7.337297531140392071e-01
1.649551487033980246e+00
3.613776161095482831e+00
5.957948266073568311e-01
3.563637563494986171e+00
3.003332093023351579e+00
2.393616553722871299e+00
1.078191743972439332e+00
1.086628249362695753e+00
2.396680991978834829e-02
2.843870623804791276e+00
3.215986887374322922e+00
8.269461999166638488e-01
-1.115018760252951546e-01
3.458896606559898057e-01
4.121635787059482858e+00
1.342984255277868133e+00
3.496403757374790366e+00
9.759115391447512611e-01
4.030516432706701124e+00
1.540667292506157526e+00
2.427833143294868101e+00
2.658881529683984057e-01
3.347218082408449202e+00
3.129796502392830249e+00
1.854334892517534694e+00
1.080868515160402499e+00
1.411028462282497120e+00
6.136195419079429891e-01
1.320565248492966193e+00
-1.835346593780429192e-01
8.630882760073064208e-01
1.895622915235341654e+00
3.539419634199342468e+00
5.049783105808032246e-01
3.182980001632209177e+00
3.095700872511689461e+00
1.650965859609269781e+00
9.418313396079526223e-01
8.835484869397092211e-01
-2.270508923073492058e-01
1.670297819132842143e-01
6.066570680061811327e-01
3.917211415409362019e+00
1.089254605186955827e+00
4.096912706692967809e+00
1.721083815934741246e+00
1.704892679113227727e+00
-2.167822100576585753e-02
2.064196492273493888e+00
2.936417956657140671e+00
2.188867908165970100e+00
-2.234117092035272090e-01
1.025249632872968220e-01
