6.457520127890602701e+00
1.095114717749228817e+01
8.975553354474955725e+00
-5.818558416517152221e-01
8.200634038852571805e+00
9.230738339520408786e+00
3.398047600608340879e+00
3.230026596078588774e+00
5.169124402196015211e+00
6.780822917542556283e+00
3.068953505550684913e+00
2.358538370521768290e-01
4.523176599882721582e+00
5.826215451182691574e+00
1.689710804337354322e+00
-7.750274151642151665e-02
4.200460587318016747e-01
2.705941807612371797e+00
3.914665958672815194e+00
1.069503896609605764e+00
2.126531591342781358e+00
4.255111432365119128e+00
1.993242452270744369e+00
-2.353619502381457673e-01
3.523503307447399813e-01
4.504810243293862371e+00
2.601515042447529957e+00
3.869630001394857022e+00
3.707823795204395090e+00
3.170647882547296348e+00
2.931791801073018622e+00
3.040899016910223462e+00
1.837895013570103098e+00
3.184444046599307132e+00
1.525963081259658294e+00
4.353346620562263958e+00
3.115598159154577829e+00
3.737506768399911472e+00
3.193516973874470644e+00
3.474733809381794547e+00
2.486269324011179283e+00
3.312027752621429677e+00
1.846507673680314321e+00
4.002333737176057227e+00
2.426739955363595325e+00
4.047005518061297380e+00
2.984063482088657793e+00
3.747915831448765722e+00
2.759342323085030468e+00
3.571478493688056588e+00
2.307220554153436076e+00
3.735160174537444089e+00
2.233215127404777789e+00
4.014723404229872727e+00
2.662600364322329494e+00
3.905892638539729234e+00
2.774422176079536673e+00
3.716659637910193936e+00
2.563562697522130840e+00
3.713394946239100491e+00
2.343652829987671105e+00
3.883873111568493020e+00
2.471928951883734182e+00
3.936695514046890665e+00
2.657599470511921247e+00
3.852473768972939361e+00
2.648595523393549644e+00
3.760030702329941299e+00
2.481583654119319249e+00
3.818492442190335012e+00
2.446335382622026433e+00
3.901936935445946997e+00
2.556211995789518632e+00
3.890912415014414982e+00
2.643838689983951884e+00
3.801174617470135964e+00
2.561960329132277003e+00
3.805394184812444625e+00
2.482403100791840345e+00
3.860957721494676864e+00
2.505430124370169320e+00
3.889849639252463298e+00
2.601819624745360660e+00
3.828966350311817202e+00
2.586219913799500780e+00
3.817091388685377229e+00
2.527150367388327545e+00
3.838865326876036654e+00
2.500202583622876062e+00
3.870835385164666409e+00
2.566353649105821866e+00
3.834339039448286357e+00
2.575927613910649505e+00
3.829848701354733542e+00
2.546529791210466520e+00
3.843834156848196848e+00
2.521291012455306291e+00
3.862312867441044073e+00
2.522256568502067697e+00
3.830040365926266510e+00
2.566035191743798016e+00
3.832924426343236046e+00
2.549643669421429948e+00
3.841115329314773064e+00
2.526864436375419132e+00
3.857985949605223119e+00
2.519175026496267122e+00
3.829103663549137337e+00
2.564731471298754339e+00
3.835000597756045515e+00
2.552294662320005347e+00
3.841525877734301098e+00
2.537627046211005322e+00
3.853026770924647959e+00
2.519214681555772550e+00
3.825783034110008973e+00
2.560260333206545891e+00
3.836999747660217785e+00
2.556764016554740504e+00
3.839080872844357284e+00
2.539516028908393785e+00
3.850281704235001712e+00
2.518385839161858986e+00
3.823741103001441655e+00
2.560468255213026012e+00
3.835205996140267359e+00
2.555914122824104684e+00
3.841561816851270628e+00
2.542073631015021373e+00
3.850951065118968231e+00
2.525963062948550775e+00
3.863955579062196222e+00
2.560085469853524920e+00
3.831317979561440712e+00
2.552701682453923926e+00
3.841322242961617395e+00
2.543868537081039882e+00
3.850915960667009585e+00
2.528765534495168943e+00
3.863035597797666476e+00
2.563894153186400349e+00
3.828797458812100096e+00
2.553713004213709059e+00
3.838833252722045231e+00
2.543137728918424934e+00
3.850502256052702688e+00
2.531278559497101455e+00
3.861488761945736314e+00
2.566977944383754817e+00
3.826885624075283765e+00
2.556034528208356527e+00
3.836417167995503696e+00
2.538851559286657178e+00
3.851974992371625994e+00
2.535542189959372639e+00
3.861585190813614510e+00
2.572228955325884581e+00
3.821645481349372098e+00
2.555718381535950545e+00
3.835399947790700814e+00
2.538665251049313731e+00
3.850416585967095351e+00
2.537031031306587359e+00
3.861274395221299116e+00
2.530506596321687063e+00
3.822822975403464607e+00
2.559775131122751901e+00
3.831751528091717152e+00
2.542676182345189773e+00
3.845621644745988998e+00
2.531303544070079958e+00
3.860603721053657011e+00
2.528755149332097218e+00
3.821844280714270070e+00
2.562046470890283700e+00
3.830812786507875156e+00
2.545420314892131941e+00
3.843048337211440124e+00
2.532819792753990829e+00
3.857471572965952333e+00
2.526950418643385987e+00
3.823021391724304330e+00
2.564263346793059561e+00
3.830414277084011498e+00
2.548233474233989604e+00
3.841355598177673247e+00
2.534828475046787322e+00
3.855283837570531613e+00
2.526536980747079220e+00
3.866356134716543380e+00
2.562220967075327760e+00
3.830226229890834500e+00
2.552966855538219004e+00
3.837165170822136595e+00
2.535668764947753395e+00
3.848456499050906920e+00
2.520795212978372835e+00
3.861777477156521865e+00
2.559350276718302730e+00
3.832322260794424285e+00
2.552454113412061965e+00
3.843537111459257360e+00
2.547553497094153574e+00
3.849669403383407129e+00
2.532814200559005080e+00
3.860362369176468356e+00
2.563240019079826570e+00
3.827122864313884598e+00
2.550890040142229864e+00
3.840148145060471307e+00
2.542947192362945419e+00
3.849803163144481122e+00
2.533381845579462777e+00
3.858077546256670320e+00
2.563266856296928076e+00
3.825993294295103375e+00
2.552279489664065704e+00
3.838770096413012478e+00
2.545876052418388102e+00
3.849082090347229368e+00
2.536131044001451951e+00
3.857898352749308479e+00
2.522619280015987453e+00
3.823811334813408180e+00
2.554433575989929484e+00
3.835520569867544527e+00
2.540399677010966695e+00
3.851482107018031620e+00
2.540251085930803399e+00
3.859036873335688345e+00
2.530801185090110206e+00
3.820043131104868817e+00
2.556898289370229449e+00
3.832843365488304510e+00
2.541408122120189628e+00
3.848232596940322825e+00
2.537413592112786720e+00
3.857300351587160669e+00
2.530663014861547211e+00
3.816477029049463177e+00
2.557087133396015677e+00
3.827568438699565867e+00
2.533630498431496569e+00
3.849203213811418944e+00
2.535205896354189914e+00
3.861190718968434687e+00
2.539697430750889051e+00
3.818383818083328052e+00
2.566544005102469495e+00
3.828925333364952444e+00
2.543126460467679539e+00
3.845629158834737993e+00
2.538334965357353923e+00
3.855094772822708293e+00
2.534412315950112848e+00
3.863596645325154899e+00
2.564347771319576808e+00
3.825466034775050428e+00
2.541578913141851359e+00
3.845052603277506087e+00
2.540464222426564778e+00
3.856625843142791776e+00
2.539322218715877710e+00
3.861057926168551369e+00
2.565434711149567448e+00
3.826445198106542822e+00
2.549448213351715342e+00
3.840877926528029285e+00
2.540851444604457665e+00
3.852958202479404015e+00
2.534740255524779329e+00
3.861103010558532223e+00
2.566754095588926976e+00
3.825769186829699464e+00
2.551384299230789132e+00
3.840336093593164968e+00
2.541554831840625805e+00
3.851204457912315249e+00
2.537038685743947752e+00
3.856102034611486484e+00
2.565150862398715148e+00
3.823186911859803416e+00
2.549513796184577075e+00
3.834878057180751032e+00
2.542290360809530636e+00
3.848072794607650060e+00
2.531638133693600690e+00
3.859556101246631954e+00
2.523848354127959048e+00
3.825079543085052602e+00
2.559549675903440846e+00
3.836320900316707139e+00
2.547728009076810629e+00
3.842734925621326791e+00
2.535562395501714583e+00
3.854013367659880895e+00
2.516773924214004143e+00
3.825356152351787387e+00
2.555661822822631546e+00
3.837297231109981333e+00
2.553527982163890542e+00
3.841600720081078890e+00
2.536087195133204020e+00
3.853303437011506460e+00
2.520229245222915360e+00
3.822431582727026100e+00
2.557143452896546876e+00
3.836901088691930362e+00
2.553546774618854709e+00
3.846047529339517990e+00
2.545347258634534260e+00
3.854850083985557063e+00
2.530170012167234361e+00
3.819016646302397788e+00
2.561702868970539448e+00
3.829283553171432430e+00
2.546845434462051472e+00
3.842875128681418229e+00
2.537740061845188855e+00
3.855500693560783176e+00
2.532350344583197188e+00
3.861663630581422257e+00
2.564224518444201628e+00
3.827003320074918946e+00
2.547361330506901389e+00
3.841991368689288588e+00
2.538672780336009627e+00
3.855406697446857045e+00
2.535634013122988417e+00
3.864407237386311422e+00
2.569727460970244515e+00
3.828186073186611083e+00
2.557679716881679610e+00
3.836207537916020094e+00
2.539151078797344141e+00
3.849890853883826125e+00
2.527508911379863665e+00
3.860546525309996646e+00
2.566200766266244049e+00
3.825602661544309946e+00
2.552091100036110838e+00
3.839982886154976960e+00
2.545454561126961668e+00
3.850495998511618723e+00
2.537922167322919975e+00
3.857341372551887027e+00
2.522757754594488588e+00
3.824511337360061880e+00
2.553786116287853680e+00
3.835114001009897855e+00
2.544526628653773770e+00
3.843010657091428861e+00
2.529446423495047114e+00
3.858049148106642789e+00
2.520539335968875250e+00
3.826376469588366191e+00
2.560591642088589914e+00
3.830517736563063380e+00
2.546116504517337731e+00
3.840889135563868351e+00
2.525457168879277514e+00
3.859893859086729773e+00
2.522392667291758706e+00
3.827874323336590834e+00
2.568523924973193040e+00
3.832399004916803520e+00
2.553509379120684208e+00
3.835611856642895390e+00
2.526893354855914264e+00
3.854449137761383870e+00
2.516820530008955448e+00
3.826130445635893107e+00
2.564801950224469440e+00
3.834055925812763110e+00
2.558441381528780756e+00
3.838171981145646949e+00
2.536863325422277882e+00
3.851477156549752312e+00
2.521970470998673441e+00
3.864488266060718491e+00
2.560061988083713658e+00
3.834072620978901114e+00
2.554696581994660320e+00
3.841380804402730220e+00
2.543894828777157890e+00
3.848702807650827395e+00
2.527032959266503731e+00
3.862467143083905263e+00
2.559349920401803757e+00
3.830358831508177353e+00
2.552864677012439465e+00
3.840855838667601940e+00
2.543341506757899051e+00
3.849913582309103077e+00
2.531409994164969923e+00
3.859177493525105973e+00
2.559012460991570759e+00
3.831033903864142331e+00
2.553376902120268355e+00
3.843319244787938516e+00
2.550074995083892127e+00
3.849220445284103675e+00
2.537133560907959051e+00
3.855628359970296071e+00
2.559782706784370809e+00
3.827313353741438107e+00
2.550364111967827530e+00
3.842008799439026401e+00
2.549832726054482190e+00
3.848850762830352767e+00
2.538932823126114791e+00
3.856506013960438572e+00
2.520449508566005026e+00
3.824539609036667009e+00
2.554496675774492687e+00
3.836917564927028401e+00
2.545641048254737804e+00
3.849049907210112309e+00
2.538282770121827792e+00
3.857023508788600452e+00
2.524464833767482652e+00
3.820687204037374052e+00
2.554610167629602024e+00
3.835155695969919343e+00
2.544048953544590042e+00
3.847984964573808675e+00
2.541416294385613117e+00
3.853747498976226815e+00
2.526251546087475930e+00
3.818858329439101862e+00
2.552438668173653724e+00
3.835202317047122555e+00
2.547442405854791758e+00
3.846584954913251142e+00
2.544416193079643840e+00
3.852522405835880903e+00
2.526989713315693553e+00
3.818744246059375236e+00
2.556413941180914584e+00
3.828651624805312625e+00
2.547072720895577014e+00
3.838421562685912392e+00
2.535251083742239953e+00
3.856418499779621367e+00
2.525424851135702919e+00
3.866935463878067747e+00
2.568346476346384133e+00
3.827552517062835946e+00
2.552258512903980314e+00
3.838709909341219806e+00
2.537669530394087936e+00
3.852337929498217406e+00
2.527887910190460108e+00
3.865851673423720047e+00
2.568311594378108520e+00
3.829156675649991293e+00
2.556652132273663280e+00
3.838260871102274319e+00
2.542187329158829279e+00
3.845936997242689337e+00
2.527831051142165109e+00
3.856854530689569849e+00
2.557207456342082352e+00
3.827550359810431679e+00
2.546704536788634510e+00
3.844758518836328687e+00
2.549959167443954122e+00
3.851291676347951665e+00
2.542707206571529710e+00
3.857161275631131758e+00
2.566119407986289236e+00
3.823673594642748252e+00
2.550812552958336088e+00
3.838405792193642085e+00
2.543338801352990064e+00
3.850432716886574624e+00
2.537511788993284778e+00
3.859021559136167401e+00
2.526902169285893951e+00
3.821255859772961117e+00
2.555497956311323815e+00
3.834292100608450049e+00
2.542038850741097367e+00
3.847671081468063470e+00
2.536750111218660120e+00
3.858706796274087303e+00
2.529084478689909155e+00
3.822079736074586176e+00
2.560810847143284441e+00
3.833273092131520343e+00
2.546880756075294627e+00
3.845542260089501063e+00
2.537026230790778047e+00
3.855911602014999939e+00
2.528010334012597671e+00
3.819036542978641258e+00
2.558641107098561740e+00
3.832059929443082602e+00
2.546291243282947203e+00
3.840573440732744093e+00
2.537194870615102182e+00
3.849718182604340733e+00
2.521521594913356701e+00
3.867635006681924725e+00
2.554819542514999764e+00
3.839353232120060522e+00
2.561264541187695531e+00
3.840467687804770769e+00
2.547764700547555883e+00
3.844210326793964239e+00
2.517811609993329647e+00
3.864341154628352371e+00
2.553415304779008466e+00
3.833349969334356455e+00
2.558639939110015415e+00
3.839463568273541405e+00
2.545220110252310874e+00
3.848217421375037972e+00
2.527657867765002564e+00
3.861473764054673019e+00
2.561249272536864741e+00
3.829275210463587875e+00
2.553234184528025530e+00
3.839640685376415341e+00
2.544173634737896705e+00
3.849811987409958558e+00
2.531801059326828085e+00
3.861770269939380107e+00
2.564894046514762493e+00
3.828308750371190783e+00
2.556796494451791357e+00
3.839591363750559871e+00
2.543315290455199218e+00
3.850360574989501572e+00
2.536040161588057895e+00
3.858016298858357729e+00
2.521128484246767165e+00
3.823949857009075082e+00
2.553002607591028372e+00
3.836617326061959599e+00
2.544116125434004783e+00
3.848180594517018882e+00
2.537324835703364201e+00
3.853544313655200781e+00
2.517618993081693457e+00
3.824977063639605213e+00
2.554148629504778167e+00
3.838489600813679736e+00
2.552584099415989627e+00
3.844506643228887466e+00
2.540161335653288610e+00
3.849147233921031308e+00
2.513689428472339227e+00
3.824390431386663458e+00
2.551666375922232000e+00
3.840397407084828352e+00
2.555986802892410203e+00
3.844987172869007708e+00
2.545019133100154818e+00
3.851400645123466582e+00
2.524478544311660855e+00
3.820495085448232686e+00
2.555335640749524906e+00
3.834628219208806144e+00
2.550233945698229476e+00
3.843062717311845233e+00
2.541494575540984791e+00
3.852843218083509047e+00
2.527907246145059350e+00
3.860511674177592223e+00
2.559552517275751171e+00
3.829462801037852859e+00
2.545947191015267563e+00
3.842206390129353277e+00
2.540686082041897276e+00
3.852460146433564603e+00
2.531493303697370578e+00
3.861847907019258841e+00
2.563919004052201522e+00
3.823991387563062005e+00
2.542971070284903767e+00
3.843206535523141731e+00
2.539306317637832766e+00
3.854095472784932142e+00
2.538425881868839440e+00
3.855977849981701233e+00
2.565497037590153795e+00
3.822170787631091748e+00
2.542733560419951022e+00
3.839985055788982748e+00
2.536050116121377762e+00
3.855549527040852631e+00
2.540712060005201334e+00
3.859872507664702468e+00
2.572033595762893032e+00
3.821672305374844925e+00
2.547811247750028762e+00
3.836368931602806231e+00
2.537805313919055727e+00
3.853709174497503387e+00
2.538542533236860521e+00
3.861907069514558977e+00
2.532924272292982337e+00
3.821119347846922309e+00
2.557294304754026193e+00
3.834128169002842590e+00
2.542900647866487951e+00
3.848490477891028494e+00
2.535669172150518680e+00
3.856824845281835668e+00
2.527188009153853887e+00
3.823614563440044911e+00
2.558429048275919104e+00
3.831862354112649971e+00
2.546383919859161349e+00
3.843413110656177523e+00
2.530811627322195001e+00
3.856168426027203999e+00
2.524115804467575330e+00
3.824465934154531066e+00
2.562267442243479909e+00
3.834719761371261804e+00
2.554555202123349300e+00
3.842114400384884831e+00
2.539957952643216110e+00
3.853112817051378869e+00
2.525169723950093204e+00
3.821190199163481793e+00
2.560069286946917710e+00
3.832936311247458594e+00
2.551776736824247660e+00
3.840422761287236586e+00
2.536710381897122168e+00
3.853314329039550401e+00
2.525518302215616906e+00
3.866301412199979026e+00
2.566262244395090875e+00
3.828073759027510903e+00
2.550747966564402613e+00
3.841475278487933132e+00
2.541180176087409315e+00
3.851781145404741036e+00
2.529494593949552783e+00
3.863663676604900843e+00
2.565503906637903953e+00
3.823996153643792972e+00
2.550849064898140561e+00
3.836452405245824870e+00
2.535190910893796890e+00
3.852775383630968165e+00
2.530768185285127370e+00
3.864368265989665208e+00
2.572003420332336088e+00
3.821673570689974042e+00
2.556109441961359252e+00
3.831548173439460747e+00
2.531103488258882539e+00
3.852190591072925052e+00
2.529081105035811294e+00
3.866384597441077098e+00
2.577474175853824434e+00
3.826454564726244900e+00
2.563918911554733171e+00
3.831776563784068390e+00
2.543409087430128501e+00
3.848104419151101130e+00
2.529861940756400251e+00
3.862983209848300792e+00
2.529638754997995065e+00
3.825277866920031578e+00
2.563069032782251178e+00
3.832423742871535755e+00
2.544516143310525003e+00
3.844750316232714127e+00
2.533247148730308762e+00
3.857548371344690530e+00
2.524294860046816247e+00
3.824027306364302436e+00
2.560563713688202903e+00
3.833078728863809737e+00
2.549708317251305978e+00
3.839138960407283641e+00
2.528007976440969529e+00
3.857072245486945050e+00
2.521645074458429114e+00
3.825092338227374711e+00
2.565934619603918776e+00
3.832476064758768786e+00
2.554018902004271840e+00
3.839922499211677831e+00
2.536950493355442759e+00
3.852252348391249193e+00
2.523755068277369951e+00
3.865479934860990952e+00
2.560644825963118265e+00
3.827965494256431178e+00
2.550385442205182596e+00
3.839987970295048569e+00
2.535087913187129338e+00
3.855016726849230135e+00
2.528885485617704987e+00
3.865787732484227135e+00
2.565911434503613364e+00
3.828028838466994266e+00
2.550200141372629403e+00
3.838423729633938741e+00
2.539017194804516375e+00
3.851062875802557794e+00
2.528695919000682579e+00
3.861196937761445458e+00
2.564435373794066830e+00
3.823508305617328240e+00
2.551410883550520037e+00
3.837006846601625387e+00
2.537309312383687399e+00
3.851657556812075445e+00
2.530530776850056007e+00
3.863900132525819764e+00
2.571158224636197254e+00
3.823987920531472184e+00
2.557052377786769082e+00
3.833908888887064048e+00
2.538763040320200393e+00
3.848981550889121195e+00
2.529538510126841278e+00
3.862595436684121530e+00
2.527628940804730995e+00
3.825144549150541362e+00
2.559534316922965402e+00
3.833957533996733780e+00
2.544451186567956213e+00
3.846487257565746720e+00
2.532054994168160267e+00
3.859589128436829775e+00
2.524625722388547544e+00
3.826372241285842080e+00
2.562926415495522914e+00
3.835115179550121489e+00
2.551052621207711368e+00
3.842124022231351965e+00
2.533311046570039693e+00
3.851269957539348532e+00
2.520062586442797237e+00
3.822354843123282109e+00
2.553137662555228005e+00
3.837505709023000477e+00
2.553364428986217405e+00
3.841682882812919253e+00
2.543469721844151099e+00
3.846566522964683266e+00
2.517658621123051610e+00
3.819445476139548212e+00
2.550887949224749374e+00
3.838652567603673571e+00
2.556814208800618715e+00
3.844184809824133353e+00
2.548325962095228991e+00
3.846557530833661254e+00
2.524333460492511616e+00
3.859272375899482022e+00
2.550341693047426084e+00
3.834295570986885338e+00
2.549342406440797237e+00
3.847414816804378468e+00
2.551872865499798415e+00
3.851814023586797475e+00
2.537448009705876917e+00
3.855354681983123033e+00
2.558415523534823599e+00
3.824451173843097074e+00
2.541087503614434695e+00
3.842476197444383068e+00
2.539536602152090428e+00
3.856200015476590526e+00
2.540369238648509942e+00
3.860561525850225273e+00
2.568928371596212124e+00
3.824326313379065478e+00
2.549513426686447204e+00
3.836607780110892207e+00
2.539767803172912508e+00
3.850338311032769134e+00
2.531943370690589390e+00
3.860059749051893974e+00
2.566460050524371983e+00
3.825818735932929204e+00
2.556901342102636310e+00
3.834780739757846391e+00
2.543982748191917054e+00
3.846882699251136906e+00
2.530455181920538088e+00
3.856472498949115035e+00
2.523048078087428703e+00
3.822873451247988719e+00
2.554269400384576727e+00
3.836007909618454725e+00
2.545806031862641650e+00
3.847426447877174915e+00
2.536441083566390642e+00
3.858809760604685390e+00
2.529177708246605594e+00
3.818053415938825523e+00
2.557594490701319057e+00
3.826105567754290782e+00
2.531117728255871668e+00
3.848679895435045850e+00
2.531673003733490024e+00
3.859617907445643148e+00
2.533967568821299476e+00
3.816345167120446025e+00
2.561182099304354587e+00
3.826230020765270634e+00
2.535367908990274977e+00
3.846125250462542944e+00
2.534036369671609723e+00
3.858925165866527784e+00
2.533081525415778579e+00
3.821673779340895027e+00
2.569175961445138601e+00
3.825631535199815136e+00
2.547404567019028399e+00
3.838384249207543952e+00
2.529428853611973338e+00
3.852190976573524495e+00
2.525798911947363834e+00
3.865318566506456222e+00
2.561557621953985286e+00
3.830094536776193603e+00
2.553050067362007347e+00
3.839755033358827507e+00
2.541546033144614469e+00
3.849469592826462616e+00
2.525546541843580961e+00
3.864028914461851816e+00
2.563630683604714466e+00
3.829529120727596769e+00
2.556210105323526882e+00
3.838745380831504406e+00
2.544400945190570251e+00
3.847007647485785053e+00
2.529457338062766958e+00
3.856115320519698741e+00
2.559040956496618335e+00
3.827564736393097800e+00
2.549004151971983045e+00
3.842626397517166836e+00
2.549786924161782764e+00
3.847287673173471312e+00
2.538124901258394406e+00
3.852068595116275418e+00
2.515439315279025756e+00
3.825338421831564695e+00
2.548233172847699457e+00
3.844127115023907137e+00
2.554312175802187390e+00
3.849020517038616251e+00
2.544512890297757401e+00
3.851324479101641440e+00
2.517564238678781763e+00
3.821703824164268681e+00
2.547826878744261947e+00
3.840371993027354325e+00
2.547887345962097427e+00
3.851185400714612683e+00
2.546665357929695173e+00
3.851061997159154426e+00
2.526809440726697886e+00
3.815930344766933935e+00
2.546542790072229501e+00
3.835421519151864800e+00
2.542284777202798107e+00
3.852018101016468687e+00
2.546135317910973139e+00
3.853282662248000534e+00
2.534433018574768326e+00
3.815503742356690431e+00
2.553169559340910943e+00
3.832435626498050141e+00
2.543662572488762486e+00
3.845945496085927395e+00
2.541012915350744361e+00
3.857202339965732918e+00
2.535582931278755670e+00
3.863555636555898953e+00
2.564415416715656981e+00
3.827917759687616162e+00
2.547537598966412187e+00
3.841709889741378170e+00
2.537300112771158744e+00
3.854246530013297090e+00
2.532101021067089341e+00
3.861190022212441342e+00
2.564831946472308388e+00
3.825532214352664884e+00
2.547124091741468366e+00
3.839622497855883054e+00
2.537920497097599259e+00
3.850773868345391371e+00
2.528645088377771799e+00
3.866935757149905672e+00
2.567940014569654927e+00
3.830627031036824004e+00
2.562229651635704819e+00
3.836889344365261856e+00
2.544945219730676111e+00
3.845581235198633152e+00
2.523726995162857811e+00
3.862839866403806166e+00
2.564266906477831842e+00
3.828911609146795403e+00
2.561797573693339380e+00
3.833600901659494298e+00
2.545083183848303232e+00
3.845698205000750214e+00
2.527742239125779555e+00
3.856090968190052148e+00
2.518501191580579945e+00
3.825950697004593337e+00
2.553788675520643814e+00
3.836944413431130130e+00
2.549060812022976741e+00
3.845549269000406944e+00
2.536409544984528974e+00
3.856528762934793964e+00
2.523400078662175972e+00
3.824159722009126128e+00
2.557179681962756135e+00
3.834838667880421159e+00
2.546616420765503985e+00
3.845972640266739351e+00
2.535768307860283954e+00
3.853732864245110967e+00
2.526622929199454859e+00
3.819879855527029022e+00
2.555838626243587708e+00
3.833771321706213264e+00
2.547474773249279512e+00
3.842643076609599362e+00
2.536408489354785356e+00
3.855683253882518535e+00
2.528073676397449177e+00
3.819883472213450482e+00
2.557030031935722203e+00
3.831914121671949669e+00
2.550529135590287488e+00
3.839161289646597641e+00
2.538683286312117815e+00
3.854215857669381240e+00
2.524670165725439563e+00
3.868008171175675525e+00
2.566824605098974033e+00
3.826472856791552246e+00
2.554112394267712638e+00
3.836217779511126302e+00
2.531819468646364868e+00
3.853073076451233980e+00
2.525971894748564317e+00
3.868158195516080422e+00
2.569796796785719817e+00
3.828634066797634183e+00
2.559097410531196104e+00
3.831066476712681634e+00
2.535779534199225527e+00
3.846188849897058670e+00
2.516999206382715570e+00
3.865676379874179336e+00
2.565449023359819503e+00
3.832170568305079073e+00
2.563572437656224334e+00
3.835426152222822793e+00
2.544070939833011025e+00
3.844222290523049868e+00
2.526631310710829581e+00
3.860437805787692689e+00
2.561879705333325319e+00
3.826788664065138956e+00
2.559097643464981253e+00
3.837350739345202211e+00
2.545921434326702482e+00
3.846898318050287369e+00
2.534716620052894775e+00
3.854495357880971973e+00
2.517920982229938875e+00
3.826486810100881097e+00
2.554867153404043911e+00
3.838789694510002182e+00
2.552044909210776424e+00
3.846351704704273011e+00
2.539787036575647861e+00
3.857734593373831178e+00
2.524968162634600777e+00
3.823424411721268790e+00
2.559314945859092028e+00
3.831603434745507464e+00
2.543426933863897954e+00
3.845080314618099848e+00
2.533538611698848086e+00
3.856111048460562518e+00
2.527929261109160386e+00
3.819758033017132792e+00
2.559146806817385489e+00
3.834567394754241576e+00
2.549411920818617894e+00
3.845650307409186563e+00
2.542993957970888008e+00
3.852101948185710611e+00
2.527945851180382064e+00
3.863885250582272501e+00
2.558745861938748867e+00
3.833512654286766796e+00
2.551614121125303836e+00
3.843528509446125341e+00
2.544042747012992045e+00
3.847114921226272966e+00
2.527609398236958960e+00
3.860356173958384041e+00
2.554432402436022098e+00
3.833629464436194567e+00
2.552846476211238613e+00
3.843102610270284103e+00
2.548137387732381853e+00
3.848463834399563410e+00
2.531324661643311824e+00
3.857693611434824810e+00
2.557229399666252512e+00
3.827281706152845686e+00
2.547011244729302515e+00
3.843300513759629222e+00
2.545121156102052140e+00
3.850676181444638857e+00
2.534163331360247629e+00
3.857853875909134533e+00
2.563136091009965867e+00
3.826005153068978260e+00
2.551237355202850221e+00
3.839012881132090271e+00
2.545017055367595482e+00
3.846954726436196736e+00
2.533765670479568133e+00
3.854909930458121359e+00
2.517456244724160630e+00
3.823527924494287245e+00
2.553202257813364184e+00
3.839340054672777391e+00
2.547299962655415584e+00
3.845864412441251545e+00
2.539636431232876745e+00
3.854040766040292887e+00
2.520315018441347199e+00
3.823814087625595715e+00
2.554030156798807294e+00
3.834802112562434750e+00
2.546378493956794831e+00
3.843372274771253316e+00
2.534771757786326685e+00
3.852161075551017166e+00
2.520416640937765962e+00
3.818656002126516569e+00
2.553772394213273067e+00
3.833887884387251699e+00
2.545862871607163846e+00
3.846965961273328904e+00
2.541115996096424912e+00
3.855092367232881845e+00
2.528773027934555717e+00
3.815545542590463857e+00
2.557948634952262434e+00
3.828141116257999244e+00
2.540430511024566851e+00
3.846368228811276602e+00
2.538595002633356579e+00
3.856692895767808160e+00
2.533754967478623055e+00
3.860365456506097637e+00
2.561806800269526008e+00
3.824174946646556883e+00
2.540567622667957881e+00
3.839273495214840182e+00
2.534644310385078647e+00
3.853821840396723708e+00
2.527507934759680275e+00
3.864147128159831190e+00
2.566982642497204203e+00
3.823939081416805053e+00
2.551423381323839834e+00
3.833821778587708895e+00
2.530046586541823128e+00
3.849772895817485718e+00
2.525552078311736004e+00
3.862632903865354184e+00
2.564514583862794517e+00
3.827324225661582258e+00
2.555755048192307477e+00
3.834052657761847449e+00
2.535155921935047019e+00
3.846696117356934508e+00
2.526016802814219808e+00
3.858228834034160837e+00
2.564062591427444637e+00
3.824056231946532325e+00
2.546192478361023692e+00
3.841923425881242693e+00
2.547467257371114790e+00
3.849016430021516832e+00
2.541249487047225308e+00
3.854675238373256985e+00
2.518825694343645782e+00
3.823428121906383481e+00
2.552621564339023319e+00
3.838017081484089488e+00
2.546063505752615974e+00
3.847899938636230921e+00
2.540239979075590071e+00
3.856276638744483787e+00
2.526444767474982811e+00
3.820447027260570838e+00
2.553894492297541952e+00
3.833516210292329696e+00
2.543304501931249018e+00
3.842411673868124655e+00
2.533812255166917105e+00
3.856611635995982112e+00
2.523556554847784739e+00
3.824979532764179346e+00
2.562424423629408476e+00
3.834833937921168001e+00
2.554061721191424716e+00
3.840662888609346126e+00
2.537548525639601316e+00
3.850334649787094499e+00
2.517525439366437467e+00
3.823763679378944236e+00
2.558726249292425869e+00
3.835509086635749743e+00
2.555870033521668194e+00
3.840423566653260679e+00
2.543400383291756217e+00
3.850237057419421127e+00
2.525226317570255397e+00
3.863104536928895882e+00
2.556668908565370657e+00
3.833314271505557258e+00
2.553060350746906515e+00
3.840995528468474252e+00
2.540170837153099104e+00
3.851737471331810880e+00
2.527761882429400142e+00
3.863677073547190588e+00
2.566024340249969171e+00
3.828638913469803118e+00
2.554559057716674353e+00
3.838569613456486174e+00
2.540817751222768095e+00
3.849415848406390950e+00
2.529714135968570865e+00
3.862583441099332493e+00
2.565828170111123629e+00
3.826808010930354165e+00
2.555862188088443343e+00
3.836536295004373542e+00
2.541507833195510990e+00
3.849215200024377559e+00
2.532986939460747600e+00
3.861118315380517529e+00
2.569983018194188062e+00
3.824827541917512175e+00
2.555301197934207735e+00
3.836422733198598500e+00
2.545669030782370612e+00
3.849238582513963891e+00
2.534602476551838457e+00
3.860091976922563894e+00
2.527232001645034476e+00
3.822692934508859608e+00
2.555858289995140531e+00
3.832363606886389107e+00
2.542230727663584045e+00
3.846204615248263625e+00
2.534205733834181462e+00
3.855557535253810730e+00
2.524189350306390800e+00
3.821576408739361774e+00
2.557692923446486244e+00
3.830575101920164816e+00
2.547029116150235861e+00
3.843085644191127415e+00
2.533927623657053818e+00
3.852819507506217267e+00
2.519067521252916109e+00
3.825880891105849280e+00
2.561475565861316639e+00
3.834455147862327884e+00
2.557153326991476128e+00
3.837425500929023681e+00
2.535741358074576901e+00
3.851300768320624179e+00
2.519749628791332796e+00
3.867775075614626967e+00
2.561415773575048682e+00
3.834772114315460279e+00
2.557604747814569812e+00
3.841173231122191556e+00
2.544094190329258875e+00
3.847540355262206280e+00
2.523995172657774955e+00
3.863478344929597519e+00
2.558196180994186442e+00
3.831088402327340603e+00
2.554218431287004876e+00
3.840628338049214108e+00
2.543928673801286067e+00
3.848015784003346873e+00
2.526304341152346922e+00
3.860262922726103163e+00
2.554541475279335394e+00
3.833041745112967913e+00
2.556512669886610745e+00
3.842419465832853653e+00
2.551763227364066466e+00
3.844748680031151444e+00
2.532051109944862155e+00
3.855390547236499099e+00
2.555754002764333954e+00
3.828635304249467186e+00
2.551994723263337317e+00
3.841437965901387308e+00
2.549372451605474321e+00
3.848871890843575283e+00
2.537671568945062628e+00
3.858049560853213489e+00
2.521247989727437133e+00
3.825381152783634775e+00
2.557177305780740539e+00
3.836626542968435416e+00
2.547383245179774214e+00
3.846301073825876493e+00
2.534662622269609589e+00
3.856503697843176148e+00
2.519849343664203101e+00
3.827560635123220312e+00
2.558769043546512467e+00
3.834296063680574740e+00
2.552105395035553670e+00
3.841058872368258381e+00
2.532655240475731873e+00
3.854526504721858871e+00
2.519618862684709804e+00
3.826571696440960846e+00
2.560130800534287321e+00
3.834123785273253038e+00
2.555352200927481832e+00
3.839921804665894278e+00
2.532492580558807216e+00
3.855829357816868530e+00
2.525014699302943200e+00
3.822997039876944392e+00
2.563801486782102845e+00
3.833863938568407903e+00
2.555433517055127002e+00
3.839082775297979921e+00
2.537586838023109692e+00
3.850464107682132209e+00
2.520915532905598777e+00
3.867798315913316021e+00
2.561856145744385582e+00
3.834773468563009935e+00
2.559762710025331955e+00
3.839827677822009289e+00
2.544151962498960362e+00
