5.735259883796497427e+00
5.256707737892664767e+00
1.019392002598702440e+00
5.273405508702881939e-01
1.225075703829871854e+00
3.967870442186109514e+00
6.063044378343606100e-01
4.048977272193089227e+00
1.666908580167966170e+00
1.356303639789766535e+00
-5.318400928757963803e-03
3.048200051550156608e+00
2.357737291076136721e+00
9.128191883047609423e-01
6.276575547474830263e-02
2.628300156339609117e-01
3.976504069999968749e+00
9.488847632258017306e-01
3.044623934889694183e+00
2.285646829755811626e-01
3.354691054007508555e+00
2.261694395204704833e+00
1.478548877300968734e+00
2.962295802270413780e-01
3.899766973522282854e+00
9.261533836519106888e-01
3.043766813448916864e+00
2.279113347706659964e-01
3.345142429055740774e+00
2.264285725978797181e+00
1.448100902479527718e+00
2.784041877562713485e-01
4.029169108681363021e+00
1.064577576488200172e+00
1.976568906584282637e+00
-2.143740534575528378e-01
8.836242788488563038e-01
1.277233369486070025e+00
3.662641124394809822e+00
3.692826528368345351e-01
3.608329552383911398e+00
2.177531223282803907e+00
2.008811372119341243e+00
4.234902579324100746e-01
3.608705272107593842e+00
5.890647176181982303e-01
4.073909864712456752e+00
1.435258843053285327e+00
1.221947593608352811e+00
-1.646570855419493551e-01
1.629237790538231589e+00
1.958543532955238753e+00
3.046009513318409745e+00
-6.095055134002282798e-02
1.602371917062990647e+00
1.862241628254708070e+00
3.078834397769974363e+00
-2.870655127021429567e-02
1.701170461892088204e+00
1.951588042573792592e+00
2.936486512455126263e+00
-1.031764986266599793e-01
1.393209663321772096e+00
1.720050541050401671e+00
3.277205696956888126e+00
6.507886751060609765e-02
2.276342162442735795e+00
2.202281618404197339e+00
2.199322162355044519e+00
-2.612607135981448447e-01
1.105143993830933202e-01
-8.854187875505008243e-02
2.917901050145602415e+00
2.376092696410116556e+00
1.248014469064263388e+00
-6.684734243720802382e-02
9.466188131967828712e-02
4.175546482622666034e+00
1.595979648494432857e+00
1.354124815668612536e+00
-9.394372436153144990e-02
2.421324009489969509e+00
2.294378229935801983e+00
2.082674027981489928e+00
-2.569100808633608124e-01
-2.113454933245273795e-02
-2.893127164700916298e-02
-1.085277026753842938e-01
3.363102760194851548e-01
5.134253983719497816e-01
3.875111270568992961e+00
7.571262101948130763e-01
3.908665453604373674e+00
1.032657438583674869e+00
1.868574461394592490e+00
-2.303521195022351920e-01
6.945227573774025442e-01
1.028762496682324334e+00
3.778188371881513685e+00
5.150053009613101418e-01
3.909883084847888490e+00
1.897689527052560443e+00
1.421174339996865932e+00
-1.759380172032479761e-01
1.513380260425227997e+00
1.848251859492427984e+00
3.199254991227239664e+00
2.572966232876302758e-02
1.966671002139005253e+00
2.082358144947138889e+00
2.628525559194721861e+00
-2.138366582745999667e-01
7.347223193321259505e-01
1.058617488258366990e+00
3.747592318599391792e+00
4.890589977169550462e-01
3.854310576694320645e+00
1.967008229559184862e+00
1.695731496540927363e+00
-5.222265921966200847e-02
2.533464750565094015e+00
2.293086660288901513e+00
1.892412481425922444e+00
-2.346935846176020635e-01
-1.376623649410291805e-01
8.734590567218285528e-01
1.347463363481042453e+00
3.677919187099007559e+00
3.783091194543835578e-01
3.590866635949422125e+00
2.151905325070660790e+00
2.030535703182341667e+00
4.316254987899796891e-01
3.554033617863503025e+00
5.564172273139015301e-01
4.061520765434814884e+00
1.568630841712143065e+00
1.341644542763513748e+00
-8.045979216276991086e-02
2.550164335846511587e+00
2.323932778546016653e+00
1.884095481393448068e+00
-2.320398401985868109e-01
-1.350117666635815838e-01
8.979219386633460198e-01
1.354804024581991673e+00
3.683541248919510736e+00
3.631588172676483706e-01
3.531847204518832495e+00
2.188118977007373900e+00
1.980534187739159346e+00
4.406488482585044775e-01
3.329966001841914380e+00
3.642028884794014099e-01
3.790851999093598934e+00
2.053636416773730211e+00
1.967222046895717336e+00
1.885570724553479738e-01
3.833618867404005037e+00
2.085785684745393276e+00
1.938925019390014715e+00
1.248430293620740039e-01
3.604064785479976329e+00
2.218490951694134683e+00
2.004877885320333508e+00
4.562680493569716278e-01
3.188018944014993750e+00
2.840746032503724816e-01
3.505880422486034931e+00
2.215138940712476412e+00
1.901390130872922191e+00
4.490742696574968051e-01
2.791319181993492382e+00
5.199111830539717566e-02
2.450700225748476235e+00
2.262883369740730899e+00
1.953451689465954599e+00
-2.405091077089089036e-01
-9.622297439025044585e-02
4.517669048828497624e-01
7.273786741984585857e-01
3.852486567069953960e+00
6.769609101700893028e-01
4.033001886867602970e+00
1.368870693589861354e+00
1.229694317271015525e+00
-1.746555175148516992e-01
1.580138973926654700e+00
1.894415028108123122e+00
3.105786252075104947e+00
-1.150654800472618311e-02
1.788986471388788857e+00
1.992020986440087515e+00
2.845705391111514437e+00
-1.451882243704485931e-01
1.177574962383030499e+00
1.535735407759761806e+00
3.466905885745508620e+00
2.148701053125862126e-01
2.885017628926155986e+00
2.296194598920812346e+00
1.144451067699900459e+00
-2.996861082308781288e-02
1.265405052769867644e-01
4.138169657336881357e+00
1.225152472665923309e+00
1.470159171775007101e+00
2.024124310727710707e-01
4.095690192544540587e+00
1.756483670688477661e+00
1.330612867314531655e+00
7.023749202176680917e-04
3.170718094216291583e+00
2.342409935585336278e+00
6.630274743867998755e-01
1.249043670251851756e-01
3.786472691852540984e-01
3.974447218745023491e+00
8.811260374691168851e-01
3.428104124979741485e+00
4.768944915765868653e-01
4.047558351084009409e+00
1.753369093056168060e+00
1.212522620512022087e+00
-4.799856549421367691e-02
2.777110604037070107e+00
2.353555495099544537e+00
1.451230751431944244e+00
-1.167150523972518561e-01
-2.870446594042071892e-02
3.584950762218899634e+00
2.317527222209495363e+00
1.873281988799298414e+00
4.689233455448713062e-01
2.511076919270241348e+00
-8.075146282850946544e-02
1.836820450062479626e+00
2.013898876903923441e+00
2.839913636061982327e+00
-1.457886751681258253e-01
1.088194041626810105e+00
1.485492466792758703e+00
3.500249349849704039e+00
2.439225753669047037e-01
3.087198390466909359e+00
2.280952686224688275e+00
7.614933824847134325e-01
8.673091136379991462e-02
3.225907687681844882e-01
3.974465153446707699e+00
9.101800283577297090e-01
3.265839244056631507e+00
3.621912567252152382e-01
3.819911881754902705e+00
2.031235152912350017e+00
1.914895646002261698e+00
1.316343221548957332e-01
3.572312523387110694e+00
2.240095813607168473e+00
1.978481501639039131e+00
4.497968424171280288e-01
3.119251002047740862e+00
2.185622764655574257e-01
3.329144846740711206e+00
2.288308333998666289e+00
1.278095172526732215e+00
1.770035092505238827e-01
4.103781757848353529e+00
1.767174244393800331e+00
1.297833593211727976e+00
-1.582686488423633991e-02
3.090058894033367753e+00
2.374724934357624218e+00
8.641353944229005490e-01
6.133120079647810113e-02
2.855807807135343768e-01
3.994452985664318057e+00
9.252871977655958702e-01
3.124730290566872792e+00
2.567309057936893457e-01
3.477556775298835667e+00
2.231453676163274835e+00
1.875909038055925793e+00
4.570644227805707449e-01
2.752788033037749660e+00
2.694417094262473861e-02
2.412637830691528151e+00
2.231138887996707343e+00
2.045684796135795125e+00
-2.558966956142116889e-01
-3.573983564759516951e-02
9.754006179366603996e-03
-1.609721903094570028e-01
1.419263690065497130e+00
1.822662770933192844e+00
3.294062127821324015e+00
5.739129517328038499e-02
2.212348376186558774e+00
2.181566932703760120e+00
2.288379805263157429e+00
-2.603993494102654904e-01
2.144526154439499455e-01
1.716632939415303483e-01
3.955709556486874945e+00
9.049465730375932937e-01
3.079964033302995841e+00
2.596803297976134073e-01
3.440364417303569233e+00
2.242084576936382412e+00
1.768039438004844310e+00
4.327199738698936926e-01
2.738371323392593482e+00
9.161900779266533845e-03
2.310544337536269310e+00
2.231029862487544868e+00
2.149858427154344831e+00
-2.604856156079832230e-01
5.574906442831352449e-02
-1.616415621037918804e-01
1.484472068771980346e+00
1.861913724187066244e+00
3.245818213599609869e+00
4.472510337532742408e-02
2.062032610043820657e+00
2.118937787583826005e+00
2.507023215265774763e+00
-2.394510577193475487e-01
5.244364708010893494e-01
7.549501711292159190e-01
3.835860366184274284e+00
6.269151959204979363e-01
4.038754307651269748e+00
1.538656271509868834e+00
1.305092364324788701e+00
-1.033345767456970710e-01
2.312376728557195449e+00
2.245068149617252207e+00
2.245608267487902321e+00
-2.630816057385590989e-01
1.066063548147100082e-01
-7.034770821766392346e-02
3.047219488626363493e+00
2.389623109588533634e+00
9.472247625300909135e-01
5.265916541246362659e-02
2.507769136757245776e-01
3.976307743863463084e+00
9.563731409359685909e-01
2.995435181413173442e+00
2.008335826979900651e-01
3.234419077327139291e+00
2.285204537041434225e+00
9.472611103275685451e-01
-1.507025143103508658e-01
1.989652426678876207e+00
2.143552911189755328e+00
2.682367745897327183e+00
-2.023132095132111619e-01
7.781472409867801199e-01
1.127297561482203392e+00
3.714632741317169362e+00
4.353504264964405124e-01
3.811772897512245351e+00
2.050589261597118629e+00
1.930127969205073901e+00
1.393011249266420948e-01
3.640636779413499724e+00
2.207847997851583699e+00
2.048204510740772033e+00
4.114593662187119305e-01
3.686392050356653627e+00
6.596080586117183397e-01
4.006840298975860470e+00
1.251223146583096746e+00
1.707218864206763609e+00
1.361482061672599497e-01
3.788157297626693065e+00
2.131760853419650381e+00
2.056435355650044094e+00
2.687149486085562700e-01
4.060354952141309148e+00
1.780246138371976983e+00
1.219522584047125324e+00
-4.934355045889765590e-02
2.811621122515638227e+00
2.349043213215304959e+00
1.418768495293284637e+00
-9.883396398296219465e-02
2.849954517892570871e-03
3.735220903933251790e+00
2.225476678751120652e+00
2.079164786154217737e+00
3.561026019861376346e-01
4.063177333806993197e+00
1.168825947771753304e+00
9.751619621590985609e-01
-1.672465175402011450e-01
1.648610410763216239e+00
1.974944675541779437e+00
3.029394200786629021e+00
-7.085930376578443435e-02
1.552608694317436644e+00
1.829266259040080111e+00
3.131134266758909046e+00
-1.004896471644534106e-03
1.841759579634821620e+00
2.024880831718035346e+00
2.777265506992724120e+00
-1.683662515837013873e-01
1.028510869688245455e+00
1.398775436570126374e+00
3.570805900850115400e+00
3.047207222979051444e-01
3.255589963162331735e+00
2.272394492709310931e+00
1.196685591884619093e+00
1.003210681291554773e-01
3.858943117991293636e+00
2.101617967758498740e+00
1.978583569687624610e+00
1.437711417031021788e-01
3.695072996611846072e+00
2.178746823619839290e+00
2.063577391772049907e+00
3.427059706292872598e-01
4.093737776802888639e+00
1.273373170334076931e+00
1.717354678350309527e+00
1.308807672505840902e-01
3.770016569504599957e+00
2.142529629790476342e+00
2.027153097429519768e+00
2.403729719629675854e-01
4.035175165721516244e+00
1.858908198308627746e+00
1.062438694925997629e+00
-2.056446069907971186e-01
5.194647780774575008e-01
8.454732341302253484e-01
3.823985138777059589e+00
6.081801477548181012e-01
4.049182102799132821e+00
1.581130306136427244e+00
1.354091758858809502e+00
-6.473574241731153145e-02
2.640816592841203736e+00
2.348859339189496076e+00
1.656115970579591590e+00
-1.830031480612156203e-01
-1.291280083930123057e-01
2.329740597787610668e+00
2.288289271916728929e+00
2.242728645803649279e+00
-2.612401479721844222e-01
8.519503131807595886e-02
-1.152026061491958353e-01
2.518787289668335205e+00
2.341240405668790103e+00
1.922468463306822528e+00
-2.306458439277373207e-01
-1.256358596139366957e-01
8.283375952110965112e-01
1.269289400335152251e+00
3.710890024010612187e+00
4.319894856451910736e-01
3.716407430271731815e+00
2.082181343992890454e+00
2.036708016997138326e+00
2.524255744918654232e-01
4.098846935757849863e+00
1.784967691775896537e+00
1.225895178942760566e+00
-3.882187879977020556e-02
2.850755763850001845e+00
2.357855014113060754e+00
1.315238343326428083e+00
-7.323150177309367681e-02
5.209082858290307871e-02
4.062907861798113807e+00
1.911315559861037183e+00
1.024825635714279315e+00
-2.067577774272629509e-01
4.708209945452998535e-01
7.388455858322393599e-01
3.862634265549818924e+00
6.385668957824325309e-01
4.073310674679262000e+00
1.442176151318615096e+00
1.187344069933447654e+00
-1.732266407287786913e-01
1.565978118641105254e+00
1.903906982252258295e+00
3.132929046718189170e+00
-2.605296988575471484e-02
1.830037471873303012e+00
2.004406802871403048e+00
2.825639563668457921e+00
-1.439670596118836077e-01
1.140864368538816898e+00
1.520600482976622647e+00
3.478332443906867244e+00
2.125609622392069242e-01
2.987942599528855769e+00
2.308807383310028438e+00
9.985351032734759436e-01
8.778821538843475936e-03
2.025250140173767144e-01
3.997828314126306459e+00
9.635028676733854436e-01
2.824740217157237776e+00
8.633364791996933629e-02
2.744687057913687944e+00
2.318632420083927670e+00
1.420276623226774282e+00
-1.223630560783371124e-01
-2.422455362986406999e-02
3.573908849145240652e+00
2.294476306572691637e+00
1.907538267318367620e+00
4.576952622231066359e-01
2.530311646144003390e+00
-6.156066687244261121e-02
1.878785944644309591e+00
2.053452198928462202e+00
2.760241624453998455e+00
-1.809373239788011622e-01
9.755752165928170960e-01
1.332784060885695787e+00
3.581405756011760033e+00
3.366173893591746791e-01
3.400618910301048015e+00
2.229660086173837374e+00
1.700828960841004101e+00
4.104661107975777212e-01
2.964854919066992167e+00
1.246025567485974234e-01
2.882461408154116889e+00
2.322592660422491573e+00
1.149085385243796997e+00
-3.584762772401599989e-02
1.278530325950893998e-01
4.132942884085292867e+00
1.238988837725681025e+00
1.564294247770019020e+00
2.306379523206062432e-01
4.112715024562598742e+00
1.654975879850038467e+00
1.381525669988878047e+00
-3.754317117858944203e-02
2.817864569207122472e+00
2.347500496693189387e+00
1.402025548382061171e+00
-9.434109685359103048e-02
1.217480504780792810e-02
3.799689274185153565e+00
2.185528916559268175e+00
2.054383938345496929e+00
2.657981414130003439e-01
4.099857642847642758e+00
1.725518734339870353e+00
1.353756726259088827e+00
1.262510864803141272e-02
3.146044945211914801e+00
2.358638718490526198e+00
6.518258196672175320e-01
1.424376462583329117e-01
3.815952847759155886e-01
3.988917300905092667e+00
8.653395886240476953e-01
3.429711263771070495e+00
5.120877917652926214e-01
4.039392203201730425e+00
1.681815969493032137e+00
1.367978888239137714e+00
-2.751140952222712582e-03
3.115494374658886123e+00
2.344581551367897365e+00
7.823023780618483247e-01
8.292169677210163570e-02
3.246472607113453090e-01
3.982235168131543546e+00
9.117276216864067528e-01
3.247138092712908986e+00
3.454513814800278526e-01
3.789703223814393507e+00
2.060172580136885312e+00
1.982319569055730479e+00
2.027277489886781525e-01
3.895538366733486857e+00
2.031724583089061120e+00
1.787764465088024668e+00
-3.140065705957085368e-03
2.877671949893828351e+00
2.332636216775072491e+00
1.275053293017937461e+00
-8.039629633727005120e-02
6.751518022771715866e-02
4.117577367107808861e+00
1.830148542884056484e+00
1.080875876595142948e+00
-1.430714656143872721e-01
2.034663859090174665e+00
2.165540824544920362e+00
2.618681451852035380e+00
-2.171684543955009483e-01
6.636017918596617271e-01
9.818299626540003544e-01
3.764536291102583476e+00
5.090315708872217293e-01
3.967321606987512794e+00
1.839544812562361464e+00
1.234690289457128110e+00
-2.073496777447142170e-01
9.878316102102875362e-01
1.424015177859916381e+00
3.598101961086508815e+00
3.063244492663883545e-01
3.353252247745500014e+00
2.233118722954940516e+00
1.443107253640707910e+00
2.986996048915057655e-01
3.962457490119805747e+00
9.902678454420039689e-01
2.532237824435799922e+00
-4.878832714849958008e-02
2.063244906009830348e+00
2.115559217930963687e+00
2.545824393250053053e+00
-2.282206671692913469e-01
5.749327027516883959e-01
8.625522371669163135e-01
3.799568116613360580e+00
5.686367635249021113e-01
4.039727402757127273e+00
1.669351497492994829e+00
1.329780080298879064e+00
2.696256095240238612e-03
3.088058930411526681e+00
2.362158809188469100e+00
8.007275258797579287e-01
9.470338992652192756e-02
3.142571084569117934e-01
4.002509302075788256e+00
8.981925997505659787e-01
3.223583143098692538e+00
3.518220102938434124e-01
3.746704098138372352e+00
2.089020947833222674e+00
2.019864494111848430e+00
2.241879136432028408e-01
4.025132517304945701e+00
1.891862514820585206e+00
1.251545767012431476e+00
-2.065864280183495882e-01
1.007982189138981299e+00
1.445208605209916009e+00
3.584015302223078514e+00
2.946683089413810741e-01
3.305023019441579724e+00
2.245167580360953874e+00
1.259022860301660440e+00
1.670050783745044010e-01
4.065929820441132492e+00
1.840003539874118799e+00
8.245790495206677395e-01
-1.685035624754781802e-01
1.476826666014821321e-01
5.692249409509508168e-02
4.030268973611809358e+00
1.951322323988668117e+00
1.249104100765064507e+00
-2.085277717111806428e-01
9.773526892996591275e-01
1.403526412048188954e+00
3.615069749208483785e+00
3.127770461661005807e-01
3.400960936648237620e+00
2.251182517251852033e+00
1.585393829716236214e+00
3.723172504967682817e-01
3.414606893330564219e+00
4.228371769378447276e-01
3.919134791667197248e+00
1.930606967720875033e+00
1.598024498270482985e+00
-1.084174258745976283e-01
2.053979995494680910e+00
2.166536862081327008e+00
2.550091542324528504e+00
-2.354729662013270997e-01
5.503779581479183447e-01
7.963180844348674015e-01
3.828014049094045301e+00
6.109982655874204305e-01
4.032332576036111504e+00
1.603859131426464746e+00
1.351546974823795377e+00
-5.088429005380984416e-02
2.734144069390758602e+00
2.336062968720824085e+00
1.560743225163064629e+00
-1.616524852157867065e-01
-8.212562754249561059e-02
2.964762928150169952e+00
2.398946224247036518e+00
1.107769911790891904e+00
-6.295193321425369970e-03
1.736359437774273040e-01
4.016597796066480264e+00
9.700532149979547158e-01
2.661914736432346107e+00
2.882745712801349641e-02
2.403209970284156505e+00
2.247680674892452934e+00
2.044333222534849615e+00
-2.498919060951807491e-01
-3.612235238079462840e-02
8.011084124004297369e-02
-7.436703368174660267e-02
2.986597667397627553e+00
2.399206147856037585e+00
1.051802861998692329e+00
1.015335374563821128e-02
2.021411583002525880e-01
4.011507408315837075e+00
9.586189031862457632e-01
2.778626985389721860e+00
8.969280134966939322e-02
2.699265285541263548e+00
2.303764604830258467e+00
1.538373188740566722e+00
-1.482146449816179601e-01
-8.929480613148776946e-02
2.968344178070202233e+00
2.411202259421987737e+00
1.160534769591120785e+00
-3.602171587495660299e-02
1.465511970707596978e-01
4.044594799518016259e+00
1.062675675258474728e+00
1.984192081709975852e+00
-2.183358936713306608e-01
8.961629129703030383e-01
1.280160746730554910e+00
3.649404480296143838e+00
3.864973964333808798e-01
3.595266091522329788e+00
2.153529092893740948e+00
2.037082410377184516e+00
4.041517456432122124e-01
3.730590568112624794e+00
7.019063620348285903e-01
3.943609317053809349e+00
1.091609552371693770e+00
1.295497550897823480e+00
-1.951461334575129714e-01
-1.034731770304374993e-02
-8.453923869145169023e-02
1.661095598440848198e-01
1.419303843903353957e-01
4.122963531109061996e+00
1.295877121997043524e+00
1.711466629527764960e+00
1.951819742595425344e-01
4.033116244138451378e+00
1.887931319694899468e+00
1.194046996830392171e+00
-2.125833347982186150e-01
8.020781218178620886e-01
1.227191112280227481e+00
3.699164699318635119e+00
4.226351841615477722e-01
3.721363075899617900e+00
2.078561036966206199e+00
2.044521383736175313e+00
2.538991245025798982e-01
4.069879366456566672e+00
1.752145275267447566e+00
1.322347163885626120e+00
1.745027288511939723e-03
3.142728150886016536e+00
2.349064599018501731e+00
7.163968398542608362e-01
1.344289163788603969e-01
3.612421791057512932e-01
3.967849744169823722e+00
8.964890596475352247e-01
3.366131122186196922e+00
4.395672575387995495e-01
3.979560834170579486e+00
1.849606060416918663e+00
1.209314149895367896e+00
-2.110623562535736963e-01
8.607514475696774747e-01
1.297391443807851985e+00
3.667401383445507257e+00
3.854909882030844170e-01
3.609676625635001024e+00
2.145548087945206461e+00
2.046337373501338597e+00
4.157044158790615396e-01
3.745683507352432606e+00
7.457517694423050347e-01
3.835496962263291287e+00
9.014705532410800526e-01
2.976233270991768709e+00
1.713943877266039806e-01
3.158140217280657858e+00
2.289138983781559666e+00
6.278173896452232672e-01
1.339758095634246138e-01
3.807998213133416687e-01
3.974234394774195156e+00
8.746529199713720670e-01
3.454040883696308573e+00
4.944276735514741006e-01
4.067967804754950123e+00
1.692697516039310068e+00
1.356382729502668250e+00
2.352929179494151011e-03
3.099807299663837057e+00
2.355940579966399717e+00
7.938871129239490898e-01
1.024542601815053577e-01
3.171064648161061594e-01
3.969397160901654065e+00
9.212295780156458669e-01
3.241243281763412476e+00
3.568922695904782616e-01
3.780865539212964421e+00
2.063085527893368631e+00
1.989547081321710653e+00
1.731326048409265739e-01
3.814305372262300153e+00
2.097864921888164869e+00
1.942559378760650990e+00
1.410884103367328612e-01
3.649995957121503043e+00
2.201409790815339829e+00
2.054982070289948393e+00
4.036315295221021282e-01
3.753740792875899235e+00
7.258970381118080573e-01
3.890704326241288591e+00
9.963401145984474017e-01
2.253125110289174948e+00
-1.536924279213173483e-01
1.416237940810564755e+00
1.755266862795801686e+00
3.274133457731611685e+00
7.787010103538002936e-02
2.231240379847668098e+00
2.184786898421407386e+00
2.268468965455181507e+00
-2.607422436465381965e-01
1.968014615905054054e-01
1.235230233589561522e-01
4.183631951954983386e+00
1.430235404476969174e+00
1.363547290304219839e+00
-1.202251926996882186e-01
2.078799344636779622e+00
2.174471169174566398e+00
2.539045747883128978e+00
-2.402380952121923319e-01
5.296732992070195545e-01
7.676824017716166182e-01
3.804619239728005198e+00
6.227371523298791400e-01
4.048131229972932843e+00
1.534651661284010427e+00
1.310109901384522324e+00
-1.050775157980980978e-01
2.325040483276129333e+00
2.241536513937693265e+00
2.217808066801364220e+00
-2.628883854002697640e-01
1.032244285578854670e-01
-8.919472915493775744e-02
2.871413323458855693e+00
2.381535558910381489e+00
1.328554072201548975e+00
-6.923820427774864117e-02
6.347921654896626631e-02
4.081774218924294040e+00
1.886631103530235221e+00
9.266797505566453097e-01
-1.909839352181136596e-01
2.948547698814211193e-01
4.023773752461837772e-01
3.902668689648669975e+00
7.871239817646128456e-01
3.813301304608835984e+00
8.964296946848400172e-01
3.037793371902556938e+00
2.161852782890614499e-01
3.313164162319611972e+00
2.269069535358861689e+00
1.297833700950380198e+00
1.666157936554703012e-01
4.087516420509701653e+00
1.775652885995415264e+00
1.297678962565082639e+00
-6.506641744393162202e-03
3.099975799105049390e+00
2.355198732875367629e+00
8.229738426846258115e-01
9.918585934350979127e-02
3.173831558685850651e-01
3.977681118897293810e+00
9.216648392312308813e-01
3.210835524116436801e+00
3.279925239588401542e-01
3.720113413995187912e+00
2.107256812639339394e+00
2.065953275121786614e+00
3.082856038931204301e-01
4.110344635798365509e+00
1.555215233952440990e+00
1.309040383011355946e+00
-1.130712518010943551e-01
2.219972820624816379e+00
2.216997153914839647e+00
2.376155863878574692e+00
-2.570357683386257364e-01
2.619491522153075680e-01
3.100253266757090342e-01
3.869763534527314697e+00
7.878641179864410704e-01
3.762925181793675744e+00
7.938810773884417138e-01
3.552382478837448065e+00
5.597708430364516374e-01
4.050349336687308011e+00
1.465889427681153823e+00
1.221448335668189777e+00
-1.612704894863183913e-01
1.729600283215027900e+00
1.996575935166125637e+00
2.973227917320155456e+00
-1.112107714667302794e-01
1.361070883287176958e+00
1.724764592671469643e+00
3.267217092614329133e+00
8.295039481406488169e-02
2.324377334102953441e+00
2.197569716919007377e+00
2.171529512124570793e+00
-2.583228147602541491e-01
5.936162389803023576e-02
-1.525134834432768927e-01
1.857127816103355311e+00
2.107653285185666636e+00
2.820161410467247443e+00
-1.676503934519715799e-01
1.033784331155078284e+00
1.395786472493751651e+00
3.540029466139579473e+00
3.010939903255753780e-01
3.261463915145041081e+00
2.266391233528850968e+00
1.197622461301383279e+00
9.624853157005969218e-02
3.855510356194559396e+00
2.104217946812280804e+00
1.999059924127921661e+00
1.785529686026112450e-01
3.780856518072491568e+00
2.122780468517906360e+00
2.017867757432727505e+00
2.193545896435643572e-01
3.993337479770228349e+00
1.929953494157148342e+00
1.439140216843392217e+00
-1.727808913500341603e-01
1.478132900283508633e+00
1.851167670680736954e+00
3.192785571065575478e+00
2.099835861173984450e-02
2.022690800790860610e+00
2.082778795784816062e+00
2.599902647968214797e+00
-2.183039662665850478e-01
6.384696955154040010e-01
9.625601862158377209e-01
3.764590488862824103e+00
5.265100983643100641e-01
3.980243977129097832e+00
1.811723797950383075e+00
1.067016998627461799e+00
-2.113875796701160381e-01
5.476271030417035890e-01
8.839266357768926774e-01
3.813986073879144456e+00
5.871610347698679178e-01
4.042583492456087058e+00
1.638531260660958555e+00
1.381366760471011368e+00
-1.991596129950912175e-02
2.992187187578855490e+00
2.366836483703961047e+00
9.849781557337504712e-01
2.610198948479020009e-02
2.279292943586427866e-01
4.006019942882625529e+00
9.483113498310358214e-01
2.914792965045528206e+00
1.495955737501131200e-01
2.966848583272891027e+00
2.320154890878479481e+00
9.955349950117855506e-01
2.125463977304128949e-02
2.076455387412959042e-01
4.009409907717216726e+00
9.516162018235474473e-01
2.828836378182330691e+00
1.165741142229642646e-01
2.825807822514139200e+00
2.312550174473684272e+00
1.296006833471062158e+00
-7.522553454872679679e-02
4.769233357253904737e-02
4.080326187395771242e+00
1.955382736712658831e+00
1.229786576787835761e+00
-2.099101868662119619e-01
9.269672771245306420e-01
1.356891027060925570e+00
3.637049143211180890e+00
3.432370509511792345e-01
3.497087685371560006e+00
2.189776389942696078e+00
1.848993483167177265e+00
4.569668491170884028e-01
2.739964753693521438e+00
2.676399701857470892e-02
2.384056625048313727e+00
2.231223990051834694e+00
2.099910705145661804e+00
-2.528658748354875030e-01
-1.389710035408203009e-02
-8.569023638422533506e-02
8.613653631287854218e-02
-3.299750143096963351e-02
3.425482134043382754e+00
2.337736750776379324e+00
1.524055207117977373e+00
3.276895944962678886e-01
3.678260956055976916e+00
6.705334393091113565e-01
4.000152412433853222e+00
1.210079673252743904e+00
1.679047786134670428e+00
2.333037151569962164e-01
4.138092897818346216e+00
1.636518086098313285e+00
1.373359530415420471e+00
-2.811483916505847641e-02
2.826571994040842029e+00
2.358075456639954215e+00
1.339495870048551307e+00
-8.599263137258161827e-02
3.622695964681682534e-02
4.022411466326583529e+00
1.998808114926199586e+00
1.570250802727408246e+00
-1.190879520075397574e-01
1.987331575179981158e+00
2.132473869823808599e+00
2.646849886859922840e+00
-2.168024956639185152e-01
7.214226023491521200e-01
1.032682060850246941e+00
3.724270217803348881e+00
4.965348941572188535e-01
3.884885637606587672e+00
1.931887019055763099e+00
1.583587491098255029e+00
-1.172238950499909088e-01
2.078041011584697451e+00
2.147765281002252280e+00
2.542318485243966197e+00
-2.307187895770524966e-01
5.492287953792478472e-01
8.228447149354625179e-01
3.807918328154834775e+00
5.858705684475086217e-01
4.055062710330126663e+00
1.613612297813379559e+00
1.356709361049159623e+00
-2.045023167956439361e-02
2.894283633952340118e+00
2.362621080409731622e+00
1.207544712932167474e+00
-4.339754311213581128e-02
1.101487143180440720e-01
4.184599414772230297e+00
1.389753743403247865e+00
1.402444426225574858e+00
-1.012910730956972094e-01
2.224206683426140696e+00
2.229109396785345698e+00
2.337308668186935279e+00
-2.605399016475458684e-01
2.395182312489466669e-01
2.084858330761177325e-01
3.857620078630432658e+00
8.270607704121837322e-01
3.611314494956673116e+00
6.535900014769605582e-01
3.997565980634596450e+00
1.158827092667636727e+00
1.256657376525355918e+00
5.294359232049859754e-02
3.562077910479095166e+00
2.266734275416856015e+00
1.957461526950545094e+00
4.598249832497404155e-01
2.972215048829609518e+00
1.420555039501234518e-01
2.969272615930735881e+00
2.299505868880098891e+00
1.039099085995309313e+00
-8.276750710124479438e-03
1.841258522699026901e-01
3.991127897432107829e+00
9.769369954064722750e-01
2.739917475545222914e+00
4.846055915668057157e-02
2.582965769076853935e+00
2.266761214719683615e+00
1.784051341857154638e+00
-2.172164200746812268e-01
-1.495776974569928974e-01
1.335719577793345270e+00
1.773422221786250530e+00
3.359903480487321570e+00
1.048859816793407951e-01
2.465512355541447320e+00
2.246186968002446882e+00
1.965205045790507254e+00
-2.460235065393898135e-01
-8.413163575013264672e-02
3.139069099725984024e-01
4.953195341786153505e-01
3.910133305826675176e+00
7.458529795577036881e-01
3.870638057894177031e+00
9.922345180075640148e-01
2.310700220638201685e+00
-1.301472297111093135e-01
1.546583030479545151e+00
1.856796540053714528e+00
3.137032803851284690e+00
-1.863899764653460453e-02
1.835517245998105729e+00
2.030048011609733916e+00
2.772193459065638077e+00
-1.660785068620745930e-01
1.018268437611711486e+00
1.396898677762313801e+00
3.565125088459717428e+00
2.849186062329624458e-01
3.304310890126386901e+00
2.274460355957177438e+00
1.225134767763036425e+00
1.321121848388254472e-01
3.972825004453734543e+00
1.988387129713746093e+00
1.582684956478944027e+00
-1.267904235821774583e-01
2.018844758831860098e+00
2.142822708355904826e+00
2.629047964054087139e+00
-2.132775277645119760e-01
6.961157992184243692e-01
1.023788748085891598e+00
3.752661470059523552e+00
4.878769838113561352e-01
3.930603206413679107e+00
1.929213497536213406e+00
1.498702265268221812e+00
-1.440088232332446538e-01
1.792905576196368145e+00
2.035125386602326003e+00
2.880696722216158356e+00
-1.424313389059710944e-01
1.204298227615784089e+00
1.573112603253941533e+00
3.421826386839861733e+00
1.988124328342278646e-01
2.834374045633377470e+00
2.288648596745767261e+00
1.262729833585218842e+00
-6.433349216094519374e-02
6.006125099813736101e-02
4.137317230704224080e+00
1.859646271753980562e+00
9.399005680207206392e-01
-1.984516233535831009e-01
1.083500351263876116e+00
1.522370427762257616e+00
3.543446344965275330e+00
2.496828350174490341e-01
3.136186459515339031e+00
