6.384919791173860659e+00
1.025354998108741711e+01
7.746920965608294907e+00
-4.454170215423577384e-01
6.688124083303280010e+00
7.935038373825340940e+00
2.799868554709035617e+00
1.105674445852890875e+00
4.362543803709939105e+00
5.283941287509084539e+00
8.252605643483401643e-01
2.906843850717329425e-01
2.715404761675607848e+00
4.374980341541223616e+00
1.249429879597531823e+00
2.528788705417096327e+00
4.161068117432130009e+00
1.233361599540748532e+00
-2.942023092809989970e-01
5.543237782199502695e-01
4.337901683685628562e+00
2.095039724615477272e+00
4.125073029739301234e+00
3.319824206024062807e+00
3.417193552189188743e+00
2.475951341578431553e+00
2.798302831658639356e+00
1.256624597434488066e+00
4.154545176989006272e+00
2.313066438536230507e+00
4.022708730431977742e+00
2.641943434852840777e+00
3.649773834741679046e+00
2.141126556740272413e+00
3.549895699717379838e+00
1.803923388404070183e+00
4.025460355304017135e+00
2.316603356091002208e+00
3.919920713232027953e+00
2.381814346851665043e+00
3.716894027684671364e+00
2.098806314306174592e+00
3.744418516848634582e+00
2.031367597601402952e+00
3.933761689113008497e+00
2.269570010166415130e+00
3.868204334266739153e+00
2.255205058889869107e+00
3.780264467383068094e+00
2.130618180261313999e+00
3.800312848468720528e+00
2.123418168415369678e+00
3.886342494311959772e+00
2.237995406670154175e+00
3.845431729764653639e+00
2.204553637491617479e+00
3.810133910681301028e+00
2.154468351336522147e+00
3.816490231540765166e+00
2.164587251513303556e+00
3.851994443579556116e+00
2.203403267218829509e+00
3.839774145982323361e+00
2.180670751773292615e+00
3.836105378283581668e+00
2.140677074793313484e+00
3.819037045080531989e+00
2.186027733727549105e+00
3.833794616511538855e+00
2.188863587056172122e+00
3.833349230148295650e+00
2.167365706509485790e+00
3.844557888758401987e+00
2.148132402300109156e+00
3.823880010393584161e+00
2.199481532727503463e+00
3.827151007429644647e+00
2.184880352542483806e+00
3.833972767217238786e+00
2.167936909241140242e+00
3.846884381132717579e+00
2.158293737716803662e+00
3.817242040631521505e+00
2.194576439150797142e+00
3.826103731759303628e+00
2.184852865040692649e+00
3.834533614184271855e+00
2.172896092739537544e+00
3.843767338409072476e+00
2.159918960496294282e+00
3.808631684104223147e+00
2.188379781474818486e+00
3.823224230841495874e+00
2.181598669490496079e+00
3.836874731275949468e+00
2.176501883737890886e+00
3.842641975966555989e+00
2.160801226075338644e+00
3.856679424646027865e+00
2.196296954956904468e+00
3.824052505744494290e+00
2.186821856477337622e+00
3.833684328581745682e+00
2.176722145996488500e+00
3.840799582408050306e+00
2.162545201686866925e+00
3.853028886315962964e+00
2.195003628429256004e+00
3.822812380857334880e+00
2.188403369157649436e+00
3.832113964682267948e+00
2.177022060926840030e+00
3.841424954843361661e+00
2.164644239739118348e+00
3.854666619417227214e+00
2.201834588472943999e+00
3.817796311651634245e+00
2.186484502362424642e+00
3.828768382315145935e+00
2.176005772562543683e+00
3.841373361072007331e+00
2.166255981752313708e+00
3.850821605111167223e+00
2.200470339031913358e+00
3.817673121336689679e+00
2.188630706952764182e+00
3.828834375579587945e+00
2.177136679279584541e+00
3.842554980283762411e+00
2.174030358500038673e+00
3.848210663059879799e+00
2.157542990970193308e+00
3.816881226376295455e+00
2.189461952330489680e+00
3.831320509491938253e+00
2.183575787902192200e+00
3.838232155967660653e+00
2.173829544491632682e+00
3.844472942873910171e+00
2.153982614428161302e+00
3.817991965163268997e+00
2.193636174552332285e+00
3.828691596393849039e+00
2.184945725322211096e+00
3.834775918330157296e+00
2.171603204096760997e+00
3.844582346500692083e+00
2.156768908537527452e+00
3.816624318432312979e+00
2.193929858539054756e+00
3.827830856041354757e+00
2.189130132616060820e+00
3.832542800161940821e+00
2.170648522475490338e+00
3.846210866629631298e+00
2.161377596756631547e+00
3.816316584732078798e+00
2.200292649708559090e+00
3.821635960791238684e+00
2.183382299183582731e+00
3.833927491856671477e+00
2.173561401405589066e+00
3.846119835104391260e+00
2.166065211877527652e+00
3.851169566675663347e+00
2.192134379010007184e+00
3.822639951028473426e+00
2.183375764465642188e+00
3.836247924737151926e+00
2.181672930253245823e+00
3.839976665393229904e+00
2.163772643401542517e+00
3.850358809342965039e+00
2.191328098952525671e+00
3.822847856001823974e+00
2.188724539001039027e+00
3.832504904886024466e+00
2.179047753996653292e+00
3.840809971347084240e+00
2.165320722041969681e+00
3.852669551689059890e+00
2.200105475090806451e+00
3.817707014983492630e+00
2.186950454299132929e+00
3.828806069232234766e+00
2.176984246316363336e+00
3.839790104397622805e+00
2.167493435790903256e+00
3.850769970713863621e+00
2.199440518237157693e+00
3.819188701331437841e+00
2.191273001644463925e+00
3.827894587672834970e+00
2.181217773267085658e+00
3.839266002249695831e+00
2.165952586466689755e+00
3.852894427199820448e+00
2.162515573112046674e+00
3.818583651113650390e+00
2.193849599723886712e+00
3.825409293047833170e+00
2.178162780249183861e+00
3.837956846481331397e+00
2.169083130000396764e+00
3.850655052241004572e+00
2.163354412969766383e+00
3.815363627784978284e+00
2.193889301217483379e+00
3.822797590382879029e+00
2.179005354698142938e+00
3.835700651964631280e+00
2.170717589703074601e+00
3.848667466366658907e+00
2.163838854657277988e+00
3.814533332870763793e+00
2.194242523806851697e+00
3.824407457057036552e+00
2.183940772199041813e+00
3.836131855866373286e+00
2.174601495689127084e+00
3.846904335339114134e+00
2.164321253044639626e+00
3.810845463384893161e+00
2.195186559359687095e+00
3.820293710715744862e+00
2.181301421975727628e+00
3.833271734795331565e+00
2.173507507627221447e+00
3.845195104978177625e+00
2.165437547506563920e+00
3.851311805230143825e+00
2.193738786372893657e+00
3.819526434707524842e+00
2.181438394383256707e+00
3.834356689790106465e+00
2.177135729935073982e+00
3.844720179054625486e+00
2.170583035023591734e+00
3.848969685772308136e+00
2.193710482709159582e+00
3.815768230560661056e+00
2.181513304467454617e+00
3.832706566593311326e+00
2.176925504838951753e+00
3.843709074616976640e+00
2.170365957396915846e+00
3.849876460868682848e+00
2.200008792683603165e+00
3.814500093943497205e+00
2.182018670709581443e+00
3.831755650377911770e+00
2.179384530041058810e+00
3.841877314945679966e+00
2.171088727790134509e+00
3.848877097982197792e+00
2.158973562969014104e+00
3.813988396811824000e+00
2.185717311360656279e+00
3.828714081350599763e+00
2.178054988202215547e+00
3.842067468638334482e+00
2.174693973257549651e+00
3.847726568326018892e+00
2.159484941923452972e+00
3.814546924447174359e+00
2.187502531747528955e+00
3.829993809726635057e+00
2.183149541295969165e+00
3.837553134402630128e+00
2.171769791364466684e+00
3.842159313110448782e+00
2.154263176873719043e+00
3.815921656905239878e+00
2.191108350176338426e+00
3.829538429362533414e+00
2.187110522530016699e+00
3.834038846022411740e+00
2.173468561459315218e+00
3.842845705539657875e+00
2.156412292601198821e+00
3.816852251813534380e+00
2.197322900094819342e+00
3.824084732379949170e+00
2.185246986441260919e+00
3.831209570237886997e+00
2.169132846403821979e+00
3.845554101766469834e+00
2.161350563077196529e+00
3.859265104368156063e+00
2.199414809735825926e+00
3.823374578029134163e+00
2.186807465354594360e+00
3.831446833934688101e+00
2.173477671738449857e+00
3.841722809325431864e+00
2.162206474938812129e+00
3.854612450786721212e+00
2.195756848223789248e+00
3.823154601487879223e+00
2.187841176329665238e+00
3.831894452819283092e+00
2.176280996531918532e+00
3.842607222006414691e+00
2.166226167287516269e+00
3.852712980387750452e+00
2.197773835667775622e+00
3.821073476813745984e+00
2.188275068691879710e+00
3.833003998198045714e+00
2.181418394887531420e+00
3.838827268999087217e+00
2.165547164493046406e+00
3.849643149802727482e+00
2.197019534231293925e+00
3.819317207455161345e+00
2.187407577969569861e+00
3.832158646636520505e+00
2.183433672779337087e+00
3.837773153925004621e+00
2.168154050967784574e+00
3.849785339987891852e+00
2.157346044216738257e+00
3.817834728837000036e+00
2.190087408651471002e+00
3.825467281298089439e+00
2.179133088134164176e+00
3.837590747104874911e+00
2.166977016790569088e+00
3.852246755150933399e+00
2.164617334901864254e+00
3.813977297795961618e+00
2.191650934136220918e+00
3.824217381555420125e+00
2.177904855044500820e+00
3.838835667707761967e+00
2.172243089127915194e+00
3.846914276361097063e+00
2.159438617399826121e+00
3.812637297016060689e+00
2.192221247731878986e+00
3.824244405292961169e+00
2.179659803241975613e+00
3.835421372845807308e+00
2.171746473073049799e+00
3.846979319982243517e+00
2.163847314872893612e+00
3.811098236969352016e+00
2.193306741553925132e+00
3.821306041898862915e+00
2.181477198403354301e+00
3.832505866773375125e+00
2.171221578920841999e+00
3.843806411962606973e+00
2.159597839878146353e+00
3.859099790089047133e+00
2.199259394700869841e+00
3.820486743764071491e+00
2.185754775799035876e+00
3.829225079498817852e+00
2.166211611968043904e+00
3.848710241525666653e+00
2.168412481141102965e+00
3.853364316488019803e+00
2.199221658097769261e+00
3.818950721759017064e+00
2.182497901762774362e+00
3.834866433950693487e+00
2.178636157240126714e+00
3.844764053113077118e+00
2.171620505361411269e+00
3.849424634770851839e+00
2.195890306644538548e+00
3.819659433056199038e+00
2.186134131825244520e+00
3.830775165868311571e+00
2.179878661034546639e+00
3.840719336572341103e+00
2.168746963788049431e+00
3.851317101851337465e+00
2.199475163907020470e+00
3.817127840431919328e+00
2.189297899853686058e+00
3.831160037853342804e+00
2.179269436898219059e+00
3.841735688613084232e+00
2.174197515099403066e+00
3.844894939619990737e+00
2.154026364879205069e+00
3.817092972689701380e+00
2.188811072417785386e+00
3.825655547288547176e+00
2.179526310258380395e+00
3.834563050222433933e+00
2.163438474411853107e+00
3.851727492315216050e+00
2.163043558727928861e+00
3.816230298106413787e+00
2.194137340524382473e+00
3.822372115624089517e+00
2.177848315340157548e+00
3.835684019055923155e+00
2.169001859025283974e+00
3.849623380037654030e+00
2.164353484252258930e+00
3.815333823906376765e+00
2.194633106242918963e+00
3.822715596302165952e+00
2.181691691047940473e+00
3.833832917343702018e+00
2.169447545857587034e+00
3.847406722296222270e+00
2.164125905476731226e+00
3.814429372630448345e+00
2.196868413169732914e+00
3.821476600567665916e+00
2.184029362201692415e+00
3.833383755174822216e+00
2.173524562634387092e+00
3.846206337472541925e+00
2.166545661618536123e+00
3.853099326905034872e+00
2.195949244534342704e+00
3.819241902060992455e+00
2.183408618339791829e+00
3.831890446143217499e+00
2.172799548789987600e+00
3.844769959105046375e+00
2.167701065446630437e+00
3.851990881103719566e+00
2.196556004766693437e+00
3.820987363573745466e+00
2.186905737900014302e+00
3.830376633161981736e+00
2.175958270037345876e+00
3.843024847672261046e+00
2.167927875230702739e+00
3.850276279621341224e+00
2.198790725438053428e+00
3.815314181769037916e+00
2.183287776682075965e+00
3.829847457794632426e+00
2.177074575896126518e+00
3.842679004584527380e+00
2.170172877643611997e+00
3.849955196151939152e+00
2.201975644640558283e+00
3.815818264944908389e+00
2.187120376799409627e+00
3.828278171962791188e+00
2.176843364239351875e+00
3.842341775357611677e+00
2.173203660891140032e+00
3.847980102239212385e+00
2.160042154833579531e+00
3.815004314738007718e+00
2.187197685358209576e+00
3.828744773473228058e+00
2.183092578587999100e+00
3.835586919567391728e+00
2.167861342404501901e+00
3.850242866724117086e+00
2.161776407943511558e+00
3.817493803247769879e+00
2.196522552025556241e+00
3.820025298914900169e+00
2.178062252718591996e+00
3.830625639471671118e+00
2.163611214150066964e+00
3.850635362762238056e+00
2.162878479079546334e+00
3.819286071746241795e+00
2.202550798279852007e+00
3.820786312057268042e+00
2.182811751889872198e+00
3.831602910600398815e+00
2.167850970260484456e+00
3.847536964958554240e+00
2.162499104236751180e+00
3.858176425006813126e+00
2.198971720417600029e+00
3.820970154373150685e+00
2.183218848064283790e+00
3.830857636854707149e+00
2.171463644399210136e+00
3.844089284229851522e+00
2.164842089454030116e+00
3.853661612730777009e+00
2.196958680629037097e+00
3.818701310133344684e+00
2.182593153371969130e+00
3.830415429959625140e+00
2.174516611578479974e+00
3.840428627471844880e+00
2.163504744455991613e+00
3.850994822122220107e+00
2.195676829272430908e+00
3.822101473222101475e+00
2.188258708991355661e+00
3.834074580771458240e+00
2.181152299269653483e+00
3.839270507347683381e+00
2.164972729215986824e+00
3.852226503320144158e+00
2.198769461972316819e+00
3.814758056696021971e+00
2.184486802127602267e+00
3.826318289528550132e+00
2.173869285140306307e+00
3.839899844267585571e+00
2.166000792512638995e+00
3.849923408588414198e+00
2.157504382235955642e+00
3.820128231538518104e+00
2.190381627176228196e+00
3.830214088310791798e+00
2.185266279057604955e+00
3.833226895610079676e+00
2.164108249308658749e+00
3.848328126481812550e+00
2.156668184058815108e+00
3.820368067160799797e+00
2.196294009947274972e+00
3.826169911766730714e+00
2.182328598128233654e+00
3.835507019221025438e+00
2.168513015202764294e+00
3.846235479852680328e+00
2.158783866238492610e+00
3.814601539335427560e+00
2.192718436335222343e+00
3.825811793785748094e+00
2.182973971371585442e+00
3.836002029921106171e+00
2.172797123751153858e+00
3.846014708964645035e+00
2.161127875158831646e+00
3.815042508927666276e+00
2.193904513419318025e+00
3.825911901773324519e+00
2.188832979213327867e+00
3.829746280158282445e+00
2.168855871650494649e+00
3.845540734003981775e+00
2.161704156867486404e+00
3.859182158240512361e+00
2.200299350148351429e+00
3.822870593912461423e+00
2.186581088613804624e+00
3.831151678551248274e+00
2.173945587015030156e+00
3.839633290140215038e+00
2.158100530217936353e+00
3.856486618011085277e+00
2.197005835973151466e+00
3.825064713140559736e+00
2.191244625317834593e+00
3.829703679050352250e+00
2.176141382276134628e+00
3.837939446333447080e+00
2.160139004288972764e+00
3.855097329279945306e+00
2.198302233794787064e+00
3.821031681832105065e+00
2.190285166192792676e+00
3.828021425473726591e+00
2.174268187258827645e+00
3.840783891901773828e+00
2.167866574429067050e+00
3.850553175870722544e+00
2.198914654436891158e+00
3.819729884374059470e+00
2.190553065718432890e+00
3.827407852075602079e+00
2.176236886455971575e+00
3.842451571863874094e+00
2.168494905921612315e+00
3.853561462586216013e+00
2.165367320306434973e+00
3.812958118020595588e+00
2.186569581227057135e+00
3.825873637799413363e+00
2.176903148335788352e+00
3.838994065912794351e+00
2.169562554610045435e+00
3.849086379606967867e+00
2.160285364074776560e+00
3.815836424889326839e+00
2.192349557932597115e+00
3.826844788962691091e+00
2.180821765926570954e+00
3.837454415290060705e+00
2.171527656360765945e+00
3.848041605512689589e+00
2.162092077673440027e+00
3.812632199998117866e+00
2.192567593238780255e+00
3.822975576776001194e+00
2.178703903936743735e+00
3.835179004134523950e+00
2.172311889828277831e+00
3.846946534632783798e+00
2.162789503456760798e+00
3.816497078631631457e+00
2.199570273024451961e+00
3.820282040710856197e+00
2.183297381943825055e+00
3.829970109996197358e+00
2.166950864673598875e+00
3.848287994780760890e+00
2.164929766649815956e+00
3.857430777194394533e+00
2.201302765307027620e+00
3.818641139942258178e+00
2.182150515152143200e+00
3.832376838793277507e+00
2.174121603092099342e+00
3.844343755594994416e+00
2.165868226724160461e+00
3.852905370059130696e+00
2.198368805419741889e+00
3.818497873021881261e+00
2.182833509996485066e+00
3.832602902990007721e+00
2.175772101422353444e+00
3.842170587869004894e+00
2.166671265899938525e+00
3.851709426134375835e+00
2.197381392942064249e+00
3.820254906572955633e+00
2.186335699478798134e+00
3.834319666775447999e+00
2.181690933214601280e+00
3.838994483820593384e+00
2.170175789072710248e+00
3.845385023510343725e+00
2.194183129121866749e+00
3.817407964286908317e+00
2.184890061871989086e+00
3.834353788664705220e+00
2.184276836362140983e+00
3.838073415480272477e+00
2.169869587856446902e+00
3.846529829549689250e+00
2.153759938438864374e+00
3.817184648138487901e+00
2.190092353419091253e+00
3.826439321855772402e+00
2.178445035201055813e+00
3.839608940151574057e+00
2.171788095806105545e+00
3.849559342593380507e+00
2.162219448866820937e+00
3.812542742395703232e+00
2.188934953228569125e+00
3.822390653603258581e+00
2.177170658961038008e+00
3.838872553388321229e+00
2.170729254650368478e+00
3.850334301262296588e+00
2.168433780682857748e+00
3.811895326545909235e+00
2.192568400274684137e+00
3.821089598570210022e+00
2.178452479777710948e+00
3.836224117116501020e+00
2.172016358536647651e+00
3.847119598345754010e+00
2.166921234248059491e+00
3.805552350798607542e+00
2.188325090406595841e+00
3.819337113564737596e+00
2.173162185101208621e+00
3.842710309691436787e+00
2.183783879977994058e+00
3.846349466964769981e+00
2.170125707689339656e+00
3.848806719684288780e+00
2.191166117686040415e+00
3.820694645004822476e+00
2.181379518705360621e+00
3.837263896118712658e+00
2.180020276063223239e+00
3.844437762122748570e+00
2.169690072659812508e+00
3.848801921690313765e+00
2.191399567503497181e+00
3.822084909928384899e+00
2.188000960008586571e+00
3.832538356876885821e+00
2.180897979865389580e+00
3.839350331279291595e+00
2.163295611825174714e+00
3.850509230307197051e+00
2.195932756002132891e+00
3.822695580254836578e+00
2.191903309626479057e+00
3.830260190582022606e+00
2.180316839046009925e+00
3.836856213031344609e+00
2.165802519573932550e+00
3.849541745658812353e+00
2.196941217479322361e+00
3.814935496392912295e+00
2.186729598150216169e+00
3.827365854807208034e+00
2.176235510896753489e+00
3.843501943492000805e+00
2.173798562716001470e+00
3.848682910846407346e+00
2.162356008068560875e+00
3.812551542396832804e+00
2.186144907512584723e+00
3.827379849314565874e+00
2.181120132752817575e+00
3.836753357879081783e+00
2.171279043538133724e+00
3.845020607911106225e+00
2.157963984889265774e+00
3.816076698185014493e+00
2.192748179135193709e+00
3.827342674955829249e+00
2.184208455416298822e+00
3.834502400466697214e+00
2.171641692954522362e+00
3.846335302213812923e+00
2.161026510806922207e+00
3.810406802288000883e+00
2.189937480927781621e+00
3.823164978037880246e+00
2.179318346595127132e+00
3.837921753453558349e+00
2.176900397339082804e+00
3.845477000270745904e+00
2.164547319450269569e+00
3.855754425288655085e+00
2.192068253616234141e+00
3.825617720772698682e+00
2.189877459238344315e+00
3.831547048566873226e+00
2.172743847054919186e+00
3.843680073660569185e+00
2.163628763138022659e+00
3.855591747139591519e+00
2.197754526408309594e+00
3.815772624081229303e+00
2.179904515801545539e+00
3.830171442582347208e+00
2.171097122570506244e+00
3.847924638270754372e+00
2.169938706399943129e+00
3.853110144460308639e+00
2.201106085351038910e+00
3.812659337012614724e+00
2.180700612019043305e+00
3.828127100293616358e+00
2.169937007405350116e+00
3.847181047664475884e+00
2.171982925877176562e+00
3.853571779894902072e+00
2.203345280378034676e+00
3.816343930583696586e+00
2.185547395261521864e+00
3.831743173578926243e+00
2.179116001033049255e+00
3.840596676416370148e+00
2.172174718302277263e+00
3.847476001934521328e+00
2.155929551470679328e+00
3.817993927776261120e+00
2.189125816970296512e+00
3.830603524621868594e+00
2.184102206690634596e+00
3.838167392196724759e+00
2.169046762289024599e+00
3.847800874419762707e+00
2.158842188322744438e+00
3.814932091052357421e+00
2.190843038754811456e+00
3.825470035079897357e+00
2.180007711021624051e+00
3.835887722550833878e+00
2.167308528677155177e+00
3.851061655556067720e+00
2.163717200252038619e+00
3.815723443835493001e+00
2.194556795510997915e+00
3.821696562994426394e+00
2.178777059871208621e+00
3.835864657700287061e+00
2.171534082219398698e+00
3.849144549558503936e+00
2.165315914656039453e+00
3.812339237276908044e+00
2.195250849417191397e+00
3.821861356124427012e+00
2.180434744924650836e+00
3.835894096918912588e+00
2.174357477224885038e+00
3.844035849067642285e+00
2.164473033745712094e+00
3.853967068936506646e+00
2.194351145760789379e+00
3.822309267316790660e+00
2.185677415899204945e+00
3.830416152911174876e+00
2.172352365381879924e+00
3.843608314538289772e+00
2.163604047864460256e+00
3.856639657998121251e+00
2.199756599698633686e+00
3.817121421859911212e+00
2.184746896537480776e+00
3.827969233864226606e+00
2.168963208919359786e+00
3.846252983986819807e+00
2.169542388124844567e+00
3.854297325047902234e+00
2.201779943149588359e+00
3.817241605070441857e+00
2.185060593123910877e+00
3.830113563582200342e+00
2.176129672232173018e+00
3.841599084523458441e+00
2.170360221646598475e+00
3.852674073568921109e+00
2.199677893860546796e+00
3.819144259454309687e+00
2.192143572749239766e+00
3.825730551219352904e+00
2.174977244081747862e+00
3.840991214240044194e+00
2.169147428425230117e+00
3.850483538726003019e+00
2.160528785937243956e+00
3.811007843824959274e+00
2.184562116291975276e+00
3.826409581894418821e+00
2.175192167117188102e+00
3.843475292780968555e+00
2.176354962420734562e+00
3.850284506972210696e+00
2.164837829543934333e+00
3.811762917187756727e+00
2.188184043373631926e+00
3.825234335515595330e+00
2.177427942802526051e+00
3.840639001134007025e+00
2.174992447008080809e+00
3.849234989631229009e+00
2.165884459292675146e+00
3.811066367090048868e+00
2.189580575924641170e+00
3.824449059289262820e+00
2.180215470779571341e+00
3.837283643386220966e+00
2.176079001563596904e+00
3.843680960382672485e+00
2.162107482141573556e+00
3.810634477371142026e+00
2.190835004661675356e+00
3.825873977226074807e+00
2.185907521487478355e+00
3.832712787887523564e+00
2.173663683122383450e+00
3.842597310694434221e+00
2.162821151940154785e+00
3.850854975874726804e+00
2.192262562171177542e+00
3.819471651312117633e+00
2.180485016578749935e+00
3.836045923720784678e+00
2.177581421675927498e+00
3.845412449433827540e+00
2.168965703451375848e+00
3.850414437884757124e+00
2.192813134460812385e+00
3.821374071619279000e+00
2.185616286015412246e+00
3.833749705774450067e+00
2.179520813040619842e+00
3.841026406712689134e+00
2.167733580689319428e+00
3.850060999833231801e+00
2.195875906028336821e+00
3.819058671247686387e+00
2.187902006957074263e+00
3.831571271117409250e+00
2.181234975994585490e+00
3.839263479184161554e+00
2.166421093135822318e+00
3.849457147817718194e+00
2.198154582513572652e+00
3.816635819183191725e+00
2.188143247358259380e+00
3.828180107552655365e+00
2.177062425392001899e+00
3.841215635829935859e+00
2.171275207562444631e+00
3.847316644754033010e+00
2.159785030314855803e+00
3.813916392279499412e+00
2.186425462828394561e+00
3.828992927401865920e+00
2.180624440462249236e+00
3.838455897952455231e+00
2.171196924214254143e+00
3.848821874304019008e+00
2.161421883406833722e+00
3.814906014205326379e+00
2.191419916445945582e+00
3.825961591336332290e+00
2.182061826058244058e+00
3.833452498744307047e+00
2.167741309607419620e+00
3.847791537604642098e+00
2.161398060504773788e+00
3.815254926482082976e+00
2.197482017857442127e+00
3.821984901225105258e+00
2.180477558513939318e+00
3.833885990296382662e+00
2.171109257313681873e+00
3.848572525292487612e+00
2.163728285264636231e+00
3.815128583735658996e+00
2.200598961416387667e+00
3.819053477977218947e+00
2.182227825072874161e+00
3.831028100718833151e+00
2.168682932149268439e+00
3.845861632707542110e+00
2.166098967309754819e+00
3.855090184829246258e+00
2.199002405813301309e+00
3.820410233811331935e+00
2.183481042523671256e+00
3.834624960791459092e+00
2.176279072455665098e+00
3.846421619781783541e+00
2.169994886742160567e+00
3.851357208275377975e+00
2.199047311621483924e+00
3.814726228624508053e+00
2.178747295844205567e+00
3.829597305412871577e+00
2.173434159359826534e+00
3.843993285026310325e+00
2.169511839522074936e+00
3.851806778603323433e+00
2.201923866977304911e+00
3.816138810794276193e+00
2.184173810497895829e+00
3.830978723847266565e+00
2.176486463202749633e+00
3.845580981683657917e+00
2.175114891254633864e+00
3.847998723632356288e+00
2.159043173042102914e+00
3.813933322697409700e+00
2.182761097586183308e+00
3.832047902192652344e+00
2.181915439518717470e+00
3.841442981773198539e+00
2.174895872002900798e+00
3.844537252931031102e+00
2.154397749508385917e+00
3.815755258668989125e+00
2.189237134286400988e+00
3.828661171221285908e+00
2.182191622603213865e+00
3.838993176944447416e+00
2.172746123048170386e+00
3.851445895155520827e+00
2.164756291946433819e+00
3.816050373079095337e+00
2.195390382235775650e+00
3.822765799163830636e+00
2.179235642649174576e+00
3.832183914094896338e+00
2.167115221018393267e+00
3.846072570412744529e+00
2.159687380436593696e+00
3.815165137407121154e+00
2.197073482698352898e+00
3.823635432450310567e+00
2.183944325045330537e+00
3.832914504694061808e+00
2.173178175155333403e+00
3.843745038713172857e+00
2.160807032246337744e+00
3.854398904006961057e+00
2.193937695421009693e+00
3.823854983402864338e+00
2.184106756846662112e+00
3.835399728054293522e+00
2.177619690057535529e+00
3.842305262080692341e+00
2.165204670403866771e+00
3.852425418089567177e+00
2.193047735462694270e+00
3.823214772004720707e+00
2.186463233357398561e+00
3.834835232234397040e+00
2.179172287217981285e+00
3.840417091123780047e+00
2.165544717370392114e+00
3.849120632964770916e+00
2.193220315532185438e+00
3.821023751308301186e+00
2.186389665677165972e+00
3.831599269441888111e+00
2.178487944527159659e+00
3.841388387295526563e+00
2.166576457085946483e+00
3.851734105968516175e+00
2.201354537583688931e+00
3.817465046783227400e+00
2.187514443899850392e+00
3.826982410987555649e+00
2.175615361878300291e+00
3.839211377866513786e+00
2.166942402359596453e+00
3.851744179394489542e+00
2.159307936813179563e+00
3.818035308105991454e+00
2.192024109713377023e+00
3.826208561207897763e+00
2.178240171743671016e+00
3.839374827541301549e+00
2.170603946548723684e+00
3.849574866312298838e+00
2.157395556153395066e+00
3.817899902845588223e+00
2.195224052682419380e+00
3.823239885593330722e+00
2.179410817547948298e+00
3.835359915536644237e+00
2.167863112968249961e+00
3.849107882584462015e+00
2.161469984177517567e+00
3.816440882297006176e+00
2.195041424772619543e+00
3.824184389248672655e+00
2.183600938514918433e+00
3.831632112003551693e+00
2.165184201051681967e+00
3.849659304316688235e+00
2.164015810432445619e+00
3.814220825339837528e+00
2.198327454954798199e+00
3.820399205427750911e+00
2.181648158215773847e+00
3.830786244895346471e+00
2.169664279555258979e+00
3.845651975462316408e+00
2.161321635169503264e+00
3.857384546896690303e+00
2.196469993477115246e+00
3.822828265983164275e+00
2.187365611857905012e+00
3.830118847469643484e+00
2.170638596515082952e+00
3.847388751794071027e+00
2.167022109245561268e+00
3.857015539323140008e+00
2.202464727940475875e+00
3.816722496646012708e+00
2.181865817927254092e+00
3.833601069716523480e+00
2.177175726954873713e+00
3.846384511313574173e+00
2.173040966144821784e+00
3.849079975389610109e+00
2.197250933667172390e+00
3.816330950216963558e+00
2.182809912302171806e+00
3.832411143147946841e+00
2.178473981825052697e+00
3.838727574513537633e+00
2.168131912039870990e+00
3.846887401068325829e+00
2.193273989972510662e+00
3.818585338356239589e+00
2.188508384808829810e+00
3.831440495324547335e+00
2.182416649467903813e+00
3.837295499098309470e+00
2.168071393329942254e+00
3.847801432069376304e+00
2.155119775881070510e+00
3.819298710602984315e+00
2.192398645423736969e+00
3.828769996130322983e+00
2.182243842985094329e+00
3.835352530509644975e+00
2.168095099095706857e+00
3.847847022884280932e+00
2.159100997013255974e+00
3.815676545751854665e+00
2.192566630992687671e+00
3.821210008259617652e+00
2.177298721871227638e+00
3.830960604473975462e+00
2.164119563869165042e+00
3.848653985940325928e+00
2.159458285137241695e+00
3.817825937615938692e+00
2.198492638514567332e+00
3.823641485666725348e+00
2.183298284896997732e+00
3.832655537476798546e+00
2.169745481852183300e+00
3.846098750774396002e+00
2.161119355756971672e+00
3.816727442254884473e+00
2.199545958155823655e+00
3.822338350820491559e+00
2.185056841902999647e+00
3.830928041959179797e+00
2.171405592592768663e+00
3.844237332521680095e+00
2.162594485068587424e+00
3.857331259399876977e+00
2.199061307065640847e+00
3.821901635907436479e+00
2.186067341016499022e+00
3.831599319196008935e+00
2.174199100928472461e+00
3.841977434068396313e+00
2.163790590215885601e+00
3.850569297731803786e+00
2.192127444523845448e+00
3.823465499928119904e+00
2.188375241251380388e+00
3.831726257554701753e+00
2.179345444996631187e+00
3.838519461864935867e+00
2.164284066056408662e+00
3.854147824038885783e+00
2.197510978576641794e+00
3.822423698558928162e+00
2.194616314915738720e+00
3.825378554766878381e+00
2.175236583135588653e+00
3.836168049260056723e+00
2.160368068736443714e+00
3.854682961265590180e+00
2.203461018526311488e+00
3.815673382916864309e+00
2.190661205634067965e+00
3.820219528763995509e+00
2.170613094964319423e+00
3.838964700164654076e+00
2.165398104712458860e+00
3.853944456489601045e+00
2.164746131039442023e+00
3.816610442012075222e+00
2.192781684842069811e+00
3.825242512661592542e+00
2.177468811868982890e+00
3.838969715025466023e+00
2.171309729570064295e+00
3.845460720135554844e+00
2.159899427659227822e+00
3.810531750009927610e+00
2.186336440041711793e+00
3.827265539607823008e+00
2.180472643425331203e+00
3.840373474419290112e+00
2.178103326570977494e+00
3.843380755577969765e+00
2.159621433331811780e+00
3.812438841253012800e+00
2.190103774136664683e+00
3.824442675229964728e+00
2.183509022446636472e+00
3.834461225127365314e+00
2.172706568630443869e+00
3.844516011483589679e+00
2.161597023714887378e+00
3.811538232810224081e+00
2.193510144865215672e+00
3.823683111209472685e+00
2.184312127953063509e+00
3.835667214019010451e+00
2.177398413868238514e+00
3.842975242159248683e+00
2.163889520858864657e+00
3.854378895330291765e+00
2.194980504350661388e+00
3.825054371327620384e+00
2.189104387967365284e+00
3.830899657262810010e+00
2.176270080971059784e+00
3.837453214439143778e+00
2.159417099899853199e+00
3.854540041554915142e+00
2.196036965591151358e+00
3.824405355204491652e+00
2.193094299108868661e+00
3.831200151663699316e+00
2.180547397621592776e+00
3.836975667445660765e+00
2.161960305183717956e+00
3.847921472949458188e+00
2.192410999359552193e+00
3.821768716574352354e+00
2.190804663190110801e+00
3.824665079037314008e+00
2.174734941042573588e+00
3.838467772541037881e+00
2.163107497255590594e+00
3.856165785890707909e+00
2.163218169269898628e+00
3.819824448532698646e+00
2.194607179845724065e+00
3.824143424376170053e+00
2.176942086046840696e+00
3.835592798634823275e+00
2.164152878832118265e+00
3.850742739487649224e+00
2.159229327630496797e+00
3.816861392980064327e+00
2.192727028768277631e+00
3.827013628649403643e+00
2.181101265773345954e+00
3.836608020057628465e+00
2.170572131985059272e+00
3.845457376177680686e+00
2.159067162954084296e+00
3.813515453861707982e+00
2.190163560234690721e+00
3.826207123464418380e+00
2.183878219446007574e+00
3.835713214608140298e+00
2.171220438125355479e+00
3.845368398064357596e+00
2.158575357984894971e+00
3.815632583348100848e+00
2.196590032960373140e+00
3.819504540392005154e+00
2.180707264200608009e+00
3.829300531931094209e+00
2.165491679435395334e+00
