6.238678629715019852e+00
8.936651982373348346e+00
5.567632564184391342e+00
-1.883336608284079117e-01
4.381333951372353042e+00
6.071805494243571744e+00
1.925794360118395776e+00
2.146704785033612062e+00
3.273122984891569942e+00
1.255969400526260493e+00
-2.593848130031127797e-01
-1.591510296520325940e-01
1.148837775062759414e+00
3.037283331562711020e+00
3.293935168048307549e+00
3.512026748735176951e-01
1.441722175536211736e+00
3.146799339787608840e+00
2.695136417685022323e+00
1.042289299220309218e-01
7.348711720724048213e-01
2.253550958939679383e+00
3.454415689797476929e+00
6.276281619436312464e-01
2.755699079047361000e+00
3.873710709697159693e+00
7.989677415313538589e-01
-2.069891409482021438e-01
5.607330331197311057e-01
4.195581489307156353e+00
1.691185784799910552e+00
4.165115330951494776e+00
2.403703432772365645e+00
3.079502874612773500e+00
1.198955061385703402e+00
3.983728230972537254e+00
1.820272527486963332e+00
3.769116559994150517e+00
1.690623985885146396e+00
3.646014017438717225e+00
1.491488181704130334e+00
3.895228745784361291e+00
1.816462910338048520e+00
3.648920622036299299e+00
1.565086787493551235e+00
3.803376444652700528e+00
1.663738841793569234e+00
3.790158515233233771e+00
1.655998636833678095e+00
3.711550358711623865e+00
1.625030901623760293e+00
3.791974306442332132e+00
1.687013366099383571e+00
3.747084609112659059e+00
1.628616148633628136e+00
3.783270399958229557e+00
1.637953122686305996e+00
3.752643489878147331e+00
1.672720524382418805e+00
3.746519530507242735e+00
1.646902112080834701e+00
3.771334833981097034e+00
1.649063547954429332e+00
3.776455872203053232e+00
1.638396841293046968e+00
3.787416080601408552e+00
1.665194345471794346e+00
3.757455138834004948e+00
1.658964312465788460e+00
3.763681195490976350e+00
1.646692230839805315e+00
3.772704734490605727e+00
1.635219525640413618e+00
3.789429438231091574e+00
1.671849743683792022e+00
3.749080992516127697e+00
1.654987301021148660e+00
3.760425886988946420e+00
1.645547909530186370e+00
3.774547492101560042e+00
1.641580310495735384e+00
3.776542838938371727e+00
1.663124535356180100e+00
3.755111664813745254e+00
1.661299519204411546e+00
3.764040277596802042e+00
1.651715310075963172e+00
3.770008240235614760e+00
1.638449202763586632e+00
3.784046272800040356e+00
1.671834540917548573e+00
3.749047515990963308e+00
1.659101784972397464e+00
3.762100370768819424e+00
1.652360783474434269e+00
3.771624668830374727e+00
1.642025445428664687e+00
3.783737699128828957e+00
1.636290097592409953e+00
3.746167502225894008e+00
1.658237334036938737e+00
3.761790357623779890e+00
1.654856600655974619e+00
3.767514238513752112e+00
1.640821776011877287e+00
3.780169257400041172e+00
1.636515717308575812e+00
3.742995974229606393e+00
1.657202293001428295e+00
3.761608879247673176e+00
1.657495535155903976e+00
3.767194080227627140e+00
1.643359752985654954e+00
3.779265103379873203e+00
1.636453371263786760e+00
3.746957750644499097e+00
1.663804569271229550e+00
3.759145078056824740e+00
1.655282883925021098e+00
3.766678579052506581e+00
1.646134445532383639e+00
3.774865880697657605e+00
1.633036143701200427e+00
3.748726602807472830e+00
1.667845468442652024e+00
3.752277749487406222e+00
1.653997662650495748e+00
3.765669750370525204e+00
1.644952291662718835e+00
3.775718034074443175e+00
1.639907793267047609e+00
3.779744527777464391e+00
1.660525476460579464e+00
3.759983174788308347e+00
1.662143772937495267e+00
3.757051987383782876e+00
1.642817028670360502e+00
3.774704471841006992e+00
1.638747448877774238e+00
3.784211952989751548e+00
1.667845588536439827e+00
3.755826544800155986e+00
1.660185326099192338e+00
3.762778566804161784e+00
1.650669363850983506e+00
3.767539518169883195e+00
1.633517936843821960e+00
3.787173564060654751e+00
1.674352984361488161e+00
3.748487707069498853e+00
1.656338365397906909e+00
3.765203268413315207e+00
1.654109769774845029e+00
3.770424351514193972e+00
1.639709142064862180e+00
3.781555319865307574e+00
1.631556203752742684e+00
3.748602952346093531e+00
1.660293469402182920e+00
3.756963573560407443e+00
1.648837467089218078e+00
3.772729530466182979e+00
1.644555124994435458e+00
3.780552283903737987e+00
1.633707594354786297e+00
3.745685177622215534e+00
1.660119605752796712e+00
3.760735264370821618e+00
1.655415758466087794e+00
3.767206146090272600e+00
1.641928846914155304e+00
3.782670809371524001e+00
1.637338606998047119e+00
3.745539756107068907e+00
1.662757332786356734e+00
3.758020886392484439e+00
1.652572791360880311e+00
3.771171239614627080e+00
1.649074954888395617e+00
3.772587960603702051e+00
1.631616161322587688e+00
3.748298317952444059e+00
1.666524406463233854e+00
3.755581215514175675e+00
1.654653005138532418e+00
3.766232184218984091e+00
1.645010105693754721e+00
3.776846364911927711e+00
1.637754814627617517e+00
3.784696502830092069e+00
1.663236783797604534e+00
3.758859108524108983e+00
1.661248941806835022e+00
3.758982772854318810e+00
1.642110497069045660e+00
3.777390910721365014e+00
1.639807760787520108e+00
3.786793687162592015e+00
1.669566925400688406e+00
3.753367794359695253e+00
1.658175835570307566e+00
3.760705319359106014e+00
1.645132464553491491e+00
3.779341035653710712e+00
1.645489801739407287e+00
3.777302545536253220e+00
1.662793140471108266e+00
3.756001727163539528e+00
1.663459769593118143e+00
3.757788587559454996e+00
1.644122613142601441e+00
3.776966599995225327e+00
1.644383917070836088e+00
3.778280613085941653e+00
1.666645859724261935e+00
3.752916114438792583e+00
1.662616139347828703e+00
3.758519615186655116e+00
1.649130199997112411e+00
3.771466710857711568e+00
1.643580517800662610e+00
3.779541708258483013e+00
1.630348636155542597e+00
3.753033101217323253e+00
1.663842841292280106e+00
3.760099096841066135e+00
1.652487161956067707e+00
3.767362957018025149e+00
1.641794338800674824e+00
3.778798834835635834e+00
1.632374787267081295e+00
3.750257486597994738e+00
1.665229488804234492e+00
3.753418313965268815e+00
1.647134638557340214e+00
3.773505270118567623e+00
1.649121951607594116e+00
3.777670071483019143e+00
1.636209747027417949e+00
3.743535686084931147e+00
1.659700325593220782e+00
3.761848044284436643e+00
1.659159065866532501e+00
3.765143909659128152e+00
1.644774115282499283e+00
3.774631482007114069e+00
1.633952609135341349e+00
3.746072991747282366e+00
1.665247484120372601e+00
3.757017738306158705e+00
1.657900494954012816e+00
3.762121372939377650e+00
1.642384338390292520e+00
3.782747275809008158e+00
1.644387611466480603e+00
3.778469035293691825e+00
1.660790765119806611e+00
3.757726503412836649e+00
1.659172435241068388e+00
3.766845764997641677e+00
1.651889380099447635e+00
3.767698679330182543e+00
1.632731057173124389e+00
3.790931486893851510e+00
1.672315843328034513e+00
3.752439241826834415e+00
1.657802042274336696e+00
3.758605184343844829e+00
1.644968551400962653e+00
3.778033662368079693e+00
1.645615312168248634e+00
3.780279550196181226e+00
1.666757918248470638e+00
3.754241091914424011e+00
1.661264187968989559e+00
3.763082923280508307e+00
1.652784071712638081e+00
3.767344659203246238e+00
1.636352325332073754e+00
3.785819967078486226e+00
1.636531566420929451e+00
3.745373887826675574e+00
1.655457629912456374e+00
3.765293110178796088e+00
1.656308762395762635e+00
3.767781859292614666e+00
1.640422100841964381e+00
3.779126733108890246e+00
1.632654963685407079e+00
3.749673101978571843e+00
1.661009590441064221e+00
3.757554896029393188e+00
1.652143489637022178e+00
3.769880955101176045e+00
1.643001173113521229e+00
3.782286839236880471e+00
1.638897153969861575e+00
3.744624486965611787e+00
1.660381164120264597e+00
3.760031256097219554e+00
1.656175430337538668e+00
3.764150767261440489e+00
1.641169030056826683e+00
3.780016804013320630e+00
1.638098524657532140e+00
3.744273102153437449e+00
1.661810763419504955e+00
3.758071504623883285e+00
1.658328877357816422e+00
3.760982519643371713e+00
1.640694470656111292e+00
3.779158587851526363e+00
1.638871711457300373e+00
3.785740586589590340e+00
1.665618462254623511e+00
3.754783403208448611e+00
1.655304043829356697e+00
3.768351338314169574e+00
1.650216831619691460e+00
3.772865797065830584e+00
1.635530575865298486e+00
3.787151459557905664e+00
1.669573205811709649e+00
3.749635517952471631e+00
1.654902529841672854e+00
3.765900007331937971e+00
1.650488910893094241e+00
3.771041273150658846e+00
1.637101772578422709e+00
3.787131686139725062e+00
1.672213561914189572e+00
3.747856398091620633e+00
1.654220552003698330e+00
3.767101459509078154e+00
1.653666091294849316e+00
3.771151300555683150e+00
1.639384325541833221e+00
3.779394370876868692e+00
1.667242873902224920e+00
3.752869241393904876e+00
1.661189006195491480e+00
3.762088021991039977e+00
1.652099655182376559e+00
3.770654042052288268e+00
1.641332629764867601e+00
3.781242114261955667e+00
1.631864049786749593e+00
3.753157144108032917e+00
1.664289536473637643e+00
3.758234806826452168e+00
1.651316883634974975e+00
3.769870389857505888e+00
1.642582498177401984e+00
3.781483369678467099e+00
1.636250884314963017e+00
3.744832702800232838e+00
1.658887393376782482e+00
3.760438269363228336e+00
1.655510467023734833e+00
3.766066571322527867e+00
1.642327779335976956e+00
3.778730715823332975e+00
1.634506612050924623e+00
3.747563328718541253e+00
1.665805722062896121e+00
3.750634837495381291e+00
1.649053605648745258e+00
3.770117385667422383e+00
1.648117519323128555e+00
3.777111296936656260e+00
1.636827776639825149e+00
3.743700404144095550e+00
1.663302309865010598e+00
3.757865122546948822e+00
1.657158973883401387e+00
3.766000846417739911e+00
1.648150842815419015e+00
3.776312234406909774e+00
1.635806650550094998e+00
3.790452307999024661e+00
1.671116136173674382e+00
3.752073011117753154e+00
1.655904258834139942e+00
3.766478528590964103e+00
1.649751942894603252e+00
3.771870881785225560e+00
1.636947410603304842e+00
3.785935954045128504e+00
1.668758584998081940e+00
3.751922843952309350e+00
1.658202339267673242e+00
3.759122194101415904e+00
1.644526613291942274e+00
3.778330800086235008e+00
1.646196375599585426e+00
3.776902740582768647e+00
1.662454283653008513e+00
3.757366215004486421e+00
1.665112957114602832e+00
3.757908737204467720e+00
1.645354975399996311e+00
3.777470407422409249e+00
1.645731264604135546e+00
3.781586954012054580e+00
1.670986945036076143e+00
3.748823165415820835e+00
1.658562135911826552e+00
3.763502656660688395e+00
1.653538075946690000e+00
3.770267868441503190e+00
1.641944811893876421e+00
3.780451349376850789e+00
1.633147328404074283e+00
3.748553522521818504e+00
1.661082018201203381e+00
3.759467605481243702e+00
1.653030901783696827e+00
3.769309939159268374e+00
1.643602305772258632e+00
3.778888300098727893e+00
1.633803446725674124e+00
3.749880488958966307e+00
1.665033302918891955e+00
3.755618972176963499e+00
1.652578096994869572e+00
3.769219545630542179e+00
1.645934092401913462e+00
3.776541470586483928e+00
1.634763788927841244e+00
3.746473977559917401e+00
1.663415666645822855e+00
3.756867677457192300e+00
1.656444521982236573e+00
3.763994569216322361e+00
1.642416975825079728e+00
3.779475553827998713e+00
1.641061671772298336e+00
3.778578784156322978e+00
1.658778605240439852e+00
3.759274315471901051e+00
1.659714364012944365e+00
3.764074207386522541e+00
1.647701382135035253e+00
3.773276445548759739e+00
1.634821494923449858e+00
3.791791899700994062e+00
1.672686559822763597e+00
3.749485967403423547e+00
1.655495402701237850e+00
3.761376325710442448e+00
1.644754655237546270e+00
3.775947560181561080e+00
1.641934447284246756e+00
3.777504246605411620e+00
1.664244020239810329e+00
3.752421594066198018e+00
1.657388695488688946e+00
3.767473787768101268e+00
1.654923231588568244e+00
3.767867732364710953e+00
1.635452038995750090e+00
3.785620635396826916e+00
1.673438972836100769e+00
3.746780384624725624e+00
1.655967836395702886e+00
3.763833432088051989e+00
1.651907408993924520e+00
3.774649215417210879e+00
1.646282901405613064e+00
3.774659949794678226e+00
1.626604068733053188e+00
3.751106114746566522e+00
1.663244566440408967e+00
3.755780867273043278e+00
1.646530491373553451e+00
3.773779467602540016e+00
1.646718119998900276e+00
3.777870261462568102e+00
1.632125670626891178e+00
3.749974701245186282e+00
1.663385031572270467e+00
3.757478545121518465e+00
1.653822925506507779e+00
3.767937636769669751e+00
1.642851244301736235e+00
3.782410280374838507e+00
1.638764677050847052e+00
3.743625278663459621e+00
1.661587299192037737e+00
3.756047080231681878e+00
1.652755360238493676e+00
3.769014148521017571e+00
1.647062998178419946e+00
3.774301649519892443e+00
1.634221480748565991e+00
3.752785499971284189e+00
1.669082962013895610e+00
3.758119752281433801e+00
1.659357490459142381e+00
3.760764727033875321e+00
1.640428232662124897e+00
3.783294922675809246e+00
1.644670744529844741e+00
3.781254925373086273e+00
1.662614332285195617e+00
3.754392449341488192e+00
1.656962241190554685e+00
3.762407453944713431e+00
1.646507316923856656e+00
3.773521203610552988e+00
1.637192863425045442e+00
3.786400724508936833e+00
1.669686257177029454e+00
3.753334703103030190e+00
1.657756299292533875e+00
3.764627085024071729e+00
1.650743094739538952e+00
3.770515515417091290e+00
1.636534197056936257e+00
3.787168728925688121e+00
1.672762696788709702e+00
3.749935059728978004e+00
1.657187401332797183e+00
3.762420359783407164e+00
1.651873937669957382e+00
3.767627237873714563e+00
1.635679602911957131e+00
3.785309757197100833e+00
1.674799311672137136e+00
3.745924084317568070e+00
1.655491444155517522e+00
3.762335571443756965e+00
1.654081208003910675e+00
3.768489738726656046e+00
1.639243496731372485e+00
3.783293346719561967e+00
1.636099118282815290e+00
3.744051449945542398e+00
1.656623415300028324e+00
3.762984580770564857e+00
1.656641644044577921e+00
3.764767226885690210e+00
1.640077033848123644e+00
3.780274729283263024e+00
1.634680953087547017e+00
3.750299671991634387e+00
1.665809401039296311e+00
3.752773234620466525e+00
1.650176247542166630e+00
3.768188938673004973e+00
1.642488594339638119e+00
3.782209991977711461e+00
1.640163874893945328e+00
3.741085876968087032e+00
1.657786149572074930e+00
3.761203737705237415e+00
1.660495161108770379e+00
3.758091037978602333e+00
1.638395475136889878e+00
3.776321076529812970e+00
1.636193816154833280e+00
3.784142334187202028e+00
1.663624088982456284e+00
3.755950689499725659e+00
1.656700776799988617e+00
3.768745145996031276e+00
1.651016504232357240e+00
3.773630460049036461e+00
1.636699527710317126e+00
3.785979095752434631e+00
1.667840663330884654e+00
3.754335461499627158e+00
1.658504286207138190e+00
3.764783234520825861e+00
1.648264553335258231e+00
3.774070947891836614e+00
1.640644993576193089e+00
3.779051728731282367e+00
1.662452738389193829e+00
3.757012256465800171e+00
1.664219768162757074e+00
3.757382879426316880e+00
1.644427039004318747e+00
3.777959700723902081e+00
1.644933686107615367e+00
3.780274558955975195e+00
1.667171553768703740e+00
3.752628532705764908e+00
1.661494708119655606e+00
3.759963660612795966e+00
1.650413178308343776e+00
3.770773700093295489e+00
1.641986660625406103e+00
3.780280814281813395e+00
1.630575535115921681e+00
3.754122691911653042e+00
1.665614946672156593e+00
3.757526331081956439e+00
1.650016802642995994e+00
3.769298551637543682e+00
1.642281319235841863e+00
3.779963530743882583e+00
1.633759968396166329e+00
3.748461427228412468e+00
1.662138669689744219e+00
3.761154770428308591e+00
1.654944722685882663e+00
3.773274558116705535e+00
1.647147484664044592e+00
3.777244866880739238e+00
1.633220784132643377e+00
3.749055503879741735e+00
1.665138015676506544e+00
3.758618844566706141e+00
1.655636403407411805e+00
3.764680941794039448e+00
1.642552230407224423e+00
3.780326727913300822e+00
1.638790150103962118e+00
3.747891786458645402e+00
1.667175040205765679e+00
3.752796101638431026e+00
1.651638350445344905e+00
3.770566717078688956e+00
1.650548168722861142e+00
3.773022800270849242e+00
1.634667922366027648e+00
3.786931330523579664e+00
1.666718512310574107e+00
3.753559508256616439e+00
1.656839538102939047e+00
3.761075565133168208e+00
1.645315654412591755e+00
3.773604016497059899e+00
1.636974370255817268e+00
3.788258545388559995e+00
1.671738956923318753e+00
3.750124317000341101e+00
1.654920458370869873e+00
3.765430785307024131e+00
1.650342687705867561e+00
3.774070295381194207e+00
1.640488847332763012e+00
3.783468138860043961e+00
1.668793438450060451e+00
3.752692798320360179e+00
1.661314543953572365e+00
3.757729468209279666e+00
1.643897572389432238e+00
3.777424942953283793e+00
1.645647624772383688e+00
3.777317629138372101e+00
1.665699388445356366e+00
3.752408191028190121e+00
1.662795215408335858e+00
3.757349798789556328e+00
1.647526238842029533e+00
3.776368335734956005e+00
1.647241875475968120e+00
3.777224973694368604e+00
1.631870520883733855e+00
3.748014831546669257e+00
1.658115597606488523e+00
3.767993684465837045e+00
1.660272000930371084e+00
3.764261174411240418e+00
1.639979318741091374e+00
3.778336809457602641e+00
1.633362634456794193e+00
3.748131115500882515e+00
1.661426692331701593e+00
3.758385012845005591e+00
1.654365291022811046e+00
3.765299046310639497e+00
1.639787279298801748e+00
3.785705285324354463e+00
1.643299260751928781e+00
3.739436361672188625e+00
1.657827831848626143e+00
3.760244426621122571e+00
1.656503619116256099e+00
3.768378627763688371e+00
1.648888513635617059e+00
3.775517528837233350e+00
1.635110689266385364e+00
3.788606565797802084e+00
1.667026750071998409e+00
3.755023093240619225e+00
1.656000527733235250e+00
3.766328957982065795e+00
1.647469753485961919e+00
3.776664875702490320e+00
1.639213250519889531e+00
3.784037221358580450e+00
1.664813532022585418e+00
3.755194040251331522e+00
1.658140437848403037e+00
3.765331146774923976e+00
1.648734996030235100e+00
3.773921790682795319e+00
1.640597213897884821e+00
3.778558629436203908e+00
1.662031246365292203e+00
3.759510282059330688e+00
1.664091592029264266e+00
3.761039702091978576e+00
1.648893617488503605e+00
3.770835323645342019e+00
1.637512703016278381e+00
3.787489721170264279e+00
1.673813788990032636e+00
3.749736373667407197e+00
1.659356950477003823e+00
3.760689920589010971e+00
1.649211411919467629e+00
3.775356571446623732e+00
1.645153117496877204e+00
3.780576854261023190e+00
1.631148355799772576e+00
3.750985439110404940e+00
1.663235184629951346e+00
3.755286438594663601e+00
1.646335539634494083e+00
3.773838267331916629e+00
1.647125722809993809e+00
3.774648008455104176e+00
1.627749586317870367e+00
3.755293966493514546e+00
1.667764495870861507e+00
3.758291556666959909e+00
1.653211939525090823e+00
3.766536673899893106e+00
1.640422373497248065e+00
3.783939402960172060e+00
1.639440493542416499e+00
3.740966803393566131e+00
1.658402029370659392e+00
3.759055532375540132e+00
1.654870488672347095e+00
3.768621685700185076e+00
1.647720105809142410e+00
3.772730197055038204e+00
1.629909591263039470e+00
3.750735364972655805e+00
1.669887534091550885e+00
3.750906395510360536e+00
1.649876860020186964e+00
3.769641900842728433e+00
1.648500814619732857e+00
3.777974021550182471e+00
1.639038631068752583e+00
3.782770029121218958e+00
1.661466595651429845e+00
3.761461455340369575e+00
1.664051748413450049e+00
3.762867188613195246e+00
1.643748669476013058e+00
3.779438244531294178e+00
1.644892341280431713e+00
3.774451045881858313e+00
1.657730279245416938e+00
3.761064448305599939e+00
1.663844050040132361e+00
3.760749462519008102e+00
1.648556094488453638e+00
3.770552823708884560e+00
1.634855346802539966e+00
3.792576189663373398e+00
1.678748320069412436e+00
3.742601301704462813e+00
1.649546113393402180e+00
3.770869910885497944e+00
1.656785867811848334e+00
3.764907179381348445e+00
1.633211475905270271e+00
3.788169151036206994e+00
1.676040185787572190e+00
3.744925796430130571e+00
1.655756299981552937e+00
3.763396728655132861e+00
1.652821273807618674e+00
3.771102968192049598e+00
1.641490581318321595e+00
3.779035542418663240e+00
1.631369620031224654e+00
3.749825074718319495e+00
1.660517376247214294e+00
3.760839851512577603e+00
1.653975160897802610e+00
3.768337510441043481e+00
1.642557177410459701e+00
3.776309945002076063e+00
1.631496979918733325e+00
3.748971010794284187e+00
1.663190087834808928e+00
3.756843080745560393e+00
1.651884215214056262e+00
3.770117012155585812e+00
1.646842940448702386e+00
3.774985018311219687e+00
1.632670448134863284e+00
3.748200995458840001e+00
1.664508688146786319e+00
3.755876075393620006e+00
1.654792445229547715e+00
3.765559213153883977e+00
1.642958581163483922e+00
3.781382307885858829e+00
1.641441750543748634e+00
3.739611141968636865e+00
1.660269565631325106e+00
3.757526893436820892e+00
1.657808425108157957e+00
3.766028599639497987e+00
1.646541298284128096e+00
3.778909082312313039e+00
1.641012725691649798e+00
3.784471883737166031e+00
1.666188091708295405e+00
3.751847739183724162e+00
1.655345907158752627e+00
3.763677579847279020e+00
1.645970714801068713e+00
3.779458233508121268e+00
1.643469331579860970e+00
3.779813961010980439e+00
1.663482132249730627e+00
3.756356068535377180e+00
1.661137339645833766e+00
3.760590634355675643e+00
1.648223146099752068e+00
3.772168079409884189e+00
1.640022459578651448e+00
3.783728783154310271e+00
1.668959812897202521e+00
3.755101614280825562e+00
1.663887947799985945e+00
3.757062275917957272e+00
1.645550082366055156e+00
3.776778536757643412e+00
1.646543583637158914e+00
3.777119564331408164e+00
1.628161830670435961e+00
3.752424202227687022e+00
1.663608423772469980e+00
3.757201517616590714e+00
1.649684792384826792e+00
3.769785383538096113e+00
1.642820244164427956e+00
3.778443593730078653e+00
1.631472218566027088e+00
3.749179537049421640e+00
1.663488060557321679e+00
3.753632132203914562e+00
1.648164121100563095e+00
3.774349874402797234e+00
1.647545639244852200e+00
3.777803618340552561e+00
1.633250355010127164e+00
3.746054488707554420e+00
1.661949904021786883e+00
3.758368381104163269e+00
1.656065746543208039e+00
3.764145298861441002e+00
1.642607360536724626e+00
3.777032832569573007e+00
1.636018308522269038e+00
3.747178996132351170e+00
1.665503140609723598e+00
3.756911845382212789e+00
1.655778421322975591e+00
3.765138934738972321e+00
1.645164888162960803e+00
3.775486990314522284e+00
1.637365420002722560e+00
3.784846215420524906e+00
1.664100923893943484e+00
3.758093944994912228e+00
1.659847228756242465e+00
3.763149161452365110e+00
1.645045956607257720e+00
3.777878490088129482e+00
1.642112141731127961e+00
3.779190389709972564e+00
1.661052975751581284e+00
3.760012015856960765e+00
1.664239665415966574e+00
3.760715368817276527e+00
1.646926216852746760e+00
3.770196064761894394e+00
1.637289877342618993e+00
3.784311431016643024e+00
1.668373645921844117e+00
3.755423590475348128e+00
1.662455772954438693e+00
3.756077285742345229e+00
1.644302264211800146e+00
3.777797488325145725e+00
1.645053250175158466e+00
3.782905700188700315e+00
1.670832568018747910e+00
3.750679229677067017e+00
1.659933611743641624e+00
3.760674136151428648e+00
1.651099014674891619e+00
3.767504070524072990e+00
1.638587490018649007e+00
3.783805599746411730e+00
1.635407793115358555e+00
3.749500885536067862e+00
1.660848598861740077e+00
3.762432119282351550e+00
1.655346410732956741e+00
3.769043864777018804e+00
1.642254597594138499e+00
3.779153904270777797e+00
1.634637434410341150e+00
3.743459252547474581e+00
1.658136128009143340e+00
3.760921024723732131e+00
1.656695963199855015e+00
3.766516326509383727e+00
1.642918093395771217e+00
3.781746798300899215e+00
1.638771836402981297e+00
3.744605289602509490e+00
1.661766646792215196e+00
3.759020635469524585e+00
1.655490022343296008e+00
3.768089160128381909e+00
1.646545444735960650e+00
3.776811317545762936e+00
1.636354725939030974e+00
3.747345659297054432e+00
1.666586945024386424e+00
3.752763198226084285e+00
1.654921139311736233e+00
3.762731193186937162e+00
1.643565338404288756e+00
3.777062351498573722e+00
1.640640567714946929e+00
3.779601399339214574e+00
1.661186932812088068e+00
3.758706439761680951e+00
1.661073545215731473e+00
3.761756770522373117e+00
1.645548164848848582e+00
3.773458915125997848e+00
1.638805059855519275e+00
3.780624493776396200e+00
1.664572027471528992e+00
3.755514920944932555e+00
1.660160071683988825e+00
3.765199199260738094e+00
1.651195688462036015e+00
3.771913104256047866e+00
1.639658681064821710e+00
3.780349891978590726e+00
1.665662652848528769e+00
3.757795885289437532e+00
1.664883362824990165e+00
3.760413893609123814e+00
1.650149773782071172e+00
3.765166930366548037e+00
1.636810134692832097e+00
3.780341566573437007e+00
1.630802931508422260e+00
3.750351116643670935e+00
1.660222103934657856e+00
3.763370077512510736e+00
1.654634604198123693e+00
3.766100427192256017e+00
1.638435827220780849e+00
3.778965442523160689e+00
1.632717989262700842e+00
3.744891995596556278e+00
1.656044920530365561e+00
3.766962324962151332e+00
1.661384141481758503e+00
3.762610487929979097e+00
1.637337010785723468e+00
3.784417475379713736e+00
1.639357537163633527e+00
3.745793882009104792e+00
1.661744424527050512e+00
3.759366959874146374e+00
1.654845990181977200e+00
3.766868808118522871e+00
1.643788108195096687e+00
3.778517495336099152e+00
1.637297135565543238e+00
3.742789574719168399e+00
1.661655159029734374e+00
3.758323340770179488e+00
1.657102663994145075e+00
3.764178593879527135e+00
1.642921177196619897e+00
3.778948743458807158e+00
1.639108244320324870e+00
3.785200123979397979e+00
1.665247221873108696e+00
3.754455862877170258e+00
1.655306619907437327e+00
3.766899747862179737e+00
1.649650690819293164e+00
3.772339229817865291e+00
1.634632638741450927e+00
3.788119476833379018e+00
1.669583292489026149e+00
3.755247194167589786e+00
1.658783144629120354e+00
3.765753210451405320e+00
1.650713606949382628e+00
3.769028302026626420e+00
1.635671046769699544e+00
3.786287006721747783e+00
1.669830785300358444e+00
3.753921277837970916e+00
1.660526147934520358e+00
3.761537750240222522e+00
1.649114561918403998e+00
3.772607181295804857e+00
1.641126581228512071e+00
3.783126866461137716e+00
1.670471477359841250e+00
3.748799785586499844e+00
1.656809651104491854e+00
3.761133237639973537e+00
1.651963208038709663e+00
3.766567281880574214e+00
1.638213930826651898e+00
3.782447476443858925e+00
1.633146863671734783e+00
3.750397797191051374e+00
1.661448847282672281e+00
3.761410517211831284e+00
1.653164745465564467e+00
3.770078121436445606e+00
1.642889665206475502e+00
3.781923616225003837e+00
1.636257380425471197e+00
3.745867989964260403e+00
1.660661180276755688e+00
3.757831042965440904e+00
1.653467623918962515e+00
3.767286945328396364e+00
1.642770611293662864e+00
3.778102908800529569e+00
1.633102055879214198e+00
3.748831956087311568e+00
1.666730363781654178e+00
3.752316490082808986e+00
1.649125395046894260e+00
3.772268770767720270e+00
1.650370674662106296e+00
3.776006586610703319e+00
1.637492958102720220e+00
3.739256611282425702e+00
1.658514478336619025e+00
3.762259074294328265e+00
1.660972493877699740e+00
3.763869096565582772e+00
1.646240258093231157e+00
3.772824995636617551e+00
1.632581032159265089e+00
3.788048033999873443e+00
1.667146862641812444e+00
3.758561460869724868e+00
1.661053077555389557e+00
3.762981445031534644e+00
1.644029355692959715e+00
3.785639745868961459e+00
1.649132762617904646e+00
3.774963977571002438e+00
1.660366373380390836e+00
3.757911490003728705e+00
1.661416663989935039e+00
3.757161387660846508e+00
1.642111620666540261e+00
3.781946285024908594e+00
1.647971211010049730e+00
3.777499190834545661e+00
1.665175433851910913e+00
3.749763192178028337e+00
1.657441372386006195e+00
3.763869519209460446e+00
1.652201161298350485e+00
3.770268282306015628e+00
1.639416874282652259e+00
3.782729115310220713e+00
1.671499624502146952e+00
3.747091754570682998e+00
1.658514665491006124e+00
3.759518994630493438e+00
1.650686185302811415e+00
3.773072604067983171e+00
1.644145967000307351e+00
3.781772471162970106e+00
1.634314065790211323e+00
3.748730652284612219e+00
1.661702412833843123e+00
3.757990009866380543e+00
1.652073633020087140e+00
3.768851316939412666e+00
1.642293720944097757e+00
3.780567287292731837e+00
1.636963777348403370e+00
3.744474927668561826e+00
1.658319890655423956e+00
3.765974265519783870e+00
1.662407553986213760e+00
3.762191988215068950e+00
1.638914914352823660e+00
3.783882628226707290e+00
1.640868754163053556e+00
3.740696125274926676e+00
1.660406166017629026e+00
3.758473082870167126e+00
1.655191722562368462e+00
3.771683724128505943e+00
1.652092661498637760e+00
3.765352731477753512e+00
1.625356975412233895e+00
3.797318678535787750e+00
1.676002616336932372e+00
3.745737238069211550e+00
1.650464651464323751e+00
3.763853137669345372e+00
1.645133081563697530e+00
3.779270862936241926e+00
1.641007399602744776e+00
3.783854553664007359e+00
1.665310305461158880e+00
3.753485409744820700e+00
1.655872051448812554e+00
3.766204319267501877e+00
1.651301019705256445e+00
3.769098040973108965e+00
1.635679814388453668e+00
3.782473389703312261e+00
1.664381664241957104e+00
3.762022320058361124e+00
1.668604641979809289e+00
3.752062131168384607e+00
1.640341442305538022e+00
3.778982257270870893e+00
1.645587046596767689e+00
3.780901057376704344e+00
1.669421009588990312e+00
3.749612485001239559e+00
1.657446082283680067e+00
3.765856395040448668e+00
1.654663206543707910e+00
3.770294340018274681e+00
1.640729078067247215e+00
3.781429497947917717e+00
1.632968082000324506e+00
3.750223337164905857e+00
1.661323561358332146e+00
3.761218045797204645e+00
1.653876803859567257e+00
3.769228361692213980e+00
1.641905219544957273e+00
3.776557989801311965e+00
1.631407992757330616e+00
3.748150998491909469e+00
1.661974750872140749e+00
3.759015963749192668e+00
1.654058060368124528e+00
3.768830687443685434e+00
1.643458378745328297e+00
3.778360318116159799e+00
1.634803382752743284e+00
3.747204116370817406e+00
1.664809920235441387e+00
3.755241607447872720e+00
1.651051967718007774e+00
3.770085714395158938e+00
1.648783349181952795e+00
3.772492514067181446e+00
1.631059053616538357e+00
3.749798255499822819e+00
1.669295618213172627e+00
3.751297702828564784e+00
1.651046178361943229e+00
3.768680628942518762e+00
1.651027766842154465e+00
3.771588005240716690e+00
1.632654019075522100e+00
3.790963770985825043e+00
1.671008205276076852e+00
3.752130405390921464e+00
1.654924189503184540e+00
3.766992287589066901e+00
1.649552116741787255e+00
3.776034698670209355e+00
1.639766435665729105e+00
3.784605232772939587e+00
1.668549393412129156e+00
3.752285409207957390e+00
1.656572664929290672e+00
3.767039643438457652e+00
1.652935104522357923e+00
3.772430619463975621e+00
1.638206471440035505e+00
3.786467607133571001e+00
1.671236340634854933e+00
3.749545365634748606e+00
1.656679618567791668e+00
3.765517188608155763e+00
1.653875778869219992e+00
3.768569016059263532e+00
1.638744372234050672e+00
3.781987086497846207e+00
1.669743421438701247e+00
3.754236932357495338e+00
1.664383901735042581e+00
3.757792348618343770e+00
1.648120061848364903e+00
3.774267932367559197e+00
1.646117912933638294e+00
3.775415706108987468e+00
1.629140550800975973e+00
