5.694808401754062110e+00
5.003437072560397603e+00
8.408601405902220716e-01
5.761590291059086599e-01
1.131836253692543925e+00
3.920023921229879971e+00
5.449009318338573493e-01
4.016520614694043090e+00
1.600142526005744914e+00
1.153754896551079323e+00
-1.376645297832241877e-01
2.075453809409461225e+00
2.057614511233105237e+00
2.619800878716972203e+00
-2.377950259514463316e-01
6.355294685389405451e-01
8.386327795379708849e-01
3.773107396707375383e+00
5.274647170369342053e-01
3.987681079193419187e+00
1.612279093104630689e+00
1.040648732160623924e+00
-1.898697361445874088e-01
1.395433669926489983e+00
1.679267014967783522e+00
3.325862551772226006e+00
8.369806650518432645e-02
2.403755895897905948e+00
2.110477247334276107e+00
2.128649113380077562e+00
-2.475661706505768445e-01
2.446379983031653563e-02
-7.457724628485093432e-02
1.949001779537797019e-01
1.835914092597342451e-01
3.881117163976629314e+00
7.969659492994183303e-01
3.469122008660552314e+00
4.559337384162869267e-01
4.022142640493863830e+00
1.602358541077744114e+00
1.071212028010253503e+00
-1.719215753111603961e-01
1.650937811944036770e+00
1.857980156561239493e+00
3.084512285291632239e+00
-7.596975868206623517e-02
1.658537507180015913e+00
1.784467784329141882e+00
3.055735294570188554e+00
-6.226021441476873447e-02
1.666046389263629024e+00
1.814883005829219131e+00
3.038631995174925216e+00
-8.814877998386848323e-02
1.603730115349423446e+00
1.751759453732655070e+00
3.104802619382849294e+00
-3.382707992299707062e-02
1.807274804277352320e+00
1.894428377750990267e+00
2.887153169065658886e+00
-1.541669375914095919e-01
1.227906560313063000e+00
1.480700565440688177e+00
3.455734639219461446e+00
1.734443269364781548e-01
2.818369017025083245e+00
2.176911926093873184e+00
1.410138461536823984e+00
-8.039182898524124821e-02
-1.262458308189053774e-02
3.705337074611417592e+00
2.099636176476062932e+00
1.972635197688747066e+00
3.516544333398785582e-01
3.930734697587354276e+00
9.250830015168198805e-01
2.512663956877867921e+00
-1.048216850182970006e-01
1.811844505509079717e+00
1.886593511336346118e+00
2.903876967108775187e+00
-1.360497966598488984e-01
1.264450522014977984e+00
1.536598047080475871e+00
3.398731908279660985e+00
1.293221721618403874e-01
2.696797373055804137e+00
2.146269851497427883e+00
1.667627454282800015e+00
-1.702361506481494813e-01
-1.349422037485765447e-01
2.205091984549852224e+00
2.138964410641818858e+00
2.471733563282756396e+00
-2.569751574691269691e-01
3.743985204878422235e-01
4.077993643836753113e-01
3.836083371560714550e+00
6.968975610243364205e-01
3.895028134801843400e+00
9.591293580997148904e-01
1.942032627318014182e+00
-2.359504880568583651e-01
6.379969485485033065e-01
8.547479220397239397e-01
3.771563039054297128e+00
5.265412355031244829e-01
3.976767120201876615e+00
1.632760341757682809e+00
8.794824120732711581e-01
-1.785115118365049602e-01
3.722438043802772656e-01
4.672498071155413712e-01
3.853174841240591064e+00
6.992566415098642185e-01
3.905216246961114024e+00
9.813522153720499741e-01
1.729430256849537439e+00
-2.339881599992161831e-01
3.260147605511266589e-01
3.502909853474829860e-01
3.843934410997992046e+00
7.287632003748567566e-01
3.808614227982629163e+00
8.304320633277606500e-01
3.108470716387333965e+00
2.025794184406529697e-01
3.324157029913891392e+00
2.136631133966637286e+00
1.089092683542431939e+00
-6.934269097622264288e-02
2.719045279629360046e+00
2.230493645403022640e+00
1.650399036421809962e+00
-1.490489325943199772e-01
-1.188279173249718879e-01
2.571931786946838550e+00
2.215611145022851503e+00
1.961583450215072855e+00
-2.289671656216678008e-01
-1.175107522106043079e-01
7.234145915799355953e-01
1.059604882069684617e+00
3.773046315853683552e+00
4.498543244616657333e-01
3.892027662545310740e+00
1.832927758273731111e+00
1.659085007219102348e+00
-9.624337839900934388e-02
2.248492329150199254e+00
2.111227472514016767e+00
2.384630440387998540e+00
-2.595882013226543106e-01
2.823774469265256104e-01
2.289809292672914665e-01
3.846587929861253308e+00
7.588023852399055080e-01
3.671701950735289266e+00
6.585883045298759342e-01
3.888236740492878596e+00
9.054087482161208289e-01
2.462321112931396883e+00
-1.329877020691412615e-01
1.631435857917529653e+00
1.823362191904942087e+00
3.065287210758702141e+00
-6.983708503513605392e-02
1.663137526126793109e+00
1.798937971874697173e+00
3.062405811476084594e+00
-8.627221548524713346e-02
1.611992795202774609e+00
1.796059666964856527e+00
3.074945210151747599e+00
-6.093880637868540062e-02
1.708750796134505645e+00
1.827923756604930894e+00
3.012025731899938386e+00
-1.089409477991558628e-01
1.482642672910298609e+00
1.712022797210809077e+00
3.198355980559358436e+00
8.986400112403949286e-03
2.061040307041710928e+00
1.997020662524307433e+00
2.610589415518087097e+00
-2.368371432353860717e-01
6.560243422520950496e-01
8.649208093650408991e-01
3.765654459114971431e+00
5.136129673114202543e-01
3.975796874150179239e+00
1.648975225911541553e+00
9.160672289626028419e-01
-1.639954071647626022e-01
2.016849166467315768e-01
1.128492424170485231e-01
4.128232087942002693e+00
1.433591692713535704e+00
1.202920207364039928e+00
-1.860120693271811732e-01
1.471425178293304548e+00
1.720402732353095709e+00
3.273522474007051208e+00
4.123599395478549923e-02
2.154594622772934898e+00
2.043236510271713158e+00
2.456226155128425681e+00
-2.534384538497686523e-01
4.154186518280753027e-01
4.978881188806101865e-01
3.861234829767410837e+00
6.715654437012070765e-01
3.955384914937978724e+00
1.106597938409702664e+00
1.538772444612124479e+00
1.635685878022490325e-01
4.012516198320541072e+00
1.775270502323785582e+00
1.289150967942789050e+00
-2.104207243180393205e-01
8.967021189719135421e-01
1.244702108020376841e+00
3.654933466000035214e+00
3.451187135096740466e-01
3.559088233760147713e+00
2.039822277491657676e+00
1.905162205915167162e+00
3.502310455365338360e-01
3.757911318214109730e+00
7.126885813990527785e-01
3.786593980099111079e+00
7.923350149420034239e-01
3.341071674181897322e+00
3.571416463469690439e-01
3.843377184819248615e+00
1.875344446111796737e+00
1.842143761128293145e+00
3.852493129096699886e-02
3.124994059895233711e+00
2.218721213147876625e+00
8.351975683350638668e-01
1.213653618143545748e-01
2.988337229313570154e-01
3.985203426126597392e+00
8.657728784152752821e-01
3.233739256972274489e+00
3.036213176248828693e-01
3.644477081648389571e+00
2.020813299857140422e+00
1.996949580302314065e+00
3.089041576133914058e-01
4.073989868891527699e+00
1.162750480296754318e+00
1.699069931438670800e+00
9.216112167704651470e-02
3.557780127209735799e+00
2.119815767739214873e+00
1.844208546996445985e+00
3.634851114534133343e-01
3.643708792121812312e+00
5.461631066907330911e-01
4.017470458436323888e+00
1.357713641554287420e+00
1.129343900441293735e+00
-1.988165282770601172e-01
1.187275577446309738e+00
1.507586747073160760e+00
3.495018902661314542e+00
1.757521008329355761e-01
2.895118058228545621e+00
2.183762395173965754e+00
1.232779795390275268e+00
-2.874554484110999550e-02
8.685908105337336593e-02
4.148985294973633664e+00
1.498994558828465440e+00
1.294134362838282648e+00
-1.470492150307945167e-01
1.990077697697485881e+00
2.035967463428097091e+00
2.696370909210062727e+00
-2.172760838986143861e-01
7.779923605249527974e-01
1.030451458452493529e+00
3.729774951766212432e+00
4.140386500684224425e-01
3.790933427153336588e+00
1.891581708226754976e+00
1.861387551852951017e+00
4.513665833762315477e-02
3.211531540712682098e+00
2.200655852455729367e+00
6.733278161071906132e-01
1.884046492981589216e-01
3.789624738114985014e-01
3.940674064290364154e+00
8.169658939230202144e-01
3.481296091061880205e+00
4.776163239261155269e-01
4.030832751652861035e+00
1.553870031873185287e+00
1.281386554208304274e+00
-8.909600436020655156e-02
2.453357117824250810e+00
2.187137836638448629e+00
2.073857609266497537e+00
-2.425055826778861889e-01
-4.175707668148097296e-02
1.686021533738515099e-01
8.554240697493364909e-02
4.153464507991766475e+00
1.587275120346699486e+00
1.320727886647915295e+00
-9.327973773531572643e-02
2.448077440598344090e+00
2.171518076622334092e+00
2.114399412313869409e+00
-2.433676614607451771e-01
-8.696566632231093191e-03
2.858002149264374236e-02
-1.587522738216098073e-01
1.566527339901153670e+00
1.830968901437542096e+00
3.176932681961211369e+00
-3.040101382314945241e-02
1.892051216700026739e+00
1.908003643596962728e+00
2.807239166444526646e+00
-1.714542388179852161e-01
1.059139914683004502e+00
1.354902548582064048e+00
3.548380218047214374e+00
2.468692952367944060e-01
3.226406135523361307e+00
2.140020950143859402e+00
5.730558484291033983e-01
1.895143297127487858e-01
4.024389912615085052e-01
3.944553694735319915e+00
7.959285045282435966e-01
3.566694806959270991e+00
5.415232849861608688e-01
4.053946042464930066e+00
1.313354578265799599e+00
1.093018533825755645e+00
-2.032718215829024400e-01
1.027052169162478545e+00
1.370297423170948381e+00
3.591806584955529402e+00
2.678047988720930750e-01
3.306642915300717966e+00
2.120976137654373428e+00
1.001247705376060004e+00
-1.275888838491457400e-01
2.209141425942537929e+00
2.116015910822386381e+00
2.440583787784418313e+00
-2.577244792978419241e-01
3.482726568742652851e-01
3.641652528926874188e-01
3.835955270966433517e+00
7.142013701740849152e-01
3.847281125023643611e+00
8.860282899747553564e-01
2.671980026255770913e+00
-3.504247339436475372e-02
2.196374749521837977e+00
2.051595506490252241e+00
2.440744930015746661e+00
-2.533303079892761378e-01
3.841071676586132466e-01
4.689953319821260624e-01
3.847867227295977077e+00
6.674908545123252601e-01
3.956735252255289215e+00
1.033298258580653384e+00
9.034288643403367569e-01
-5.422284406265834300e-02
-1.068298550293853982e-01
2.689964632811380874e+00
2.251005042906046860e+00
1.738584187282549376e+00
-1.681783790568043835e-01
-1.391223957164670899e-01
2.130111518960463801e+00
2.114325809110304544e+00
2.589152301602341666e+00
-2.394970745688417835e-01
5.625078403284430317e-01
7.492396106673115952e-01
3.810933979403880567e+00
5.500266879398688635e-01
4.040712544425918651e+00
1.509474416449321676e+00
1.273999560389940777e+00
-1.142087741120848265e-01
2.263727812160248654e+00
2.126712917985907225e+00
2.372563483022032571e+00
-2.600391268717086590e-01
2.574938458987968692e-01
1.738787187879929919e-01
3.847020323017743770e+00
7.761188963353213843e-01
3.585070914947783738e+00
5.707378043847364246e-01
4.031342987957959423e+00
1.245467743968135421e+00
1.143791169325558243e+00
-2.045742523138229518e-01
9.583296169719136559e-01
1.315263526998783350e+00
3.618454240257964916e+00
3.086648665097322386e-01
3.428066413203795904e+00
2.095373823215437525e+00
1.583357219956736284e+00
2.770522360045816757e-01
3.959864478675322985e+00
9.834257260280157009e-01
2.058626491623224197e+00
-2.230585990893726722e-01
8.509093358954303854e-01
1.142160981830905087e+00
3.695746229476742251e+00
3.703545630875911820e-01
3.657074869866423938e+00
1.993759545278180223e+00
1.996605519869358414e+00
2.696911228752614242e-01
4.093075601430967936e+00
1.481491964619583657e+00
1.279772172858469892e+00
-1.458823087290338216e-01
2.035968936566047383e+00
2.042956540316282155e+00
2.687957908723247691e+00
-2.171936199550489055e-01
7.629293272947805793e-01
1.019824417620549539e+00
3.729009631928064117e+00
4.234216871145040084e-01
3.849390630596831286e+00
1.880544680025177495e+00
1.818430945929718101e+00
1.277851162355034265e-02
2.992989208578521687e+00
2.220570773319777924e+00
1.142186329098454411e+00
2.100478247641784577e-02
1.490773385802839912e-01
3.961017547469678490e+00
9.314316470172123719e-01
2.651491544360485619e+00
-3.425513406834095748e-02
2.162164127967590055e+00
2.048654991315192131e+00
2.493887232660651154e+00
-2.531032813885928934e-01
4.221401080255064442e-01
5.522539613557613247e-01
3.829559828510881392e+00
6.433401469228237080e-01
3.995182911986849383e+00
1.169562859313134418e+00
1.596862294745792887e+00
-5.821415141746091870e-02
2.693729846911860459e+00
2.217820573950557428e+00
1.745926853224744946e+00
-1.811502279784403535e-01
-1.446115581700774255e-01
1.912046648842551377e+00
2.011395785883768994e+00
2.844578880375698837e+00
-1.885304545351027261e-01
1.001675489834941146e+00
1.310078347127073162e+00
3.572714338915882415e+00
2.809869404583386632e-01
3.332666113784707118e+00
2.121191018788511684e+00
1.212972548047211552e+00
3.457946785169835335e-02
3.522029746020576724e+00
2.152412145177023284e+00
1.772466901151253715e+00
3.620932463832097215e-01
3.609261278440230925e+00
5.329533028724873223e-01
4.050290547049367085e+00
1.405583223679177873e+00
1.210602904165407168e+00
-1.656114836935722312e-01
1.703925465201276523e+00
1.889040787961806966e+00
3.024805491491050713e+00
-1.026098356739149897e-01
1.508466052263417900e+00
1.692505346886512996e+00
3.220925543534852498e+00
1.727344523638310592e-02
2.057512082641596685e+00
2.007809609106400384e+00
2.590347269964921484e+00
-2.367005922649829119e-01
6.241367376070472428e-01
8.238754883047828548e-01
3.800719577525322634e+00
5.352130678129352059e-01
3.978536234016480932e+00
1.614535824673557274e+00
1.070267467161478248e+00
-1.778530503060886947e-01
1.602893804365028263e+00
1.807476395716988149e+00
3.154816412090730715e+00
-2.915710734637112778e-02
1.802373078890721514e+00
1.895954201213516432e+00
2.884267402134905289e+00
-1.522972113435146491e-01
1.224560226717511746e+00
1.485370376674842952e+00
3.454019441102164301e+00
1.518702642760756949e-01
2.810459141881642253e+00
2.179069818829902250e+00
1.410661054866817476e+00
-8.421821340959187441e-02
-1.344690441266494646e-02
3.685943298973425986e+00
2.110836302942019849e+00
1.986000211719169517e+00
3.622628541192378093e-01
3.868063297766379360e+00
8.407589485915953897e-01
3.169798920557762134e+00
2.442112828098410571e-01
3.482880943730936707e+00
2.093597796758315699e+00
1.700174917535705710e+00
3.388526338531374082e-01
3.755244497059346820e+00
6.958788016866894743e-01
3.836718916906492360e+00
8.507449762834569107e-01
2.941719508905918268e+00
9.803727010776823458e-02
2.889305306949055296e+00
2.202285843039510027e+00
1.345676559337501743e+00
-6.881355611569127395e-02
2.743573738590323816e-02
3.929922094317832126e+00
1.938870618146088187e+00
1.818591236166456238e+00
-2.104333449875108938e-02
2.858920892865859820e+00
2.232279960792355578e+00
1.450216647332200681e+00
-9.656706566379100187e-02
-2.150333743176284160e-02
3.608662389985589858e+00
2.146088354261013187e+00
1.875612264458861755e+00
3.647536026486449812e-01
3.584698177965584431e+00
5.375618661622032501e-01
4.032050172681815425e+00
1.442061065576936585e+00
1.245800530246961468e+00
-1.572619154764036964e-01
1.882514432366220181e+00
1.955126823724427920e+00
2.846452678078790210e+00
-1.637468916555040177e-01
1.099110183946170327e+00
1.392869279932503090e+00
3.522591255830797685e+00
2.239635147874445009e-01
3.128644873013834093e+00
2.151854100326868302e+00
8.063460140086937677e-01
1.085140876374658114e-01
3.010448149840683763e-01
3.962267569335962580e+00
8.502409307204202848e-01
3.249668887509346238e+00
2.925496912792073800e-01
3.674498874971166451e+00
2.003970512234190426e+00
1.983473022999150182e+00
3.151502059432664815e-01
4.060564538741219032e+00
1.205278007731525047e+00
1.615042731037000134e+00
-3.543595939114982385e-02
2.832706165553779964e+00
2.209159252948999619e+00
1.482677691973192768e+00
-1.114312491908495961e-01
-4.090133191324669265e-02
3.425701959832299082e+00
2.208521003533647775e+00
1.367002287800540117e+00
1.621067663015273164e-01
4.090386799695621356e+00
1.683014172053222790e+00
1.082459094983022396e+00
-1.670628112406055688e-01
1.729695978091590369e+00
1.897297624513034853e+00
3.011139708507878154e+00
-1.144566502163215926e-01
1.466128601487525884e+00
1.679442173999967203e+00
3.237890275954762309e+00
4.047781879203909278e-02
2.198285875804272038e+00
2.052115679200329446e+00
2.419112780745088731e+00
-2.570316483661353457e-01
3.573655331508006627e-01
3.780495290889573368e-01
3.839217124313756280e+00
7.081303735539953292e-01
3.864610031094823039e+00
9.073810406896291036e-01
2.468198521446507865e+00
-1.236094982670559728e-01
1.690569504145803759e+00
1.818801192260317112e+00
3.032331768259849181e+00
-7.747774556420744529e-02
1.585711521732019236e+00
1.765781048744007320e+00
3.117282054561560489e+00
-4.716254452950086745e-02
1.822578708541440440e+00
1.875558256225867915e+00
2.880898407105955350e+00
-1.423660649361367381e-01
1.231420386652043897e+00
1.510409075641210519e+00
3.424244476427905415e+00
1.480273092633982990e-01
2.782700221689794251e+00
2.155855626550267523e+00
1.537871158112140479e+00
-1.274162409500059767e-01
-7.262424111407871086e-02
3.114574153124535894e+00
2.265450875126461039e+00
9.297826224351409818e-01
9.609837731329119725e-02
2.637780278282306212e-01
3.992204836264741985e+00
8.813086542709709370e-01
3.103879179602087035e+00
2.152076308123588022e-01
3.342063265378834913e+00
2.139923925175949648e+00
1.232320319855632507e+00
5.544869359800028846e-02
3.679466937085187794e+00
2.109407631310078024e+00
1.960032357884323728e+00
3.531830702647014708e-01
3.903768573223922900e+00
8.746230269669980073e-01
2.898353687261150391e+00
7.573911831165835995e-02
2.785828935034893039e+00
2.198903155493336037e+00
1.544002016606047301e+00
-1.303515489827371254e-01
-8.246814972131175092e-02
3.025115385482016528e+00
2.264119839174821625e+00
1.136104520748040025e+00
2.960508804643743191e-02
1.635311595172775911e-01
3.962119548838422212e+00
9.236059755321552878e-01
2.706474044409300284e+00
-1.018917686814005755e-02
2.300960789070200629e+00
2.091095451828803853e+00
2.311954108971569610e+00
-2.586271119921877970e-01
1.775340336157036070e-01
5.021797863842195064e-02
3.965221616699939666e+00
1.890000474863013480e+00
1.635159011365081128e+00
-1.274199079604416140e-01
2.061220278589010135e+00
2.024276707785654938e+00
2.632796105072301440e+00
-2.255058505051856788e-01
6.778149086776803500e-01
9.201872961057059319e-01
3.757413353761487329e+00
4.768333339814019300e-01
3.944541921172506349e+00
1.725952076055200513e+00
1.328076478526119653e+00
-2.049671170504279716e-01
1.091410983077488517e+00
1.431084902749380605e+00
3.541678142540657159e+00
2.304607377860534712e-01
3.145719216314382560e+00
2.150952844051498225e+00
7.823961647294421784e-01
1.226800292467311870e-01
3.177684977179779380e-01
3.956701027177710994e+00
8.409510341640167308e-01
3.314852043243126101e+00
3.396749274267379937e-01
3.804521593983705596e+00
1.909869223910054092e+00
1.925098742497459270e+00
1.217041624033891600e-01
3.593789660176043732e+00
2.097749155796878817e+00
1.916913459439977263e+00
3.605533153742896957e-01
3.769781695976316627e+00
6.743433250326411610e-01
3.825736508261026181e+00
8.702882112328684805e-01
2.855571412307285950e+00
6.631639320749277422e-02
2.675169149573053851e+00
2.170121810607331891e+00
1.715783684794333297e+00
-1.623580004827449019e-01
-1.406824540096939524e-01
2.039668481901389274e+00
2.089288971118252292e+00
2.656637229540401268e+00
-2.290992283925166184e-01
6.751034438096903401e-01
8.960783604373260269e-01
3.776716378995161882e+00
4.772337699945127243e-01
3.928422842624436306e+00
1.721874219308681120e+00
1.213609626680381082e+00
-2.115809625537007355e-01
7.826537529583650343e-01
1.084504647816258105e+00
3.742219784105257130e+00
4.124430122467366289e-01
3.775832653343510259e+00
1.903783584722900768e+00
1.892712716012977747e+00
7.511923245471130439e-02
3.378732895896581656e+00
2.166285595964443367e+00
1.280366242632266394e+00
9.172095420456076453e-02
3.821545672018014983e+00
1.984155451206901066e+00
1.935582512663604149e+00
1.121006828835769964e-01
3.569841064294976718e+00
2.107434072451190410e+00
1.862819216540095635e+00
3.608445304874324244e-01
3.622663704348110247e+00
5.775594783473280147e-01
4.022014173488275723e+00
1.316445814713719020e+00
1.077220050121379336e+00
-2.041606396267729995e-01
9.333220508568076390e-01
1.251937705915031174e+00
3.672495405331124729e+00
3.476271913994189999e-01
3.516556893010182705e+00
2.064733347648266992e+00
1.848221850692690627e+00
3.593561247792217417e-01
3.708373698585054612e+00
6.173300689170606592e-01
3.995402791701265777e+00
1.110769629071529652e+00
1.481626417435512488e+00
1.484233708363942306e-01
3.955225920167918296e+00
1.847441721169301720e+00
1.575549578310879273e+00
-1.537811829570016886e-01
1.840566626645385728e+00
1.945868914217550927e+00
2.895890076376885780e+00
-1.463105347502162423e-01
1.217235447120587288e+00
1.491208087887890610e+00
3.440783199171077111e+00
1.556499223834475476e-01
2.844331084863755965e+00
2.158451684383672742e+00
1.412782627971965965e+00
-9.255143459462765454e-02
-1.770098352566840116e-02
3.622204378911035416e+00
2.142422228284330377e+00
1.906397177412190391e+00
3.662551783528701921e-01
3.675701424040180409e+00
5.950300381671613792e-01
4.008180037363481496e+00
1.256124906810691888e+00
1.123345236929623292e+00
-2.055192788348272626e-01
9.539382950911051706e-01
1.274435360136082496e+00
3.656629049413154586e+00
3.351625975007231362e-01
3.466509167664961311e+00
2.085083841063642751e+00
1.740994232865607838e+00
3.451837870133264152e-01
3.708816543939166710e+00
6.175112163865295045e-01
3.997145070971948044e+00
1.120095294699232191e+00
1.565400742322031968e+00
1.759784451314487241e-01
4.015349897658476941e+00
1.755950146512049059e+00
1.154963388517009637e+00
-2.067098809765189338e-01
6.194478212079377322e-01
8.534087483492691639e-01
3.789041410676976085e+00
5.382760081614066383e-01
3.990259438243873635e+00
1.595331508087893368e+00
1.146578399558463079e+00
-1.488776469845078387e-01
2.011923885401681211e+00
2.015522323951047134e+00
2.703590995817923837e+00
-2.100954923637956551e-01
7.989667157249484841e-01
1.073173671967219134e+00
3.703962390069804655e+00
4.021148783254447912e-01
3.776179914510358504e+00
1.911602510680114220e+00
1.944119268582507942e+00
1.513395660217266570e-01
3.732645695878657577e+00
2.022944488033752375e+00
2.014524127981425217e+00
2.450294566720711276e-01
4.083087558829388897e+00
1.593315549927827091e+00
1.263770045950928012e+00
-8.314479667151081221e-02
2.520171768279970248e+00
2.195470623090271189e+00
1.982814283314210169e+00
-2.264451209050638847e-01
-9.958820820346150904e-02
6.040231441165977433e-01
8.725123378992105661e-01
3.803913205206054471e+00
5.479118647438445677e-01
3.997683635272264446e+00
1.572587322896871864e+00
1.228278081452461645e+00
-1.133006432392708179e-01
2.360828725300020192e+00
2.134115323381839069e+00
2.248832576637509462e+00
-2.601981418970696347e-01
1.190102910419287008e-01
-1.058150043375772620e-01
2.711088906901261364e+00
2.242767527983460685e+00
1.726769462076733763e+00
-1.588990654482195231e-01
-1.347540765769045523e-01
2.190706527979434881e+00
2.143399765556393000e+00
2.467805223247213853e+00
-2.561579656547364192e-01
3.714472407977806867e-01
4.173548880245915305e-01
3.867262889175003160e+00
7.004600402256944136e-01
3.893841272200721626e+00
9.761701378155269726e-01
1.827513335418057050e+00
-2.383050156947814358e-01
4.619643945600279134e-01
6.040913713186406575e-01
3.854981462045695473e+00
6.137354178495009194e-01
3.994753070881635004e+00
1.245900131683958634e+00
1.166227152116739996e+00
-2.039320194711116974e-01
1.068415432486878425e+00
1.395980523820706587e+00
3.579348796879214589e+00
2.435941732029514861e-01
3.192406301474217223e+00
2.159194698351311281e+00
5.716206147499950374e-01
2.003309391133404060e-01
4.018941615353749386e-01
3.955684421695138564e+00
7.860870542487323753e-01
3.586922440094935993e+00
5.692390457334388643e-01
4.018429095303432952e+00
1.302760557846023293e+00
1.045165283701645853e+00
-2.041528100020428005e-01
8.081346395555164541e-01
1.114673434908221461e+00
3.733541755796382589e+00
3.968670060801980370e-01
3.740045573771680232e+00
1.934179149937400144e+00
1.954961797600374585e+00
1.473698904603808757e-01
3.755555257074529418e+00
2.005866515774611614e+00
2.023244708114736667e+00
2.286528482927085992e-01
4.032894794996733090e+00
1.670518812741260017e+00
1.053621698897750703e+00
-1.813903243519813246e-01
1.531696018431857542e+00
1.770356838094550911e+00
3.215339755709457847e+00
-1.348475676405780713e-02
1.976086075569079892e+00
1.981602177369591100e+00
2.675155879792029623e+00
-2.161064841638236922e-01
7.880363327126759243e-01
1.047829876401300320e+00
3.721697990652132582e+00
4.079461969024932855e-01
3.769306612695358716e+00
1.914071953798926362e+00
1.903270628479101223e+00
8.906614252510802743e-02
3.451278510696752289e+00
2.149149394584887407e+00
1.557657024321971839e+00
2.702765435271144434e-01
4.022102077511888751e+00
1.028799216102606273e+00
1.589539564371738489e+00
-2.227817273705042511e-01
1.742697813643792892e-01
4.404396884195532769e-02
3.977294959352224435e+00
1.881999324510855942e+00
1.671272882625364886e+00
-1.064801317567665162e-01
2.134509982151158169e+00
2.079994001856960484e+00
2.518021420296688628e+00
-2.498051178406392736e-01
4.738562574875506694e-01
5.936432076366625621e-01
3.847885744496626792e+00
6.325705796881048171e-01
4.002860596322745934e+00
1.264764556528900297e+00
1.078741115721993493e+00
-2.054040919305761548e-01
8.453332302910193663e-01
1.157375705252276621e+00
3.715233841676235826e+00
4.003260781755589304e-01
3.676404431638917281e+00
1.978543977888933103e+00
1.999607409775071121e+00
2.475511946192320845e-01
4.077437069522988899e+00
1.592767523315186118e+00
1.295097497616548576e+00
-9.255272768962465035e-02
2.525278514117766271e+00
2.202923727385354802e+00
1.959634641283021228e+00
-2.247583414836081817e-01
-1.105760823925828751e-01
6.983265526813009494e-01
1.010426844464760832e+00
3.799110226576447147e+00
4.908584923348693341e-01
3.900542473908827468e+00
1.765079379381149449e+00
1.436572408198097728e+00
-1.893471330473250336e-01
1.408013818045802168e+00
1.668066957854223098e+00
3.324925227942233885e+00
7.552237667746236616e-02
2.322323515035113584e+00
2.096096210017522665e+00
2.225392289489957598e+00
-2.574270940785310935e-01
1.159507920349862470e-01
-1.275351176881912019e-01
2.447521420895673039e+00
2.209941129435334162e+00
2.152242155445049043e+00
-2.537770464036621654e-01
1.041983145567342353e-02
-7.163126296400866566e-02
1.364708648961529824e-01
6.176089341357562934e-03
3.780805068937354019e+00
2.053778330145228814e+00
2.012323366989674511e+00
2.784067010581984247e-01
4.087914879974058557e+00
1.471325258234707833e+00
1.261974748730698925e+00
-1.542811265885352390e-01
1.918411363111253376e+00
1.971098712991977253e+00
2.810434882285059999e+00
-1.776371989171579846e-01
1.013029243740310337e+00
1.308131671610171853e+00
3.579237410654621421e+00
2.738062335408689152e-01
3.338490440225600153e+00
2.116000404029271476e+00
1.162045981540816619e+00
2.053135708791735056e-02
3.376554642529497219e+00
2.196426484721511585e+00
1.258433030367565042e+00
8.620015358183086285e-02
3.812855500408959486e+00
1.994708032805784903e+00
2.011955055610232801e+00
1.949468518065620992e-01
3.896721370254075723e+00
1.885623384457091101e+00
1.730091958417171671e+00
-6.866364297136144657e-02
2.498869927445311223e+00
2.163753014225916260e+00
2.052232566144424286e+00
-2.423228506951393968e-01
-6.974668046390489207e-02
2.748694173373392724e-01
3.510918338895026580e-01
3.891719625753375489e+00
7.395640695515988128e-01
3.750925208519747311e+00
7.150719319332989876e-01
3.632994487850064402e+00
6.338885415899104814e-01
3.946923935606304390e+00
1.048386497217288493e+00
9.090804616642228497e-01
-4.586001779593873451e-02
-1.157805061597447227e-01
2.634474787263970441e+00
2.251122621200683405e+00
1.868805307266480087e+00
-2.094650466484706541e-01
-1.434345770390162422e-01
1.256982840469901941e+00
1.601096266953732972e+00
3.453866919395075286e+00
1.384793284392817903e-01
2.755381250554397088e+00
2.175799179401225025e+00
1.593306551868221232e+00
-1.433684002921872813e-01
-1.081726309109246331e-01
2.710905889750234721e+00
2.245102101822264551e+00
1.736510105518069835e+00
-1.599981057571961407e-01
-1.369239979867956924e-01
2.143178670895806714e+00
2.124566766581911015e+00
2.533991025396408858e+00
-2.499821034255153562e-01
4.709423001358476468e-01
5.881403798957510753e-01
3.845619456193882790e+00
6.332659421667877764e-01
4.001091540965779458e+00
1.257430960292512889e+00
1.104647116140630825e+00
-2.056688756366197579e-01
9.078972028360310365e-01
1.227676701936077697e+00
3.680835589186696843e+00
3.628158510041362139e-01
3.557360111093851085e+00
2.046628519798306289e+00
1.920965693117326012e+00
3.536256850379427830e-01
3.847583410408256910e+00
7.789517315820411181e-01
3.472867784684689152e+00
4.435758739148099039e-01
3.980290976364111444e+00
1.644194722687764676e+00
9.267689450338402191e-01
-1.976947251894206892e-01
6.985071938632138044e-01
9.859603052558968406e-01
3.784206278514327337e+00
4.644055995854601271e-01
3.893299488889982563e+00
1.772911742528692658e+00
1.445389958244815976e+00
-1.858102557976732683e-01
1.441840792157896178e+00
1.700958084831051709e+00
3.291394056605687179e+00
3.451734695820911358e-02
2.222321092557103306e+00
2.074688204376893719e+00
2.356996360200299900e+00
-2.591629502856316325e-01
2.737307206971169027e-01
2.346524917290743750e-01
3.872775787221701460e+00
7.403585535193143441e-01
3.661287707937771252e+00
6.711126336774418943e-01
3.860880640892107252e+00
9.002854579016960068e-01
2.575338841608428186e+00
-7.752962856312003992e-02
1.952957158308852303e+00
1.957256714153602584e+00
2.770627999394482011e+00
-1.932581332367654392e-01
9.071250021002663644e-01
1.203429288285138954e+00
3.640401416998581219e+00
3.371346547695538431e-01
3.559912347512415920e+00
2.043595672257692897e+00
1.896558121782853323e+00
3.689093163527987773e-01
3.734670730956284324e+00
6.775965133889959580e-01
3.881819244471856223e+00
9.182812158369191291e-01
2.367313117468122119e+00
-1.607910932309761232e-01
1.457574388716329050e+00
1.689768308243779549e+00
3.257572755936666731e+00
4.705962550713593817e-02
2.229556857773554501e+00
2.061333256777291290e+00
2.378813100516139478e+00
-2.585432261726031133e-01
3.030354414638622429e-01
2.693331690104038834e-01
3.845564532139676750e+00
7.449577241232143709e-01
3.731174142802980764e+00
7.259610481698492990e-01
3.658499540975596709e+00
6.229201188543659340e-01
3.960461066440986055e+00
1.016355261137612098e+00
1.093561709717125296e+00
-1.173402140809850502e-01
-1.524860259656002914e-01
1.434821698904569232e+00
1.736846099927391140e+00
3.306879821876654635e+00
4.093817545131962776e-02
2.267751860835425681e+00
2.074981696555873167e+00
2.348343219763773249e+00
-2.591663584381278529e-01
2.680194167086004664e-01
2.292129919582786002e-01
3.866478805919432826e+00
