6.343678688400604671e+00
9.857525283706186414e+00
7.065049862229630051e+00
-3.674066517927190856e-01
5.918090559740864620e+00
7.294322534879960074e+00
2.502492912223734045e+00
1.114060441551640024e-01
3.998032200746569842e+00
4.601181434209172139e+00
1.024582734728217481e+00
1.201005679606206522e+00
8.214543157408205065e-01
8.002888979275795539e-03
2.066328795864879719e+00
4.116410116414178866e+00
2.359567587881812312e+00
-1.611433359656975484e-01
-6.101213427999001553e-04
3.493617297738293992e+00
4.583554167821738190e+00
5.249025658575144915e-01
9.993085816542153846e-03
1.552403133444478334e+00
4.183814325724622307e+00
1.508072433370151622e+00
3.840774880550150705e+00
3.890734408150269275e+00
2.730057235499587787e+00
2.455277852886275980e+00
2.101350461835149730e+00
9.096710694466387803e-01
3.777283587153628996e+00
1.694773309194645750e+00
4.219350478880560473e+00
2.759747599282284192e+00
3.617254455963576198e+00
2.078605292557596407e+00
3.256877757238430871e+00
1.393254356210434697e+00
4.196952351321495911e+00
2.382975913186486494e+00
3.820869003091269533e+00
2.213218656131532569e+00
3.517438043639069090e+00
1.700936340080300369e+00
3.905154550873271457e+00
1.991002951706655200e+00
3.944150242259613748e+00
2.189766785858752840e+00
3.712346215716838316e+00
1.947913746547817571e+00
3.757125386048346893e+00
1.898284478182078905e+00
3.904381286921907002e+00
2.066453123177721896e+00
3.831318370154563002e+00
2.047359391741148116e+00
3.747424585117343110e+00
1.943482427816888070e+00
3.835266632051414604e+00
2.005241171882898854e+00
3.845033768384681583e+00
2.024162138927177335e+00
3.808862766859635762e+00
1.999217306788171777e+00
3.792766813269910386e+00
1.991835319359412715e+00
3.825095163349636174e+00
2.013980230708857455e+00
3.818233042107224140e+00
1.990974059213822533e+00
3.823248428901045770e+00
2.008276126757249536e+00
3.806011603771946916e+00
2.014011650643925844e+00
3.811572111757237202e+00
2.004360419763219880e+00
3.814083250122958457e+00
1.982245380017573666e+00
3.831664845486201010e+00
1.978743550309974619e+00
3.801487309766967471e+00
2.016158606106016382e+00
3.803984020839127567e+00
1.996531147909525350e+00
3.819264221075008514e+00
1.988677728492918906e+00
3.829850832181232789e+00
1.983379657584666056e+00
3.793891091247446834e+00
2.007443156662114703e+00
3.808317923314552544e+00
2.002302106958328221e+00
3.818727725146481511e+00
1.994450279428003681e+00
3.824971667516857465e+00
1.978744552960979064e+00
3.795908805907729722e+00
2.011417291702368271e+00
3.808990363338736529e+00
2.006673523529634906e+00
3.814536783376068385e+00
1.991467093337287997e+00
3.825631364434943560e+00
1.981708193732550916e+00
3.795466904103691252e+00
2.014454564049353635e+00
3.808380063350416123e+00
2.003211580561483185e+00
3.818718933828948447e+00
2.000052741668248313e+00
3.820527527559535397e+00
1.978253691310922324e+00
3.837688679787907287e+00
2.015012902623623425e+00
3.804673491254061624e+00
2.007401815129653322e+00
3.811437100276366508e+00
1.992909698784544492e+00
3.825473867776294057e+00
1.983449082092950899e+00
3.837945743812392951e+00
2.020707555765606678e+00
3.799368136852967481e+00
2.004511364620754854e+00
3.806277083379994153e+00
1.989004433729555821e+00
3.828727348309165279e+00
1.985564014250452036e+00
3.839188648819245042e+00
2.028000149068242663e+00
3.792821039221205393e+00
1.998549243797971053e+00
3.811925746819242455e+00
1.992270028652300962e+00
3.831481593108418071e+00
1.997348870996555004e+00
3.829339242296926127e+00
2.017960288718995798e+00
3.793869272095269363e+00
2.000500991408069140e+00
3.813172501929682046e+00
1.998513123709470429e+00
3.822030432750928242e+00
1.990148850722657237e+00
3.827905764507492314e+00
2.015403148207219886e+00
3.800106770705268033e+00
2.009394985937494216e+00
3.808353723411376013e+00
2.000434277521341286e+00
3.814642800261689448e+00
1.982264232882870569e+00
3.833351212083330850e+00
1.980770489483865804e+00
3.798826596581543757e+00
2.013553879556025716e+00
3.803085640392956268e+00
1.995617168231216709e+00
3.818350760028457636e+00
1.986736684552642629e+00
3.833497249311421218e+00
1.983379680524180566e+00
3.796771815892869384e+00
2.012233880775071704e+00
3.805913849440912156e+00
2.000594701753925175e+00
3.814189583726820043e+00
1.988980027067931200e+00
3.831407020676611097e+00
1.980175295630827836e+00
3.802581315766172754e+00
2.022107432048847464e+00
3.800760799906893084e+00
1.999511551040983326e+00
3.810813963777742064e+00
1.985640492337726881e+00
3.828668097332971421e+00
1.983561950253334594e+00
3.794056134837338945e+00
2.016045698726146362e+00
3.799084132997874619e+00
1.995055413231501706e+00
3.819841249978450648e+00
1.997034408760974156e+00
3.824914807122828275e+00
1.986718905312413019e+00
3.829112100117867623e+00
2.006092580858076957e+00
3.806328327502742859e+00
2.006079823284022901e+00
3.816362247236000371e+00
1.997854434771521248e+00
3.826945931432671255e+00
1.984222306048534001e+00
3.838029154415877997e+00
2.021115375180656315e+00
3.798549471056295701e+00
2.002171975793670011e+00
3.810865161152447556e+00
1.992874423136601791e+00
3.824010029214112372e+00
1.985724237164299355e+00
3.833842393046649644e+00
2.019190135010966003e+00
3.797554738785136053e+00
2.002290898510107109e+00
3.813688446509248653e+00
1.998450436283203624e+00
3.821304011467404393e+00
1.987755854147682744e+00
3.829913348750919155e+00
2.014890325455894526e+00
3.800788330784094171e+00
2.008886786666831181e+00
3.811406470016742709e+00
1.998391902356561500e+00
3.820113632773296519e+00
1.988076650421983560e+00
3.829975940523911326e+00
2.017060498666646051e+00
3.801064709157994326e+00
2.011333892741518081e+00
3.809260338010044045e+00
1.998938301621801861e+00
3.818860644696093321e+00
1.988505131951399774e+00
3.830354485247948304e+00
1.979051448272726832e+00
3.802349395591123837e+00
2.010686470032498452e+00
3.812078696485631024e+00
2.006913752095948134e+00
3.814112432899249949e+00
1.987213509703224856e+00
3.824369589358362909e+00
1.975017279354330579e+00
3.796634469062808215e+00
2.011620406016998874e+00
3.805486916447482493e+00
1.999838879114057333e+00
3.815080027438418231e+00
1.988784794330406003e+00
3.825162837881154854e+00
1.979021603617331371e+00
3.792848673736609388e+00
2.007329877584876687e+00
3.808661492321135267e+00
2.005745448798141428e+00
3.814010630626150977e+00
1.991046225682059356e+00
3.825369115754444049e+00
1.978604304017022031e+00
3.795977554448919378e+00
2.015784468842631405e+00
3.801741327796782866e+00
2.001348348908642549e+00
3.815405258000052591e+00
1.991129597009840380e+00
3.833431415179854529e+00
1.988837743561883808e+00
3.838052601963916732e+00
2.018990153574250712e+00
3.798430361396996080e+00
1.998504092312026303e+00
3.814796430086015100e+00
1.993837064610373133e+00
3.822178209244128322e+00
1.984058003807542381e+00
3.828209057862537179e+00
2.007169383268029961e+00
3.806381177989258013e+00
2.007870720967375622e+00
3.815222181034589877e+00
2.000165095595935583e+00
3.820707933726991357e+00
1.982924820435823854e+00
3.832714874652536352e+00
2.015756645856040752e+00
3.800193128594936631e+00
2.005900689852387231e+00
3.808372542045183717e+00
1.994177530924928998e+00
3.820918928481944477e+00
1.982835503648984421e+00
3.837130306637456023e+00
2.022435723908047489e+00
3.798038078431256181e+00
2.009062338794314506e+00
3.805961876618433770e+00
1.991309890646786540e+00
3.828785817573626904e+00
1.990799255888264563e+00
3.835513355496088739e+00
2.027433574650529202e+00
3.791183888072336305e+00
2.001589817894624979e+00
3.808922848447950926e+00
1.995248353858682266e+00
3.823893884949039812e+00
1.993038301455319905e+00
3.825512354027995165e+00
1.976074613093686816e+00
3.795002936136998350e+00
2.005950360030253954e+00
3.808903396555335163e+00
2.001969204544061576e+00
3.816674408059829826e+00
1.986430605740844513e+00
3.830622046047476914e+00
1.981223473069186003e+00
3.795791142299858478e+00
2.011298704258273062e+00
3.804091201795279265e+00
1.997588165783680481e+00
3.815775389227701098e+00
1.989795058586077525e+00
3.827183633479156910e+00
1.979497273401846114e+00
3.796139872370873469e+00
2.013654468598545577e+00
3.803079166112681708e+00
1.999378233589378384e+00
3.814007025588660227e+00
1.988052985420942331e+00
3.829567621333953120e+00
1.984929810736256961e+00
3.792653212867098222e+00
2.012457782735253886e+00
3.802677754959360445e+00
2.000619628109689074e+00
3.817024519721577303e+00
1.993070049423134593e+00
3.828494525396649362e+00
1.988024999456631470e+00
3.832247365150552643e+00
2.009422376384152109e+00
3.804923452197028766e+00
2.005254119126769208e+00
3.818243256726064239e+00
1.994777506358714758e+00
3.826171065737360877e+00
1.988052774931816868e+00
3.830922238159629956e+00
2.011168909449092546e+00
3.802540110427129250e+00
2.005879576800535524e+00
3.812544933815052328e+00
1.995158453880494287e+00
3.822544230698464496e+00
1.983938745488209587e+00
3.838781704598158040e+00
2.017394895445890679e+00
3.806002031609949210e+00
2.014063730798077323e+00
3.807140075611559649e+00
1.992438805616996378e+00
3.819947757259384513e+00
1.983375278023153498e+00
3.832398718139347515e+00
2.017008539009386592e+00
3.800423981454137845e+00
2.009150402154893378e+00
3.808526802031605207e+00
1.995456744745152555e+00
3.821540947434369340e+00
1.987417700844216428e+00
3.835394946838970309e+00
2.023075198801213226e+00
3.796677817685693235e+00
2.009513242419371348e+00
3.804699734309496595e+00
1.992112920232023354e+00
3.824608410045107654e+00
1.991244285000385306e+00
3.832682309404789045e+00
1.985181551743285144e+00
3.791941038540191933e+00
2.003433397028850926e+00
3.806758267202438262e+00
1.997870748054050294e+00
3.817581725180827057e+00
1.990009415333851450e+00
3.828594415771114257e+00
1.978968706239443209e+00
3.799408955451469616e+00
2.012537189310040997e+00
3.809466352543346090e+00
2.004663250774326499e+00
3.816343147162720051e+00
1.989182427743134696e+00
3.824945265896945390e+00
1.977557665902563544e+00
3.797611713694748925e+00
2.011926150301754479e+00
3.809018137284639227e+00
2.006068556627357502e+00
3.815033718818451547e+00
1.991913595200001552e+00
3.826036471394916649e+00
1.979571712836278863e+00
3.796992070333139679e+00
2.017026712526477361e+00
3.802292226378051421e+00
2.000642598730276500e+00
3.820500394516533227e+00
1.994119147096220068e+00
3.831471289795591595e+00
1.992250630707650627e+00
3.830087556934174575e+00
2.009860054305506516e+00
3.802895250705527808e+00
1.999844958331483458e+00
3.819066125777931475e+00
2.000203791287446187e+00
3.823470737901457195e+00
1.985375890104599472e+00
3.829731528753133496e+00
2.008239460417489575e+00
3.805280350626304209e+00
2.007982177458370820e+00
3.816699213326013584e+00
1.995904763608979060e+00
3.825262858889383999e+00
1.989330420916349818e+00
3.831543271607776635e+00
2.014249541404089516e+00
3.800103111619046459e+00
2.005281543596130422e+00
3.809178013217583203e+00
1.992430651685707765e+00
3.825146990928402158e+00
1.989434301725241827e+00
3.831609821368528124e+00
2.018616362895810479e+00
3.798469705471708480e+00
2.004748769889467930e+00
3.810596702701339655e+00
1.998839852816565177e+00
3.818963340245372429e+00
1.983631409477734753e+00
3.834362374890034175e+00
2.021543180898690117e+00
3.799427612063222437e+00
2.009746858741833897e+00
3.808397007872275086e+00
1.997700772948245440e+00
3.821007573419575643e+00
1.990041981755753087e+00
3.829353919959811670e+00
1.979712940762179629e+00
3.794042257937730422e+00
2.005802623025934039e+00
3.809405480074778083e+00
1.999217961290528534e+00
3.818870964288977987e+00
1.990334052565670087e+00
3.827600548753710363e+00
1.980221951308343442e+00
3.793843305674904354e+00
2.006529877580172094e+00
3.807406307846658677e+00
2.001438501572400774e+00
3.817580439092470357e+00
1.991644696164738271e+00
3.828162429562685709e+00
1.980883656153161088e+00
3.796172409867900388e+00
2.012604077126305846e+00
3.804796844549072965e+00
2.001643211328006267e+00
3.815223769474494819e+00
1.991172820605441318e+00
3.827562103801492199e+00
1.983057453555704619e+00
3.795532747495810266e+00
2.014556297280406305e+00
3.803781986731865405e+00
2.001036251106894426e+00
3.816390368156142632e+00
1.993781933556029173e+00
3.822482852740466619e+00
1.980086950872156804e+00
3.835878341017594284e+00
2.012891831194225212e+00
3.805096194454647751e+00
2.006764422542644866e+00
3.811754035005857411e+00
1.990297934706128480e+00
3.826483853486996267e+00
1.985621104072251786e+00
3.835534796325666740e+00
2.018365500525473255e+00
3.799660043517054220e+00
2.001997526107235803e+00
3.812313324877158127e+00
1.994650715356616644e+00
3.822280926441224302e+00
1.985030308922099085e+00
3.834668139203406767e+00
2.016217853189768761e+00
3.802202517354728251e+00
2.008701577146737804e+00
3.808468449542343759e+00
1.993490742248343217e+00
3.827240235910370991e+00
1.986921419877726303e+00
3.836377635872788794e+00
2.025074274582131739e+00
3.793219141991384991e+00
1.999051564350081023e+00
3.813124699435657572e+00
1.997948195957739870e+00
3.824335408185669749e+00
1.992452424666070865e+00
3.833936367763872255e+00
2.018821787183273209e+00
3.802429064494735389e+00
2.013658458002002494e+00
3.805859778087383294e+00
1.995286011860714082e+00
3.818630049733916287e+00
1.986640045715063474e+00
3.832301821313321533e+00
1.980505490471402563e+00
3.799950381582791969e+00
2.010978820275530765e+00
3.807999167022603881e+00
1.999748667155426096e+00
3.817023081840851706e+00
1.988565151096527428e+00
3.828011834894850196e+00
1.978484349744682902e+00
3.797744252324989134e+00
2.011401787683358311e+00
3.803617573360172255e+00
1.997892332374665125e+00
3.817197139145166229e+00
1.988347373668532869e+00
3.832339969544828584e+00
1.984873440146649681e+00
3.792691843889417491e+00
2.009326844982290972e+00
3.803171941288612690e+00
1.999124085173290322e+00
3.814389665858351819e+00
1.990242308285655959e+00
3.824217627902105399e+00
1.980041497410246709e+00
3.792123403238508050e+00
2.009922160636694155e+00
3.804545091255254086e+00
2.003522030800906961e+00
3.813612623318023864e+00
1.989033942433382052e+00
3.830078770988910364e+00
1.987299783488624794e+00
3.834789673301634672e+00
2.014364418459751782e+00
3.802282851157747778e+00
2.002444599238867085e+00
3.819656043493874442e+00
1.995910968686068099e+00
3.828035043852424213e+00
1.991081421542438612e+00
3.830749091007376705e+00
2.011353169330106105e+00
3.803037066132046284e+00
2.003587168768577786e+00
3.816135851689649972e+00
1.999034223619477357e+00
3.823392341495150504e+00
1.985775855244258148e+00
3.833875277384089397e+00
2.015275888783895297e+00
3.804455044511822148e+00
2.009521371203236484e+00
3.811614648986942022e+00
1.997339705227739737e+00
3.819264632176772256e+00
1.983746575430150427e+00
3.832317555654021213e+00
2.016256049642602743e+00
3.803389574844120435e+00
2.010528824109547585e+00
3.810674108113914826e+00
1.997256611484826028e+00
3.820323723734551535e+00
1.986535647006776095e+00
3.830312996725752317e+00
2.018339127851336734e+00
3.798046419273307439e+00
2.006774288674747275e+00
3.810700772474855835e+00
1.999804834241506457e+00
3.821758991272946382e+00
1.990033729160223253e+00
3.828657429042740645e+00
1.979155175227010011e+00
3.793659941613279685e+00
2.004269609269597296e+00
3.806790814003495615e+00
1.997402194284288557e+00
3.820788274823002428e+00
1.991857989131821327e+00
3.828410774959343676e+00
1.981203140656430550e+00
3.791783882497054670e+00
2.005348767538732702e+00
3.809301637332649371e+00
2.000076424169212608e+00
3.820966060984306800e+00
1.996274642169172164e+00
3.824150860077481617e+00
1.978215607932196862e+00
3.793264902167236663e+00
2.008621558300557552e+00
3.806856105751345254e+00
2.002306100963652469e+00
3.816505358728148778e+00
1.993316339517469782e+00
3.822790020123840282e+00
1.976755482274445752e+00
3.797470708281300400e+00
2.013407152498904118e+00
3.808912856560627169e+00
2.008165452032993237e+00
3.811701774293270617e+00
1.991455254591216528e+00
3.822553758836880977e+00
1.977444697821250541e+00
3.839925818886853470e+00
2.016598599334564312e+00
3.803030755880780767e+00
2.006565509073156228e+00
3.808020573177237633e+00
1.987441083228471905e+00
3.824747077292487862e+00
1.982587649329479396e+00
3.838812333612493077e+00
2.020286899827911320e+00
3.801513987354233404e+00
2.005567647633683670e+00
3.811460658385128930e+00
1.993524395472865418e+00
3.821342590486256796e+00
1.983632947305479899e+00
3.833496897058130237e+00
2.014280499939093527e+00
3.802912521130629830e+00
2.008156615723250660e+00
3.808344948291575438e+00
1.994092911071787544e+00
3.818555724226257997e+00
1.982160569295663421e+00
3.832959677819777866e+00
2.015604061055516816e+00
3.805309923776010628e+00
2.012605837949034360e+00
3.808059691635533373e+00
1.997847097407445816e+00
3.815470847248681796e+00
1.980128949312361941e+00
3.834765563881284756e+00
2.020827798352330618e+00
3.798822785450957973e+00
2.010277107966494281e+00
3.804762381712693653e+00
1.992904967788326376e+00
3.820519790487394651e+00
1.988263531896422798e+00
3.832637034119610320e+00
1.980943000976967960e+00
3.798164867251724086e+00
2.010834779629070646e+00
3.804941708325537242e+00
1.996739890839487774e+00
3.815053385566484767e+00
1.985293828818075923e+00
3.831574164552376427e+00
1.980168089751326743e+00
3.799306506783310056e+00
2.014677942134058597e+00
3.803342190725442329e+00
1.997130797344588427e+00
3.816331611997731521e+00
1.988268953006162576e+00
3.831390746335264108e+00
1.984105856112299948e+00
3.793351659120379971e+00
2.009395808732007183e+00
3.803192361935726407e+00
1.999146208150462511e+00
3.816911674243148589e+00
1.989700452326492286e+00
3.831645019987758083e+00
1.987471206097806808e+00
3.793408798737956111e+00
2.013269138045246986e+00
3.801905373012503642e+00
1.998439149471213483e+00
3.815382988051460256e+00
1.992112970687543338e+00
3.826364049295504000e+00
1.984664373129497950e+00
3.793031294536515219e+00
2.014027843536437601e+00
3.802872845807351521e+00
2.002860281249357222e+00
3.813987065597867598e+00
1.994013157655608603e+00
3.822430011781081216e+00
1.982311896021699882e+00
3.832979808870057070e+00
2.012645670915809148e+00
3.803731835719054821e+00
2.006933821538988916e+00
3.813345037724363618e+00
1.995202399173772623e+00
3.823422233654067970e+00
1.984410353848659048e+00
3.832632907494874175e+00
2.013527383748725086e+00
3.800676477126630814e+00
2.003010693837020906e+00
3.816222342985713833e+00
2.000760304977034387e+00
3.820944678550548534e+00
1.985317703790782318e+00
3.831720336748114519e+00
2.015532106569153381e+00
3.800562879949858086e+00
2.006726424399230879e+00
3.812291684164060612e+00
1.999158959312778538e+00
3.820301265597176865e+00
1.984915120479915362e+00
3.832204295950159878e+00
2.020856698027509779e+00
3.796485822957867740e+00
2.005171040486148470e+00
3.807312837850465925e+00
1.995687459948416898e+00
3.821859426784921077e+00
1.988579931092358644e+00
3.832966199945149643e+00
1.982532529712300873e+00
3.796362531777343730e+00
2.008427817676672333e+00
3.807945526856840956e+00
1.999160214539589919e+00
3.819678851483546467e+00
1.989989681972282209e+00
3.833595736315752234e+00
1.979952165398881414e+00
3.799573743603362530e+00
2.016410504264684267e+00
3.800693845950756433e+00
1.993093586193489752e+00
3.819340833199596386e+00
1.989291060425871560e+00
3.831308624534164764e+00
1.987313652274463438e+00
3.791295774440919697e+00
2.007694653597238865e+00
3.807454889181341784e+00
2.001107610363593636e+00
3.819269016301115816e+00
1.995909887648711578e+00
3.820791167403831956e+00
1.975465192742700049e+00
3.795245712889292022e+00
2.010345042383768543e+00
3.808976037066824638e+00
2.007915476828879164e+00
3.813372161053073750e+00
1.991970128644767746e+00
3.822500716816768396e+00
1.980065767095452678e+00
3.793279269786148156e+00
2.013135986206490369e+00
3.804608088444025871e+00
2.006007352869830562e+00
3.810723508956959993e+00
1.990928292097142727e+00
3.824921386451090477e+00
1.982499493475287533e+00
3.837277204686523113e+00
2.018940589007049535e+00
3.800305986624774590e+00
2.002491247780496586e+00
3.811985884239445177e+00
1.994587966087328024e+00
3.822471823314003814e+00
1.983937465280263712e+00
3.834239120136105239e+00
2.017526891741903583e+00
3.800017903508191797e+00
2.004476534975513147e+00
3.814191642472061883e+00
1.996965454011264685e+00
3.822651753634398908e+00
1.987283895787858023e+00
3.831362517560813252e+00
2.014820689100995210e+00
3.802923147926809744e+00
2.008496668756957870e+00
3.812042912895747815e+00
1.999594727180700193e+00
3.820641855144351950e+00
1.987276678962538456e+00
3.830088504787403370e+00
2.016991672917034073e+00
3.799864299803464185e+00
2.008007891894303398e+00
3.811091626373049657e+00
2.000018099493388490e+00
3.819537624465111136e+00
1.988356483881605685e+00
3.831776082801577665e+00
1.978845921174653855e+00
3.801728446875048739e+00
2.012848056124195928e+00
3.807402598780744274e+00
2.000412949915319594e+00
3.814704065382109377e+00
1.984116559156576365e+00
3.827643699575799197e+00
1.977432934482612925e+00
3.795902978727075272e+00
2.009411051676379234e+00
3.806088585976511673e+00
1.999333128672609261e+00
3.815304192944587669e+00
1.986512695512971938e+00
3.832425216224156550e+00
1.984973438675285307e+00
3.795701431421685257e+00
2.012699526977107300e+00
3.804211096173166329e+00
1.998846483904188842e+00
3.817555172397330665e+00
1.992199124020268552e+00
3.827545719673404623e+00
1.980309165025874618e+00
3.796794009481255117e+00
2.016067221930593956e+00
3.803052713257471851e+00
2.001171897754191686e+00
3.814064912089852211e+00
1.990954721641150726e+00
3.825836172943301250e+00
1.981597751306252597e+00
3.793349827627822801e+00
2.015274038126781075e+00
3.802580430179637538e+00
2.001257306303161343e+00
3.812552648876270656e+00
1.993444671432232251e+00
3.823650653364484064e+00
1.980143713930773375e+00
3.843236924959374079e+00
2.019876610150674878e+00
3.805427260681367052e+00
2.011365682193483551e+00
3.808015652279419516e+00
1.988585721932908612e+00
3.824227057807703112e+00
1.984008198583848248e+00
3.836287541188458494e+00
2.019565909014701344e+00
3.801576510066075443e+00
2.005806272886505592e+00
3.816878543254095479e+00
1.997240811796736848e+00
3.824691259320852854e+00
1.992353960614414721e+00
3.826991917634809059e+00
2.012278326538241124e+00
3.799289822718160181e+00
2.003048960248714927e+00
3.814374950464305858e+00
2.000050607708474537e+00
3.821488859282440309e+00
1.989334171686105712e+00
3.830026551393227674e+00
2.016159035513757303e+00
3.798145642185446924e+00
2.005462450440782085e+00
3.811199380507343193e+00
1.999946712135013405e+00
3.818974394166601005e+00
1.988207090563571589e+00
3.829347482031819183e+00
1.975903487111153822e+00
3.799652233844976745e+00
2.009451895858466841e+00
3.808877966802262538e+00
1.999834625348660300e+00
3.816784181049092783e+00
1.988538518786288289e+00
3.825901225115937887e+00
1.976050824826836916e+00
3.798132585546170503e+00
2.010073094940509009e+00
3.810160730558974862e+00
2.004427316916419954e+00
3.816381541796832977e+00
1.989943043417569113e+00
3.825033941312365737e+00
1.977943531407509781e+00
3.795964548402795291e+00
2.010887101486249939e+00
3.806430688162528053e+00
2.002735257438684524e+00
3.815048163207205967e+00
1.990896618196906553e+00
3.826523943874569511e+00
1.980494115624643836e+00
3.794990274942271480e+00
2.013687728962572976e+00
3.804748491500989260e+00
2.002903265842602920e+00
3.815881255475177092e+00
1.992906706363861469e+00
3.825417943430506007e+00
1.981529847370781861e+00
3.795895920371741727e+00
2.014560714480097214e+00
3.804656612299468055e+00
2.004614327562862286e+00
3.814005894569454824e+00
1.993565428710414533e+00
3.826438534391218838e+00
1.984553801357956226e+00
3.835772834464947767e+00
2.017343552966425868e+00
3.799627109201618502e+00
2.002266618948170596e+00
3.817617381015175226e+00
1.994384268866153498e+00
3.829782012843431893e+00
1.994776189380909059e+00
3.826969073640273944e+00
2.011103301106807351e+00
3.796107121312389143e+00
1.999082037465182093e+00
3.815232253703532805e+00
1.997830906882028135e+00
3.824628565929632185e+00
1.989494237545067490e+00
3.830750010208086476e+00
2.014209180887680084e+00
3.802793368489266967e+00
2.008548065151265938e+00
3.813560571052525106e+00
1.999564047789310406e+00
3.820337169270734190e+00
1.987655491565594401e+00
3.829530537432713988e+00
2.016116199350103333e+00
3.801246461608253746e+00
2.008266083823488923e+00
3.808707712824332958e+00
1.997607408824366493e+00
3.818379026720942537e+00
1.986634686491703050e+00
3.827428172764480330e+00
1.971713658004000669e+00
3.806396189722418111e+00
2.016743357703005390e+00
3.805631204042456694e+00
1.998880265984066984e+00
3.814801421003035209e+00
1.983663991461584342e+00
3.833031806091101057e+00
1.982530382216699971e+00
3.797574811912265869e+00
2.012608167039194207e+00
3.805859376306193198e+00
1.997391233289216528e+00
3.820445309138774004e+00
1.993120519995824180e+00
3.827178101729007853e+00
1.980369054200427970e+00
3.796923298421779336e+00
2.011194195816651487e+00
3.806289705585935046e+00
2.003366716250744695e+00
3.813554507694845608e+00
1.986146567537964369e+00
3.828062242123334791e+00
1.983591955699676168e+00
3.793418155580959628e+00
2.012414250645963243e+00
3.800055101851797623e+00
1.998129502149875281e+00
3.813820444484384620e+00
1.988917696407041191e+00
3.829793042279076687e+00
1.986515522448549564e+00
3.794170182109028566e+00
2.016366803405929886e+00
3.801505140995666387e+00
1.999550651885583008e+00
3.816835024039909374e+00
1.995531333912211158e+00
3.824857167450739670e+00
1.985080279518341317e+00
3.832513670748671775e+00
2.010049542475835338e+00
3.802918729457235081e+00
2.004061093028989049e+00
3.812722719377486857e+00
1.995214644506371648e+00
3.823052308130640675e+00
1.983653164231106159e+00
3.835207282460219691e+00
2.018222186594433865e+00
3.801194775475103871e+00
2.005196596615897775e+00
3.812270337291855604e+00
1.996142546190287748e+00
3.819969696484388333e+00
1.984952214855684627e+00
3.830853277065578322e+00
2.013530065010940895e+00
3.803225389265476597e+00
2.010438805915049976e+00
3.810865543511696263e+00
1.997673957314365811e+00
3.818373428688528914e+00
1.983054597796529039e+00
3.837770694902233881e+00
2.020929501901787440e+00
3.802056821016305044e+00
2.013838935883551784e+00
3.805002672338622993e+00
1.993261151443122881e+00
3.819140547092924720e+00
1.986954683736048111e+00
3.829812288659608654e+00
1.978395783029340826e+00
3.796448021450395505e+00
2.007129773801478834e+00
3.807759405423562171e+00
1.996489051778906232e+00
3.823883497250230690e+00
1.993470071427802193e+00
3.827175146543069228e+00
1.978612505117976594e+00
3.795069794252560413e+00
2.006274496794358875e+00
3.808393592902715064e+00
2.000298623827852840e+00
3.822133037395775368e+00
1.991121956063505394e+00
3.833855088384695797e+00
1.988025325280311284e+00
3.792726983595357648e+00
2.008122945197131415e+00
3.807539343491882278e+00
2.001543438884199944e+00
3.820569845630598760e+00
1.995198995361806338e+00
3.824902593780152404e+00
1.979707967510180078e+00
3.794036313777705338e+00
2.010623628155878695e+00
3.807808297005337295e+00
2.004832120548584840e+00
3.813633842192655443e+00
1.990517379156623523e+00
3.825964744188013356e+00
1.981880400374952389e+00
3.795375858786821155e+00
2.016427401547491449e+00
3.800342885369398793e+00
1.998968015586702229e+00
3.813788566927680534e+00
1.992372642590220622e+00
3.826645994054609368e+00
1.985362772326214609e+00
3.840682544186448943e+00
2.017609491676091160e+00
3.803775671470381869e+00
2.008813177149282758e+00
3.808360734609784082e+00
1.989138213823057555e+00
3.825653066856264051e+00
1.985822713622233282e+00
3.836284930473207400e+00
2.019248848993808299e+00
3.801689566175707302e+00
2.006401939221040820e+00
3.809278360886034331e+00
1.991814029276507414e+00
3.824655836525472807e+00
1.987186311373427827e+00
3.832565246711247653e+00
2.016761112142890777e+00
3.799445538333666494e+00
2.005206304679786111e+00
3.811968287401535704e+00
1.996150793899333253e+00
3.822942152762081491e+00
1.990128638519958582e+00
3.830695611403746703e+00
2.016119718809528116e+00
3.799508889601811212e+00
2.007639654284028907e+00
3.811412793379716835e+00
1.998936055023918357e+00
3.818317432307551051e+00
1.987148317280389875e+00
3.826769992748664251e+00
1.972104418099564160e+00
3.801912515730035746e+00
2.011197362094103269e+00
3.808525408811198165e+00
1.999808697295495818e+00
3.816838705844356916e+00
1.987326824537453795e+00
3.826441203032342475e+00
1.976287106991839293e+00
3.797467755273434609e+00
2.007332036980479906e+00
3.813604518051175951e+00
2.007732237314473256e+00
3.815976658559462997e+00
1.990808309405107224e+00
3.822617224557680604e+00
1.973255690322592182e+00
3.798991389888954018e+00
2.014019877090382327e+00
3.807717294111959916e+00
2.004295892064652751e+00
3.814656835740195095e+00
1.989790052478670468e+00
3.826262274117490758e+00
1.981046495381983297e+00
3.794295370912025955e+00
2.011457144785884221e+00
3.805454946606743327e+00
2.003704418894091344e+00
3.819419072228530165e+00
1.992678284537103384e+00
3.828261850876034877e+00
1.987687510286535897e+00
3.788353268010896890e+00
2.007079414103032811e+00
3.806333309383788333e+00
2.005261120046260004e+00
3.815619859267333602e+00
1.995814723287881787e+00
3.820589089096181112e+00
1.980676056010290953e+00
3.831505412104184050e+00
2.010168187470585899e+00
3.805195671192679097e+00
2.005674688747437706e+00
3.812913930652271244e+00
1.994723403300197262e+00
3.824250155380887861e+00
1.984366605732146072e+00
3.834909511657893066e+00
2.017258134489637644e+00
3.799871621137528965e+00
2.003939947469437932e+00
3.813526357452022619e+00
1.995424663224436568e+00
3.825057166172263212e+00
1.988829385901984548e+00
3.831214342560959274e+00
2.016642316743619379e+00
3.798215114097934109e+00
2.003515359253865924e+00
3.813789447939531563e+00
1.999441563318851367e+00
3.820541122475427986e+00
1.988037252579939018e+00
3.827405998515986507e+00
2.013468338941290625e+00
3.800471116207933875e+00
2.007362922261708871e+00
3.814227819838182043e+00
2.002382933965261458e+00
3.821460661249318491e+00
1.989801865222409649e+00
3.828948350187475924e+00
1.976715319057976927e+00
3.797431229403293695e+00
2.007417748449979111e+00
3.810710013833742416e+00
2.000552754265411348e+00
3.821344896072785158e+00
1.991885923145600978e+00
3.829240553926220869e+00
1.978680253170755243e+00
3.794802251408026184e+00
2.008318548675425586e+00
3.806827267564403705e+00
1.999333569869606197e+00
3.818599837662863372e+00
1.990850914576245856e+00
3.829119337725059413e+00
1.981210855608646071e+00
3.799440455909455672e+00
2.010292661799560676e+00
3.812171949666757431e+00
2.008539271811527804e+00
3.812256133483511000e+00
1.986124814525187965e+00
3.828458937939624107e+00
1.979093504568748774e+00
3.801079274439683964e+00
2.019697226369577159e+00
3.803878043333944969e+00
2.002747950302970814e+00
3.812840202246766896e+00
1.987277623641157120e+00
3.828703565254477859e+00
1.985227680632775549e+00
3.793501887438285092e+00
2.014829954917225052e+00
3.799867294387477834e+00
1.997496128815730021e+00
3.816253856251294874e+00
1.995663677939164105e+00
3.824888997206294938e+00
1.984688349914065730e+00
3.831894195640957790e+00
2.012701941570112396e+00
3.801790991930904529e+00
2.002229262202211757e+00
