9.999999999999976685e-01
9.999999628756367498e-01
9.999999110652626477e-01
9.999999674822355189e-01
9.999999585314460759e-01
9.999996235817063539e-01
9.987444539802350363e-01
5.256700853666695927e-01
7.029659814168198739e-01
8.044556397550440829e-01
5.592196798970642257e-01
5.258540355157283880e-02
7.094010267112690676e-04
6.616683566820528162e-01
2.180783512946734559e-01
8.113422934382722579e-03
5.622729371250653752e-02
1.736022535175177628e-01
4.695872491488343736e-01
3.437334758306251903e-01
9.003801711711828526e-02
5.780932329025998406e-01
9.597450228793762417e-01
9.736006051547555495e-01
9.826523161596670830e-01
9.890854274818264846e-01
9.893344733381836953e-01
9.846066248675267030e-01
9.876990672095433688e-01
4.760822645619968152e-01
5.968147150061833273e-01
4.589669983499292671e-01
1.861509681864238069e-02
1.826183099641562335e-01
3.585179526144883222e-01
6.367573824613599331e-01
8.347848206198190679e-01
8.798911544384308003e-01
4.590091988263915179e-01
6.331706399614104308e-01
5.976400565856219149e-01
4.935229614539291543e-01
3.613898976681920172e-02
8.897528205379298671e-04
3.312511251911392108e-03
7.892034812626967655e-02
4.169679206959319706e-01
1.960017173021065262e-01
1.573677430265454091e-01
1.277759132396878994e-01
3.091748996087393953e-01
3.559822282092377915e-02
5.874972243454374965e-01
9.085794989367911301e-01
1.494726326833385188e-01
9.457848277875124943e-02
3.240670970381323568e-01
4.534378495522830566e-01
5.670343988276956848e-01
1.916018282870815270e-01
2.105756192992896403e-01
1.016695372141379478e-01
6.077934359720384982e-01
6.098563257993853126e-01
6.016305284744455362e-01
7.943468988681192666e-01
8.912748024759623577e-01
7.744320473296090190e-01
9.111263693049072021e-01
9.146491322851789674e-01
9.448699859318008265e-01
2.705496993173776565e-01
2.836376562005522243e-04
8.392830859892218406e-04
1.142843544595927158e-01
4.908360412608615136e-02
4.891411378124739008e-05
1.585133586776155470e-02
4.200869632295216316e-02
7.190244475489268039e-01
4.008299839913285756e-01
7.426215934295001819e-01
8.802200270986083597e-01
9.482328142152678385e-01
9.705562818735259389e-01
7.639292450673478285e-01
7.531125530204958451e-01
9.812797592297592963e-01
9.783605801803696433e-01
6.937011459428705784e-01
4.296360371347935914e-01
6.603632812509684369e-01
8.520305591856009997e-01
6.804869774656174819e-01
3.937152874218777243e-01
7.815233162155666991e-01
8.280017401807685529e-01
7.209726578434597632e-01
7.755108953424567630e-01
6.848562847048094149e-01
6.884079957029393126e-01
9.140036251638901099e-01
7.584828361214696058e-01
1.957518973647277491e-04
7.410522070945027530e-04
9.693673055047755073e-04
4.774354997338533559e-03
2.466426885137843524e-03
7.733987877831562108e-02
4.296237956443707540e-02
5.661322395407794028e-01
4.767963067927835086e-01
2.760079166198163569e-02
8.351116371723411175e-03
3.706182262637779719e-03
1.051754561285662276e-02
1.656835757182082217e-02
2.720305947871645147e-01
2.682949745915986228e-01
8.690633365621601714e-01
9.223934715551446173e-01
8.450334874007059405e-01
7.007578972979761067e-01
8.629521531530380818e-01
9.078174817928962304e-01
9.697692364629479922e-01
9.843456642395570499e-01
9.837384413633172286e-01
9.897292333145358834e-01
9.900935295883530607e-01
3.120085168320564373e-01
6.182476269760296406e-01
8.283549624120907229e-01
8.986069397157085969e-01
8.430000070447640770e-01
4.760853356637513301e-01
4.689225061835749497e-01
8.833284465643487238e-01
4.761395812757755475e-01
1.778231987915673828e-01
9.813232322897738058e-01
9.798604753323559846e-01
3.914760356254968765e-01
5.090897826586732178e-01
5.491285381855732783e-01
3.259967881458442629e-01
6.684835546790258709e-01
3.114443220525934253e-01
9.050717578481525250e-01
9.291185094832361546e-01
9.592396934235033479e-01
9.717849152182536088e-01
9.731734193794365773e-01
1.073784036068364534e-01
8.373598403759615616e-01
8.159437056463368920e-01
7.503077551837916692e-01
9.259988817917504944e-01
9.725143017201188789e-01
9.768332570383284619e-01
9.909281044621098822e-01
9.954115702717604153e-01
9.713709874588312143e-01
3.672950144431287867e-01
9.091989684204682121e-01
9.412934124406888703e-01
9.578935737725846611e-01
9.679668987393664770e-01
9.786559308423858905e-01
9.822317878127699853e-01
9.864270131068527681e-01
9.891525922500767898e-01
9.895293297689808920e-01
6.227223825845847882e-01
5.594234593321039013e-03
1.035633107995843560e-05
2.281517523187783782e-04
1.497493450507700666e-04
1.162965916852711987e-03
1.090644309633963110e-01
3.915382604462793181e-01
5.948378199748652895e-01
8.874717877565942992e-01
7.853512510334300645e-01
5.057394318276790812e-02
5.492287024105010351e-01
8.242524212854231980e-01
8.551697644460655168e-01
9.151172108298565311e-01
9.250732799099193882e-01
9.694643247247221041e-01
9.626552881991012889e-01
3.931420269546240243e-01
3.710963961814879863e-01
4.536168661187756634e-01
5.843270160028690707e-01
1.595807999890613310e-07
2.497984880030054006e-03
5.843006506512963931e-03
3.295015286248936109e-03
1.839214212589639769e-02
5.431842185499766718e-01
6.196582482194402637e-04
8.647423224654775253e-02
2.853826089996346349e-01
9.397859575758440651e-03
9.272654884851180140e-03
9.332596386425512369e-02
2.198148049756507572e-01
1.506191285220925824e-01
3.076132557093875022e-03
6.514871383204702271e-01
5.519122973774076568e-01
9.701820073012511481e-01
9.773639227779482574e-01
9.622618855320935749e-01
9.390313016711222538e-01
9.351703473841180836e-01
9.738991611596599096e-01
9.861271889227675169e-01
9.893249980282683431e-01
8.521448371432830404e-01
5.437728008719636685e-01
8.251794893446757762e-01
8.381380844073913483e-01
8.669264963642044908e-01
4.453539554270253404e-06
2.541687725084289251e-02
2.580841006942813896e-03
1.061427139823711407e-03
1.262304722467248556e-02
3.890754917941324081e-02
5.199933766347260983e-02
1.122558259231825339e-01
2.420937954858550303e-02
4.827905549781291022e-02
3.195415307237833152e-02
3.296943740106095810e-01
1.925696242376791489e-01
1.382378902322350944e-01
1.200686498191902568e-01
1.061028481122945188e-03
4.862006381697437374e-01
6.764495365461504761e-01
3.908913218760203812e-01
3.762331297007835418e-01
1.267075932201476851e-01
4.372696156974130721e-01
6.634285041646161840e-01
8.899579501823277061e-01
8.142859389916027313e-01
8.753568856371742868e-01
9.606311740210279337e-01
9.622257780846554809e-01
3.967391366256352025e-01
1.400665134585250549e-01
1.637451992365742315e-04
8.791858642583560632e-03
2.595478208677463351e-04
3.955670944647398518e-02
3.904807924158930094e-03
1.669893393890306832e-01
2.677357930411646825e-01
1.910147811137752685e-02
8.021006230159179184e-02
2.525561238218820281e-01
7.643943164838196136e-01
8.949627073345046702e-01
9.047574329199914445e-01
9.399637496618138410e-01
9.457287724230259984e-01
9.593969393374390808e-01
9.508144416423708334e-01
7.596283068784305259e-01
6.388780325716818254e-02
4.861027971716977980e-01
4.644568401656990614e-02
3.727481091599150510e-04
1.843440421171006760e-01
8.907833285198113460e-02
2.332660709735764337e-01
2.330012715037077242e-01
9.630712002702945806e-01
9.760582883691444334e-01
9.833570141860885627e-01
9.382937023650385067e-01
8.484686368277580826e-01
9.302025289297334298e-01
9.155805480166760990e-01
9.155856244732145655e-01
9.735770836548907070e-01
9.883301926667213966e-01
9.919741452014535499e-01
9.913115999920955046e-01
6.641531559543002450e-01
5.998501998646698086e-01
5.390566213199845524e-01
7.157073586524841380e-01
9.046494883210433047e-01
9.619014129329701568e-01
9.725452349447664124e-01
9.795604098092411949e-01
9.865691516302742547e-01
9.900202829142934480e-01
9.921675783182610786e-01
9.840014046384681912e-01
4.433626313806166008e-01
2.619122897448989962e-01
1.404315227060256096e-05
5.704419029699650534e-02
5.119375124619277798e-04
4.304226823906508420e-04
1.058505724132980524e-02
1.539495710583899946e-01
2.301791711849760502e-01
2.746293634890277224e-01
2.776039494785783601e-01
4.109535396793227990e-01
6.216501492250432470e-01
4.551453285737118715e-01
8.316947747764790178e-01
8.780007627756233335e-01
8.774769895159209021e-01
8.603846741288543321e-01
8.658154974175221730e-01
4.822187346538633346e-01
1.585580960477911416e-02
1.606465879504723670e-03
1.517120099022344851e-03
1.886889099040221784e-01
4.862612243845028251e-04
5.927261211512395780e-03
3.454595314486733071e-02
4.004928161994962266e-01
4.006355198910040438e-01
4.424140884119205919e-01
1.288731998294370684e-01
1.824935749268602470e-01
2.232506602763748571e-01
9.034324334417774827e-01
8.857227360656235726e-01
9.681473543310720187e-01
9.804641503421116511e-01
9.851180258079829111e-01
9.667672190683898048e-01
4.203027976067317817e-01
8.287791053169467625e-01
8.820614075974272383e-01
9.058622361771162534e-01
1.131724611090541288e-01
3.798011615125082064e-05
2.516469965681607506e-03
8.565394977132545495e-02
6.486188139538806574e-01
2.384940242963751456e-01
1.885916261727264009e-01
2.143972075090845864e-01
2.668613171983229559e-01
2.841209809331021185e-01
8.364588176198306524e-01
9.852231906847298548e-01
9.941337423558228581e-01
9.925685138946404029e-01
9.838236770181221225e-01
9.911574622698635650e-01
9.514225228116381938e-01
4.298392639118705505e-01
1.278139740297806193e-01
9.816840099097472461e-01
9.650272346367806398e-01
9.072963617670422032e-01
7.416392537475127167e-01
8.861408500492888862e-01
9.532525409063290489e-01
9.912116122154364106e-01
9.932474087086377024e-01
9.954536794091827234e-01
9.818146988647064033e-01
4.928216219725196079e-01
7.750589754835077727e-01
8.284849336969419831e-01
4.321991901006214665e-01
5.793314575808190536e-01
8.255882448739717550e-01
9.172207061245147841e-01
9.505474629752175275e-01
9.023503466684550389e-01
9.214932485357671954e-01
5.716119037327367369e-01
7.109305220553464588e-01
9.145112197384933639e-01
9.402805170418149228e-01
9.555673957854350364e-01
9.806355188384884292e-01
9.849347363438435421e-01
9.890812588470873079e-01
9.925730929739173813e-01
9.946153661286003533e-01
8.968481160334329516e-01
4.867986284220519599e-01
8.745407684851237429e-01
9.310328610160216734e-01
9.535554004758761693e-01
9.683064029005657991e-01
9.777769573597685504e-01
9.831888464112605863e-01
9.866484635424468408e-01
9.813561372873095268e-01
5.087775104066852849e-01
8.659047725356142644e-01
9.269607797130645643e-01
8.510280632339033424e-01
9.107075649369518189e-01
9.560076821193600471e-01
7.707016880014698756e-01
1.605011278711490352e-01
4.553787866975451126e-01
9.479638990960257416e-01
9.133827638345003441e-01
3.837052174725909537e-01
6.872603521170780327e-01
9.041327398135412530e-01
9.552064714447630056e-01
9.685088286594570883e-01
9.761853523375141339e-01
9.825738263618063462e-01
9.909968890693912069e-01
9.925835716159674416e-01
9.613557393206930701e-01
2.386210651731592303e-01
6.336304619591437426e-01
6.561990060502500555e-01
8.912866581015583822e-01
9.393837476997627389e-01
9.699865135038306940e-01
9.824900454636376068e-01
9.817164968954106286e-01
9.468661757485928865e-01
9.599837165698023034e-01
6.516101505765973245e-01
6.206326530742508618e-01
1.532363683615796217e-02
7.200412622608284375e-04
2.015029615974630022e-04
7.936456746445697506e-04
6.703984886790913776e-03
1.589721878331196436e-01
1.984630109315984325e-01
2.277552025063217522e-01
1.157006227967353057e-01
2.072721443320351808e-03
1.801840767591280090e-01
1.605160002539154918e-01
1.850984510916168710e-02
2.152613118772094339e-02
2.024903766205982461e-02
1.397719277836063090e-01
2.936574449181307833e-01
2.483513925757558360e-01
5.155566437140173264e-01
5.513690271523186137e-01
7.274334016663295266e-01
8.412487123377175857e-01
8.480706628585999995e-01
8.693865353086670522e-01
9.484152656577008456e-01
9.737522113836244442e-01
9.676965264345934736e-01
4.399645207718457240e-01
8.074622730476962440e-01
8.854894421484820199e-01
9.610415010198809505e-01
9.768887124368084152e-01
9.877065088295928774e-01
9.887705004811101483e-01
9.947202559857283299e-01
9.935594939130210079e-01
9.929277179375162188e-01
9.945790561027162413e-01
9.960857137370994208e-01
7.593516864790014198e-01
4.428633357268237924e-01
1.181087356377759026e-04
1.230551842612215459e-02
6.178242426937980564e-02
4.432810900463046017e-02
5.926994972632037006e-01
7.941000219625418133e-01
8.737378907081959634e-01
6.408941388934800143e-01
7.764617849839168251e-01
8.546548487119184356e-01
9.060023778535332140e-01
9.338285437214628448e-01
9.600313449659612086e-01
9.660900268532764956e-01
9.802857369294663004e-01
9.851679220922332503e-01
9.896834401630423272e-01
2.826052798871618310e-01
5.780336232830626253e-01
3.209729928385949838e-01
5.392725021351628678e-01
9.086883381430847437e-03
5.656203096505233764e-03
4.817931278011700763e-02
3.608635786216912722e-01
5.109565881474590343e-01
1.396570111064878716e-01
4.251951124941194537e-01
4.898077945031995006e-01
8.999197561107272203e-02
2.701913897196382523e-03
1.030778761485895423e-02
2.627050923812989346e-03
2.516915423407416197e-02
8.966121611426541849e-02
5.843080338278918706e-01
2.270780627702804755e-01
1.862634994160378143e-01
2.555807842219292442e-02
4.745291410635475021e-02
5.904907665781675488e-03
5.774840788630258848e-01
8.146874314951754181e-01
9.178794295540378956e-01
9.465552061126196737e-01
9.594111177372631749e-01
9.062054401851793450e-01
9.715043434614551998e-01
5.490940849096949128e-01
7.185034219693043353e-04
1.587813800857382131e-03
2.568796097705377535e-01
3.007185706355098298e-01
3.988128801712654270e-01
1.019238318133901672e-01
5.225813605602052103e-01
9.374543720806234326e-01
9.388962394235359499e-01
7.653183068359892260e-01
6.895145312530647219e-01
9.261910916513745873e-01
9.536924515731176610e-01
9.693287910841839050e-01
9.784091852561197511e-01
9.820727260846833229e-01
9.804228916897833601e-01
9.808226738709286963e-01
9.822314659633821776e-01
9.847715886090090409e-01
5.540324490541306268e-01
4.868942481931442523e-01
2.746091046031884919e-01
1.664577971555202253e-05
8.440581297520259859e-06
9.693439133592201846e-05
4.723399022135540612e-05
7.487863401644384576e-02
5.712567894613018032e-02
7.803768325184246013e-02
2.411427684130486304e-01
4.776107960356018589e-02
2.158676550700747432e-01
2.057163495590098590e-01
9.447043370565580966e-01
9.745814492245021832e-01
9.842311706376707381e-01
9.769797601373844120e-01
4.321137092681873182e-01
1.635908118414229895e-01
8.563828876720119831e-01
9.450843311113965584e-01
9.773938719438983735e-01
9.854497892174778340e-01
9.917870127705534777e-01
9.927864247211145576e-01
9.966268992815208172e-01
9.976303880982942962e-01
9.982741168700652867e-01
9.986063249932815022e-01
9.987791332423199275e-01
4.308704385735835918e-01
5.206512161671606603e-02
5.672251309544429127e-07
5.466229101056697959e-02
3.764899340441203376e-03
2.770423759886233954e-03
2.033423088730078876e-01
9.413489447580930536e-02
6.494882720879848748e-01
7.324110985369232107e-01
8.355862427340854381e-01
8.767735363547952687e-01
8.537938380370029279e-01
9.577790522500512216e-01
9.486515497431181609e-01
9.766644795459950013e-01
9.785988768435746055e-01
9.821016339450612254e-01
9.890108243702872004e-01
9.915191147853069653e-01
4.241224016195463409e-01
8.575698045419855031e-02
4.411985750933823799e-04
2.246946164373439059e-04
1.201730945567112702e-03
4.193554336679023960e-05
1.384506252536450297e-05
3.179269975391817854e-02
3.627292006654809359e-02
1.135515747988644214e-01
1.307836217046046412e-01
4.153854920772266923e-01
3.439294680644615076e-01
9.255628368790186355e-01
9.614932888190461657e-01
9.739383875152248793e-01
9.696161701330171523e-01
9.846465159771150555e-01
9.768403360165375249e-01
3.112394058972501876e-01
7.536541219840265926e-01
8.057828046031714209e-01
9.867796045489836132e-01
9.949087185665134170e-01
9.958948359804925543e-01
9.942847840868939135e-01
9.947045294546739136e-01
9.976557877811499386e-01
9.978924143467826635e-01
9.986083382359760563e-01
9.992927707159418027e-01
9.809482330956101892e-01
5.189102170641839429e-01
7.697395849217433250e-01
5.433884989364469453e-02
5.664192081191816910e-04
1.475635116945762850e-03
2.444388458778888173e-03
6.025089444144651196e-01
5.497050211544329823e-01
5.634008487439979840e-01
6.666394355061991961e-01
6.301911680567769958e-01
5.506409104593212867e-01
9.136015157668275766e-01
9.405003896827320853e-01
9.558719078837076832e-01
9.651956671087564832e-01
9.743895973860068338e-01
9.807140329393501110e-01
9.834142014676412469e-01
8.143601373218541939e-01
1.427030044038263279e-01
6.833265975873551445e-01
1.003048305690328601e-01
3.540200073526231239e-05
3.344917533153790035e-01
6.540940228834590808e-01
7.513327067170756379e-01
1.961598042887315735e-02
4.784485993993208702e-02
2.756948169948605226e-02
5.112631821773040014e-02
1.829574904737822638e-02
8.068027098132755925e-02
3.500915278904325606e-02
1.949418936397890462e-02
4.646570156021158360e-02
1.847910211438703321e-01
1.999853784066899787e-01
1.659853487876135347e-02
2.094723362340564776e-01
6.589904519714394338e-02
5.157981983698776141e-01
8.592217960725793136e-01
8.174661221637055109e-01
6.221888429730688674e-01
7.187376582667208691e-01
8.645827502920288010e-01
9.611733115093828994e-01
9.786587689077519414e-01
9.479174776286058979e-01
6.763342081641257053e-01
9.468693366028806402e-01
9.582170129977246598e-01
9.708037468384415059e-01
6.377229966168346253e-01
8.244164507400417730e-01
8.274579930463774602e-01
9.403547140598799148e-01
9.320435887843173672e-01
8.426269235359800103e-01
9.662606585213134869e-01
8.543866929086847417e-01
4.812183560754615952e-01
2.409700417126190153e-01
8.810571384908906078e-04
1.373216815229634036e-03
5.387424228112380059e-02
1.939522791013665107e-02
7.720680526932625076e-01
8.875582956484930897e-01
9.354928839397020912e-01
9.496331080292605975e-01
9.569498922400498930e-01
9.679830663467781093e-01
9.812794063828434998e-01
9.842020667866274719e-01
9.883109245585685043e-01
9.896967728366508066e-01
9.879644775859789396e-01
8.358304348266759609e-01
3.781915247954114601e-01
8.214462488361452541e-01
8.622016280968731738e-01
9.559927255611041508e-01
9.658760004201225602e-01
9.831977433758041229e-01
9.912873230396275215e-01
9.826323755228408841e-01
9.954646849861374935e-01
9.910592174960659584e-01
9.931950850834376787e-01
9.905181359809908104e-01
5.918916715633766312e-01
5.688839885183619716e-01
1.270324313680027187e-04
4.655568471771655769e-05
1.461827425230915057e-04
7.896596898917615124e-04
2.613160486881264122e-01
3.733195541808356083e-02
1.494422787181751491e-02
4.561036629160688527e-01
7.334152008794879718e-01
3.465376990871090745e-01
7.562728855579161635e-01
6.929324534867216112e-01
7.941513491680872727e-01
7.406310094814694267e-01
9.268328673773077453e-01
8.990545591506221568e-01
9.664001746179945451e-01
9.832712221414010578e-01
9.903710437621985330e-01
4.687699532203307151e-01
2.837065718145098114e-01
3.270200751429396813e-01
8.997874357946515911e-01
8.790166450279480737e-01
9.602204027880366644e-01
9.745042222929487519e-01
9.845388990840071575e-01
9.877851522038787468e-01
6.676394187657564983e-01
3.548039038657877509e-01
3.803440422177357116e-01
4.866373934180107802e-02
2.819338058938838931e-02
3.165657965341844154e-02
7.568238229417699470e-02
2.381791121693486446e-01
5.675456739417499702e-02
9.711972101600347962e-01
9.509726696540140578e-01
2.368115534939794486e-01
5.418568805973984492e-01
9.541403411765666531e-01
9.611951327395390487e-01
9.594772221151655067e-01
9.699576070994236909e-01
9.767557220661976514e-01
9.828274412972776153e-01
9.842773114333287499e-01
9.952517069944598616e-01
9.703362760126745812e-01
6.098795518100695867e-01
9.058392917701727498e-01
9.697788597711286540e-01
9.619165887183614982e-01
9.777503914523217876e-01
9.822456863149718886e-01
9.857195097069493261e-01
9.907444093095127968e-01
9.927043072038914673e-01
9.888849101212838777e-01
4.811572062637924918e-01
8.695166309377438951e-01
9.180552027335807386e-02
2.700076489601396356e-03
4.605092763814007568e-03
1.453682254556402376e-01
3.164327692650584778e-01
1.442606977434038040e-01
2.551310366876439334e-02
8.198816187437146796e-02
5.451936393907985332e-03
2.920054405705430067e-01
7.319532130439458939e-01
8.468603064111002166e-01
9.064367259470446081e-01
9.263533994390296122e-01
9.578391351440505019e-01
9.643671637895998572e-01
8.598629713957427478e-01
6.488273697955880825e-01
1.062611608023796145e-01
1.927282326974859023e-04
2.134359701213184302e-01
1.813258764194328188e-01
1.020881823279068817e-01
1.323539441038793125e-02
3.592098323311582186e-01
4.755772059063452240e-01
5.758756837470228040e-01
5.261393408487076151e-01
7.983047832629902585e-01
8.647525701620576433e-01
9.110858303487390231e-01
9.279816917049590330e-01
9.457669143098470510e-01
9.605397727505644578e-01
9.697568841658856797e-01
9.808612062522973352e-01
9.810296617845285505e-01
4.432452066830122606e-01
1.031066069584267580e-01
9.505272124494049679e-01
9.509196715523425825e-01
6.611891929358315600e-01
1.347847763023992118e-01
3.665339700399513623e-01
3.812494913745562708e-01
2.924420144454931147e-02
3.185002670935369040e-01
6.125618566149992894e-01
6.340669852137982287e-01
5.520367288254549587e-01
6.685962005270339459e-01
7.814440995935277856e-01
9.178285139509589907e-01
9.648138699281805231e-01
9.830625182335432921e-01
9.871730285478484967e-01
9.473970014795528582e-01
3.438926928235574443e-01
9.124843850289039437e-01
9.520452011326496766e-01
9.422123781128181053e-01
4.418225093305210849e-01
1.050615562168714760e-02
8.751608921438615296e-02
1.472686015737173504e-01
2.265068066147279957e-01
2.001379706044632556e-01
8.024972917033312836e-01
7.027005880663514947e-01
4.423172148978553597e-01
5.715698416781586633e-04
6.985603168742166892e-03
7.062052723784070785e-02
2.914777632129054719e-01
1.926423196039332795e-03
1.309850745970612684e-01
6.248959336394496189e-01
7.196452159694560757e-01
8.059393943648460734e-01
8.416118387170286042e-01
8.844416854287866503e-01
9.468241235709986547e-01
9.647373738397123644e-01
9.715381030443656085e-01
9.813519636639056465e-01
9.781069558786670282e-01
9.021769856341728122e-01
3.308738898509558934e-01
7.936119179450176198e-01
9.542689225140182918e-01
9.839577066499883840e-01
9.877304121475173337e-01
9.889814845194242476e-01
9.821206422849935169e-01
9.645134424955831287e-01
8.495690695307208662e-01
9.744013025690718699e-01
9.856003360441564221e-01
9.895544485825896741e-01
9.575470236843226512e-01
6.157764865377779451e-01
8.249090881293114075e-01
8.576346074817393639e-01
8.487371169207356125e-01
9.230491594150520562e-01
9.413289975108529717e-01
9.562975193027621890e-01
8.616202568438678933e-01
9.851837454647461856e-01
9.858663664307180108e-01
6.845116395763172212e-01
5.148111700757567188e-01
8.375090541456376991e-01
7.417438867479554387e-01
8.643972406511459816e-01
9.363305074432534125e-01
9.158256676445016842e-01
9.277401119135691987e-01
9.513562567770824652e-01
9.641004062255118523e-01
8.808523603422652171e-01
4.529745249443217214e-01
6.342019530846740860e-01
9.169921443793847956e-04
7.647041971332276585e-04
1.308624391775579064e-02
7.350283269094748384e-01
6.097082932248352183e-01
8.598144605080789704e-01
7.072577740770141438e-03
9.197039276381877015e-02
7.834203273830042669e-01
5.923312467404282522e-01
7.353691302607991975e-01
4.932963842311877123e-01
6.170126685600192395e-01
9.810526890371489284e-01
9.809861448548755636e-01
9.836043855879705866e-01
9.759422223696112564e-01
4.408095554669297922e-01
7.961829124224923948e-01
3.536243173849263114e-04
3.138847542062966781e-05
2.474106441242790266e-06
1.106540216532056649e-03
1.335856454502938823e-04
1.206575341625159940e-02
8.324113549737760520e-02
1.288143586095354676e-01
3.604032946626795075e-01
1.362361914883508940e-01
8.397721527417122411e-01
8.899151405459412301e-01
8.237961351862724824e-01
8.322055107477345226e-01
8.542262641316530347e-01
9.757617541768742742e-01
9.814348208960069764e-01
9.785191633408177880e-01
9.887484680634813783e-01
9.752345066743602908e-01
4.015859896445182486e-01
4.623771190808709797e-01
8.043210499381509004e-01
9.774559131469873208e-01
9.854334520940190023e-01
9.905955221191299342e-01
9.913166498559021766e-01
9.928349828638574071e-01
9.943691630449260632e-01
9.627860645901560321e-01
4.194142588269018090e-01
8.615285937595321686e-01
3.300054578353673511e-04
7.580380243088812031e-02
1.266832356201672838e-01
2.716474532972334988e-01
2.062367345508744343e-01
6.890601804343406966e-01
6.800832660123597995e-01
4.547611835850473017e-01
6.153479123750877910e-01
6.399816840728091982e-01
4.621334974230055237e-01
9.698929415556217792e-01
9.866869360648780063e-01
9.933940837854480232e-01
9.559011825509725613e-01
4.418208662965172340e-01
5.424405613000414794e-01
8.339299159569567577e-01
9.574689549400756672e-01
9.673122808547524043e-01
8.657830346922387177e-01
9.105995641604622826e-01
9.681959841320255666e-01
9.695629130653031780e-01
9.797786998704310912e-01
9.746362772470540392e-01
9.797608859568384121e-01
9.678465924202892534e-01
3.354068088546304782e-01
8.323526847134731232e-01
9.011359800115019691e-01
7.968734571188044180e-01
6.504127787514750736e-01
8.760011583526549073e-01
9.549614332163518515e-01
9.765475461821803149e-01
