9.999999999999976685e-01
9.999999999999924505e-01
9.999999491397124629e-01
9.999999807804947904e-01
9.999999732274406083e-01
9.999955690156423493e-01
7.493333466278228050e-01
7.781530144946353644e-01
3.262237792813836856e-01
3.881404471998226718e-04
1.069105526583460639e-06
1.859724300367613043e-03
3.959523181700075507e-03
1.047614308161102653e-01
4.987770831338646516e-01
4.983080057109881000e-01
5.861160630439056218e-01
9.850060853224423818e-01
9.575381478666742385e-01
8.594734685674261243e-01
7.490255361406010781e-01
8.008966644358851417e-01
7.561449566250602050e-01
8.786846847574624197e-01
9.200739065226504199e-01
9.442861730874040349e-01
9.715845520236956467e-01
9.814349055581373937e-01
9.867228585113851924e-01
9.906238058283463044e-01
9.930392280250187609e-01
9.948063346340357826e-01
9.942603284440502120e-01
2.958299917040463356e-01
6.940492691258872693e-01
9.132901159246972211e-01
9.207057691845204062e-01
9.735099971507908956e-01
9.820499195432401685e-01
9.873484223350901257e-01
9.458833934178964009e-01
4.253401346177433373e-01
8.258878053896918647e-01
8.880900936143187874e-01
9.667184341845840301e-01
9.902717078935344697e-01
9.947617020707215651e-01
9.945794413706914305e-01
9.963092754951324848e-01
9.959957416607349012e-01
9.970764052973568603e-01
9.945148905912265525e-01
9.805718164332607456e-01
9.654602768369534571e-01
8.952187243337061950e-01
6.249472281779182570e-01
8.333588404230986013e-01
9.034878353521278438e-01
9.436375188285935911e-01
9.512840444563764875e-01
9.560870012103519500e-01
9.653471351106717169e-01
9.705556375890057597e-01
9.816035825874984688e-01
9.842819155606000736e-01
9.829679867692329154e-01
7.326006333428950468e-01
5.048993905478829092e-01
8.963290844941310676e-01
8.940577064052549483e-01
9.149058131107938863e-01
9.647567239702310449e-01
9.788584605014075679e-01
9.877695317081643944e-01
9.841648990493498950e-01
8.602769591967371898e-01
7.994846346443821306e-01
9.010490796422956361e-01
9.477071411399354828e-01
9.264974451691935231e-01
9.077763383172859912e-01
3.336968230608923780e-01
7.463602192220299969e-01
8.579694355768123781e-01
9.525404638169092664e-01
9.718455601827179491e-01
9.803663495020571439e-01
9.861453726105232631e-01
9.928806175910744880e-01
9.964806619644596131e-01
9.961027978799930072e-01
9.961028727568070895e-01
9.810243781752374659e-01
7.933214209121023375e-01
8.763137127345913546e-01
9.176342619973231196e-01
9.369086186650444903e-01
6.935688141191305167e-01
8.109893795440142883e-01
8.706003900001295648e-01
9.357952575020015429e-01
9.645673388171112084e-01
9.769392351970801469e-01
9.815216409557426802e-01
9.878442926627958309e-01
9.917397129759623065e-01
9.934189621148696858e-01
9.957019570531812080e-01
9.909585234030928724e-01
7.323911828690655712e-01
4.076268927609230097e-01
9.304789521595552282e-01
9.412789700684147665e-01
9.580618315773896665e-01
9.670628257254296756e-01
9.787166604923616120e-01
9.860087795456324855e-01
9.712297070111293174e-01
9.353252704567314169e-01
9.634289427185972476e-01
9.823848242334678460e-01
9.895412033825403686e-01
9.464202146343980715e-01
2.402040563257409889e-01
2.560445606171923294e-01
5.165682276705987341e-01
7.930184228160501725e-01
8.357093350009886512e-01
8.647491368339271789e-01
7.178249377621883642e-01
4.621636073421480639e-01
3.827327168653987255e-01
6.954433115630794804e-01
8.763699451865933909e-01
6.915573764301958803e-01
7.027041477013534765e-01
9.229204998724999109e-01
9.450082434551954069e-01
9.620155364639708662e-01
9.722685489449481855e-01
9.782373463770542843e-01
9.847738983398474089e-01
9.835066862280300581e-01
9.748289193456907142e-01
9.677315481521926444e-01
9.763825725468856520e-01
9.812395076209635691e-01
9.451256586442218222e-01
7.418076392443544165e-02
7.328797416227657013e-01
9.520049060037246713e-01
9.798538121669714274e-01
9.769235290935048832e-01
9.679223664973949370e-01
9.792291020743539853e-01
9.894481093033690167e-01
9.912625023344849851e-01
9.909544259565025159e-01
9.943078609883184704e-01
9.953651193340976588e-01
9.478609288915910147e-01
7.622597503299660682e-01
8.920907874772794344e-01
9.438186290161825198e-01
9.368004406157810493e-01
9.254277305429984279e-01
5.109448745681668402e-01
2.309834702853498789e-01
8.157479242869823954e-01
6.364344390854401734e-01
9.114178256568665759e-01
9.753535317806334426e-01
9.757588034646532682e-01
9.813236362746979857e-01
9.346913343415286235e-01
3.676381832446010134e-01
6.911578184430365868e-01
9.428495389963451601e-01
8.790353008312885574e-01
6.430143076771068777e-01
7.751439938668662766e-01
8.064309400110503123e-01
2.774084140113793895e-01
5.776875662760521113e-01
8.717102465773025610e-01
9.609203998006993208e-01
8.768250771265175825e-01
9.678276700045185255e-01
9.879091217260687063e-01
9.966134991650369424e-01
9.847576578754266841e-01
9.838186829973015746e-01
9.860022651855839815e-01
9.681567787609426379e-01
7.812138646705997225e-01
8.273327200745698162e-01
8.932077214809175381e-01
9.243873102685796761e-01
5.743100868169082052e-01
8.470995920695373327e-01
8.660240652642171577e-01
8.892901818942241521e-01
9.335834063917137771e-01
9.662512753392650255e-01
9.607800748567671967e-01
9.718590151895509788e-01
9.795896720088733689e-01
9.847519117994246729e-01
9.879741691613849186e-01
9.862332601992341852e-01
7.708578651824032901e-01
8.034594227691063129e-01
8.783307725244249298e-01
9.289874779491855694e-01
9.307055147663738648e-01
5.515415667751648598e-01
8.630240106174420500e-01
8.826002067721937516e-01
9.399602447126602645e-01
9.623391657251102460e-01
9.771767442247780711e-01
9.832094487860071341e-01
9.885990587386579431e-01
9.925338065310301827e-01
9.936753352027841713e-01
9.943090614098482050e-01
8.455173480349598147e-01
6.971617576728219579e-01
6.898774268055304359e-01
7.041671344593705140e-01
6.482294359983938881e-01
8.218225139096442255e-01
9.552163892860788819e-01
9.598341198771549454e-01
9.826602985276224889e-01
9.932028656152882551e-01
9.851735597459817528e-01
9.896668358584590486e-01
9.934634283691534673e-01
9.918589467768015311e-01
5.955969557039474394e-01
8.292785706242672417e-01
7.991265547196408914e-01
8.876837257017372584e-01
9.549057861320504603e-01
9.674757038293317901e-01
9.804660759497255684e-01
9.866978792975447110e-01
9.919785784534399520e-01
9.943185294099663452e-01
9.952332401107714110e-01
8.850852798387764953e-01
2.113102920255189587e-01
8.511296530038706676e-01
9.284063040644434661e-01
9.631201323025609939e-01
9.682793016066164604e-01
6.932050509176346242e-01
5.088781725247729648e-01
9.035919227951586530e-01
9.851416297661900190e-01
9.865976757651248041e-01
9.912206057605288390e-01
9.903132539609397211e-01
9.927312531098728687e-01
9.939903989223930481e-01
9.944274155720957964e-01
9.947251253459840070e-01
9.958391723013440000e-01
8.833609682929847162e-01
8.734415832491205789e-01
8.986931119402622459e-01
9.502730169113020597e-01
9.696024712369304410e-01
5.455929710231267604e-01
8.264251243339646447e-01
9.043571085908563845e-01
9.217253072225951582e-01
9.543814173979526805e-01
9.461608769137144215e-01
9.633025292043010390e-01
9.755455048396265427e-01
9.809848809898138455e-01
9.817370077932241479e-01
9.858509420215689767e-01
8.235474835051338482e-01
5.273204194853883253e-01
9.508593664167310777e-01
9.350207691817802313e-01
9.809838445460584699e-01
9.883092104092191521e-01
9.910274781253779475e-01
9.934493226031274604e-01
9.952515554982357404e-01
9.930097585570963892e-01
9.903682125333124198e-01
9.923555268840960064e-01
9.941696814565038620e-01
9.837359160019196747e-01
2.997064930056406173e-01
7.727652217955121028e-01
8.522009483405024177e-01
8.849640216599549136e-01
9.250513165811119487e-01
9.513020563360926607e-01
9.650195589553453024e-01
9.786874879158294904e-01
9.826813565994464428e-01
9.864946899219567689e-01
9.892063945680944492e-01
9.708756675292496974e-01
7.147723729286924454e-01
7.615135087959068461e-01
8.687104007505108694e-01
9.654153753201750732e-01
9.654250928380110341e-01
7.469226855330217685e-01
5.296339488579068222e-01
7.468961016000743580e-01
9.249740400590501510e-01
9.775712999475536513e-01
9.833856023198073171e-01
9.697412526023002632e-01
9.909199558111817518e-01
9.938293286154635808e-01
9.956673061217773402e-01
9.974521170042173202e-01
9.949432900286145909e-01
8.519964997380643501e-01
8.214316849057227143e-01
8.723966596092811443e-01
8.896419543143777586e-01
6.854457093938993717e-01
8.078155269280448136e-01
8.834625055152685036e-01
9.696668773742747049e-01
9.826448796221041171e-01
9.862437353092604608e-01
9.903370123347953191e-01
9.916975642859916507e-01
9.946615943068491950e-01
9.958281095411452011e-01
9.967884358338677808e-01
9.909280842894829799e-01
7.829327423097616201e-01
6.999336885293601096e-01
9.475559142423330972e-01
9.686612994873344817e-01
9.787069637855033699e-01
9.818362837599441395e-01
9.792182788416510242e-01
6.356505642691234748e-01
1.783045423454342748e-01
6.304943562572090654e-01
4.426838136618382880e-01
6.067518918092854596e-01
9.322397305737517570e-01
6.085898166580724356e-01
7.946989613466308722e-01
9.079931032631658461e-01
6.531705040783514216e-01
8.078224129985220880e-01
8.982362320067721617e-01
9.302025911325859653e-01
9.541476582642278714e-01
9.396223867889963444e-01
6.807014663740633686e-01
6.384691963818680538e-01
8.533747987229617360e-01
7.958003815704932649e-01
9.763469704824868645e-01
9.870684961286383396e-01
9.905509451886000960e-01
9.956964331617899067e-01
9.974949294317912996e-01
9.972282873096830480e-01
9.988706363006109035e-01
9.988053900322327872e-01
9.869721742041893675e-01
7.831311726830599840e-01
7.770288810041292571e-01
8.268964192304698591e-01
8.542168820095971116e-01
7.013453540670290254e-01
8.695012316577452882e-01
9.080850068985937273e-01
9.567905974081164500e-01
9.688816510377040725e-01
9.783679550111119561e-01
9.858354598460276064e-01
9.904897436696240565e-01
9.928506530499173754e-01
9.946270310668311465e-01
9.958290942660490419e-01
8.225986829866552830e-01
6.463037603886339078e-01
8.295958415922334295e-01
9.509539439310755737e-01
9.672938858304187537e-01
9.725789987339145126e-01
9.737349794854915919e-01
7.059056490647289683e-01
2.865506162628694287e-01
4.513060912255927870e-01
8.762140402301480391e-01
8.801885941749645337e-01
9.492826231175307550e-01
8.755324349924679117e-01
5.738580458498350190e-01
8.093208502023760964e-01
8.789896686206619680e-01
9.781434039356003973e-01
9.576880373350683540e-01
9.311872265427036943e-01
9.331427684828660363e-01
8.937978014826702955e-01
6.027183916623650717e-01
8.370018074180850531e-01
8.890076055919824416e-01
9.340245816670320611e-01
9.599130739618361163e-01
9.725300167785301264e-01
9.756254866170246398e-01
9.858976125273758440e-01
9.896474391249805436e-01
9.916512806169611727e-01
9.936168095054368488e-01
9.865565637278850275e-01
5.452041751498249988e-01
9.558571469600436465e-01
9.816303975159083040e-01
9.837464065479328834e-01
9.919997981606782922e-01
9.941561077541916092e-01
9.968964211563476896e-01
9.961482074787659791e-01
9.438772351132558303e-01
9.050498036244017941e-01
9.452010463622809722e-01
9.629638038222441132e-01
9.810090491264872314e-01
9.806840173220295886e-01
6.775247262662683623e-01
5.641331094868142770e-01
8.597951515600532613e-01
9.207786980605067173e-01
9.321173014016527203e-01
8.917992758391783958e-01
9.110019364758357163e-01
9.309712956806137640e-01
9.787530651792054615e-01
9.722423133894800840e-01
9.752321768628083865e-01
9.795407566932603505e-01
5.192413179534234591e-02
6.601775176055987293e-01
9.101531846697273886e-01
9.147720923613528177e-01
6.690189995531174993e-01
8.239583164362395129e-01
8.856747319710100985e-01
9.503448806464892540e-01
9.679007461051383210e-01
9.709521624325876399e-01
9.812504709832772232e-01
9.832126661289323222e-01
9.900076831518355158e-01
9.925238556473023888e-01
9.953444412621091919e-01
9.962975208207183186e-01
6.665198985552729383e-01
9.722143997001835292e-01
9.755054408557064516e-01
9.793993038491299874e-01
9.850374609871885845e-01
9.883726841098784410e-01
9.907847367513499259e-01
9.926336010690038902e-01
9.910201110612409936e-01
9.740858265536205263e-01
9.779430499340094896e-01
9.873304597037224628e-01
9.916067795980680888e-01
9.595143319990824260e-01
3.965450886293866439e-01
7.181204932419704701e-01
8.134806444480541243e-01
9.225023239519267726e-01
9.727539145393153674e-01
9.875089541568624618e-01
9.855230694710787054e-01
9.946705388637521184e-01
9.964734185502435171e-01
9.972551143575669741e-01
9.947397225201327631e-01
4.571737607786653945e-01
7.309286241686250296e-01
8.822934591547249017e-01
9.379609659589686066e-01
9.642598753516797849e-01
7.594656008806069947e-01
4.925494829351009241e-01
7.187828166782782580e-01
9.582568141099777614e-01
9.729940204454232688e-01
9.849515629927960703e-01
9.902535197838833181e-01
9.955250100952904857e-01
9.970980874648970316e-01
9.978549440980599705e-01
9.984669075825578499e-01
9.927278226854693299e-01
6.288929616585964277e-01
9.474367202059690296e-01
9.703099480497212603e-01
9.872430561429925699e-01
9.895112540617366781e-01
9.861082343764142610e-01
9.885534333568006815e-01
9.936692836394246386e-01
9.572615884205059045e-01
9.205683043374146557e-01
9.294268215973859881e-01
9.472334052701543161e-01
9.724877752946041731e-01
9.801804298943176397e-01
6.134322185481293488e-01
4.124265440817863060e-01
9.029558114153605208e-01
7.715532768159728549e-01
8.286486639181882552e-01
8.455855867811016280e-01
9.085979275759815676e-01
8.545721224274996919e-01
7.867161704458213167e-01
8.850323189313782368e-01
9.235912809517363709e-01
9.844281893663694438e-01
9.710039311613689605e-01
8.819867000938278467e-01
8.774204062201715892e-01
7.177488590169681659e-01
1.733353826216319504e-01
5.644097722648042659e-01
9.440072537465683533e-01
9.748008574922427671e-01
9.812666895448218796e-01
9.778338650719392566e-01
9.823100666638208134e-01
9.852093207957773879e-01
9.875684505002173541e-01
9.898354652578891244e-01
9.930646538854148719e-01
9.573578070610787583e-01
1.134147468067604608e-01
7.808438440038595330e-01
9.087052518671934198e-01
9.363304674007275619e-01
9.513128974607925059e-01
9.652816231506931022e-01
9.706752554642020803e-01
9.791012713580925508e-01
9.843764761590824142e-01
9.716027418653848668e-01
9.774129526236255971e-01
9.663356249612244930e-01
9.753230566697471682e-01
9.510885174718559654e-01
5.117459002981334937e-01
8.572805618543654083e-01
8.998235951978692526e-01
9.621652989474916984e-01
9.679084698034650103e-01
9.509629818434244264e-01
9.534133036267924410e-01
9.635971201974729006e-01
9.707939879079652279e-01
9.796471390655107081e-01
9.816071920796086703e-01
9.836883769231618002e-01
8.463324571277882624e-01
7.828081444188156324e-01
9.378975443964796543e-01
9.279139181314010054e-01
9.568591234847554361e-01
6.898557859190862507e-01
3.474670934031420244e-01
7.802150487784407229e-01
8.219327871893046256e-01
8.801857360210333381e-01
9.573880033006465506e-01
9.743788814307108304e-01
9.780845516069770484e-01
9.814614897396850557e-01
9.850561959922379263e-01
8.263922838660427983e-01
4.732795911380491272e-01
7.429736704315562656e-01
8.990961947780307106e-01
9.506017033902307567e-01
9.725526927889531770e-01
6.065959221579648730e-01
7.881849165498618914e-01
7.917877746073873624e-01
9.222476000315559252e-01
9.385713826375798874e-01
9.483985170873745485e-01
9.694909155139481705e-01
9.699138532787566769e-01
9.838856707434059379e-01
9.868473790773154564e-01
9.874378514974735399e-01
9.780176085629026517e-01
7.368604991190002007e-01
7.441568173796300201e-01
8.626120740308980128e-01
9.344310709485290634e-01
9.375279856341417473e-01
8.727069817488022352e-01
2.358530701289221765e-01
3.048257128008525219e-01
4.774045866599874732e-01
8.309247386545058900e-01
8.239771052342406144e-01
9.409783948596608383e-01
8.725319206980528541e-01
9.687586026516809001e-01
9.843518947743199465e-01
9.914047654110276220e-01
9.855565480945486234e-01
8.195402299704823701e-01
9.139588156217741677e-01
9.090819576345040565e-01
8.775452923515433268e-01
7.443201250649064127e-01
7.936536496911654748e-01
7.423804461812676392e-01
8.562680148987574791e-01
9.023927382350953597e-01
9.337246945871450210e-01
9.442655172048292078e-01
8.809748750276449325e-01
9.778836733663569536e-01
9.824326744113947019e-01
9.872620973056354110e-01
9.902736901528285118e-01
9.899998295924391511e-01
9.274158585515185349e-01
8.218834529935253874e-01
8.355053551467284123e-01
8.669008472420969280e-01
7.169508441126322129e-01
7.976926919232156799e-01
8.869078133491710147e-01
9.233486898874239124e-01
9.673803434656336186e-01
9.721753886036859083e-01
9.815823562359057286e-01
9.896132654577086685e-01
9.930969372026569042e-01
9.945528659674025551e-01
9.963138024878490651e-01
9.919608071853465159e-01
6.805072233008899740e-01
6.954377087174750116e-01
8.264195397875125915e-01
8.876677396847340029e-01
9.219690495139101216e-01
9.382534139052570721e-01
9.389845049545041400e-01
9.080763830081444166e-01
6.448178332274510094e-01
2.341489199708948754e-01
9.593771197627414260e-01
9.828891235699795947e-01
9.911366562642192068e-01
9.922217407194078298e-01
2.954553845285644575e-01
6.377692932696408246e-01
4.510499059160619773e-01
9.660448635384553118e-01
9.846174242967249413e-01
9.893000007074865820e-01
9.939642956168729393e-01
9.947607643705571601e-01
9.939764853938222178e-01
9.920813702895072694e-01
9.975362197122756847e-01
9.970828604691379660e-01
8.196929171102587119e-01
6.545856530713002330e-01
1.787782109118864482e-01
8.605840057642363261e-01
8.286339197034345849e-01
6.856128812184512089e-01
7.095715420638767368e-01
5.256287400295410750e-01
8.802618333095413306e-01
9.230459915662559967e-01
9.251185117256754964e-01
9.471685675991643460e-01
9.629987861525448611e-01
9.705405719039248424e-01
9.733767692651639214e-01
9.780475202301712745e-01
9.498579860155903498e-01
5.111501658702696238e-01
9.385947962442459103e-01
9.518486213727244127e-01
9.591488514751491667e-01
9.633621258580382651e-01
9.662026689488302233e-01
9.193960453127136834e-01
8.281749512476562769e-01
1.835625181749603874e-01
6.502989816030826434e-07
4.291423229793747365e-06
9.806356415394744257e-07
6.024490665985394837e-03
3.562920829118181726e-02
3.461071965543385115e-02
3.790971243926698209e-02
8.354180159039293896e-01
8.423933560569107915e-01
9.237577197862963940e-01
9.430620409610457333e-01
9.577041154138731249e-01
9.686313277378141295e-01
9.683231651356026815e-01
9.746680721242606538e-01
2.392142752900342506e-01
6.759080700461063129e-01
9.487211436424528577e-01
9.402063967819942469e-01
9.550236370422113819e-01
9.684656370421822480e-01
9.756096999648383727e-01
9.788327950154427359e-01
9.819581098208838288e-01
9.703730359069978606e-01
9.726256906725088136e-01
9.828342295590467570e-01
9.889085690661534311e-01
9.854057555200717022e-01
3.442614334383152230e-01
7.545499007901228516e-01
8.221436015868662794e-01
9.784474432254887111e-01
9.716741770973758019e-01
9.927881375807124931e-01
9.953020991004671858e-01
9.965826108579646236e-01
9.975983536744005287e-01
9.975398357003913974e-01
9.979204167136422887e-01
9.760895069947201907e-01
6.451036164075583113e-01
9.493229779258663958e-01
9.021403180629949947e-01
9.201413411259953268e-01
9.889112793031288318e-01
9.892643036956239033e-01
9.921291718488400857e-01
9.854172222298683836e-01
9.256951455804570683e-01
9.517697790747640108e-01
9.790870078231714846e-01
9.891621260985871134e-01
9.910362771560842221e-01
8.150020124275647593e-01
4.145350348181520150e-01
7.279427329355977472e-01
7.436669512773149693e-01
8.664204780679644197e-03
5.946791904647891087e-07
4.185842048642324058e-03
7.437999033379387448e-02
7.979805407760649782e-02
2.787590170616443541e-01
7.930810960131561282e-01
8.065925224935391880e-01
8.830808050643533802e-01
5.094209642366146484e-01
8.428301970289606704e-01
8.650631360278424609e-01
9.046874118610321869e-01
9.265215025391354553e-01
9.417193741466809431e-01
9.503110359392870077e-01
9.498473764430299671e-01
9.632043498068899590e-01
9.524035659148328836e-01
9.697748867119774241e-01
9.752086712784712175e-01
9.721366513097496886e-01
4.247445086280291493e-01
8.814403489523863211e-01
9.578159525983441780e-01
9.726098784619687798e-01
9.787738200055161597e-01
9.873657008335634533e-01
9.824611237757853166e-01
9.902099755275175497e-01
9.933256090170727859e-01
9.951426658331380404e-01
9.949618305781561256e-01
9.846519342519463036e-01
8.669472660368501282e-01
8.390772411760940575e-01
8.700140886152764041e-01
9.444177141122261920e-01
8.671799626459554267e-01
1.729522691186435313e-01
8.935732390441347706e-01
9.581325204660677830e-01
7.031371263081419576e-01
4.225764764882682378e-01
4.117722475049832020e-01
5.680845918071284473e-01
9.222397700977262858e-01
9.643064095054715290e-01
9.815084497125446950e-01
9.914848976993450025e-01
9.645002132953222063e-01
8.600535109489388930e-01
8.776471624928673387e-01
8.785211097475055242e-01
7.853605920226005566e-01
7.730429497878306133e-01
8.846546240584886034e-01
9.626932010180513366e-01
9.805985018290460653e-01
9.865058215449442613e-01
9.873359916298142247e-01
9.937835768457446983e-01
9.887062381038772552e-01
9.969652815668357260e-01
9.984436036537497339e-01
9.988693816855117591e-01
8.988585592053582873e-01
8.160481092819672488e-01
8.889370482410087204e-01
9.526880282952241430e-01
9.790659618875470205e-01
9.861299070153329849e-01
9.893599501184049405e-01
9.916256897389399416e-01
9.940991103924026184e-01
9.874670559531358860e-01
3.438590509443771315e-01
6.137918352632809604e-01
9.042484315187413468e-01
8.704092476141376267e-01
5.175825228852627413e-01
7.103206530544662334e-01
7.705057108358622786e-01
9.670303737924185183e-01
9.751197015332662144e-01
8.673484466622338740e-01
7.368758051384491914e-01
9.208549107108007226e-01
9.806984867145998042e-01
9.807732328560012647e-01
9.842540055302603230e-01
9.867964659012270490e-01
9.542846328681894308e-01
7.387552911464549954e-01
8.014357905030585760e-01
8.818990893572502543e-01
9.533960080184603614e-01
8.892934905448650618e-01
1.737753937915006985e-01
4.389315391417727419e-01
8.475160691959059411e-01
8.523429246548421823e-01
9.679829300495648159e-01
9.936804229724158777e-01
9.949853470059063509e-01
9.927019102094136738e-01
9.976807921401573687e-01
9.989145435932367256e-01
9.541882038612217176e-01
8.083820357525468570e-01
8.907711874747356040e-01
9.103377155824886602e-01
9.474071245556113796e-01
8.900909678901646194e-01
5.358932610616342629e-01
2.683545763302739307e-01
9.255581846199656404e-01
9.382763439130099581e-01
9.735890024217151995e-01
9.642383290481305602e-01
9.623644898899211819e-01
9.547252807834956112e-01
9.654826186590765857e-01
9.538929596601262162e-01
9.759693239794637876e-01
7.557128537834595372e-01
7.436052361525743448e-01
2.619164210267226345e-01
9.378565733220294298e-01
9.638314297218978366e-01
9.698433894711274705e-01
9.731225528394730206e-01
3.954709075105774518e-01
3.771567533439720843e-01
9.704756887714419689e-01
9.789338240196007179e-01
9.786136724209509863e-01
9.864192943715898165e-01
9.919781062120484050e-01
9.936978105386615745e-01
9.953577281361614126e-01
9.972733903125398092e-01
9.925602860550979401e-01
9.552426263989080013e-01
8.056855458832745676e-01
8.564288894039785438e-01
8.957308742449746619e-01
5.286667158769554620e-01
8.464977897876527768e-01
9.024389380608383027e-01
9.285162806915302491e-01
9.385831629775355234e-01
6.958183230182567458e-01
7.458552577191353006e-01
9.527839580934184260e-01
9.627865805112819642e-01
9.757798776372532679e-01
9.660107745604380458e-01
9.827758630968128628e-01
9.712562489189082715e-01
5.280015599406977511e-01
5.356056258510335510e-01
5.698145876102487239e-01
9.032114890464447710e-01
9.244316321269280268e-01
9.383485400586865088e-01
9.257433722104153606e-01
7.843102292781906071e-01
8.454095254188852548e-01
9.213214019609217154e-01
9.604274237685070936e-01
9.769067214981664860e-01
9.146022068256406401e-01
4.164247835569338529e-01
6.620634775935880789e-01
8.013946356273521365e-01
9.615689599006559396e-01
9.472494368181362256e-01
9.830966796211983993e-01
9.932826195372920219e-01
9.968982445756587873e-01
9.980000903243092525e-01
9.979886935601193221e-01
9.974369595570500291e-01
7.745114778130024469e-01
7.160817294288073231e-01
8.570128063668791540e-01
9.216535312387887924e-01
9.395160319603443888e-01
4.855227169488661731e-01
7.848294693569933811e-01
8.751450045624400431e-01
7.438780184271980289e-01
9.333745574976347603e-01
7.989755651304405459e-01
8.806743765663935797e-01
8.948133042170833829e-01
9.491806815366043981e-01
9.903654580743254110e-01
9.956928869038015328e-01
9.903208955217511766e-01
9.925928473102777483e-01
9.124463125247844753e-01
8.495794256255043697e-01
8.079991578003568042e-01
8.038448088386408452e-01
7.516269573440247376e-01
8.790099124911910922e-01
9.185535520007895860e-01
9.408697876994459586e-01
9.674587795662743517e-01
9.739558707237560009e-01
9.819517866245411897e-01
9.841404239874691484e-01
9.865203530885782168e-01
9.907867786730077952e-01
9.609240752596583945e-01
5.828817803923213026e-01
8.929692229527296243e-01
7.301050447074113325e-01
9.511973377662150675e-01
9.416725761810947892e-01
9.464166231859072465e-01
9.552200711467214722e-01
9.595484491587537024e-01
6.211812157184630756e-01
5.542349302821898416e-01
