9.999999999999976685e-01
9.999999687365734857e-01
9.999999618314263650e-01
9.999999782551567407e-01
9.999999031191363352e-01
9.999946545394313713e-01
6.835568450466955603e-01
6.352385866697320971e-01
8.824392020121947233e-01
8.618333345173316840e-01
5.357018486946609759e-01
2.667862683109047395e-01
6.552115187821028197e-01
7.536564639770821916e-01
7.736224817775959606e-01
7.440732960534059970e-01
9.632671956635596722e-01
9.760282336378374168e-01
9.683712401564316119e-01
9.664750502494604545e-01
9.590664047555911287e-01
7.498830749765023063e-01
4.821634515303243051e-01
8.284188074628716647e-01
9.192443392755874632e-01
9.341603731027970925e-01
9.632074507180908851e-01
9.830580987801034176e-01
9.523377466502861433e-01
9.879165301659839082e-01
9.833047001756960448e-01
9.802836154821369385e-01
9.786141884699485205e-01
9.444374706446309053e-01
4.538188785119789959e-01
6.903731676973697828e-01
8.415933083116277080e-01
9.250857857031464793e-01
8.837892112100435016e-01
4.685411080167090625e-01
8.958219023773486001e-01
8.064246668673865637e-01
1.627104487258995398e-03
1.383533411379416781e-05
2.385914878044946395e-05
2.054464332669518004e-04
6.634008272854521090e-05
2.409403042671131798e-02
1.615046146156347631e-02
2.279514979313460726e-02
1.934136730768695397e-02
5.381871881422017889e-02
4.570967024724766938e-03
1.591120167322108330e-03
6.110381755785578017e-02
7.251725798527109967e-01
7.973781633800955948e-01
7.674230047119438014e-01
8.265064848963411537e-01
9.126200448190324721e-01
9.684890098100954470e-01
9.584730648735204639e-01
9.611413829046508983e-01
9.724678968174500504e-01
8.147310462429120381e-01
3.682452932461103279e-01
8.867727930412023785e-01
8.997324272145439394e-01
9.282045948900624621e-01
9.027675176435343563e-01
9.599592869153767971e-01
9.373604559378740930e-01
9.385202965418800725e-01
9.567549767566120300e-01
9.760465450875325244e-01
9.446970417711682000e-01
9.313285288865711387e-01
8.873617171621926980e-01
8.792368342247264268e-01
5.709619657053368602e-01
7.305498742897776898e-01
8.445374546086182876e-01
9.346641597158352743e-01
8.993775585741486944e-01
4.990733285215309678e-01
6.776798103994159383e-01
7.092511040264641853e-01
7.418555284433374641e-01
9.493708267183267324e-01
9.603151392514187590e-01
9.522741383084425415e-01
9.516340009523327481e-01
5.087617739668190975e-01
9.409630095953169793e-01
9.659650061436516610e-01
9.820088755083080656e-01
9.624095933921775758e-01
9.725352568608227610e-01
9.664572079789446324e-01
7.130384187098203208e-01
7.529527302534093636e-01
8.564388520201144939e-01
9.408677983569272429e-01
9.627764771747481243e-01
9.763366144799278112e-01
9.833703364985886264e-01
3.453936599685046294e-01
3.997123058030395137e-01
7.058239222936235624e-01
6.784082266327708943e-01
8.964391870163473941e-01
9.469999534529057739e-01
9.507522561279018181e-01
9.602209138118090737e-01
9.693445863623044723e-01
8.186266830470152467e-01
6.048492797740144811e-01
7.526383858943512806e-01
9.127801618334363543e-01
9.505170778272455934e-01
9.724304940940442510e-01
9.487566150336215198e-01
4.371857693803953837e-01
4.945838584880528632e-01
8.676930460678162760e-01
9.455377729216741800e-01
9.871110738725978884e-01
9.873470999422434558e-01
9.928984960575224505e-01
9.959867251047662684e-01
9.973938666955085575e-01
9.980419871069308169e-01
9.987992257011449881e-01
9.853278698476481967e-01
7.059185833490670969e-01
7.965517173694248720e-01
8.641876325986386220e-01
8.853124666225089534e-01
6.167475603973822107e-01
8.410252425183478708e-01
8.968924365248095443e-01
9.215993674774142219e-01
9.475117064504126052e-01
9.603731747498569504e-01
9.675500688643116076e-01
9.744235619076415666e-01
9.817888916666901444e-01
9.858011146479565001e-01
9.883445349648423139e-01
2.951863045302088873e-01
6.970257209320568359e-01
8.305205325881495071e-01
8.838292561241279932e-01
9.171080582441094586e-01
9.602290125118423392e-01
9.755548940552023485e-01
9.762684074480402208e-01
6.428043775024085971e-01
5.895190434142756342e-01
8.088042977275464729e-01
9.103819689364863743e-01
9.527799543787668357e-01
9.549406523598220620e-01
8.466415786683284539e-01
9.893822900018095501e-02
4.376581033449713498e-01
9.455127806015208858e-01
9.366707840033410282e-01
6.438061860010720894e-01
7.686339774547452652e-01
8.783760158974770471e-01
8.642964826365892028e-01
9.308902557120598553e-01
9.670635513500263070e-01
9.771753973452749209e-01
9.256134891727860747e-01
6.406451794437419966e-01
6.009868576891003178e-01
7.934667460079608547e-01
8.582661200701476867e-01
6.048042651729365060e-01
3.917875103865294806e-01
7.794680486215247450e-01
8.452479733510640525e-01
9.305902471185161229e-01
9.550385714214844057e-01
9.568274060918029456e-01
9.730715928845568019e-01
9.836341882659379587e-01
9.839418768803968041e-01
9.845934322613130174e-01
9.894315184351627490e-01
8.280781326727173486e-01
8.345646249671428984e-01
8.398979767586324252e-01
8.470453382991085522e-01
2.753128160883406284e-01
8.230727037369892640e-01
8.975206149943109057e-01
9.309616802488549503e-01
9.570414738445631730e-01
9.681797860283659629e-01
9.746212514691560136e-01
9.742060678479544933e-01
9.790854008688130161e-01
9.834137917006311458e-01
9.871231845336947419e-01
9.892627995359956072e-01
7.801000753030631341e-01
6.642212761893142581e-01
8.077073080265881888e-01
8.887599121793879897e-01
9.206551828005552496e-01
6.829717529948536869e-01
9.241822638401554491e-01
9.711097384298944535e-01
9.887511567899546217e-01
9.902659087828472595e-01
9.928852008199444690e-01
9.926767785550262291e-01
9.959617273297647344e-01
9.976760597266755015e-01
9.989880944632479887e-01
9.991783052962449618e-01
9.738486484011564803e-01
4.926044120069401067e-01
9.576942769919681853e-01
9.767669244582516397e-01
9.832792755973229770e-01
9.910193385982953851e-01
9.945989747210850496e-01
9.953025050661052919e-01
9.243576861267804867e-01
8.153078148852094253e-01
9.166021379127577973e-01
9.633696581897129851e-01
9.579969157656769152e-01
9.760970878355699210e-01
9.342716811419045086e-01
4.043380948148947995e-01
8.825437899211246995e-01
9.237754584003999847e-01
5.280809257482299568e-01
7.620932601004622338e-03
9.308991014401446495e-02
3.361832518034328365e-01
2.597694884197425114e-01
6.338955192565652874e-01
5.231545757924671580e-01
5.329716639249589827e-01
7.603967362478012415e-01
7.551677900782322039e-01
7.194139090229899614e-01
2.455809120227846198e-01
6.754153773026346785e-01
4.941986881788512642e-01
8.651607714290930895e-01
9.180500493028254105e-01
9.860441294288363467e-01
9.898799903293272751e-01
9.888835067565717729e-01
9.948501216719821683e-01
9.936004989764832818e-01
9.939083733925644371e-01
9.953014805971783785e-01
9.935376290388190368e-01
5.555908313543479471e-01
9.028343463965416982e-01
9.137196934274152138e-01
9.528326525534447367e-01
9.799292055040584870e-01
9.868081983329478613e-01
9.917761506607812860e-01
9.895212539245158423e-01
9.924058894950609222e-01
9.946522684713219320e-01
9.943689944754005028e-01
9.943762099104972441e-01
9.646384019201917903e-01
5.166790551567299605e-01
8.119875924019079871e-01
9.336283373187890255e-01
8.448496810741282781e-01
9.252070835584593755e-01
9.872635557793533190e-01
9.924269454704199855e-01
9.947173161444233802e-01
9.961287186386056369e-01
9.963159653313979902e-01
9.966006406487267766e-01
9.942719593592402871e-01
5.872972338723566610e-01
6.175511652422939202e-01
8.527477180135794033e-01
9.263431173819214326e-01
9.654308255738466293e-01
9.388126252360388113e-01
3.321712269112629956e-01
5.241233081225938895e-01
8.203894768267093740e-01
9.749994177424542441e-01
9.795736961282048849e-01
9.855436350306809867e-01
8.816028519390310958e-01
9.127214439282875791e-01
9.437572534250605605e-01
9.517600729660649073e-01
9.626248460351478631e-01
8.850259643966099654e-01
9.437181214978311861e-01
8.717601126513022658e-01
9.787630123724651021e-01
9.818548072470605348e-01
9.909198698792933691e-01
9.933165668214913868e-01
9.928827872890486628e-01
9.509281906180248045e-01
9.450710127950003869e-01
9.748063640916810879e-01
9.881319266191291861e-01
9.915821734780192465e-01
7.970656742981800935e-01
4.316272442240246532e-01
9.004887773940720708e-01
9.594296444956362802e-01
9.777665914115397650e-01
9.807061426196430620e-01
9.918412161737089061e-01
9.942644273381024966e-01
9.960381873506599648e-01
9.976892685325771115e-01
9.980877049429226489e-01
9.901765988750875769e-01
7.963037181255662178e-01
9.215935297919410907e-01
9.544377797548267983e-01
9.690169499378339379e-01
9.747242852238932054e-01
9.816843060519780950e-01
9.848565732499781067e-01
9.614811877945393936e-01
8.466010372333576672e-01
9.161888543331642154e-01
9.667550126995229087e-01
9.754378282407547562e-01
9.759376936678073600e-01
9.703773959594642617e-01
7.366454657019821939e-02
2.204924311696491168e-01
7.420598547732560890e-01
9.311781852333244069e-01
9.847770522403191951e-01
9.811490664448526688e-01
9.963420747008537859e-01
9.976194517903028691e-01
9.979404813308475619e-01
9.980977979662765120e-01
9.989397192206415088e-01
9.585167603660672553e-01
8.829481432499692861e-01
9.098416268505206128e-01
9.225696944495187513e-01
8.352145828874737443e-01
7.380519674857858314e-01
8.734614471539779990e-01
9.582708775491884934e-01
9.725332541276118237e-01
9.821131901766084749e-01
9.877199349630901848e-01
9.917251299299385536e-01
9.939425760261456633e-01
9.944390598463288544e-01
9.947064557661784434e-01
9.963500369229715270e-01
9.152691791125814325e-01
6.446839969202218246e-01
7.976104975901000538e-01
8.932618877265887658e-01
8.578090937358876511e-01
6.038548305058905052e-01
7.448000773304886968e-01
8.161079366538606106e-01
8.538173003848836817e-01
9.287078496407967787e-01
9.492520542274281992e-01
9.718433898646129387e-01
9.817392901543497974e-01
9.867988183259531754e-01
9.906378635815447087e-01
9.931030947482976101e-01
9.794823522363629298e-01
7.477108590881441641e-01
8.044236055533844354e-01
8.957056110811054683e-01
9.453805156579982993e-01
9.659470025345826549e-01
7.723817572501142648e-01
3.942566994371604627e-01
7.641594764609451751e-01
9.822306638793798506e-01
9.897497940628100510e-01
9.961366690479538377e-01
9.976107352048336763e-01
9.984117052948764393e-01
9.988539423181674870e-01
9.992069827546539162e-01
9.994880166224924256e-01
9.984910134488411693e-01
8.639611214682322293e-01
8.144639115837114529e-01
8.849217856378663871e-01
9.123382113342389799e-01
8.355666274004556193e-01
3.826260231964698777e-01
6.403786133381443868e-01
8.305025404613944895e-01
5.464138229285179227e-01
5.266780773154484674e-01
7.238581662994366672e-01
8.543495247525079161e-01
4.382610065825426893e-01
6.744562901718081926e-01
8.979235306042008258e-01
9.103772406245291826e-01
9.191233284349350496e-01
5.966945595743579078e-01
9.435647511305490509e-01
9.343570896845172502e-01
9.679093845018309494e-01
9.769220982298287836e-01
9.810614682335145886e-01
9.107579152708107362e-01
1.576684735546294291e-01
7.798999522999746636e-01
9.401674264467879683e-01
9.733792939734624561e-01
9.844787763768630962e-01
9.786323948680972773e-01
6.336804998655642951e-01
4.584646010845951358e-01
8.693711369940050337e-01
9.264372280506768531e-01
9.546513870421390324e-01
9.793917906368435622e-01
9.873889184280629783e-01
9.922516468551088042e-01
9.931899011086446905e-01
9.958763258829886889e-01
9.960939250052514016e-01
9.640212598600151894e-01
8.233421925456844148e-01
8.903954971598316837e-01
9.394223499595559801e-01
9.564729886705217732e-01
6.427095061289239686e-01
8.233254262804411416e-01
8.951116807989303314e-01
9.547390931595733932e-01
9.662219808819648703e-01
9.765202290829401166e-01
9.837365455317149676e-01
9.871474388377122766e-01
9.880408022156316195e-01
9.886461610924747179e-01
9.920373611836904582e-01
9.834833861468560423e-01
8.236477482617066137e-01
7.877647803687360950e-01
9.191347537009872948e-01
9.439641384189886297e-01
9.571169032217879957e-01
9.006628381380290538e-01
5.181078940075211081e-01
6.010348454586713629e-01
9.622194728834372324e-01
9.681074941364395947e-01
9.555830857381545362e-01
9.702880596470537800e-01
9.890468192974469774e-01
9.946249162921810827e-01
9.963424838306457199e-01
9.927264654643048747e-01
9.913201390750864261e-01
9.223978300310722300e-01
9.154816574065010037e-01
9.482432065170161017e-01
9.642754026606591422e-01
8.332790277671857648e-01
7.555912900731271975e-01
8.426286658886221748e-01
9.103487223084510971e-01
9.580370490274824347e-01
9.726836372666910480e-01
9.801467488671007366e-01
9.824730907656290535e-01
9.873498088643355430e-01
9.900502751747048968e-01
9.920636765820491920e-01
9.330480608292839317e-01
5.785108932804277071e-01
6.799665321092975834e-01
8.507354959355127866e-01
9.270799876918581761e-01
9.623123659289400944e-01
7.235845633832862500e-01
2.376307589027276401e-01
6.308900612771952687e-01
9.149134211322399457e-01
9.256976519880285581e-01
8.917926351447925670e-01
9.195239093868134983e-01
9.642458817869513643e-01
9.792938445343601916e-01
9.882958183216906667e-01
9.881223038262154645e-01
9.927273826504449117e-01
9.942671761675301312e-01
9.224949620911622183e-01
4.792566524910186754e-01
7.849304659951835683e-01
6.253071070593018144e-01
7.236006355432439419e-01
6.866070438136968601e-01
5.591942879063555027e-01
8.301374269939889583e-01
9.518504166012848877e-01
9.746901333837554304e-01
9.852600680251473175e-01
9.899753207052639503e-01
9.865261478073699131e-01
6.944134759491992215e-01
8.490383541875594631e-01
9.093815280833348336e-01
5.581063810236853717e-01
5.162790160592475863e-02
1.273828589205801554e-01
7.513066000292010008e-04
5.017681121965692631e-02
1.030670403480601037e-02
5.546856512926256338e-03
3.823245599193948220e-03
1.781939959492872538e-01
3.719196821147385812e-02
4.337914143563654235e-01
5.887348601598629827e-01
7.565105546569784734e-01
7.036431393955929758e-01
4.734050337466627623e-01
8.117116627998834932e-01
1.553138177480485882e-01
9.938202413681143654e-02
5.838724369051240259e-01
8.574007393284647227e-01
9.310499661249103109e-01
9.454865249354086343e-01
9.563987285906658808e-01
9.634178509690187742e-01
9.692744672805699846e-01
9.691960211991662577e-01
9.784925636909704849e-01
9.806643390048502829e-01
9.861589793877139076e-01
9.755788230264154093e-01
4.781669300747451445e-01
8.927037160717052888e-01
8.134458655511168645e-01
8.606785787694454237e-01
8.958624664626210210e-01
9.292209211928778023e-01
9.595769054117866403e-01
9.560430042976990617e-01
9.780470206636080466e-01
9.837324772824360686e-01
9.859885870135691732e-01
9.667097809352541704e-01
8.417396312767531086e-01
8.653460300975762687e-01
9.031216477048699121e-01
8.952491886053866033e-01
6.150884932338169797e-01
8.579480901982056151e-01
9.554481511475523270e-01
9.637517465202770639e-01
9.760492250819241544e-01
9.865886105877719192e-01
9.925545525289114490e-01
9.939554952976247248e-01
9.939641826230366517e-01
9.951778048987689473e-01
9.960232662494744593e-01
9.911709435028119852e-01
6.877288506311844962e-01
7.712295470180753343e-01
8.845809738997567617e-01
9.337883025430894213e-01
5.984665229563507216e-01
6.008228365355381406e-01
9.541265822508283589e-01
9.777661374586692489e-01
9.847749777994521114e-01
9.916571968948795224e-01
9.945162493053549824e-01
9.941000335195108173e-01
9.941304815339166989e-01
9.928693613866823586e-01
9.908231047914526357e-01
9.917822010142676170e-01
4.718076114244909025e-01
5.588422790185386679e-01
7.274086289984394993e-01
8.551456429547990012e-01
9.025492812574189561e-01
9.336411835205361553e-01
6.976479358262863695e-01
3.485923746801339873e-01
6.665921297962529302e-01
9.018671797612762830e-01
9.329463377289635151e-01
9.709264545596922868e-01
9.966338445650240185e-01
9.973200748048962616e-01
9.970038548143411727e-01
9.985586467363335439e-01
9.991384237080225272e-01
9.963675240567756441e-01
8.534775312296063454e-01
9.700124897622904863e-01
9.693702223254386796e-01
8.903717947484214301e-01
6.586604345696058793e-01
8.520360633591086419e-01
9.066377962206647600e-01
9.594351862278821530e-01
9.740637303530246260e-01
9.810292639182564001e-01
9.872335257247890627e-01
9.904884999556304859e-01
9.931931676548818588e-01
9.948441903592217805e-01
9.959650462985163433e-01
9.331810435281854277e-01
6.256198595953764707e-01
8.767508784225059859e-01
8.832133399671630025e-01
9.634851560142813076e-01
9.684703042141276086e-01
9.747327772503219245e-01
9.015904007034212242e-01
5.606345781267055850e-01
5.404806059803681818e-04
1.062408607410240177e-08
4.837917273877440755e-04
4.316912468955271323e-03
4.986801151527272408e-03
1.033951330919923584e-01
1.870693876596744290e-03
2.011900362897210606e-03
7.081648435717172044e-04
9.115288976663962206e-01
9.097889972547451576e-01
2.828315300627044504e-01
1.704913951780378245e-01
3.463170987102470733e-01
7.801909367898587355e-01
9.365455629026688822e-01
9.810902448500415929e-01
9.949504444402798020e-01
9.964113432205665699e-01
9.987361962833013473e-01
9.993102184735114246e-01
9.987023093090734438e-01
9.989261209276028008e-01
9.990860024746780477e-01
9.166870000434578225e-01
5.124105188397889421e-01
8.517935202615197765e-01
9.211268284017120056e-01
9.574470417819065382e-01
9.700199921885880316e-01
3.666421814320430794e-01
8.412475739891689397e-01
8.810414291659598440e-01
9.335020997530666387e-01
9.635655226608478285e-01
9.749535767855024293e-01
9.827352519189491709e-01
9.874814488163211612e-01
9.910144625843781974e-01
9.932678771395785366e-01
9.948653832261050711e-01
9.354524623882034540e-01
6.277725258185281598e-01
7.982237799092105623e-01
9.032114180356551891e-01
9.484123799472754524e-01
7.146737185334296472e-01
5.776813956911286407e-01
8.778762462539905220e-01
9.566315028035511370e-01
9.335668896306356102e-01
9.862062230817766340e-01
8.859629125851939957e-01
9.690203505212220403e-01
9.667166900756872794e-01
9.913144433368870079e-01
9.941528993941809444e-01
9.963370142296303911e-01
8.920037575331924984e-01
7.775819124741202293e-01
8.534201893312569620e-01
9.078395711158482317e-01
6.969728005829025630e-01
6.901350054785135857e-01
8.783207719360446308e-01
7.922348288768261693e-01
9.428559958112096018e-01
8.493141331994250587e-01
9.300664956791437898e-01
9.686265114862229186e-01
9.784732560776642218e-01
9.860487206449158881e-01
9.943083690728377055e-01
9.921590256760871585e-01
9.339908094832637397e-01
7.003631503417090398e-01
8.343777474846580944e-01
9.143747288669182849e-01
8.866408369422049685e-01
9.540726841804649805e-01
9.605228936990036770e-01
8.739874519303353351e-01
4.564190328123817753e-01
7.636303342852721610e-01
9.028515854112076910e-01
9.497764694350289139e-01
8.788147159296089139e-01
9.346900792651358092e-01
9.550580331489711972e-01
9.641802234936249771e-01
9.659171458154025558e-01
9.020571256613343358e-01
9.938547668083890230e-01
9.894623454785542727e-01
9.908687463895379244e-01
9.863859836908813739e-01
7.517458888600211386e-01
5.829133041032633633e-01
8.981728702326426950e-01
9.181945019179935663e-01
9.428442365692201177e-01
9.670447187792235999e-01
9.780156362797651770e-01
9.882714541713761847e-01
9.906918384811379541e-01
9.931901039044744861e-01
9.937216595486532134e-01
9.950100794617797728e-01
8.707571566796558082e-01
7.281324587413543492e-01
8.477624941416209703e-01
9.143603470013541568e-01
8.909284051278272276e-01
3.874362080765907379e-01
6.541699932438015397e-01
9.445257208475188460e-01
9.878689809340295280e-01
9.949928624710493441e-01
9.960126958574935241e-01
9.983651753409092944e-01
9.990211929262365897e-01
9.992957734890923760e-01
9.995339760097156079e-01
9.985542127322810657e-01
7.216655927663094827e-01
5.176230402135035824e-01
8.188752860731276506e-01
9.128916761920645717e-01
9.294163056535522660e-01
9.422140534735298223e-01
9.514903368168171616e-01
9.480807180178673077e-01
4.690573727140661675e-01
9.681760775090547666e-01
9.725598062696177992e-01
9.822114409795896783e-01
9.889120853022337343e-01
9.928796014403451498e-01
9.929020169303615084e-01
9.950076582369419276e-01
9.963542886893044237e-01
9.977354133318862006e-01
9.936178134821894714e-01
9.857535461362741946e-01
9.846225272351161184e-01
9.671724724647876581e-01
5.594771318846171182e-01
4.075085353250624820e-01
4.380579644636032333e-01
5.056622747510460814e-01
9.035898306244301015e-01
9.684352047995499202e-01
9.853817278897224474e-01
9.901118634790457840e-01
9.921177173619415424e-01
9.943611290480361964e-01
9.950749903110549521e-01
9.911240927736445494e-01
7.274120495092737393e-01
8.301159722602242663e-01
9.556906909847502352e-01
9.730392279907674746e-01
9.727353841472603513e-01
9.760790547563131803e-01
9.816052472043027555e-01
4.281390962419823198e-01
3.772746230497551756e-01
9.864155292231503447e-01
9.916983862898999247e-01
9.951984209646660418e-01
9.969015924623030322e-01
9.970283020055026313e-01
9.982812068260105143e-01
9.990097776509563321e-01
9.956083717806379907e-01
9.432825409763476721e-01
9.457359808198874118e-01
9.697364640454302354e-01
9.810922930291091637e-01
9.310031244757868141e-01
2.862243593401896935e-01
6.228173165407493439e-01
9.356418238187236280e-01
9.884042025361439165e-01
9.719059250080739343e-01
9.792710013712958572e-01
9.961706278392470360e-01
9.966407689260494696e-01
9.980758384256185334e-01
9.978546695448632375e-01
9.983131482528656564e-01
9.963901475379576267e-01
8.922347504394245732e-01
3.271280597980771310e-01
9.496362211444703272e-01
9.791699694208094717e-01
9.695450391259741174e-01
9.325412380642859045e-01
4.337900054636875113e-01
8.072506173930907858e-01
8.998316362367831944e-01
9.377552185695091636e-01
9.677538952461460786e-01
9.828511858971448190e-01
9.847155343658441362e-01
9.947335968508218551e-01
9.960232188951488874e-01
9.971023445961351150e-01
9.707077699435920914e-01
9.298973925667923801e-01
9.628482935462696624e-01
9.728980435264299453e-01
9.125075358800442960e-01
4.523906644811215849e-01
8.953603279194015663e-01
9.118177426195213098e-01
9.541631482905248429e-01
9.558946793677486342e-01
9.710021397151723521e-01
9.792349723989832722e-01
9.860427066601347157e-01
9.898301529346369421e-01
9.926689256462991606e-01
9.939901560781500001e-01
6.470818150097760180e-01
7.042745141132653597e-01
9.451136324897077001e-01
9.491661408300942071e-01
9.588122923474848847e-01
9.750391853251262342e-01
9.739896231913071079e-01
9.736760399888553241e-01
7.912046061248839690e-01
7.319150107226181090e-01
8.854189083407378869e-01
9.516416061356965939e-01
9.746480551373876144e-01
9.827552806348105463e-01
8.137898995415291381e-01
3.499426699656555395e-01
9.349569246696571856e-01
9.503134403904469618e-01
9.647253537350829466e-01
9.749500113871044649e-01
9.851806445107000876e-01
9.971158199457718085e-01
9.981066504541314943e-01
9.982625962660626184e-01
9.986070212319787531e-01
9.976435792152757998e-01
9.180087483269050441e-01
8.664996051438835778e-01
6.727299673739108865e-01
8.809304534374937656e-01
8.642514323793291098e-01
6.656756269492060119e-01
8.584496357121937926e-01
9.388370274492194856e-01
9.661078856093014977e-01
9.727515352383705460e-01
9.803414075986999210e-01
9.852655437557995555e-01
9.892359316763379429e-01
9.918925212232015953e-01
9.935744987660816152e-01
9.938965483351931418e-01
9.022423613602964521e-01
1.132985366359739871e-01
9.884465580735014578e-01
9.929741684852161354e-01
9.948690296119558907e-01
9.961704329619335274e-01
9.974521691495119580e-01
9.977396279368737630e-01
9.923783130109211648e-01
9.742870643157499622e-01
9.820442351819882454e-01
9.901399933002901221e-01
9.937293203180969092e-01
9.651789001071996443e-01
5.356888287905118284e-01
7.060140428051545625e-01
8.040362244508947320e-01
8.806561162368304885e-01
2.146002130568475386e-01
3.844424350637245524e-01
6.863783360821356094e-01
9.271399898096961412e-01
9.367286147073329294e-01
9.387958076836627752e-01
9.517946243553540020e-01
9.674230358073230285e-01
9.661805816446140671e-01
8.464779332205409901e-01
2.081884463174240307e-01
2.357040935509562285e-01
6.819686427985975907e-01
7.471786267176734331e-01
8.485413833222580360e-01
9.298677497179665963e-01
9.312782743887761949e-01
8.784083072953876581e-01
9.195097025261800283e-01
9.383995831067513116e-01
9.523712018435491755e-01
9.535821137606979025e-01
7.771832404897106583e-01
1.068946111707377300e-01
9.209376031627892756e-01
9.366362621331467686e-01
9.616441439322847007e-01
9.704898500556174978e-01
9.648796249560039895e-01
9.555522753339031894e-01
9.673565185017030110e-01
9.729950232789944531e-01
9.763213330077220586e-01
9.781687364406292939e-01
9.815435437850807965e-01
9.850613351983023014e-01
9.483837254251070714e-01
4.004948270571499491e-01
8.464221196564762906e-01
9.195550664301290755e-01
9.832101081547482968e-01
9.891172321722067062e-01
9.972218934394014855e-01
9.976014184250915351e-01
9.988547554724233057e-01
9.993882348472366006e-01
9.996384149041692702e-01
9.997636306739722256e-01
9.791567688433496786e-01
5.692451145453867323e-01
7.721903159661099858e-01
9.083181777196224216e-01
9.459221032774687288e-01
9.046773501139644402e-01
6.319380113494147411e-01
8.679083517962963290e-01
8.917794768321225529e-01
9.402437140517406755e-01
9.522204683131743064e-01
9.668601779081817948e-01
9.758988930823495611e-01
9.767972044769944739e-01
9.831607211906223664e-01
9.875111093738474510e-01
9.893616925216844882e-01
6.632834092030932549e-01
6.245206263093999732e-01
