9.999999999999915623e-01
9.999999999999448219e-01
9.999999965791656065e-01
9.999916946843580012e-01
4.409427731055696742e-01
9.361338372156929877e-01
9.754226087406886458e-01
9.881644350819852596e-01
9.931023423787250781e-01
9.943638034619572963e-01
9.855807472604360964e-01
8.701588256560134349e-01
9.337745234835328478e-01
9.689150433991724487e-01
9.842779281222897581e-01
9.911551606441921791e-01
9.630543566074205586e-01
9.209076017417965332e-01
9.674827716329804650e-01
9.848679018893888859e-01
9.912145392694136081e-01
9.950129841489326887e-01
5.302955362449682797e-01
9.697169865852452997e-01
9.842480002913930326e-01
9.907102415485685709e-01
9.954373049153318886e-01
9.971422347203708902e-01
8.746834732121864242e-01
9.607384491387216396e-01
9.828173732387031070e-01
9.930654310790796302e-01
9.961701417445869566e-01
9.101675609404707989e-01
7.937752830886188882e-01
9.179392255109337651e-01
9.547198271275486592e-01
9.739027189159784603e-01
9.856515730298421873e-01
6.694225445593817714e-01
9.733255081025640187e-01
9.854967998925351358e-01
9.909141002277588317e-01
9.894329843941106484e-01
9.903781360076204798e-01
9.021539815460298817e-01
9.744673075224915548e-01
9.815989032093667133e-01
9.897863090875325121e-01
9.941851321261867547e-01
4.545057993173977073e-01
9.261299659677322271e-01
9.741674649981408862e-01
9.860947429893829330e-01
9.915231674730289324e-01
9.953334822673569615e-01
6.506922383760550543e-01
9.594402915377331365e-01
9.792913869365351687e-01
9.881506437586536906e-01
9.933902541901560301e-01
9.937620584329664997e-01
8.249223297957015699e-01
9.357892365714248761e-01
9.747058972077412564e-01
9.877819753218041177e-01
9.928149292802250780e-01
5.893189024112117647e-01
9.521182092484964388e-01
9.832906465669775109e-01
9.930211235503247913e-01
9.962845937429437582e-01
9.981271791394127346e-01
6.949331980491578742e-01
9.289480488796210134e-01
9.633435724181692583e-01
9.824877564736310687e-01
9.895509463042129195e-01
9.592719994525330529e-01
9.270142790661484167e-01
9.628651655993725189e-01
9.830630590958555626e-01
9.909144085529146828e-01
9.947376483098873123e-01
6.154076469866970323e-01
5.909755320337030104e-01
9.836997751269543899e-01
9.683142819865229178e-01
9.592133713865024225e-01
9.767929957792825801e-01
3.687927172931007025e-01
5.856228842742653429e-01
7.902185901814727798e-01
7.988517028683204124e-01
9.621066104058593194e-01
9.906797104181382929e-01
8.255101478801372128e-01
9.321426459924403440e-01
9.686371471744755768e-01
9.830250631032675379e-01
9.898817322461972434e-01
6.588669878161821369e-01
9.308493023315739245e-01
9.634083154144106320e-01
9.839805508756545027e-01
9.898104873682266325e-01
9.358601995323191369e-01
9.126853493692136388e-01
9.659006652402749582e-01
9.830515808513986542e-01
9.903965137730960100e-01
9.948083073037709001e-01
9.320320215885067316e-01
8.360005340522835837e-01
9.291859275918814554e-01
9.676555362458119092e-01
9.835382625141644297e-01
9.901334682459647096e-01
8.447123348928713416e-01
9.627855296287268771e-01
9.755696770434801879e-01
9.877200355382025343e-01
9.925712245287402480e-01
9.901122629993024393e-01
9.243209367353301120e-01
9.600661891343807985e-01
9.806910620882582919e-01
9.896164201675649030e-01
9.932355166918337419e-01
7.815523944320584837e-01
9.163797794569116251e-01
9.577299641156626908e-01
9.790807984518389295e-01
9.883489223632120346e-01
9.931536854158604655e-01
6.754781087608615620e-01
9.365825617999854469e-01
9.703804170554161113e-01
9.848339058525044099e-01
9.914524265532693725e-01
9.851940570369579486e-01
9.123442007773296947e-01
9.531570400724029835e-01
9.731861980872689166e-01
9.866736300025586992e-01
9.921618082411105544e-01
5.896114716432394598e-01
9.618925752779358129e-01
9.817585833602318068e-01
9.917161900849558176e-01
9.953723551941938696e-01
9.971768629724691024e-01
7.342449175834648845e-01
9.595164102660407313e-01
9.757119606659183653e-01
9.856918077529617239e-01
9.920549135319293166e-01
8.812580338819847592e-01
9.004896586225052957e-01
9.511984406385268764e-01
9.764656343109288095e-01
9.875901583633918124e-01
9.930426056022040315e-01
6.150412243869546325e-01
9.305756178904146525e-01
9.630887301024491087e-01
9.829939481284880598e-01
9.904401974053238522e-01
9.933536423875158894e-01
9.468690697550438129e-01
9.811235233266009104e-01
9.903960885047309315e-01
9.947805639342212070e-01
9.970539160010319923e-01
9.661897008115899466e-01
8.557387556316231603e-01
9.396341136907504499e-01
9.707467012422852370e-01
9.859699876289954590e-01
9.914998550019140655e-01
5.688864983377228679e-01
8.604516369479702220e-01
9.900309132208819918e-01
9.971461209915765123e-01
9.978743106336905866e-01
9.981156764943442949e-01
8.707127275119649346e-01
9.643782327173321400e-01
9.854595454690344702e-01
9.926181165797884898e-01
9.950814668276692920e-01
4.546834262620407241e-01
9.121978869302348469e-01
9.748054826836524134e-01
9.841911660469752077e-01
9.899362356598174761e-01
9.943624909763953967e-01
6.785943355772261487e-01
9.244598586602156276e-01
9.678778881336886908e-01
9.836031835176813898e-01
9.875380173724124244e-01
9.887422383666425452e-01
8.668621252448486247e-01
8.989259108318842229e-01
9.056772950356838381e-01
9.228699256092974812e-01
9.716003291844192979e-01
4.274277654701156282e-01
4.774962423197787187e-01
5.105285576970824968e-01
9.749729164838215612e-01
9.925654496350893030e-01
9.952995383902161208e-01
7.393953425775525723e-01
9.261338062486537126e-01
9.668348175695752333e-01
9.833239570646422623e-01
9.894115683159815378e-01
5.376195268947114858e-01
9.391397721376486540e-01
9.721378683368352425e-01
9.845428318404459977e-01
9.910445298399640501e-01
9.945374694290524120e-01
6.575774690910068943e-01
9.339904314607387903e-01
9.772902496296831387e-01
9.872474508727356879e-01
9.918329463743783547e-01
9.953524665238221436e-01
8.445204795595238068e-01
9.278903599464258800e-01
9.684375661696019710e-01
9.840034303849638508e-01
9.908655929925626049e-01
9.482377117459518390e-01
8.964248416908433548e-01
9.683972050044166169e-01
9.835876389763057448e-01
9.910522319059444918e-01
9.949545886995451172e-01
5.040122388465616554e-01
8.172992794845217457e-01
9.417263847447130409e-01
9.524162682116646961e-01
9.639397264487574724e-01
9.461197230430681282e-01
9.188950427804328802e-01
9.696444765765128704e-01
9.845930569115942665e-01
9.904779802545654599e-01
9.940964776136977932e-01
8.469947856555948285e-01
8.938814187314960691e-01
9.655201588333671703e-01
9.826345502970492696e-01
9.903696313859989830e-01
9.944427999806032537e-01
6.331085022983246047e-01
9.524036776223621104e-01
9.796952593274335097e-01
9.890938042440959865e-01
9.930261742523869284e-01
9.799839810487106506e-01
9.092929224103996066e-01
9.584638731616081930e-01
9.824029287834130653e-01
9.888219397023831903e-01
9.930172788281022012e-01
5.586950839628216370e-01
9.177602124709759446e-01
9.511142992670864604e-01
9.767405447621051451e-01
9.885790370907857616e-01
9.942233065975497608e-01
7.403052438351959141e-01
9.462751143058555359e-01
9.726292006996161144e-01
9.850057383274267719e-01
9.918798909654792384e-01
9.831257712750391953e-01
8.564495161158605097e-01
9.414577136054712581e-01
9.726707332615680546e-01
9.854571518349146686e-01
9.915876921072099837e-01
9.150257891157198564e-01
8.932860317028178399e-01
9.502520730788621695e-01
9.759598439141500270e-01
9.866458479355638689e-01
9.919775138811075532e-01
7.277376148906490316e-01
9.362621225149164728e-01
9.718598828594500194e-01
9.848997969061146218e-01
9.899539387089342224e-01
6.389752493362669261e-01
7.456217343858658753e-01
9.370448604054438801e-01
9.117097993216579654e-01
9.697943928748961051e-01
9.696942085128483768e-01
6.559281872872396724e-01
9.666020492733893299e-01
9.811949246825522053e-01
9.896795626922363365e-01
9.935562732882220471e-01
9.962345264625620533e-01
8.059751481040955401e-01
9.763461764864033166e-01
9.884921346133697106e-01
9.937761628991134133e-01
9.964702408337194894e-01
7.839900915579453011e-01
9.368116954159674270e-01
9.712534741082050616e-01
9.839981703877643815e-01
9.904106958583374087e-01
9.950023278984119202e-01
6.611438035671504121e-01
9.387642106333322634e-01
9.740182807917697749e-01
9.847539178727650055e-01
9.910285190596185290e-01
9.701746822460786124e-01
8.692133524901225483e-01
9.398513385170963463e-01
9.690199485446128191e-01
9.829991469354618649e-01
9.899019194888644124e-01
7.200579728603934138e-01
9.022374438765081717e-01
9.528253881114261414e-01
9.774311435593506792e-01
9.877308617886323416e-01
9.931595377877543429e-01
8.082405059003617831e-01
9.465011899010021823e-01
9.763203877212274229e-01
9.887831224037363365e-01
9.929903519002318824e-01
9.937997550114415768e-01
8.129600949877138216e-01
9.404589812647902169e-01
9.698949286021842919e-01
9.845232251597374473e-01
9.912963722905059338e-01
5.865087002085189738e-01
9.248858533644774838e-01
9.668490349322242938e-01
9.812926730738882330e-01
9.905883142324817259e-01
9.939349798694314675e-01
7.185434824181862190e-01
9.396404583133473043e-01
9.624473731679890065e-01
9.899047543543370020e-01
9.961952277816095158e-01
9.948335960255351162e-01
7.937418004988313625e-01
9.264509274713708109e-01
9.691415966676654170e-01
9.810209435611259021e-01
9.892343554598993505e-01
7.021551569029246265e-01
9.499822242632820490e-01
9.792074562599053511e-01
9.905195299145440613e-01
9.950151773892382812e-01
9.971842134150759041e-01
8.894638958629760284e-01
9.415186517973596070e-01
9.701815356182423855e-01
9.844200081359284482e-01
9.902548687072993960e-01
9.084606868190546747e-01
9.454268694780824100e-01
9.722243597267788973e-01
9.842655622153841932e-01
9.908624700281093434e-01
9.947131418355253940e-01
5.761763368239843919e-01
9.587001283534775098e-01
9.846034195151698309e-01
9.904418633309644004e-01
9.957150780343385632e-01
9.979217796964151566e-01
6.741467833798512332e-01
9.511737133400257616e-01
9.804929265984522191e-01
9.890669661601211304e-01
9.936038012632558702e-01
8.957452668236748350e-01
8.400752481819624418e-01
9.523625556934189884e-01
9.773482886966066152e-01
9.864709079551482462e-01
9.496935032863399462e-01
9.461861797840629418e-01
9.868153833720137991e-01
9.921547818726796919e-01
9.958839226453105598e-01
9.973500569969285801e-01
9.721098674947380447e-01
9.086993838565716741e-01
9.604355171262592972e-01
9.807908635366977546e-01
9.902604331324187381e-01
9.943953516183431374e-01
5.662500534994098222e-01
9.396416415364111652e-01
9.757933286370213954e-01
9.901651401215108006e-01
9.945907353536890261e-01
9.968612611698732806e-01
6.504320191816933550e-01
8.761053289323987858e-01
9.607943373022175271e-01
9.754350537254726783e-01
9.848349307410941833e-01
9.787416972252080960e-01
8.818421969548870809e-01
9.522878985404893415e-01
9.791943475122080187e-01
9.884637998666850889e-01
9.912325344758047274e-01
5.120143326936988926e-01
9.465644467111948845e-01
9.699689681324326074e-01
9.762198971020721316e-01
9.855121634923104113e-01
9.910459924614822835e-01
8.309598084551494956e-01
8.594027324209415619e-01
9.412765914433049996e-01
9.579310771394757840e-01
9.656382771706329970e-01
6.485468474107290993e-01
8.790547261853501881e-01
9.711910804533552266e-01
9.771753331540533605e-01
9.601059864882134365e-01
9.781245404407332700e-01
6.317812752828871892e-01
9.455729180015961521e-01
9.667167613495402101e-01
9.845471230217401892e-01
9.909575543642855644e-01
9.935078422151281119e-01
8.227229375190731053e-01
8.810575229242755269e-01
9.630291218626289007e-01
9.797258274117396359e-01
9.882654313888680209e-01
9.901627087515489922e-01
5.787587896890626915e-01
9.650237675151960293e-01
9.705985053268890717e-01
9.981959732173425470e-01
9.974945699979449465e-01
6.577701440590197901e-01
9.378123363931997192e-01
9.730965582910621192e-01
9.836847061934318459e-01
9.915579924737587536e-01
9.609085624086606270e-01
8.951780832253680709e-01
9.597668728528088167e-01
9.826124130122038114e-01
9.913852749963381061e-01
9.950188761703017137e-01
5.989320513446256822e-01
9.249313939243457572e-01
9.770663032609065990e-01
9.864539199440400807e-01
9.921495750785293000e-01
9.951580316982158170e-01
6.557541894300669139e-01
9.081326395727146172e-01
9.573671666783702960e-01
9.810069680408257664e-01
9.893433379943664674e-01
9.801044089553242467e-01
8.926172163569147111e-01
9.602907900340100777e-01
9.775360563748142217e-01
9.886718485083080266e-01
9.930293840932000737e-01
5.827550057333608091e-01
9.784309464554977742e-01
9.821912000456660685e-01
9.926732628732947150e-01
9.959270822916470589e-01
9.980261497731215403e-01
7.788138441395835443e-01
9.414080315026525092e-01
9.370215965626743637e-01
9.838457956179657016e-01
