9.999999999999976685e-01
9.999999988838363940e-01
9.999999284698893876e-01
9.999999637739039882e-01
9.999999880051162471e-01
9.999995280157015776e-01
9.949630166660522468e-01
5.461381110219141188e-01
8.858812580213532017e-01
9.232441743544657076e-01
4.140168175774678327e-01
2.117290471742891520e-04
3.316141920801148057e-02
4.191487859119152198e-02
3.861229223916183562e-02
3.441742790911261608e-05
5.373722178181485239e-03
2.281516600966898567e-01
9.905503824767736276e-02
1.519677281945933378e-01
1.228948411388205153e-01
3.712798581182379792e-02
1.722767618680430893e-02
4.547249813455520040e-02
5.172396145077051699e-02
2.458376630276667626e-02
7.657253990316621739e-02
1.001703014182871027e-01
3.248694029624096813e-01
5.817591728412440100e-01
6.818777436003905512e-01
8.833499017056629654e-01
8.472942527221711817e-01
8.476743126486716573e-01
8.751845794152169900e-01
8.321823670023204000e-01
8.579069796300905493e-01
7.835426977719783803e-01
7.231243611104039293e-02
1.294357774523499042e-03
8.927962091983905613e-02
2.362524738957307632e-03
2.105884863118974329e-04
1.319608961116842431e-05
5.950119998782712159e-03
1.310046649414684308e-02
8.634987111271604787e-01
9.056943715868717160e-01
3.713786760886468308e-01
5.180924494641069300e-01
1.076937889646741170e-01
6.009943461878689552e-01
2.293256418621267279e-01
8.000977515241155524e-01
7.947373944602231788e-01
8.597593531262434086e-01
8.603350545027254048e-01
9.216240371593995562e-01
8.501662638276115125e-01
1.815824685874059541e-01
1.278788040829846399e-06
8.462532192181905499e-02
3.523826948367216882e-01
2.089271227862011249e-01
5.081444556036963239e-02
5.893310601465952953e-02
3.349496756755606097e-01
6.830982172223990512e-01
6.244681783681984566e-01
8.154764631862512214e-01
8.603192684340119634e-01
9.110775554997171399e-01
9.553516967533057791e-01
9.716401643275333067e-01
9.768454523445676552e-01
9.761496499501033375e-01
9.874815373640286609e-01
9.874949961763582751e-01
2.864068249199537841e-01
7.490280031497923430e-01
8.987598862675764133e-01
9.653707369206909750e-01
9.646530558123018739e-01
4.908627236820857220e-01
8.059369678891759037e-01
6.763941186224787794e-01
9.468223173284423533e-01
9.065824469749607095e-01
9.232318514188257996e-01
9.665776196793582908e-01
2.107748760074261984e-01
7.684144015171096020e-01
3.147810102397759213e-02
9.623362961206295869e-04
6.375079932775631550e-03
1.227265698325704160e-02
2.230625236190837690e-02
8.028117408019289081e-02
3.199167217090432419e-02
1.614365037322010032e-01
7.906570134463826172e-01
9.117580460625428485e-01
9.196585840304746240e-01
9.576752588787039722e-01
9.673002499863906367e-01
9.541647725880022524e-01
9.680022404734481833e-01
9.819587135549034951e-01
9.863456633047342770e-01
4.171791630683616137e-01
3.666912736523343652e-02
1.561982766435256577e-04
4.043299050071720580e-02
9.936510515070196004e-02
3.859708306711034931e-01
9.131358464338738823e-02
8.206186307346605147e-02
6.693867022129484923e-01
8.104492963404741346e-01
8.250264301012814050e-01
8.971154455608459921e-01
8.717236586370830098e-01
9.192098335004066367e-01
9.515844348943398590e-01
9.514924269257096778e-01
9.758099894266207830e-01
9.887654026485820369e-01
9.901356909814624796e-01
9.963039817790698693e-01
9.801463620299415425e-01
5.898654559312768164e-01
9.163068609811479970e-01
7.012587231145899214e-01
3.981108591872373019e-05
9.181873481498194886e-07
5.016308394806503799e-07
1.300084551988236470e-01
1.376732536128981166e-01
2.043797866979853439e-01
8.326732514286275810e-01
9.246028590764714394e-01
8.923423370294689683e-01
8.866585166652585226e-01
6.578239427055029287e-01
6.440964425402376792e-01
6.489900220769989625e-01
6.605436562928285182e-01
7.725498410392228621e-01
9.135368190264948618e-01
8.304126940809203328e-01
6.820004819964009535e-01
9.519968148578770162e-01
9.421768342311243050e-01
7.689009395112793299e-02
1.299240647112577941e-04
1.107223812775507549e-03
7.283368538137488697e-03
1.031344192009570060e-02
2.697148897515612778e-02
2.326253670417007813e-01
6.230324979516284681e-03
5.137496375447832275e-02
7.892241845865943795e-01
8.737350405445892809e-01
9.218679422518759603e-01
9.387272076032637802e-01
9.517440689886462746e-01
9.390724262367053932e-01
7.999870095886988386e-01
8.830882483612654266e-01
3.644158029782574859e-01
2.235477589530240200e-03
6.787763435451385930e-04
1.416051313014968505e-01
6.695734043207448964e-03
4.358866198416952984e-04
9.257517700093040878e-04
3.228690278345083819e-02
9.682980203509594652e-02
1.997802657959600603e-02
2.246905657598540287e-02
1.094447418096817712e-02
7.548088635823504977e-02
2.369683842235959237e-01
6.725986499278904240e-01
7.144340223873080209e-01
7.191730661431403604e-01
6.367738663881878924e-01
6.962586221295488098e-01
6.948772670189636846e-01
6.584247517118402282e-01
7.955357544145253978e-01
8.836338897587838748e-01
9.230416823798538450e-01
9.360763754575950335e-01
9.530958563423296281e-01
9.679858779267717095e-01
9.765567751786368156e-01
9.827224520210902092e-01
9.878254570104506582e-01
9.908034795471573064e-01
3.952233515519500973e-01
9.365888234020955938e-01
4.627256382076511652e-03
2.895085080790258395e-05
7.196820067976758919e-05
3.039595123183968205e-03
2.163172033725350649e-02
6.607030406879195183e-01
8.288010704814814389e-01
7.775209935028134511e-01
4.789422279839102847e-01
4.195013991043325952e-01
7.650223715801510727e-01
8.595187625021929456e-01
9.330389816740702891e-01
9.511111346103897635e-01
9.714822719784760308e-01
9.814054614536474874e-01
9.866598952645261322e-01
9.868460880792899736e-01
9.301417371460075634e-01
4.088080929077193559e-01
6.924584508749060952e-01
7.966944475732299358e-01
8.449192657001207696e-01
9.250482123304856197e-01
9.450815466610960058e-01
9.837753854698976230e-01
9.395519774925562562e-01
9.611034549043968589e-01
9.589993755632191252e-01
8.000591725164308832e-01
4.960175711765638651e-01
5.484443805326477683e-01
9.301385403895194859e-01
9.533581308234945206e-01
9.756795243341627177e-01
9.844303661583695408e-01
9.889369864654726783e-01
9.926534977379882774e-01
9.947502932214803417e-01
9.446321915382239753e-01
4.572964079360410383e-01
9.158213741844798417e-01
2.934319800344106777e-01
3.357655015098480744e-01
3.459878967241644121e-01
6.014241314593049559e-01
8.951722894669593700e-01
8.788426623428908790e-01
9.507052174563813685e-01
7.584760524097128309e-01
3.575255685146302986e-01
6.198982877632333022e-01
5.970921230500981780e-01
9.132857366402640231e-01
9.426103660651476979e-01
9.642873192247042313e-01
9.717023983580520552e-01
4.631203669360248187e-01
5.256182120454754303e-01
6.780427175540406637e-01
9.043792545294003782e-01
1.868921416155810977e-01
7.581429311733070336e-04
1.444800101375842119e-04
5.243581712852682028e-03
6.070352301264617112e-02
7.245350112965558420e-01
7.751022059289249810e-01
8.907393098717851787e-01
9.225978085841995968e-01
8.708590481796039118e-01
9.330537127679132681e-01
9.597475064477992701e-01
9.681194286928718196e-01
9.623007080658854129e-01
9.798745351420209415e-01
9.843647495965786032e-01
9.655211677654831348e-01
5.562868131827222173e-01
9.053862241700181279e-01
9.330263415108479563e-01
9.514129280806006284e-01
7.909379769566271534e-01
6.647036838042650331e-01
7.197310559202123592e-01
9.284845624265692932e-01
9.790518659003929480e-01
9.927005999257373370e-01
9.905397537863105395e-01
9.892489842143555867e-01
1.906186685748255949e-01
9.117687637835928394e-01
9.583937543799976311e-01
9.690324488396849789e-01
9.808189282952076704e-01
9.804145990964989732e-01
9.844533974933052933e-01
9.752788934906817531e-01
9.405244144748429180e-01
9.919568209689714200e-01
3.234715080998422643e-01
8.195207433544260400e-01
9.296228524237842850e-01
9.731653168360817618e-01
9.751174080728924887e-01
9.762485803207062718e-01
9.889646576538849709e-01
9.886590542723067143e-01
9.908396906738557997e-01
9.937824019490082428e-01
4.609377518236165705e-01
7.118031751992293099e-01
4.896029039573984165e-01
7.304309183592873067e-01
6.850602591285586129e-01
7.794256335134110980e-01
8.523687586675807726e-01
8.817218304750321645e-01
9.068237872916552478e-01
3.912376608303544945e-01
8.443906431552817837e-01
5.808967790833916567e-01
9.469878399983445117e-07
1.461221206781534825e-02
1.634067743698480457e-01
8.175018887850564742e-01
9.053089849136802814e-01
9.324743518377968110e-01
9.608106089650035875e-01
6.420706909121479677e-01
3.128251606048947919e-01
8.387861584230458245e-01
9.153876073605000663e-01
9.511090400189813332e-01
9.695750997345327082e-01
9.804710861252650123e-01
9.841995414220335858e-01
9.867472312788043709e-01
9.228052999535221179e-01
1.529363480366885408e-01
5.971180966699440873e-01
6.374446719129545080e-01
3.174872382859749709e-01
4.387854423407967601e-03
4.139813076683503297e-03
4.194275837896757207e-04
1.502293916215926249e-02
4.477214887885514610e-02
3.598420964812152345e-01
3.655069793471415335e-02
2.603837991130757840e-02
5.550358588121578896e-01
7.113895388999429414e-01
8.145291646103034466e-01
9.083860505695300347e-01
9.474142362989348420e-01
9.618609466133645203e-01
9.669738876513145343e-01
9.813766864308679505e-01
2.410219580270457629e-01
3.054955250825830970e-01
1.625766465364068304e-03
4.889819697736315883e-03
2.873939516811344630e-01
3.549333610876689860e-01
1.373837315063113941e-02
8.411676613443673789e-01
9.529248882139459420e-01
7.314552868348230819e-01
7.266826873049452296e-01
8.987378838561331795e-01
9.629849066026551219e-01
9.687151872273148667e-01
9.759576630424676713e-01
9.810886883406824133e-01
9.853100289756135943e-01
9.888546640177172664e-01
9.910490008145936836e-01
9.939970996471487741e-01
9.954147986311104868e-01
7.990493958150676201e-01
8.260206116175081714e-01
2.484043771410786652e-02
3.435843916431991548e-03
1.452171302989633747e-02
4.071428305444732554e-01
4.148996414741202288e-01
8.207165449899577192e-01
8.819750735322302582e-01
8.535418874981651749e-01
8.727458323369117199e-01
2.055063992353821020e-02
1.971898620210751074e-01
4.393724136667413460e-01
5.230094783383171242e-01
6.929962116945387329e-01
7.859291333448795713e-01
6.396400345766977136e-01
9.500552977275217303e-01
9.692165004948047891e-01
9.743158989072785436e-01
9.437357633619870567e-01
7.451516615832387558e-01
8.983601818518500703e-01
6.784893647200221922e-01
7.229618313228877158e-01
4.956752917879188591e-01
7.562226691163276282e-01
9.538735239812932143e-01
9.729238179654019492e-01
9.688088340576848090e-01
9.529912179495512170e-01
6.352304391470274814e-01
7.235596415278866544e-01
9.260885716733276984e-01
9.687881785218894759e-01
9.786100237262514989e-01
9.839182920407387734e-01
9.854665563332793976e-01
9.890552103770415826e-01
9.906097534279160177e-01
8.552630174589433976e-01
5.593678993499147101e-01
9.048847685624596959e-01
9.384089569638698336e-01
9.583593096833615821e-01
9.561298797339073952e-01
9.779150554108233528e-01
9.919269101656155163e-01
9.962101109985141978e-01
9.868268096342391882e-01
4.174997443550948484e-01
8.060181369428794929e-01
9.330321504261158694e-01
9.701558530077840636e-01
9.816645477672167885e-01
9.853123941985046930e-01
9.897621109415113416e-01
9.895936979463345606e-01
9.924507440123332414e-01
9.932653123354180380e-01
9.394198892664537004e-01
4.841705461410536482e-01
9.308352425205955738e-01
2.484263676122240236e-02
2.083197864731298546e-02
1.889063675730288591e-02
4.689359596556400556e-01
2.622805305827894951e-01
1.417329932735574283e-01
9.547140454890747918e-01
9.679901685348158979e-01
9.523460177846921892e-01
6.564492583080088206e-01
8.232313105974103928e-01
3.647149790564704983e-03
8.578505090903187913e-03
3.159075176453869371e-01
2.239804826973527171e-03
3.923394395107700217e-02
2.617582007148732542e-02
4.368051054117991910e-02
1.060904432153674942e-01
7.025206663638055016e-01
8.741006147553243011e-01
8.212481140318280692e-01
7.656418375951198341e-01
9.109499226130151062e-01
8.856937787675071005e-01
7.122423984386372364e-01
2.290137051275170643e-01
7.207598801798727195e-02
1.728559469402383419e-01
2.038206611901098239e-03
2.285988968882112643e-02
1.518692208715645142e-01
4.186460750415671450e-02
1.520877877932402247e-03
4.973378334756071474e-03
2.089139896742828184e-01
2.845659278000107206e-01
3.778816097298582366e-01
6.790800335360005491e-01
9.688393685746389261e-01
9.902339700492448493e-01
9.932887537978568604e-01
9.950244653293849328e-01
9.954055310625966602e-01
9.966676532837241975e-01
9.934957288087480354e-01
9.960112963299259103e-01
2.880020823737951541e-01
1.030172864599738147e-03
2.038635851895467376e-03
4.983486900230383786e-06
3.271633358329540953e-06
5.133503832149231838e-02
4.568583922073886361e-02
2.091523198594539001e-01
5.930977796289944870e-02
1.126056652005021919e-01
4.784046036623537668e-01
6.098855723644449611e-01
2.384905287057192402e-01
8.240123099181307920e-01
8.901232115574642112e-01
8.113731537641557523e-01
8.844293297252444619e-01
9.552503032104392444e-01
8.461794362689025739e-01
7.266162943109918393e-01
8.993501930776024444e-01
9.683641943863375845e-01
5.490396725426821556e-01
6.682229469715954551e-01
8.776703005865535978e-01
9.098450014805170571e-01
7.976016662026648163e-01
8.291164118023568452e-01
8.239096125400999782e-01
6.065903437398892928e-01
3.159212454823323579e-01
3.189477701573775748e-02
1.516866858112065619e-01
6.157868580043365236e-01
4.186679582312147763e-01
1.045288537213117969e-04
6.905914989970385331e-02
1.133132926974284166e-01
7.833618596408455093e-02
2.362558226625208757e-01
2.772888908824897025e-01
2.474207899554570766e-01
1.249872215921182805e-01
4.664418955792808408e-01
7.220627785216584549e-01
8.657691283298818430e-01
4.420161564018793010e-01
6.173963320050893655e-01
7.504392402316750754e-01
7.331769488311800087e-01
8.269407861018054362e-01
5.446309868816638922e-01
9.572961683870994110e-01
9.778530964439486883e-01
9.863792180571134827e-01
9.890853811092843451e-01
9.918021954943978535e-01
9.941135648965817584e-01
9.966046906066122757e-01
9.985765771490604514e-01
9.985259183403166761e-01
9.989216769360705905e-01
6.619395629847136808e-01
8.350333034273169641e-01
5.971851666657307725e-04
1.478653125838184023e-04
7.486155716838248462e-04
1.158847129109102404e-02
9.147933590423412697e-02
6.134415037206497612e-01
7.013754306234210034e-01
7.076362026996604326e-01
5.717448809205725180e-01
3.538620298219563032e-01
8.936637380928721397e-01
9.808375507072126798e-01
9.900422334527074764e-01
9.939593386149568888e-01
9.817269234159157199e-01
3.566679356679168245e-01
2.975459930874155834e-01
7.358177365460347730e-01
7.623264494069458275e-01
9.794007198307990159e-01
9.869882555376111588e-01
9.905025143811404531e-01
9.917539779265260869e-01
9.939885731992572637e-01
9.951859954109801842e-01
9.960932729362728111e-01
9.971393984565922741e-01
9.973608727639055038e-01
7.062583000882661777e-01
8.339660835445721343e-01
8.884486098294251954e-01
9.384230652055121080e-01
9.479260141710103005e-01
9.519748541866501768e-01
9.720284883270111642e-01
9.786611758915784165e-01
9.879402208622662940e-01
9.760229224069537635e-01
9.893306604407252625e-01
4.188298624901973799e-01
7.255459408401470078e-01
4.050332964366332796e-04
3.969682328283918697e-03
3.576490674284609796e-03
4.092428119809652376e-01
7.805348928350707149e-01
8.474640234363112201e-01
9.282494824005282918e-01
9.544489166505832900e-01
9.596615638400592951e-01
1.781471081535466183e-01
7.333523762444752458e-01
3.199614283272265158e-01
5.162273083191873946e-01
4.871503376796302853e-01
9.212578010955028152e-01
9.512205986971022931e-01
9.661060630047418885e-01
8.731070877458354529e-01
7.172445398905752389e-01
1.585184201136431020e-02
7.471641060836358150e-01
2.933904021072526458e-01
2.654814481037163221e-01
3.491990275346534833e-01
3.315574852189661637e-01
7.911993658826708131e-01
9.415780828901474386e-01
9.864801533567628677e-01
9.741271194909097986e-01
4.466386345386034740e-01
8.591740914401443385e-01
8.771250484217086862e-01
9.113222820189512685e-01
9.649408547735975894e-01
9.744603355400072164e-01
9.781765064850972413e-01
9.828901054768036660e-01
9.423479502291516319e-01
4.578910000803292912e-01
9.587177221154395967e-01
9.727133366006700532e-01
8.802856770684430732e-01
9.422843027403680072e-01
8.989526206317057788e-01
9.342453653780986578e-01
9.402557726040724484e-01
9.912407862069879672e-01
9.946053265010410538e-01
9.603933233562398364e-01
4.880154577363134405e-01
9.120470468295119870e-01
9.467730551730667576e-01
9.657834144133767840e-01
9.772051344631612624e-01
9.816719024523580250e-01
9.838686425100608979e-01
9.877810300622782425e-01
9.899592740741488539e-01
9.882009421631561263e-01
3.521792478655549896e-01
6.674152915166079447e-01
8.700968884292215044e-01
9.008993351079045420e-01
9.292826765389677890e-01
9.583356045736544093e-01
9.439974291794022143e-01
9.427668008285154944e-01
9.555314004366209923e-01
6.847820686781342925e-01
8.209942773569514074e-01
8.694558111941562695e-01
9.037975342039692439e-01
9.389636710396767061e-01
9.588641320330484330e-01
9.721686875409060180e-01
9.794476931888096427e-01
9.842281923489251128e-01
9.877145805616853735e-01
9.470900248874236649e-01
5.784124499894266469e-01
9.344133830753807990e-01
9.590976451934332125e-01
9.719181435644564937e-01
9.748621763878582147e-01
9.831899732166875516e-01
9.862839368393699901e-01
9.889634724583517000e-01
9.908709276235853070e-01
9.658207630305571945e-01
3.026500472935125807e-02
1.896759579062484435e-01
7.839510945084959825e-01
9.109539878926700140e-01
9.471640618675336576e-01
9.654803855356147713e-01
9.770155288021405982e-01
9.726778604445266430e-01
7.827710961624042563e-01
2.768506464930137745e-01
4.496986456045569680e-01
2.679247495879844565e-01
2.463581649263026514e-05
5.730964930843043988e-03
2.595155673965649813e-03
3.508535897942508669e-03
3.965750905718352232e-02
3.369683704377184758e-02
7.318197904272060184e-01
6.979985347328820922e-01
2.777126479169816919e-01
8.928858951426218438e-01
8.979386109757050427e-01
9.582186018701475128e-01
9.742489774185157936e-01
9.829219351948684791e-01
9.607441798228735230e-01
9.820404324037825816e-01
9.873486044572054032e-01
3.528192580241907295e-01
7.709768292592670269e-01
7.477263121692332426e-01
6.381173366719060684e-04
3.653049136867890078e-03
1.628119075898063969e-02
5.461727900447880257e-01
8.969926201423044088e-01
9.402904720411743300e-01
9.602024430951949796e-01
9.738330952382543426e-01
9.786228582954848987e-01
4.618870132452784771e-01
7.877224200256425224e-01
8.529925883219392491e-01
9.199867100688901012e-01
9.413750154223956557e-01
9.708494285083080211e-01
9.753756642581906666e-01
9.710642510573078701e-01
9.867210850237819741e-01
3.820023015445789261e-01
4.464390454570498767e-01
9.831170751734666924e-01
8.897783604586246842e-01
8.074554664325390707e-01
7.769455113074942298e-01
9.368437762822547921e-01
9.085599110118467436e-01
9.185118192160286466e-01
6.276288372150885531e-01
7.143448782294453681e-01
8.334926440026634020e-02
5.760855001286129262e-01
7.724601519000988681e-01
4.441146122966233012e-01
2.271866840896708262e-01
1.312947443241097578e-01
6.978410006545530120e-01
4.226104650889234704e-01
8.840808602964899223e-05
2.304783149471180681e-01
4.805389171902608655e-03
1.905697943158213455e-03
6.690563355282139191e-02
3.119452827658900779e-02
5.668460828820377079e-02
2.525256741287764117e-01
1.510518820947175378e-01
7.429705389825583817e-01
8.219464508696824323e-01
8.725555436732939096e-01
9.272388193046985361e-01
9.527676982503785474e-01
9.586155667226284871e-01
9.123832546415989730e-01
9.290599008207157672e-01
8.904084312583288030e-01
7.962873759818839270e-01
9.159284130667708634e-01
9.372479612317710096e-01
1.299931608522868764e-01
3.814522293340031484e-02
8.153171690697399304e-03
1.928057500593416277e-03
2.907902669116330455e-03
9.207565283746086109e-04
4.535298083289318258e-04
6.417550667307043988e-02
2.091174080172079897e-02
1.172490179370237751e-01
4.013837639355408715e-01
3.054213488383528130e-01
5.337056494345140401e-01
9.591092224763283491e-01
9.715734598740288774e-01
9.775906299936643062e-01
9.805421247067654944e-01
9.854043925962576722e-01
9.747449644509009747e-01
9.925500231828764397e-01
9.861800258114894469e-01
9.274850338539982753e-01
4.590096679625258469e-01
6.512493001076316013e-01
9.409939178080118927e-01
9.595047112528146682e-01
9.711402344586236302e-01
9.813844239564211147e-01
9.840468884025052043e-01
9.866750306495232214e-01
5.945451331945167395e-01
1.480798573532628171e-01
8.250598240226153512e-01
9.443438664173331443e-01
9.601341560412082199e-01
9.787824220239356166e-01
9.857703113186222499e-01
9.887479677619683827e-01
9.912060250138778894e-01
9.924473360855848858e-01
9.918629938914854671e-01
1.703667900098589649e-01
7.536189249501328291e-01
9.433589556630544992e-01
9.485969196588287522e-01
9.320186175223436065e-01
9.497516246724798661e-01
9.641161462838940821e-01
9.708911324776315910e-01
9.773231761160769970e-01
9.822269778929999529e-01
9.865304726678644220e-01
3.861970335236626917e-01
7.209504152839375513e-01
6.719801756284806693e-01
7.845785379627154832e-01
9.268775703939486910e-01
9.235704260617886296e-01
9.702399314940099995e-01
9.732612675292747761e-01
9.788447098586292583e-01
4.827938387041876278e-01
3.761948379964649702e-01
6.577573019330781312e-01
6.600646751264727108e-01
7.794124886581726974e-01
9.119747031092572120e-01
9.700453369502707313e-01
9.837082808647138465e-01
9.903784510064994606e-01
9.781105486657002412e-01
9.866352296166883695e-01
2.783738119907374631e-01
9.257119818389636379e-01
9.624316305281944706e-01
9.463429872978728064e-01
9.573683869161934146e-01
9.725631887321054547e-01
9.724161059726837975e-01
9.859097474650820869e-01
9.935944559464652270e-01
9.956219236478958123e-01
6.239268557666497461e-01
4.861962213582977643e-01
9.564373622516505469e-01
9.488467567563251270e-01
9.716882878642475463e-01
9.830312305055416422e-01
9.907927692799841646e-01
9.929758909802095523e-01
9.923993448432771869e-01
9.893676393809918146e-01
9.505123586370481936e-01
5.557447359787753838e-01
9.222115915094459826e-01
9.394684827540200622e-01
9.555372771207526483e-01
9.714310531730467879e-01
9.812082139980073947e-01
9.854860455298571909e-01
9.886876832327129438e-01
9.912846463909384953e-01
3.149947434008814051e-01
6.509670117708986625e-01
9.499646105459331746e-01
9.715767369433858658e-01
9.736224665003166967e-01
9.670424895764195838e-01
9.730632154588414462e-01
9.787518941152205665e-01
9.916301085541608940e-01
9.919949896818336388e-01
9.720733258561046197e-01
4.687306984813046085e-01
5.327326863694427095e-01
7.693255316026034185e-01
8.542119972935927619e-01
9.282367098920942805e-01
9.394724586895398799e-01
9.431296194013341072e-01
6.055994153727900509e-01
5.215509866609742140e-01
9.101167606644554597e-01
9.375972004316156516e-01
9.669844800888647285e-01
9.675758705244745794e-01
9.691375527204797447e-01
9.807747584348488479e-01
9.895357215891262825e-01
9.930671338240710799e-01
9.929948256949832075e-01
9.955671727852425379e-01
9.504481598359844075e-01
5.643240699777063440e-01
8.711100924712787963e-01
9.358300017276738325e-01
9.557958263630874640e-01
9.712810751429439282e-01
9.797475643687981739e-01
9.852964130518379049e-01
9.887441330418687002e-01
9.918947018503465607e-01
9.876557773603973356e-01
1.865261724954129230e-01
7.994278080766855643e-01
9.059686652652960276e-04
1.082534110608843380e-05
7.073518856665352764e-06
1.077323150147323758e-05
1.450560543214266668e-02
5.819899753044918134e-01
7.896951414034889538e-01
8.806071738709779773e-01
9.169323748243245475e-01
9.424763829887472522e-01
9.534783051749867733e-01
9.764309324103044307e-01
9.832244750358195562e-01
9.902445557706683887e-01
9.910921372376412242e-01
9.903617379506169938e-01
7.247818155918672733e-01
2.475595441978934441e-01
2.868868478838874636e-01
1.374590996782156120e-05
1.662534924743519840e-03
5.814309552378547804e-05
3.917185026361846845e-02
8.659799574922620591e-02
4.709815189778139843e-01
5.362095061713471056e-01
3.782341515733652071e-01
6.018344794928307540e-01
4.687681547739353527e-01
9.185060922676145934e-01
9.556272352341966814e-01
9.578644732291620167e-01
9.707891960099133133e-01
9.774849204144399062e-01
9.853308681404238101e-01
9.896099274583235461e-01
9.933985812449283026e-01
9.950631985776520194e-01
8.527026189924445942e-01
6.522199052222391602e-01
8.608213156788948606e-01
9.254317425582232470e-01
9.574267907704037128e-01
9.646066011076048774e-01
9.713597439398740097e-01
9.784047050060138417e-01
9.831216835107757790e-01
9.867951200079865259e-01
7.463025472102885471e-01
4.605153771051860856e-01
6.229593844323016993e-01
8.820645799607584880e-01
9.569751706662036339e-01
9.680116948534319699e-01
9.861542020571925082e-01
9.917771191103320616e-01
9.932955463275684460e-01
9.956942957481097478e-01
9.573957940271123901e-01
5.138405613216365797e-01
9.268518905430855881e-01
9.382207079311414288e-01
9.521657561881334830e-01
9.663836984821631004e-01
9.786926691811849155e-01
9.829811092656534077e-01
9.882241171634500443e-01
9.903569636940614540e-01
8.414403755036680144e-01
2.993743529484645949e-01
9.225289374512228857e-01
2.844583241048655453e-01
2.658808166844280341e-01
4.421073176354571865e-01
7.319343295955690332e-01
8.159673975196534146e-01
4.780697666025434112e-01
