9.999999999999915623e-01
9.999999999999709122e-01
9.999999992401207294e-01
9.925459265557832200e-01
8.345795627417169626e-01
9.632101204123520999e-01
9.807713789787877445e-01
9.893239495418086893e-01
9.947617528469636650e-01
9.969894868518015540e-01
9.383530185548076830e-01
5.288114763598542600e-01
7.463227425001864868e-01
6.368878603455349063e-01
8.340039577385969238e-01
9.255543879958040288e-01
9.823410471843454506e-01
9.947361399936126558e-01
6.897976028034304985e-01
9.826373698124583056e-01
9.904103894579696643e-01
9.929693184345532719e-01
9.953067475189262270e-01
9.856380352388534050e-01
5.671201252779261015e-01
9.367087127454424289e-01
4.338003268781914779e-01
9.797030145980757387e-01
9.930865156391713855e-01
9.965227697194499745e-01
9.967060646815056879e-01
9.977433505569731631e-01
6.407962961811516367e-01
9.384658168063260142e-01
9.745655536534499896e-01
9.883958794333270736e-01
4.495930786852539440e-01
8.847553814671462735e-01
9.488626543557361348e-01
9.732492740705619427e-01
9.850583773876895322e-01
5.437450196870610153e-01
8.695040813310072059e-01
9.622550334485437951e-01
7.207096248507030012e-01
9.242702280555279426e-01
9.730201239222977527e-01
9.825380192064467888e-01
9.905691475877591579e-01
9.942345148953570799e-01
9.613036226910539606e-01
7.720701276997784523e-01
9.279870938332906993e-01
7.389410938039978616e-01
9.289495063926695995e-01
9.411201394893173866e-01
9.942843903616234158e-01
9.991408913016827098e-01
9.994394258320279389e-01
9.700040740637586589e-01
9.356836502113057286e-01
9.640241659961962251e-01
9.905721039751465007e-01
7.463619270932622118e-01
9.233194474708278365e-01
9.614814552939178194e-01
9.818091851180631435e-01
9.903725044661744192e-01
6.991967075517339092e-01
9.675611538886792484e-01
9.773208277539753297e-01
9.880920489539540830e-01
9.819299061217162672e-01
7.221372541883730456e-01
9.269386263268912796e-01
9.642141736881570946e-01
8.234843731136827216e-01
9.630866879337847131e-01
9.812791477232728488e-01
9.870078059958952155e-01
9.929261740003557657e-01
9.974942309167074139e-01
9.555365126073849247e-01
8.355755867677635562e-01
9.516441962095875118e-01
4.857685082589153769e-01
8.892782696842284063e-01
9.027384781055135532e-01
9.301712870488588747e-01
9.637597716392363179e-01
9.830627306770469698e-01
7.489594507721465400e-01
7.742325257626542223e-01
9.460441387343607733e-01
8.600561432414952634e-01
8.964189412423304582e-01
9.571611147694814026e-01
9.177138477432613684e-01
9.728870415931709648e-01
9.648493004001905682e-01
5.153032610609691311e-01
8.097515067463019189e-01
9.517300366954470903e-01
3.899885724653834873e-01
9.338075380145353099e-01
9.616172842219847805e-01
9.872852500778831475e-01
9.977413573394078306e-01
9.989064147315321884e-01
6.986353527708885069e-01
9.484042792210302109e-01
9.765984571918040480e-01
9.895375328060682651e-01
9.934468138789086522e-01
7.650245478960751022e-01
9.610789709761639044e-01
9.779205256080638620e-01
9.883769838650455775e-01
6.337221257117182649e-01
8.341194615535035828e-01
9.577888787982711261e-01
9.675590671322482628e-01
9.748898652035277168e-01
6.514311283469937930e-01
9.157601517188598272e-01
9.574255239117218652e-01
9.746662210984882169e-01
5.680948731096542303e-01
9.308024335418186856e-01
9.687358465150350817e-01
9.861872424841178209e-01
9.950505268006617499e-01
7.231204473603918270e-01
8.974712961453698012e-01
9.722322431378043195e-01
8.660270950630449827e-01
9.305181643590745288e-01
9.770435423459137292e-01
9.956357363147371187e-01
9.967134032006890187e-01
9.982948819901041881e-01
9.683332228355202576e-01
8.694347955768333414e-01
8.832246064146013209e-01
4.958189364318099090e-01
8.688561913683860993e-01
9.613730619269058586e-01
9.795809185477377667e-01
9.882207410933717684e-01
9.937992472197147986e-01
9.199572199754235680e-01
7.141794189424569561e-01
9.212384032715409399e-01
9.572701592410168825e-01
6.077589544735464422e-01
8.975664967584850995e-01
9.448551600884947943e-01
9.727392962061427450e-01
9.909725035567997775e-01
9.617300585929708934e-01
7.271248716681848467e-01
9.378573301081185587e-01
6.227586835960804423e-01
3.308150991445998890e-01
6.098144070843679598e-01
9.746802639750623554e-01
9.927686496578206343e-01
9.868696463929065299e-01
9.973943765968145136e-01
6.544672060635754463e-01
9.618699216672552676e-01
9.824900290823449511e-01
7.424213158473343954e-01
5.785846394074245502e-01
9.225767842554923881e-01
9.712360432595035231e-01
9.505784868600712922e-01
7.535661789404851651e-01
9.298393247586926869e-01
9.549160345099977354e-01
9.722643317100987392e-01
9.810651769864411342e-01
9.505623090386408069e-01
9.058241703782836662e-01
9.496199311735079585e-01
6.562362044081475609e-01
6.365722224321671563e-01
7.424006909140784538e-01
9.378242831098448917e-01
9.725769730443885042e-01
9.782111806304834012e-01
6.412455713890454767e-01
9.516937716822190252e-01
9.827694344766628731e-01
9.910657781237485198e-01
9.945156577058779090e-01
8.973844502663287370e-01
9.474806944650406848e-01
9.788828993557163738e-01
8.562803408978663100e-01
8.455281471981026531e-01
9.380342430930304065e-01
9.690251336043230745e-01
9.594322358725332345e-01
9.708477887375768223e-01
6.626601806052148103e-01
9.577836793944434213e-01
9.810232153640049413e-01
9.888096431062575187e-01
4.532886945184257388e-01
9.555632855064762898e-01
9.804742700429748270e-01
9.848914977187803732e-01
9.915112469810039020e-01
7.536428588138570639e-01
9.564369501542930863e-01
9.657181663561527074e-01
9.818575697926831269e-01
9.857553500321430962e-01
8.635596433881012057e-01
9.393884243332005779e-01
9.825357393813705098e-01
9.918215783905747207e-01
4.458380041270890715e-01
9.041262470010545949e-01
9.497058689762133410e-01
9.435070912195382409e-01
6.461853951054600254e-01
9.454753610174644329e-01
9.740621230850818879e-01
9.882526112370522142e-01
9.943982251240948145e-01
7.709642012599493555e-01
9.421802635404183945e-01
9.709654539907965898e-01
9.911684123083454034e-01
8.980903879624415609e-01
6.545670481013603492e-01
9.154734949077116823e-01
9.496773797362771941e-01
9.360730707206187384e-01
3.269343230704615522e-01
1.197635018388922973e-01
5.216936808533590986e-01
3.813026784234396782e-01
8.268694456973552098e-01
7.822006960979488444e-01
9.594075046657242201e-01
9.859855395813396095e-01
7.241200184291041175e-01
9.312308809890122996e-01
9.875694256040299379e-01
9.913732357281408447e-01
9.973481556616344834e-01
9.978652770570568542e-01
7.343606237057386243e-01
8.962703874629471823e-01
9.562624651036933932e-01
9.362769781798021551e-01
9.525781632567287271e-02
7.042032005057420330e-01
6.873855985004497793e-01
9.749984714919222029e-01
9.587715311184938916e-01
8.863078974106252117e-01
6.827292053487241663e-01
9.118559902108314130e-01
8.289666030832867349e-01
2.528281213627633917e-01
6.476400227879353100e-01
9.205815812601232384e-01
9.945102506011996857e-01
9.964095307177324168e-01
6.168146275025613301e-01
7.906317372404055854e-01
9.350524342086469209e-01
8.218071522501443349e-01
1.675518778015969712e-01
9.182849589092889619e-01
9.695506062482089904e-01
9.853472009781880647e-01
9.924487927977518886e-01
9.079470324090493927e-01
5.855611477764088857e-01
9.214739711863845217e-01
9.600781804929392482e-01
9.856782184887539211e-01
9.713125352192893969e-01
9.241856839471396246e-01
9.361073809652465938e-01
8.736043666004827957e-01
9.309517393253606832e-01
9.614300683232527289e-01
9.818808825544672603e-01
9.853927968460974851e-01
9.903720671608289283e-01
5.141772089641164500e-01
9.764529634344496500e-01
9.843216029601450368e-01
9.907406154116464858e-01
9.931522640889273168e-01
9.142741662488163001e-01
9.770390826294024222e-01
9.520551873373791496e-01
8.152778206874289335e-01
8.049272716133129002e-01
9.684754235214371176e-01
9.876202907249929108e-01
9.976981876090581514e-01
9.952238989434024630e-01
9.503291193629869182e-01
9.811192635395009631e-01
9.926120684912363989e-01
9.941164740520439524e-01
9.247725772125219290e-01
9.019646166044943403e-01
9.653718004356284244e-01
6.992933453199936533e-01
8.883412253725612162e-01
9.452102617157573938e-01
9.876578641433131356e-01
9.950981634414105548e-01
9.963138577975172439e-01
9.514354424966504631e-01
7.429940766407994168e-01
9.629959637878988676e-01
9.739395608100825941e-01
8.826872614051742838e-01
9.075714020607777988e-01
9.858079599377254087e-01
9.963512159667988755e-01
9.989076747930514255e-01
9.891550943912342797e-01
6.880622919459827846e-01
9.033063667725818036e-01
6.399507144917727652e-01
8.213363276184474371e-01
9.491480722748683041e-01
9.549765720783077727e-01
9.835778590386454745e-01
9.895329901905925984e-01
4.862727943152049814e-01
9.504424707007628204e-01
9.723496984908323038e-01
9.840923615900490917e-01
9.907099423734904153e-01
9.094252126641296785e-01
8.924978812065653688e-01
9.594183928633885916e-01
9.379998362314952987e-01
8.507074758656921754e-01
9.351393549814009942e-01
9.627244825849188281e-01
9.829421841652249414e-01
9.906154483875334593e-01
4.993262792143051687e-01
9.249094890071547503e-01
9.664671578615897651e-01
9.811522690092853161e-01
9.854406789631002805e-01
7.600203516376841106e-01
9.344122550874204292e-01
9.618826346004087924e-01
3.578635264545701467e-01
6.833595302018925510e-01
9.725180387578277186e-01
9.007067889955099327e-01
9.746289807330358324e-01
9.642561676290383188e-01
8.685370736663126090e-01
8.951657129538065361e-01
9.627828822734219028e-01
8.675704375664455847e-01
9.117436681719052194e-01
9.611150116108272412e-01
9.844734310754980067e-01
9.916251938804304666e-01
9.947171414775404230e-01
5.681140198027967436e-01
6.614636995654690210e-01
2.538004169665710741e-01
5.934306965264611877e-01
4.901774254057672531e-01
6.009820885305512395e-01
9.623231522126648452e-01
9.594589474154078257e-01
8.074823615104266272e-01
8.745043355090605930e-01
9.852285556014430679e-01
9.904862486899931318e-01
9.939307075651528933e-01
9.936409853552483629e-01
7.123321488877517593e-01
9.299890368158095777e-01
9.234044125329312624e-01
8.520464212776494017e-01
9.210418377372516785e-01
9.774245746385221700e-01
9.889016855077006340e-01
9.903334404984842632e-01
9.865933170054367318e-01
7.429474516353157254e-01
8.910959432812848302e-01
9.615754179862882056e-01
6.016576158876287828e-01
7.738480525012175759e-01
9.948080077235494922e-01
9.976368134174729008e-01
9.990585720522067170e-01
9.994120352275243091e-01
6.947301481152159397e-01
9.330885181943948670e-01
9.730621707457099978e-01
4.451741118715447643e-01
8.998372574134532176e-01
9.118840717096654558e-01
9.951203143121476469e-01
9.933364059029623494e-01
9.933614507366396174e-01
8.726833759382867095e-01
9.074725705037555157e-01
9.647551305464893145e-01
6.240973348631437823e-01
8.964491943193096946e-01
9.723757548431590791e-01
9.864858402510382485e-01
9.934498790961038273e-01
9.966033373295432041e-01
9.702138524036387768e-01
8.507180085498855515e-01
9.498678333989805100e-01
4.783956123905542812e-01
5.774086465835129856e-01
7.692464518324474421e-01
8.224023327609736311e-01
9.589985263010957217e-01
9.482070181960122746e-01
9.078174875327920113e-01
9.219872012744386724e-01
9.602656274336641706e-01
9.788820652211791540e-01
9.822316378152747829e-01
8.985864472612361542e-01
9.633788007319691316e-01
9.717661612975506680e-01
2.676109540413147969e-01
9.435790219659272449e-01
9.862562267849839248e-01
9.986786990374852957e-01
9.992424857158065388e-01
9.995012093236103068e-01
7.244964727904089630e-01
8.393383962248333052e-01
9.560121415104135822e-01
6.979890723739545777e-01
9.727244325147170745e-01
9.938054425488479504e-01
9.757788441393384637e-01
9.982740379241802353e-01
9.974081244453362194e-01
5.274025414681403623e-01
9.657327182742415639e-01
9.862597661036174301e-01
9.916489237164908266e-01
8.094857006000579780e-01
8.174560430655215537e-01
9.351463202653409468e-01
9.678120966715556550e-01
9.870358733364568149e-01
7.871933236205130857e-01
9.684061140295155967e-01
9.880839994465336895e-01
9.932761683072306447e-01
9.949241123378045337e-01
8.204405471930354965e-01
9.465520833359089004e-01
9.730277932828272913e-01
8.279430184893205036e-01
9.132136957421844725e-01
9.491597435624781198e-01
9.758962985126161671e-01
9.841779682400635387e-01
9.894959623419494754e-01
5.868561552930495751e-01
8.946881180674395306e-01
9.466114950607356082e-01
3.934111129503211624e-01
9.378067175885617113e-01
9.676138268266702980e-01
9.870146316261201314e-01
9.912460991050132675e-01
9.929690885240364251e-01
6.232830793045696094e-01
9.216072216464797906e-01
9.809025241385300742e-01
9.791041759643140940e-01
7.166576743432535590e-01
9.499335774404659150e-01
9.719055823487299239e-01
9.856850506030271353e-01
