2.385556540390006134e-05
2.492173373772620080e-05
2.655619769665540028e-05
2.823336470852948204e-05
2.964185605628522538e-05
3.212596073360795212e-05
3.360537312024210156e-05
3.693124268980231203e-05
3.893926195553164889e-05
4.335179798388082248e-05
4.649488475505420589e-05
5.325583553967366091e-05
5.845450956319962537e-05
6.738702792599048303e-05
7.540548853817513814e-05
9.935882346033325305e-05
1.257040824560091714e-04
1.636584528770248733e-04
2.066992518733228924e-04
3.309961053353575292e-04
5.721260654390233989e-04
1.765833012952307485e-03
1.429086413205825877e-02
7.638593074107567771e-02
2.084131759369886872e-01
3.504519289176648567e-01
4.290357139249122431e-01
4.362974977613635064e-01
3.979559489354784763e-01
3.322374009969951136e-01
2.571018610947420346e-01
1.904365426960156205e-01
1.406714295524533198e-01
1.053296862699245606e-01
8.062832195945299207e-02
6.310568860404497382e-02
5.058350255501820047e-02
4.100144744820560100e-02
3.363482553073660064e-02
2.767641140474599859e-02
2.291341256887478514e-02
1.896441754455902365e-02
1.568113435151132287e-02
1.298648066731171793e-02
1.063989849960432499e-02
8.783807171673490774e-03
7.117838874364579467e-03
5.814036608953730180e-03
4.723595896387258394e-03
3.775858926310717359e-03
3.119852876850526865e-03
2.509161805162335879e-03
2.023871372892648186e-03
1.734946747107088665e-03
1.418002679912090409e-03
1.125951016115974909e-03
9.903985514444172290e-04
8.757359446975974829e-04
6.499438567352482229e-04
3.779221092945451933e-04
1.719037163460206119e-04
6.218640959434123617e-05
1.821714503322173864e-05
4.390194151377323084e-06
8.817927844601155471e-07
1.492004539071268261e-07
2.145461956899214581e-08
2.641220463733051305e-09
2.800942933669691942e-10
2.572189193412213676e-11
2.054771961014870780e-12
1.433473511107101467e-13
8.763370140787943679e-15
4.708921990123401750e-16
2.230006601899125171e-17
9.329654424886839367e-19
3.455681132630981209e-20
1.135410680503313041e-21
3.315026316217568436e-23
8.614506572705249450e-25
1.995344182052974650e-26
4.125065500020991038e-28
7.620865961665580589e-30
1.259596636591280477e-31
1.864526309352321514e-33
2.474220109769661240e-35
2.946008634226219612e-37
3.150080821615771954e-39
3.027214016837782313e-41
2.616483004587707045e-43
2.035380176736174980e-45
1.425959092893266368e-47
9.002574856184496842e-50
5.124758082429407185e-52
2.631852605656056754e-54
1.219980422620067787e-56
5.106892662287530601e-59
1.931396635600850232e-61
6.602144729648937361e-64
2.040684164686422903e-66
5.705755522352930695e-69
1.443637811289415620e-71
3.306468748210630232e-74
6.857689223357322560e-77
1.288361470874136337e-79
2.193194830977629163e-82
3.383945144856070168e-85
4.733664865444936138e-88
6.005041640297737588e-91
6.910192649973188060e-94
7.214837386936200960e-97
6.836399876729579873e-100
5.880185239052114055e-103
4.592100745961747704e-106
3.256710624062342430e-109
2.097883233029279560e-112
1.227726216011880752e-115
6.528604796854320927e-119
3.155116765073162391e-122
1.385994289357030281e-125
