7.363955155780775687e-06
8.445866959747345637e-06
9.110005112700792640e-06
1.063686460893416226e-05
1.150645011853836691e-05
1.346620059232679754e-05
1.479510043463407246e-05
1.735798798004994074e-05
1.941484262040567461e-05
2.296743386867697683e-05
2.622360263408527925e-05
3.200650046367437267e-05
3.727251387441225209e-05
4.527920724446282019e-05
5.355040389296485684e-05
7.537490059651763606e-05
1.000172441451921423e-04
1.351992697980063281e-04
1.775903237575079572e-04
2.930730790442468738e-04
5.141632809935352873e-04
1.589417767705991746e-03
1.294746879390431052e-02
7.027933534935414117e-02
1.954023348406688509e-01
3.356360375079411318e-01
4.197964951240903408e-01
4.351552923854596355e-01
4.032676970298074148e-01
3.408334915129427323e-01
2.657190854027552396e-01
1.972480172227296935e-01
1.454317246607393643e-01
1.085296561616359012e-01
8.276367124367248196e-02
6.462301436879816507e-02
5.176711096296145176e-02
4.199566472317974031e-02
3.447654273087576854e-02
2.839944204008809647e-02
2.352614343928815382e-02
1.947349844180375905e-02
1.609295794487549877e-02
1.330159556800180123e-02
1.087606699918136459e-02
8.939896215108674923e-03
7.215762613059954929e-03
5.858481065180068392e-03
4.726774174723936267e-03
3.754995022217054272e-03
3.073269179792512042e-03
2.452749881476791027e-03
1.963968979838632938e-03
1.665731825158527166e-03
1.350954182368590195e-03
1.066814537759786918e-03
9.295321241135649695e-04
8.133946842391539958e-04
5.991407041834354800e-04
3.466431132938988880e-04
1.571298419612664329e-04
5.669574547758361298e-05
1.657501011079219789e-05
3.987758972164869879e-06
7.998122771478467565e-07
1.351584019562943977e-07
1.941337854520624740e-08
2.387457563305708444e-09
2.529416993163450272e-10
2.320771387025208273e-11
1.852378777271440717e-12
1.291256262220867545e-13
7.888014057766792579e-15
4.235520202065035515e-16
2.004441611629774125e-17
8.380437029027906890e-19
3.102125083194520578e-20
1.018621564708505305e-21
2.972281994302687984e-23
7.719421696697050432e-25
1.787026912498530928e-26
3.692411511333490507e-28
6.817986574459447792e-30
1.126320717548947793e-31
1.666416996263960909e-33
2.210261190248764698e-35
2.630477487361112536e-37
2.811399276013466043e-39
2.700529501163430608e-41
2.333099057538443811e-43
1.814155673284831585e-45
1.270439343420927887e-47
8.017434150822017343e-50
4.562129403329045605e-52
2.341989776216842683e-54
1.085198006247815729e-56
4.540972951834832485e-59
1.716733809535750787e-61
5.866228384013409492e-64
1.812571651389988357e-66
5.066183733809227565e-69
1.281377943153028819e-71
2.933846431088211861e-74
6.082853687994223360e-77
1.142421819533022207e-79
1.944140566769496789e-82
2.998733530224273634e-85
4.193518237778839844e-88
5.318213976922394108e-91
6.118020365508610162e-94
6.385875575186223181e-97
6.049181419880165629e-100
5.201606015975765734e-103
4.061038847429236703e-106
2.879294845423813506e-109
1.854263315219831129e-112
1.084867239661322075e-115
5.767428446165707058e-119
2.786543305656288983e-122
1.223776301418490089e-125
