4.750715208866561845e+00
-3.523432030924377401e+00
1.613764585778644012e+00
2.138197141493854314e+00
-1.622747343644872720e+00
2.457604132827188259e+00
-3.059552641021492825e+00
-1.930882057769737203e-01
2.579288674400803671e+00
-2.069805431055567357e+00
7.352993669847741609e-01
2.078841561579536812e+00
-1.015914021784532384e+00
1.284179194699762716e+00
-1.698929370919939119e+00
-2.010517055031185996e-01
1.437185735607928727e+00
-1.240874731918602647e+00
3.229087685998714985e-01
1.157829067986207328e+00
-6.467887239835354851e-01
6.817111308030926464e-01
-9.407037848560091398e-01
-1.626608693670120731e-01
8.394319878862821493e-01
-7.721583389548043463e-01
1.348590362138920862e-01
6.802487425008151289e-01
-4.325192173802150375e-01
3.723871333739149914e-01
-5.163997659846125687e-01
-1.236116016324385614e-01
5.287393603200302161e-01
-5.091070404277426853e-01
5.248138163350935664e-02
4.410294288709742383e-01
-3.150263948167870698e-01
2.129942526936342284e-01
-2.736275419393440211e-01
-9.916946095327971999e-02
3.694574159054818119e-01
-3.654212988379212934e-01
2.609917748079799704e-01
-2.051845066000613782e-01
1.326209837052973184e-01
-1.167519779788559753e-01
1.984467983707465522e-01
-1.414646026093373532e-01
2.311980520941977757e-01
-2.446965448057030756e-01
3.519119691723302523e-01
-2.879436544788100405e-01
9.852653383375097051e-02
1.714398573839784334e-01
-1.228299142509018949e-01
2.596429019420030682e-01
-2.686880677605201218e-01
3.498833530104866196e-01
-2.978937497013081637e-01
2.398231632534549851e-01
-1.997592752384955428e-01
2.357081144322805688e-01
-2.112305711910576478e-01
1.833718979636693447e-01
-1.584784285995382014e-01
1.913255623463524513e-01
-1.754533453469102888e-01
1.637535514232841272e-01
-1.438322274241808085e-01
2.129195917056548037e-01
-1.905451583072376720e-01
1.876608576734723755e-01
-1.673390247064333036e-01
1.640272182202968665e-01
-1.452356323939253402e-01
1.782775848436096988e-01
-1.775958760862760277e-01
3.649684329546668549e-01
-3.185303372731626004e-01
2.586073472806075801e-01
-2.132492177463919947e-01
2.430061760685360839e-01
-2.171189953264321959e-01
1.525949908145613487e-01
-1.402508213008883953e-01
3.464679614595539969e-01
-3.206235227105956320e-01
3.035347818855722579e-01
-2.638785790551241295e-01
2.601396021583450846e-01
-2.415256543017645918e-01
1.976800107308917531e-01
-1.948195282847218768e-01
3.181693438083015302e-01
-3.034912433907725471e-01
3.084559328902565234e-01
-2.799627343610917585e-01
2.698328116372359364e-01
-2.527393651956893472e-01
2.364403756181756022e-01
-2.341171906519317891e-01
2.922763657916573887e-01
-2.835493255217620412e-01
3.025535794831686331e-01
-2.828685879747349086e-01
2.798413705920347883e-01
-2.637459278202495261e-01
2.587621810971547087e-01
-2.534178456202034191e-01
2.791976412197755275e-01
-2.717100549758575956e-01
2.936576488983992372e-01
-2.791422659080405877e-01
2.842834193325364800e-01
-2.692438332535205259e-01
2.704314215835283974e-01
-2.627695196696305246e-01
2.762979688841277204e-01
-2.682863216278553731e-01
2.869053463289807926e-01
-2.748060632464319752e-01
2.847184089925715589e-01
-2.708468324623697909e-01
2.758770165802888474e-01
-2.671881303523033768e-01
2.768594667741516857e-01
-2.681150149895284995e-01
2.828224541121178714e-01
-2.717927894327979432e-01
2.838071694771663322e-01
-2.709060373943094069e-01
2.806880672165191770e-01
-2.697397809959546366e-01
2.778499937666966679e-01
-2.686325190102659688e-01
2.810358509266693283e-01
-2.704114097732577826e-01
2.827872489161515901e-01
-2.704590996669126168e-01
2.812678778376057620e-01
-2.704663264343337148e-01
2.789443557321609757e-01
-2.694933567195701429e-01
2.807151066018390151e-01
-2.701303998357656999e-01
2.819049032356666373e-01
-2.699108048690475048e-01
2.812095301006146131e-01
-2.706232978084719409e-01
2.793253931739038132e-01
-2.699144180711873231e-01
2.806400649211803211e-01
-2.701221280389712320e-01
2.817070631190565777e-01
-2.699490263662183143e-01
2.815089647938918693e-01
-2.688093736795491018e-01
2.795634164068792060e-01
-2.701496322701239516e-01
2.802198485762682489e-01
-2.698587174434642355e-01
2.813032772813980897e-01
-2.697939434345085208e-01
2.815179572645871153e-01
-2.689367964614710060e-01
2.795420195709087952e-01
-2.702478946588175446e-01
2.801599183287261097e-01
-2.699186453653787954e-01
2.811279790713790971e-01
-2.697827892047606202e-01
2.814679831563580703e-01
-2.690794377804254789e-01
2.797469145278298486e-01
-2.705316175285446545e-01
2.803805997548909357e-01
-2.701616785738091830e-01
2.808853665829039725e-01
-2.696703497189527621e-01
2.813795171481496271e-01
-2.691718393308230595e-01
2.797394894093392370e-01
-2.706086277381473670e-01
2.801011866735448885e-01
-2.700899331855645125e-01
2.809435824848369734e-01
-2.698730506380911942e-01
2.814209716262745520e-01
-2.692254613844329292e-01
2.812866868024520017e-01
-2.705023842032008297e-01
2.801050166352921922e-01
-2.702077089906474994e-01
2.808185208880412120e-01
-2.698864794110318321e-01
2.814013541473018853e-01
-2.693963278556724128e-01
2.814878606439626396e-01
-2.707797842914492215e-01
2.800081910826101583e-01
-2.702248082367770809e-01
2.806535215990830778e-01
-2.698778923770132065e-01
2.813149558876673062e-01
-2.695005288917026731e-01
2.817739845099770379e-01
-2.711155329806638759e-01
2.800091106797593099e-01
-2.703167463118567593e-01
2.804482710591115202e-01
-2.698054819889734723e-01
2.811401288291567879e-01
-2.694759899429133299e-01
2.816229028344551244e-01
-2.710953076512654381e-01
2.800220308539305702e-01
-2.704295159089948331e-01
2.803426909561927416e-01
-2.698328705095455193e-01
2.808384452019144772e-01
-2.693419398114259011e-01
2.814310412195135114e-01
-2.689567895887397531e-01
2.800608778418131606e-01
-2.705283486427278450e-01
2.802689514223991041e-01
-2.698815995800550871e-01
2.808938175943453963e-01
-2.695143360807396027e-01
2.815203799395899487e-01
-2.691174643295792257e-01
2.799966724383359251e-01
-2.706293817245847277e-01
2.801498650820020142e-01
-2.699085588930214552e-01
2.806550297229479796e-01
-2.694217991981000537e-01
2.814047999819208612e-01
-2.691599270452817438e-01
2.801529914635179086e-01
-2.708988235674414380e-01
2.803576764922318665e-01
-2.701626151139073229e-01
2.805583079529305746e-01
-2.694550003279310713e-01
2.812248956204491113e-01
-2.691535367700416126e-01
2.801766542963503581e-01
-2.710274618703161220e-01
2.803791809418765268e-01
-2.702676547106314109e-01
2.805014864722832346e-01
-2.695306221838265626e-01
2.811878987754379278e-01
-2.692394079611205027e-01
2.819603527609528260e-01
-2.711122102470876483e-01
2.803351410680344769e-01
-2.703321193668599132e-01
2.803239174067698181e-01
-2.694761248853922986e-01
2.808371700572159235e-01
-2.690708898561925966e-01
2.818428358092666119e-01
-2.711660415597291207e-01
2.804845141445432288e-01
-2.705789577668537005e-01
2.804846425780560537e-01
-2.696899109879117296e-01
2.806807229958230843e-01
-2.690778349077649345e-01
2.817093034852651279e-01
-2.711774677427819524e-01
2.804074975440321027e-01
-2.706615500630767390e-01
2.805550414572378637e-01
-2.698774997463134762e-01
2.808464009065462785e-01
-2.692876066958644898e-01
2.814826157248115912e-01
-2.711107052213634350e-01
2.803066181344870400e-01
-2.707205800680685392e-01
2.805508043752115710e-01
-2.700243602395681064e-01
2.807591879808367108e-01
-2.692946392225226138e-01
2.810894954206630270e-01
-2.687339136954325913e-01
2.800456678149646494e-01
-2.706609594927217866e-01
2.806412025230461960e-01
-2.702157639408857559e-01
2.808497141988846035e-01
-2.694671030922519139e-01
2.809925519816219852e-01
-2.687100667502778650e-01
2.795069165913817155e-01
-2.704015686395187523e-01
2.807798801538579081e-01
-2.705158585044275532e-01
2.812570137230542278e-01
-2.698925501972087027e-01
2.810582485427329247e-01
-2.688627804768956575e-01
2.795881217599375246e-01
-2.705057245902118268e-01
2.802714033246864189e-01
-2.701899235002651056e-01
2.809404812000712015e-01
-2.698364938974331939e-01
2.813582444152497031e-01
-2.692497285856266243e-01
2.815862172645888784e-01
-2.707412881475676492e-01
2.802402158621301598e-01
-2.702848106477351298e-01
2.806971358612365686e-01
-2.697415697063383910e-01
2.812070577800751536e-01
-2.692286894122302154e-01
2.815316013678372808e-01
-2.708231575448592499e-01
2.801593927936367745e-01
-2.702495265969545035e-01
2.803122308264694440e-01
-2.695337778708427612e-01
2.807936954401082374e-01
-2.690813339146739258e-01
2.816351396226429715e-01
-2.710722389326566395e-01
2.804171698288466241e-01
-2.705882885560117468e-01
2.805032873106251268e-01
-2.697821752429018782e-01
2.808763758477710315e-01
-2.692427251943053657e-01
2.814869665646250185e-01
-2.710181319496181018e-01
2.800285083291240706e-01
-2.704390508494492473e-01
2.803757306939603788e-01
-2.698065049399280824e-01
2.808359256541925753e-01
-2.693264725783672264e-01
2.814761074446517908e-01
-2.689667738076296777e-01
2.801288531669618442e-01
-2.706453071401869193e-01
2.803491907938513439e-01
-2.699119414890936430e-01
2.808110211355951957e-01
-2.694631600641588243e-01
2.814906204274440493e-01
-2.690994562690601222e-01
2.800810013669863263e-01
-2.706797361194199225e-01
2.800508048274278350e-01
-2.697392699300734664e-01
2.805144256302344874e-01
-2.693643293904497971e-01
2.815193358753147468e-01
-2.691815722879936090e-01
2.798695473401231482e-01
-2.706519151237518073e-01
2.803143109389576448e-01
-2.701088745991001017e-01
2.806131085893643351e-01
-2.694817679294124191e-01
2.809725687444187270e-01
-2.689365557448031296e-01
2.799968697222958713e-01
-2.709231829049014717e-01
2.805825030160938871e-01
-2.704096606838863881e-01
2.805594432340448585e-01
-2.695447863204059602e-01
2.808812615161691006e-01
-2.689831322987537021e-01
2.817487719460464168e-01
-2.709497287949169109e-01
2.802779598133526839e-01
-2.703441216173365080e-01
2.807040056806826001e-01
-2.698019617504819889e-01
2.811397906235654776e-01
-2.692075741364960417e-01
2.813655221086954761e-01
-2.707375132065868995e-01
2.799283794642922762e-01
-2.702064997578175198e-01
2.808033864578923788e-01
-2.700117906030387593e-01
2.811246318645919118e-01
-2.692725449517757719e-01
2.810034198906261604e-01
-2.705236197812452836e-01
2.798956288524134806e-01
-2.703469981794130450e-01
2.805687108373631222e-01
-2.699451887801438410e-01
2.809437662387517798e-01
-2.692770669309410003e-01
2.811421004846471061e-01
-2.707872640857135749e-01
2.798277491738981326e-01
-2.704010139317375994e-01
2.807597659020486525e-01
-2.702225697927122527e-01
2.812061276859572079e-01
-2.696399136151417242e-01
2.812198674315051772e-01
-2.687390836293599983e-01
2.796617454098745403e-01
-2.703685354971487320e-01
2.806880349331928870e-01
-2.702950871174363279e-01
2.812038643639280244e-01
-2.697474392839259716e-01
2.812668439953852628e-01
-2.688922755149567023e-01
2.796304239864182417e-01
-2.704354585425310376e-01
2.803971286041951894e-01
-2.701867062803173791e-01
2.810899544473037248e-01
-2.698132804746335989e-01
2.814899459935686910e-01
-2.692140802538885991e-01
2.798427168210598226e-01
-2.706232116708807145e-01
2.800466465042922293e-01
-2.699955736703209541e-01
2.809389164507204439e-01
-2.698664987372206836e-01
2.817337755769018792e-01
-2.695143993371215685e-01
2.816092700979357377e-01
-2.706868558710106565e-01
2.798960411966146533e-01
-2.699522406096463434e-01
2.806207575531441956e-01
-2.697179091209273016e-01
2.814468957099284241e-01
-2.694652175879613254e-01
2.818047413690773495e-01
-2.709452848259777391e-01
2.799924291868686188e-01
-2.701391084984499646e-01
2.805918962458346377e-01
-2.698264764478729427e-01
2.813724444499471344e-01
-2.694988786583119023e-01
2.816590413187431419e-01
-2.709824759718639786e-01
2.799376240788601367e-01
-2.702419368198303862e-01
2.806769369875656284e-01
-2.699797295425155896e-01
2.811686138889279984e-01
-2.694403479208288266e-01
2.815524281598445477e-01
-2.710458742402662713e-01
2.801066954037171319e-01
-2.704732818289973251e-01
2.805339012927766662e-01
-2.699378151778809576e-01
2.810023417923564470e-01
-2.694270231558638651e-01
2.814188572462993920e-01
-2.688832347248208965e-01
2.797801228042510191e-01
-2.703732844433854865e-01
2.806084530439350022e-01
-2.701658521355150278e-01
2.811599457192653917e-01
-2.696739726265418025e-01
2.814257539192592805e-01
-2.689685349717533813e-01
2.799022406187557377e-01
-2.705608238525886167e-01
2.804725681633128964e-01
-2.701686595323670725e-01
2.810705205104077620e-01
-2.697203745485772242e-01
2.814020176857225941e-01
-2.690876211588011935e-01
2.799046180490186164e-01
-2.706565687761385286e-01
2.803559424975714531e-01
-2.701506179114888662e-01
2.808058027376122978e-01
-2.696457346878795569e-01
2.813061038402746572e-01
-2.691606523792841044e-01
2.798784881658263890e-01
-2.707674536590095604e-01
2.803693919903361698e-01
-2.702932689659017784e-01
2.807833304735078417e-01
-2.697290335909415249e-01
2.811184098543308973e-01
-2.691300037770180675e-01
2.817851418832925114e-01
-2.709486611534969724e-01
2.802756140377508087e-01
-2.702960683738402370e-01
2.805934247832807538e-01
-2.697074128676821281e-01
2.812154620743249622e-01
-2.692820538302832523e-01
2.815032592980593606e-01
-2.707761113818317189e-01
2.799988644046410013e-01
-2.702399508132998229e-01
2.808096163491141661e-01
-2.700309247340560992e-01
2.813724831558147010e-01
-2.695200667660113680e-01
2.813358636770289523e-01
-2.707365081366328585e-01
2.797933615501499438e-01
-2.702094576103832857e-01
2.807482928762168872e-01
-2.700975432912260388e-01
2.812879119038631526e-01
-2.695840027876744704e-01
2.815400032305319100e-01
-2.710532848758347990e-01
2.799918117535394324e-01
-2.704399289233417325e-01
2.804373239832083642e-01
-2.699292154556328649e-01
2.810782090570226321e-01
-2.695513237375321558e-01
2.815512532864527517e-01
-2.690349478774126668e-01
2.801053300051292716e-01
-2.706357991196270962e-01
2.803959527401976848e-01
-2.699820429044335057e-01
2.805878265595794230e-01
-2.692244997179640831e-01
2.808377241448002382e-01
-2.686656417857643531e-01
2.802159706000167949e-01
-2.709292656182236692e-01
2.808279249641613684e-01
-2.704338702720331389e-01
2.808022070540214798e-01
-2.694282129428332562e-01
2.807815424194928244e-01
-2.686852427378742525e-01
2.798502236194609361e-01
-2.707608205050073269e-01
2.803679761759799716e-01
-2.701654072827148756e-01
2.805797157736773517e-01
-2.694811846533263222e-01
2.810142621121651807e-01
-2.690175324939851897e-01
2.800175982602360891e-01
-2.709713367127244976e-01
2.805590389274716379e-01
-2.704619530186442855e-01
2.805753416026127156e-01
-2.695118438990830034e-01
2.806717501572724704e-01
-2.687999414279913513e-01
2.816085149594707016e-01
-2.709253423989368414e-01
2.805339836165412493e-01
-2.705831040338557703e-01
2.806792184384117594e-01
-2.697554273740715991e-01
2.808177036657539816e-01
-2.690421466856325883e-01
2.815685706920023623e-01
-2.709690530843868461e-01
2.802287094821870328e-01
-2.704692854247684464e-01
2.805803296292613269e-01
-2.698125987295377781e-01
2.807837759085363150e-01
-2.691455529611019304e-01
2.815787226494869122e-01
-2.711040793213154165e-01
2.803606646895315802e-01
-2.706698652509146874e-01
2.805864647780542676e-01
-2.699450134463980966e-01
2.808447521196332231e-01
-2.692900903674648183e-01
2.814800033245550837e-01
-2.689468372629231774e-01
2.803210627432727864e-01
-2.707603422736624132e-01
2.806879018321096209e-01
-2.701088649284645871e-01
2.806249251938480738e-01
-2.691950524318705851e-01
2.810458366184209744e-01
-2.687377524862024636e-01
2.800620436342500241e-01
-2.707045181919034982e-01
2.804711848054008971e-01
-2.701135384471665679e-01
2.808865280661342889e-01
-2.695425855174125029e-01
2.814372702902724344e-01
-2.690512876943548792e-01
2.796805613068580887e-01
-2.704586984446603060e-01
2.801098386825517927e-01
-2.699798485152563599e-01
2.810038993570540544e-01
-2.698092485148089192e-01
2.814578830858847081e-01
-2.692185610365357973e-01
2.799113071230835970e-01
-2.707612037051298493e-01
2.803566971941746089e-01
-2.702457794870470886e-01
2.807782882947833514e-01
-2.697014174871782966e-01
2.812069653688747950e-01
-2.691771498356518300e-01
2.817127615865928636e-01
-2.708620359914671871e-01
2.803014893638575145e-01
-2.703241819163120785e-01
2.806218442384556533e-01
-2.696420801858802618e-01
2.808633704236159767e-01
-2.690434347337375409e-01
2.816635027046243134e-01
-2.709851528918851282e-01
2.804650015580300026e-01
-2.705784002391113385e-01
2.807748529751343258e-01
-2.698981483532876258e-01
2.810330073168478826e-01
-2.692536648228981422e-01
2.813052237609831030e-01
-2.707947671977714021e-01
2.802132001082505708e-01
-2.705227221371246937e-01
2.808985102117360633e-01
-2.701323644291721005e-01
2.807986721477696013e-01
-2.690900008258922949e-01
2.808105602788062427e-01
-2.705270550104518779e-01
2.799794538777939379e-01
-2.704738957686907974e-01
2.808508662269161293e-01
-2.702353297617567929e-01
2.809306721238565840e-01
-2.693618903898530315e-01
2.811887795612227903e-01
-2.687674564588476978e-01
2.800927775306856771e-01
-2.706443700713589973e-01
2.805994532710489042e-01
-2.701133283995554857e-01
2.808229642368621493e-01
-2.694065636571262301e-01
2.811100430183962051e-01
-2.688225438475051465e-01
2.801269894139669092e-01
-2.707893629968682325e-01
2.804281233203507195e-01
-2.700376479223943749e-01
2.803593286100931614e-01
-2.691955822741157189e-01
2.812466641634893683e-01
-2.690905508808589808e-01
2.802713619058414540e-01
-2.709767810917956821e-01
2.802606612886843762e-01
-2.700167193703448820e-01
2.803616656357765247e-01
-2.693367663193869666e-01
2.811794533291017695e-01
-2.690910415678559597e-01
2.799104611652414309e-01
-2.708302216763212034e-01
2.802923192988456824e-01
-2.702640145958058460e-01
2.807406544621954825e-01
-2.697181539437600306e-01
2.811531094748611626e-01
-2.691582260210388378e-01
2.814445327621984405e-01
-2.707146639814674849e-01
2.802263476506454132e-01
-2.703637005075849586e-01
2.808154122060593783e-01
-2.699013738017844166e-01
2.812686763137115520e-01
-2.693753011826927057e-01
2.815877544132886490e-01
-2.709119908129140608e-01
2.797417144505789377e-01
-2.700604918159669188e-01
2.803972671233074254e-01
-2.697315714969429901e-01
2.810857150031296214e-01
-2.693984451017658599e-01
2.818781540568491284e-01
-2.712631450888249307e-01
2.801386770324212905e-01
-2.704306460593200456e-01
2.804293867929958939e-01
-2.698268418608706365e-01
2.809876478443693038e-01
-2.693922221424108199e-01
2.813940967936960913e-01
-2.688532656309762792e-01
2.800420920937320424e-01
-2.705369795225315288e-01
2.805150758560183699e-01
-2.700236027627014868e-01
2.810966731728797852e-01
-2.696016922719555731e-01
2.815162083026632178e-01
-2.690138983431115682e-01
2.797910067301612180e-01
-2.704124908945012562e-01
2.801825895566284474e-01
-2.699132604561458870e-01
2.809117329236752170e-01
-2.696213822622207101e-01
2.817700187799124789e-01
-2.693588936878755780e-01
2.800155813223786927e-01
-2.706916668488392741e-01
2.799297474574063971e-01
-2.697775527802165341e-01
2.805826972177218881e-01
-2.695015396752882264e-01
2.814247522376114863e-01
-2.692432292434658314e-01
2.800033898334726157e-01
-2.707980220106803726e-01
2.800371541115800889e-01
-2.699831411975197049e-01
2.805350238588427136e-01
-2.695047784470857577e-01
2.813496197881961147e-01
-2.692926231100605805e-01
2.818873292165171573e-01
-2.709773944602101858e-01
2.801711411276920360e-01
-2.701565659825628241e-01
2.801144272021072745e-01
-2.693190282108652855e-01
2.812305396595485285e-01
-2.693561989898911602e-01
2.819494852030273169e-01
-2.711241718562785175e-01
2.801542713274338681e-01
-2.702555966192976000e-01
2.803990071128911188e-01
-2.696499873234494693e-01
2.811989300150457005e-01
-2.694131415237108751e-01
2.818396611552697051e-01
-2.711607001770581782e-01
2.801500492151640098e-01
-2.703964288379701597e-01
2.805064203135601009e-01
-2.698354190558213683e-01
2.811352989767246791e-01
-2.694118631020341326e-01
2.814354046802644005e-01
-2.709772970978799878e-01
2.799970639906203540e-01
-2.704528615043750306e-01
2.805887354632483066e-01
-2.700165179705777962e-01
2.810474307345965372e-01
-2.694799894477604707e-01
2.813429101625851136e-01
-2.688272312788722029e-01
2.798363997210515097e-01
-2.704451292032553633e-01
2.804911614096665673e-01
-2.700076827086442255e-01
2.807669435341021424e-01
-2.693890114010483172e-01
2.814291132040486754e-01
-2.690474311383845296e-01
2.800318317043435923e-01
-2.706833543984278334e-01
2.805740012588408550e-01
-2.702234966072933342e-01
2.809791372564722223e-01
-2.696507827755051934e-01
2.811543097229322052e-01
-2.689038288377848529e-01
2.796739091365428309e-01
-2.705302856754668861e-01
2.803521187772812229e-01
-2.702002572181091411e-01
2.811659434437858152e-01
-2.699374670525505615e-01
2.813507124088444611e-01
-2.691308646298229412e-01
2.794897454505445578e-01
-2.704566983082038467e-01
2.799347272736917858e-01
-2.700266814809325067e-01
2.809427297550664560e-01
-2.698727844860642766e-01
2.812483127425194351e-01
-2.691971169680558162e-01
2.814005469404587956e-01
-2.706579596246009300e-01
2.800279014837962488e-01
-2.701828509714119253e-01
2.807890743861792271e-01
-2.699091074817652203e-01
2.812836827527375183e-01
-2.693647619285563510e-01
2.814862087341952757e-01
-2.708516479234002738e-01
2.802878794128950135e-01
-2.704493416008365014e-01
2.805453610374047391e-01
-2.697944600535601700e-01
2.809755220570760992e-01
-2.692493432933680264e-01
2.813786212234105077e-01
-2.708659225933870984e-01
2.800041444709349681e-01
-2.703757138263879756e-01
2.806599694611662255e-01
-2.700242660247626492e-01
2.811053005382018188e-01
-2.694728727577316851e-01
2.814233269671942983e-01
-2.710174952383404001e-01
2.800525265718565859e-01
-2.705268873274200847e-01
2.806302550613538060e-01
-2.701001697118572409e-01
2.809533081368903451e-01
-2.694622743609071391e-01
2.812013148521866346e-01
-2.687837645745823068e-01
2.798219021191865052e-01
-2.704543647258451644e-01
2.803577992526046225e-01
-2.700273791116343802e-01
2.810519196821280596e-01
-2.696803747844438437e-01
2.814852748057670162e-01
-2.691106672370729425e-01
2.796889315167061518e-01
-2.704798113412240079e-01
2.803821000818867426e-01
-2.701717653260809482e-01
2.810536982434843623e-01
-2.697922092116198933e-01
2.813684705816087983e-01
-2.691217777274587108e-01
2.797135508176491481e-01
-2.706049583342080012e-01
2.803432508427254888e-01
-2.702502693668454303e-01
2.810364903261334257e-01
-2.698961663266058464e-01
2.814369709560514132e-01
-2.693009576962239193e-01
2.815069557570346603e-01
-2.706046717232055698e-01
2.799969396030576041e-01
-2.701016697942019151e-01
2.807543506242188847e-01
-2.698275496733138490e-01
2.814370054296504442e-01
-2.694046270775517504e-01
2.815486781300444719e-01
-2.707667229479306381e-01
2.799107265664020350e-01
-2.701281159892979788e-01
2.806592913390845156e-01
-2.698745686105900043e-01
2.813795668158948216e-01
-2.695027147879581753e-01
2.816517891513837801e-01
-2.709765284264535334e-01
2.800059772051032292e-01
-2.702696664366542878e-01
2.804703761295641029e-01
-2.697902336547584601e-01
2.810194317915221673e-01
-2.693474107192812550e-01
2.816132424211492125e-01
-2.711163542095086365e-01
2.801130712673631229e-01
-2.704835674761626452e-01
2.805514639230323737e-01
-2.699547029526933040e-01
2.808133246534562644e-01
-2.692817296562390883e-01
2.813538841191199347e-01
-2.688702323523926574e-01
2.800473734825962846e-01
-2.705119103184106533e-01
2.803843488077452650e-01
-2.699488561494228223e-01
2.810126888066735162e-01
-2.695782554419643984e-01
2.814868879453231720e-01
-2.690374259496357001e-01
2.799981729568496447e-01
-2.706354678266357783e-01
2.803940384981228329e-01
-2.700783776705187877e-01
2.808097129467403974e-01
-2.695394681255676717e-01
2.814875451699161424e-01
-2.692125901513511832e-01
2.800295667734724048e-01
-2.707077653419283081e-01
2.800531668517736716e-01
-2.699355008813998369e-01
2.808617775325428223e-01
-2.697252947549000357e-01
2.815049025110715752e-01
-2.692841247966960561e-01
2.795577653642407068e-01
-2.704826009969077960e-01
2.800633792944378642e-01
-2.701233506522806027e-01
2.809991065802791010e-01
-2.699276796773013021e-01
2.814897085359459039e-01
-2.693951386581042162e-01
2.816836088364152446e-01
-2.707859723900867821e-01
2.798312352523418256e-01
-2.699585233403070661e-01
2.805186793028932035e-01
-2.697119125575639376e-01
2.815944059943986666e-01
-2.696379915831652041e-01
2.816242814883216927e-01
-2.708400572285406538e-01
2.797844325486681938e-01
-2.700750492078430320e-01
2.807028036877226018e-01
-2.699585521157471524e-01
2.813334691330001691e-01
-2.695284892519769215e-01
2.816944400190914966e-01
-2.710660232509793932e-01
2.799607790459337497e-01
-2.702717164138646599e-01
2.802186434889510358e-01
-2.696008302694284375e-01
2.809009924506071787e-01
-2.693603165802912480e-01
2.816097073480580137e-01
-2.711007043938515326e-01
2.799339434483030242e-01
-2.703674644025863549e-01
2.803130614195422643e-01
-2.698409975408690986e-01
2.809422267278361973e-01
-2.694808722080146435e-01
2.817314340576262954e-01
-2.691843694870530435e-01
2.800732538189131260e-01
-2.705826581911207063e-01
2.803100503581478775e-01
-2.699341495851948491e-01
2.808356797279847328e-01
-2.694843065933794080e-01
2.811699935885234591e-01
-2.688091055508484151e-01
2.794947244895306659e-01
-2.703449421896612082e-01
2.805517827150353916e-01
-2.703241870286998694e-01
2.812134897575032655e-01
-2.698452634457249588e-01
2.811465933231942493e-01
-2.689048476336080018e-01
2.794486693999670979e-01
-2.703888888787384093e-01
2.802488569290573217e-01
-2.702077661542056641e-01
2.812195807489281107e-01
-2.700167026947244975e-01
2.812940037381297942e-01
-2.691017273386538955e-01
2.794983113407336628e-01
-2.705327872420936752e-01
2.801761622174409605e-01
-2.702383414620814217e-01
2.807607370303642491e-01
-2.697691267891971223e-01
2.810142109043835545e-01
-2.691129375516042588e-01
2.818204641343162176e-01
-2.710544157670098930e-01
2.804857182400968263e-01
-2.705222933226947291e-01
2.805317885056283211e-01
-2.696442113103207916e-01
2.808995600941229798e-01
-2.691619340923750436e-01
2.817898890667528966e-01
-2.711452050279082315e-01
2.802572688028233117e-01
-2.704036705403370933e-01
2.803365295576560334e-01
-2.696464430527621969e-01
2.809081127697040103e-01
-2.692844404127724967e-01
2.818213733944358035e-01
-2.712681721564892956e-01
2.803098249112485618e-01
-2.705986554868162752e-01
2.803851312124784889e-01
-2.697754937418770371e-01
2.806751897919201877e-01
-2.691764030561680787e-01
2.813958031713378882e-01
-2.689208253450384722e-01
2.800866705594407535e-01
-2.706031566748753336e-01
2.805725276231596510e-01
-2.700997976511292364e-01
2.809790961568126022e-01
-2.695021093291200542e-01
2.812476578167319441e-01
-2.688302433640778477e-01
2.795718416441818066e-01
-2.703519355470873631e-01
2.806431584416509417e-01
-2.703141532101054345e-01
2.812471206584453709e-01
-2.698311135503025926e-01
2.812894954029433459e-01
-2.689704174770652934e-01
2.795150300205331839e-01
-2.704024012243656516e-01
2.803633258952062390e-01
-2.702286719349477617e-01
2.812849279306066652e-01
-2.700122359439576791e-01
2.814128033966943887e-01
-2.691019698776104252e-01
2.792877725567323721e-01
-2.702364571555431749e-01
2.799889591175576120e-01
-2.700679640549465965e-01
2.812369575552460810e-01
-2.701106627671371330e-01
2.816617927712776193e-01
-2.694681824977775420e-01
2.814982549208887574e-01
-2.706446355113276692e-01
2.799395861696674093e-01
-2.700845693760407507e-01
2.808195062228417416e-01
-2.699202067388100090e-01
2.812390217153428185e-01
-2.693261518024996359e-01
2.816999904802531263e-01
-2.709811454343228898e-01
2.801733187878335807e-01
-2.703316982436580473e-01
2.806051084235069437e-01
-2.698185727407968471e-01
2.810149373720418065e-01
-2.691961490889008268e-01
2.812765022188629116e-01
-2.707898230322016708e-01
2.801518295205336351e-01
-2.704573306783597531e-01
2.806442770757027749e-01
-2.699610936352276336e-01
2.810772197556641316e-01
-2.693910892367005760e-01
2.813648464859106468e-01
-2.709250992233142585e-01
2.800397518203649461e-01
-2.704907439108417688e-01
2.806539160960100920e-01
-2.700998702781465255e-01
2.810432117798634666e-01
-2.694778718562232944e-01
2.814368424099782384e-01
-2.689403498425822492e-01
2.798847177613472681e-01
-2.705063836732473082e-01
2.805506212943975064e-01
-2.701293793710221047e-01
2.810554356737384185e-01
-2.696204125646916583e-01
2.813900977992032648e-01
-2.690017484761095257e-01
2.799330357178119733e-01
-2.706291845347869041e-01
2.805636891856237436e-01
-2.702500905781665130e-01
2.809301215062261492e-01
-2.696373839678770645e-01
2.812677644206618144e-01
-2.690362909661911384e-01
2.799768093014075587e-01
-2.707796054468404323e-01
2.804852276425258140e-01
-2.702974070182975197e-01
2.809286660590412654e-01
-2.697187662396889896e-01
2.811160205754902885e-01
-2.690288394678598816e-01
2.797042358275223517e-01
-2.706565510520573814e-01
2.802788161681246670e-01
-2.702691581547041477e-01
2.808330412703902712e-01
-2.698004036208370704e-01
2.812326526829325157e-01
-2.692343566180565584e-01
2.816209731547810735e-01
-2.708416900641883451e-01
2.800761376625275356e-01
-2.702329177285449080e-01
2.805569183481223527e-01
-2.696990160809614734e-01
2.811986966588786996e-01
-2.693565163886343372e-01
2.815968467283023191e-01
-2.709146591150037309e-01
2.799813811601907787e-01
-2.702314988347678804e-01
2.803998698018723701e-01
-2.697090374530495827e-01
2.810351047448602646e-01
-2.693703337297307931e-01
2.816911979587367054e-01
-2.711519454267071749e-01
2.801187076698171130e-01
-2.704293271072795712e-01
2.801884499376022797e-01
-2.696113606242603322e-01
2.808596720836025740e-01
-2.693679589448614298e-01
2.817332118650051065e-01
-2.691409129225409980e-01
2.802167300917854376e-01
-2.706463515048045387e-01
2.804740371682793443e-01
-2.699820890553250030e-01
2.810344729751291237e-01
-2.695687330937168724e-01
2.814822986586170694e-01
-2.690401788393358973e-01
2.799901317452437866e-01
-2.706095621630786319e-01
2.803621114730704966e-01
-2.700099136468108729e-01
2.808031636209863402e-01
-2.694848620164309594e-01
2.813501500011464929e-01
-2.690549276128344491e-01
2.802018907044538931e-01
-2.708948966461367514e-01
2.804315551779496540e-01
-2.701572922170526470e-01
2.806111986477707876e-01
-2.693940476216639679e-01
2.810095265592775782e-01
-2.689344465386707683e-01
2.800812314024621053e-01
-2.709535250539184537e-01
2.805482967481561785e-01
-2.703791592896992446e-01
2.807694242198432444e-01
-2.696517200039489359e-01
2.811293445160523152e-01
-2.690882549737041995e-01
2.816047833685639823e-01
-2.707479792354053338e-01
2.802121487168846570e-01
-2.702685310360843918e-01
2.808113247321852302e-01
-2.698500465399318315e-01
2.812358340090701514e-01
-2.692991691802203436e-01
2.816539904004598527e-01
-2.709206793121793355e-01
2.801754662619049818e-01
-2.703111729025116095e-01
2.806463185908351088e-01
-2.698404492423113199e-01
2.811398294241391205e-01
-2.693537712846605925e-01
2.816685163416454696e-01
-2.710478142365195242e-01
2.802520662830100817e-01
-2.705074734627137545e-01
2.805865257919569755e-01
-2.698878775717301060e-01
2.809663437834185595e-01
-2.693304920430468208e-01
2.814951375487930729e-01
-2.710540144517734062e-01
2.800970834104615781e-01
-2.705047630649082824e-01
2.804059546367094757e-01
-2.698294224570586541e-01
2.806012593117762077e-01
-2.691854133314589004e-01
2.813536332975081766e-01
-2.688670462159328256e-01
2.801477182912034958e-01
-2.706772895868960749e-01
2.805001613143919270e-01
-2.700447461170973895e-01
2.809514787766961841e-01
-2.695295519580476751e-01
2.813475112264431921e-01
-2.689363737015523781e-01
2.798670083429478095e-01
-2.705739983186001285e-01
2.804921881424148888e-01
-2.701724654743012932e-01
2.809649158858723017e-01
-2.696538879161890501e-01
2.813091925052389475e-01
-2.690361108597597029e-01
2.799488729216196847e-01
-2.707370777222146696e-01
2.805548730242511390e-01
-2.703348061277134340e-01
2.808822097733455481e-01
-2.696622026806750339e-01
2.811359956454568265e-01
-2.690127727047788575e-01
2.797300971073561349e-01
-2.706534909840587755e-01
2.802726238093463107e-01
-2.702630419100713333e-01
2.808737484502567550e-01
-2.698325341023515844e-01
2.811526083074155635e-01
-2.691219595703765455e-01
2.814351842813976878e-01
-2.706615754039334854e-01
