4.271881413128761018e+00
-2.830219109001442579e+00
1.160088110213023604e+00
1.485423644467342541e+00
-9.349146838961235328e-01
1.324199049400982542e+00
-1.437050895270892248e+00
-7.046503469021538069e-02
1.054785277965460955e+00
-7.596970368149011943e-01
2.328556924103422632e-01
5.662711210810319473e-01
-2.761782012389037422e-01
3.845465904820251080e-01
-3.944459946776354142e-01
-2.782745952469464767e-02
3.951553545182375227e-01
-3.023526967431643397e-01
2.682459401619773920e-01
-2.023848649005116629e-01
1.871150882880579236e-01
-1.489630929015067773e-01
3.127329344210976192e-01
-2.589148471383093120e-01
2.343479183889207729e-01
-2.006267844191073901e-01
2.815253242651145626e-01
-2.396926547538567598e-01
2.486758835211994034e-01
-2.124917965319730595e-01
2.800389275158381985e-01
-2.363964042178525737e-01
2.471613252858698706e-01
-2.119333199665041356e-01
2.847357883088440511e-01
-2.414800724801027254e-01
2.402440783909288724e-01
-2.056113486745719532e-01
2.930492521776536519e-01
-2.454008011410847012e-01
2.353804303823502919e-01
-2.015969974430175948e-01
2.981735353230550722e-01
-2.504928684193636346e-01
2.310224521051280622e-01
-1.971522869338180328e-01
3.010763143430835176e-01
-2.507583199566494336e-01
2.313408951643061706e-01
-1.977425548493700613e-01
2.998442630926206887e-01
-2.517399896817520411e-01
2.305584652046036021e-01
-1.967568980146542357e-01
3.006568496805204771e-01
-2.506738378273881684e-01
2.319107800936906216e-01
-1.983839761898633647e-01
2.989632810735164958e-01
-2.513067555746268944e-01
2.311976388972502017e-01
-1.974982612433787699e-01
2.999013316879619029e-01
-2.502832033871481565e-01
2.321335885162608692e-01
-1.963224309149309010e-01
2.990618808527287231e-01
-2.515034784550679303e-01
2.312765844833439832e-01
-1.977163180256628905e-01
2.996725395771315803e-01
-2.502514761029842050e-01
2.321056708543832725e-01
-1.964421586559845778e-01
2.990433509743760099e-01
-2.515806429074372019e-01
2.308216636428131741e-01
-1.974159889309835547e-01
3.000662344874315268e-01
-2.506062967135793129e-01
2.318184071396931500e-01
-1.962975503427657475e-01
2.988522344228150551e-01
-2.515772265526631246e-01
2.309876300354213319e-01
-1.976978263275438741e-01
2.996037525387874045e-01
-2.504063517447810971e-01
2.319097715074767418e-01
-1.965372146070276382e-01
2.989800230495782696e-01
-2.517666548945904359e-01
2.307871777674594949e-01
-1.976387000785130577e-01
2.996248287395656962e-01
-2.505494600781965064e-01
2.320167868500013220e-01
-1.967498578646324769e-01
3.002152519115315887e-01
-2.515677912446058206e-01
2.307980667894953264e-01
-1.978270237270808585e-01
2.998552440378854378e-01
-2.507647188985345776e-01
2.314515430821655340e-01
-1.963777928373757753e-01
3.010217167980431263e-01
-2.521833779495107897e-01
2.305296270638891032e-01
-1.976690739715966094e-01
2.996789160158676024e-01
-2.507945912352393947e-01
2.316156317897473116e-01
-1.966629039956107883e-01
3.006184144031351924e-01
-2.520476519733244603e-01
2.306478157018079789e-01
-1.979216939988707735e-01
2.994801477803434864e-01
-2.507878401937736479e-01
2.316938722482243806e-01
-1.968682253783706759e-01
3.002765104157470444e-01
-2.519262872016751476e-01
2.304492830859533603e-01
-1.978950886622632965e-01
2.999415918144697768e-01
-2.511750382152458383e-01
2.315251169661529107e-01
-1.968168347185765832e-01
3.001501375340659417e-01
-2.497058703057886686e-01
2.307918132893693464e-01
-1.983233581382824462e-01
2.989722617460697229e-01
-2.506850680303986945e-01
2.318185681597839665e-01
-1.972623542437655364e-01
2.998616108760573384e-01
-2.496221603511896148e-01
2.307937982383148623e-01
-1.984828060369789038e-01
2.992530439658552255e-01
-2.509487992094546760e-01
2.314514243368198665e-01
-1.970609405327124752e-01
3.002925474849093002e-01
-2.499581947429961870e-01
2.301572042790059891e-01
-1.980347392095598291e-01
2.996971442586028878e-01
-2.512747949048846352e-01
2.308335573587594336e-01
-1.966183708322138957e-01
3.008612907030470129e-01
-2.504452984208366817e-01
2.318610527757957174e-01
-1.979343666054175777e-01
2.995740509959860520e-01
-2.513896789982500435e-01
2.312817464495398045e-01
-1.971270093539682633e-01
2.999328228701299004e-01
-2.499890219440597527e-01
2.324133661685289509e-01
-1.986083451640026087e-01
2.991092153696131573e-01
-2.511904316026734585e-01
2.313349880693916227e-01
-1.973458972957822521e-01
2.997642286609477624e-01
-2.499306783866213355e-01
2.320311201255523259e-01
-1.984176239857718682e-01
2.997081739319599203e-01
-2.516422152314848892e-01
2.306855107429422735e-01
-1.968704797504401416e-01
3.005807492929218894e-01
-2.506073062788508610e-01
2.319629341379896292e-01
-1.984225678914749991e-01
2.988990400183677565e-01
-2.512696437558581963e-01
2.312053277632291626e-01
-1.975033050933119871e-01
3.001457255272329538e-01
-2.504269387330975150e-01
2.318795207769735467e-01
-1.960817647771346817e-01
2.993531757809613225e-01
-2.516685962029432955e-01
2.310616787756710200e-01
-1.974612661479807907e-01
2.994471388923564126e-01
-2.500770853106937253e-01
2.320972303415282934e-01
-1.964430368467978694e-01
2.993283777850691552e-01
-2.517473482015731290e-01
2.308853960651962578e-01
-1.974498488210892910e-01
2.997911002219675880e-01
-2.504352487162305740e-01
2.320255193185178089e-01
-1.964839964012529139e-01
2.987767378424410758e-01
-2.515250641032314438e-01
2.309180328209365918e-01
-1.976371037788273721e-01
2.998424634402879763e-01
-2.505716324115666027e-01
2.318125313090409756e-01
-1.964015420966003234e-01
2.986770042491196375e-01
-2.515409054332218841e-01
2.306483464719130683e-01
-1.975579836043261928e-01
3.004510761588450318e-01
-2.510333550167427874e-01
2.312974198797581871e-01
-1.960527397736239741e-01
3.008666604493420160e-01
-2.519931091739517903e-01
2.307739441871510255e-01
-1.977520506771288100e-01
2.996766776592807435e-01
-2.506947018220269663e-01
2.318925732607559631e-01
-1.967308995803884186e-01
2.999287670091325131e-01
-2.515199763048568404e-01
2.312187675547632271e-01
-1.983097660883881841e-01
2.991713037647006357e-01
-2.504881203265411083e-01
2.320562196579106784e-01
-1.970610587527423518e-01
3.001758694226823732e-01
-2.517534958198778261e-01
2.308938976478918104e-01
-1.981528324247295303e-01
2.994786843654617670e-01
-2.507671121396266578e-01
2.317301247362827943e-01
-1.969029918447237903e-01
3.003885903748004793e-01
-2.519666139319059472e-01
2.303954192135544699e-01
-1.978415679953667849e-01
2.999027618260298733e-01
-2.511117165324363021e-01
2.312388601857000292e-01
-1.965475724615340369e-01
3.005159563174005233e-01
-2.499120495909343265e-01
2.306971655932178733e-01
-1.982158370376469469e-01
2.990744603823533021e-01
-2.507368736055606284e-01
2.316961772641691897e-01
-1.971414365536974245e-01
3.001392593024688193e-01
-2.497479787567203902e-01
2.306025579128591907e-01
-1.982847536416035283e-01
2.992339464467981824e-01
-2.509503838446531798e-01
2.315872077037771648e-01
-1.971633848352532803e-01
3.001555993131752031e-01
-2.499087540681843578e-01
2.305472775622284809e-01
-1.983730630491470914e-01
2.993493954676844648e-01
-2.511196500296675738e-01
2.313325234052317769e-01
-1.970513156979529223e-01
3.003651713483689867e-01
-2.501361594766311480e-01
2.324780127050341538e-01
-1.984939767436300073e-01
2.988159291558360464e-01
-2.508608308911817186e-01
2.311854849287344749e-01
-1.971130908345686827e-01
3.008278144040371083e-01
-2.504596525373057880e-01
2.314153988135230766e-01
-1.976766187712296063e-01
3.002293953802803728e-01
-2.518504579828555467e-01
2.305054781726408319e-01
-1.965411453568636779e-01
3.007442005873948720e-01
-2.506072421088092472e-01
2.321352675045798009e-01
-1.984286669303043649e-01
2.987595482473799358e-01
-2.510914187521807728e-01
2.317189173245261524e-01
-1.978165781977046511e-01
2.992365749666546226e-01
-2.497131114604351776e-01
2.322442242497948783e-01
-1.987414404915621713e-01
2.993875403250272349e-01
-2.515527271868571724e-01
2.308627576104882173e-01
-1.971683768863190245e-01
3.004906084140393507e-01
-2.506401865542162155e-01
2.318381515707496898e-01
-1.960112132256595363e-01
2.990619029998000111e-01
-2.514716716343299852e-01
2.310645565187214034e-01
-1.974749121738057223e-01
2.997265655061860379e-01
-2.502419738631420087e-01
2.320337671441144445e-01
-1.963529944748209077e-01
2.990404653374372779e-01
-2.515728195911962062e-01
2.311317115543923828e-01
-1.976739839388804154e-01
2.995510702916495682e-01
-2.502489749903555882e-01
2.320548438600078256e-01
-1.965181784584951463e-01
2.989749214198434424e-01
-2.516261424396367130e-01
2.308834570282497500e-01
-1.975893526073762563e-01
3.000650311421608762e-01
-2.507005073297621789e-01
2.318029443593268013e-01
-1.963804708873034544e-01
2.987251878912047243e-01
-2.516166485288218735e-01
2.310516600183172287e-01
-1.978526832509975297e-01
2.993596508391573319e-01
-2.503735796637597821e-01
2.321966714562221368e-01
-1.969011588771643340e-01
3.001727924263107306e-01
-2.515457587802438777e-01
2.311183013296526645e-01
-1.980769503741260373e-01
2.993939419834972804e-01
-2.504832272159284168e-01
2.318595830016068060e-01
-1.967342636870555994e-01
3.004758022830044673e-01
-2.518312840690119514e-01
2.307302210383717356e-01
-1.978554998844044843e-01
2.997479939976092078e-01
-2.508152803493313154e-01
2.316577612657162444e-01
-1.966694216276616558e-01
3.005182125387845793e-01
-2.519829200493486354e-01
2.306212401498082265e-01
-1.978778123460736560e-01
2.996483047743772610e-01
-2.508650584783496673e-01
2.317558823022066727e-01
-1.968880276729853551e-01
3.000946958186558877e-01
-2.518008688822375718e-01
2.308576589332575479e-01
-1.982441228679462375e-01
2.993671187537582101e-01
-2.507940675792957874e-01
2.315634936143313172e-01
-1.968695570486927449e-01
3.001648688718166480e-01
-2.496590161498881966e-01
2.304800436028999200e-01
-1.980284794671717252e-01
2.997056058241542309e-01
-2.511292249938413823e-01
2.314281891007491376e-01
-1.968575381348069420e-01
3.001684455317880640e-01
-2.497981836906909003e-01
2.304802776044090062e-01
-1.981766780088540791e-01
2.996059357362175213e-01
-2.511379983845486441e-01
2.312298035919791994e-01
-1.968100657192767555e-01
3.002891699191110320e-01
-2.499446374227056733e-01
2.301881001040276820e-01
-1.980425754196014632e-01
2.998718853045826416e-01
-2.514299133932016983e-01
2.309730227313573636e-01
-1.967049008871031845e-01
3.003793544350444877e-01
-2.500971843041553400e-01
2.302068693625544671e-01
-1.981742677116988816e-01
2.995100867476387929e-01
-2.513075123582610426e-01
2.311874563869333321e-01
-1.970431516607157041e-01
3.002036302598379836e-01
-2.501196091989913994e-01
2.323641717683515018e-01
-1.985287036003053063e-01
2.991042490781951058e-01
-2.511676448077472812e-01
2.314805429117687829e-01
-1.974497409256739111e-01
2.997499914707898450e-01
-2.499628836004793297e-01
2.323667955998055812e-01
-1.986787340936901625e-01
2.990712426900373755e-01
-2.512700152324353065e-01
2.313362976886577660e-01
-1.974414923414627432e-01
2.997731750496506198e-01
-2.500974711511568804e-01
2.324511374179457357e-01
-1.988814159515368551e-01
2.988499285302076980e-01
-2.512206902015299281e-01
2.313385730402118257e-01
-1.976092605069226238e-01
2.997434478184599072e-01
-2.501662672277479849e-01
2.321139060893046557e-01
-1.962934309025332613e-01
2.991883415692072612e-01
-2.515416324108570856e-01
2.310617364738255519e-01
-1.974674897242395533e-01
2.996966061430231254e-01
-2.502501058618249452e-01
2.321210454196474815e-01
-1.964133903041014872e-01
2.988086918010496307e-01
-2.514229767065586096e-01
2.309500749578815570e-01
-1.975188355348008185e-01
3.000763759394338703e-01
-2.505791812843851663e-01
2.319034108985935094e-01
-1.963409933484380199e-01
2.989234142690028739e-01
-2.515982064806905338e-01
2.311423764922854451e-01
-1.977976315932856721e-01
2.995127933667251496e-01
-2.503576293433881217e-01
2.320574362015318248e-01
-1.966441693786226130e-01
2.989376474619214186e-01
-2.517119144798535268e-01
2.307643384755158622e-01
-1.976062224386958832e-01
2.999704760616128674e-01
-2.507036067915043298e-01
2.314549060126418478e-01
-1.962191978112181878e-01
3.010843458286056595e-01
-2.520936507266225979e-01
2.305729181512083947e-01
-1.975417020718489847e-01
2.998557713254577095e-01
-2.507817259484004246e-01
2.317833120677102177e-01
-1.966350167559536011e-01
3.002963140329806269e-01
-2.517071484157040184e-01
2.307297734631920672e-01
-1.978518990943748668e-01
2.997187416623325329e-01
-2.507755179494693398e-01
2.315143725485017678e-01
-1.965382778648794293e-01
3.006161622405902900e-01
-2.519597808389147375e-01
2.302543009051098155e-01
-1.975522799746378677e-01
3.003554503550714960e-01
-2.513063314098464840e-01
2.313995671542440902e-01
-1.965157821913314784e-01
3.002099100520445041e-01
-2.518775082926113518e-01
2.307437355206708729e-01
-1.981306738377486831e-01
2.995534213976326909e-01
-2.508993904832604871e-01
2.314591857854523538e-01
-1.967621400008947308e-01
3.005894902618912456e-01
-2.498669880959795975e-01
2.301633501510370883e-01
-1.977230038532544754e-01
3.000366774497065236e-01
-2.513190960826476861e-01
2.313575642734149451e-01
-1.967588477713130279e-01
3.001502503377616593e-01
-2.497808452743595642e-01
2.307112625783389603e-01
-1.983598349610716238e-01
2.991763075306546615e-01
-2.508794294913376799e-01
2.314945270364011376e-01
-1.970677369058741191e-01
3.003324954339459674e-01
-2.499551987371838591e-01
2.302765573318316938e-01
-1.980960541905523176e-01
2.995940763611939506e-01
-2.512592279640881165e-01
2.311906918133685984e-01
-1.969080755309968456e-01
3.004881795605819361e-01
-2.501950914898154466e-01
2.304051039467531758e-01
-1.983214175515127797e-01
2.990770928087432279e-01
-2.510575473030224880e-01
2.316223689997221058e-01
-1.974290375063666447e-01
2.997635441989697780e-01
-2.498448973504937831e-01
2.323552777406950320e-01
-1.985402697902828306e-01
2.994015518441044410e-01
-2.513361469668597969e-01
2.311388883627846780e-01
-1.971128297788613815e-01
3.001602109719711531e-01
-2.502278402824195114e-01
2.324233619766911951e-01
-1.986897313817658772e-01
2.986556908714144698e-01
-2.509884073667140170e-01
2.314585241918366565e-01
-1.975779392911179433e-01
3.000350501553187277e-01
-2.502307093775252289e-01
2.321975837043958046e-01
-1.986398858714959192e-01
2.991591803729163335e-01
-2.514166722030632961e-01
2.311004240338531135e-01
-1.973609716619235954e-01
2.999842491609086004e-01
-2.503203903095408966e-01
2.321521724447366264e-01
-1.962969557203827486e-01
2.989641320136291469e-01
-2.513917235955315244e-01
2.310059605068679189e-01
-1.974086131352666418e-01
3.000356808327366287e-01
-2.504462176675773533e-01
2.319923464988619122e-01
-1.962842874625091438e-01
2.989953155461823053e-01
-2.515409654735932810e-01
2.310582729620023201e-01
-1.975869216388589644e-01
2.996354884953418285e-01
-2.502553029450255151e-01
2.318695451834572041e-01
-1.963308964241212151e-01
2.993204609471045718e-01
-2.518397812377458078e-01
2.308462446024381332e-01
-1.975184947493098253e-01
2.998330144101898354e-01
-2.505345545778954741e-01
2.319676795701098859e-01
-1.965095346061791759e-01
2.985925311507943714e-01
-2.514918142949427171e-01
2.310366881381341608e-01
-1.978434308018433840e-01
2.995344888235868530e-01
-2.504329175329083057e-01
2.318173303489508286e-01
-1.965435172829441968e-01
3.006948366532170569e-01
-2.518268362896107782e-01
2.305891772952334273e-01
-1.975747766105186987e-01
3.001685998832208102e-01
-2.509564854629020569e-01
2.315610147336511493e-01
-1.964047736613320772e-01
3.005781394068565149e-01
-2.519043311961479126e-01
2.309619790446711673e-01
-1.980184690191949815e-01
2.992191672797354096e-01
-2.504891775317630298e-01
2.320119838892489572e-01
-1.969715393512670443e-01
2.999857796111725095e-01
-2.516033378470957649e-01
2.308305624236783316e-01
-1.980820215310020449e-01
2.997585203781959473e-01
-2.509049882853218727e-01
2.314643575085569838e-01
-1.965991943408224030e-01
3.005336185393481796e-01
-2.520683819329989084e-01
2.308097172167387912e-01
-1.981542149677952835e-01
2.990239104530912906e-01
-2.505895401738443273e-01
2.319689758355367726e-01
-1.972229254758416928e-01
3.000046026191252047e-01
-2.495345233470723234e-01
2.306147353704103287e-01
-1.981497796480627405e-01
2.997611594893104803e-01
-2.511196419011782477e-01
2.314527773485623996e-01
-1.968556614087552947e-01
3.004094002689701726e-01
-2.499250634346401601e-01
2.305041314384230766e-01
-1.981510702610733143e-01
2.994022466782996772e-01
-2.510241101042671730e-01
2.315162115967346890e-01
-1.970469858154910714e-01
2.999839136429779951e-01
-2.497768609985371313e-01
2.307570131300548943e-01
-1.985216191880588843e-01
2.988279697903529208e-01
-2.507836909467748288e-01
2.316904595949788315e-01
-1.973741667691611967e-01
2.999210185828927733e-01
-2.498176017244679026e-01
2.301412795816299151e-01
-1.981460886188099457e-01
3.001143269309370920e-01
-2.516576497407648216e-01
2.307853387387855393e-01
-1.966348677916757715e-01
3.004434347499820301e-01
-2.502331277582624525e-01
2.317930187717453794e-01
-1.979976531094036207e-01
2.999143025591528011e-01
-2.516596214689235667e-01
2.310341617020343907e-01
-1.969949186091660143e-01
3.000789044757846136e-01
-2.501683136680890041e-01
2.322576335872212905e-01
-1.985551260318737521e-01
2.992058882707898104e-01
-2.512911629804365776e-01
2.310632540980630256e-01
-1.971776457487069978e-01
3.001654807076459819e-01
-2.503004666653707022e-01
2.320275776685468694e-01
-1.984720284493793896e-01
2.992905959073905442e-01
-2.514969284988041176e-01
2.311940320044845176e-01
-1.974191428861140074e-01
2.996952166806047257e-01
-2.501033926382391637e-01
2.320978307167171351e-01
-1.962597745649323766e-01
2.992923145078844605e-01
-2.516073680958139658e-01
2.311895615179943297e-01
-1.975435754427277146e-01
2.995785802588428193e-01
-2.501662028287406914e-01
2.322667088791240675e-01
-1.965308312040499605e-01
2.986003768152694082e-01
-2.512038233954105304e-01
2.309761810009680616e-01
-1.975395842844764327e-01
3.002104484890404934e-01
-2.506178318721067333e-01
2.315551819581554982e-01
-1.960071061654438118e-01
2.994071832894322216e-01
-2.518797681067216354e-01
2.307959454623871587e-01
-1.974568837656796028e-01
2.998916913479342528e-01
-2.505644445992103453e-01
2.318751566438675693e-01
-1.964348557288228270e-01
2.990627239150898675e-01
-2.517838665568853385e-01
2.310143004513489640e-01
-1.977890697740435910e-01
2.994224762303022702e-01
-2.503586124621453024e-01
2.316939217549236762e-01
-1.964500677268155304e-01
3.010487725455295860e-01
-2.519827317369212616e-01
2.301575700428885318e-01
-1.971623564424607733e-01
3.006163344040275187e-01
-2.512493300034486787e-01
2.313307095954424686e-01
-1.961615900107447907e-01
3.006662306260338147e-01
-2.519546031437619460e-01
2.309756975732169815e-01
-1.980250396406149915e-01
2.993179824122809141e-01
-2.505289609455162436e-01
2.320609741548488869e-01
-1.970174301374409409e-01
3.000986933743947094e-01
-2.516702082142742158e-01
2.308205752161714142e-01
-1.980412204725392478e-01
2.995385154766714297e-01
-2.507712741974106319e-01
2.317521469883999097e-01
-1.968493191949973187e-01
3.001484761001873003e-01
-2.518238762934048580e-01
2.307971738041707521e-01
-1.981594838330029695e-01
2.995693120443517210e-01
-2.509089518518980988e-01
2.316938062505243257e-01
-1.969363649458390764e-01
3.000322180378724446e-01
-2.495937806876676601e-01
2.309496512616920072e-01
-1.984272520994161126e-01
2.989603670924472767e-01
-2.505750022921571230e-01
2.316137656502125775e-01
-1.970345849867119192e-01
3.004270849411729838e-01
-2.498972738931472537e-01
2.303868096141306332e-01
-1.980571954206973850e-01
2.998008239513347828e-01
-2.512602519211789009e-01
2.309166835353491376e-01
-1.965177360374474880e-01
3.010182599501547429e-01
-2.503453416806210030e-01
2.296000348965157034e-01
-1.974449107020743166e-01
3.002489966311852054e-01
-2.516367248947949387e-01
2.310334600099097635e-01
-1.967002392166807556e-01
3.002587599529259466e-01
-2.500495993665238781e-01
2.304518425172030760e-01
-1.983557304059332393e-01
2.991786330701607932e-01
-2.510847602768734310e-01
2.314544348645578564e-01
-1.972710940729568985e-01
3.000592358254607905e-01
-2.500285094680296250e-01
2.323856745302875226e-01
-1.985132637006162271e-01
2.988172165954503523e-01
-2.509179336387226678e-01
2.311768030922880524e-01
-1.971935344129699119e-01
3.007266922953578114e-01
-2.505270884883147864e-01
2.319216353589409474e-01
-1.981979939396958101e-01
2.992221728275909487e-01
-2.513370508080360888e-01
2.313034573053582010e-01
-1.973894619273151574e-01
2.999703753880887391e-01
-2.501750014417574719e-01
2.322905672876524608e-01
-1.986869747093361616e-01
2.989364673562014962e-01
-2.512605353469293257e-01
2.314851664661403963e-01
-1.976894171420083834e-01
2.996750931559029052e-01
-2.501451215397572647e-01
2.326101550246610916e-01
-1.991134731457859797e-01
2.982340322679110090e-01
-2.509299897775643107e-01
2.317170112931210557e-01
-1.980591434238710702e-01
2.994240934096501494e-01
-2.500291100655751553e-01
2.321295865900428468e-01
-1.964077501716063878e-01
2.989238401959808944e-01
-2.513995835872622209e-01
2.307957112350937090e-01
-1.973534841124063022e-01
3.003494366592215359e-01
-2.507152991616987125e-01
2.315901745779390120e-01
-1.960240438011875141e-01
2.993583073816679097e-01
-2.518300939290925577e-01
2.307826084953692458e-01
-1.974370413449542672e-01
2.999586678991873478e-01
-2.506139956424792703e-01
2.320366081291009019e-01
-1.965546539393938086e-01
2.986240201804096772e-01
-2.515036213932794751e-01
2.312033768218038077e-01
-1.979649800914678182e-01
2.994244249451559203e-01
-2.503608617373673795e-01
2.319043636481382120e-01
-1.965966877394309531e-01
3.006005390411696787e-01
-2.517735458755592237e-01
2.308044131373995500e-01
-1.977372469700057200e-01
2.997396364701133131e-01
-2.506762141141439248e-01
2.318165713386151350e-01
-1.966405568639534029e-01
3.003152098921481050e-01
-2.516245793117544705e-01
2.305460761290563931e-01
-1.976606541946578921e-01
3.002555258379078218e-01
-2.511120641467350367e-01
2.314903275524171633e-01
-1.964444137290524139e-01
3.003496319935078374e-01
-2.518392143627814495e-01
2.309276256043936160e-01
-1.981199007130347578e-01
2.993051625428491125e-01
-2.506090760735703027e-01
2.317145491692300108e-01
-1.968387657389790157e-01
3.006108560676826191e-01
-2.520917639538067800e-01
2.306512525461518748e-01
-1.979904617393571375e-01
2.993665148395066034e-01
-2.507719257987758854e-01
2.317567393192013769e-01
-1.969881230540816985e-01
3.001726203912487012e-01
-2.496267473526189162e-01
2.307028074264478867e-01
-1.981751870872066612e-01
2.993190868013623773e-01
-2.508241523895537450e-01
2.315059066532206555e-01
-1.969070918065670139e-01
3.004490516829245728e-01
-2.499309208409140060e-01
2.304377020707617796e-01
-1.980732285818673222e-01
2.995087291810862307e-01
-2.510521818409937045e-01
2.312051839393772790e-01
-1.967719582918098786e-01
3.005917796163057876e-01
-2.501071154966235666e-01
2.300280404524231437e-01
-1.978510624869913304e-01
3.000568281169447848e-01
-2.515132074182562794e-01
2.310459900602164218e-01
-1.967137492864682313e-01
3.004151148802828852e-01
-2.501386365885354679e-01
2.304676323237193070e-01
-1.983559690170736134e-01
2.991689107616358756e-01
-2.510753122833537798e-01
2.309756545495762203e-01
-1.968620342259539691e-01
3.011153500436206110e-01
-2.506512484258207052e-01
2.316417627187118411e-01
-1.977934312276847795e-01
2.996791564186055967e-01
-2.515283771086092579e-01
2.314039388814549958e-01
-1.972998496253266787e-01
2.994590877792241979e-01
-2.497457671951834046e-01
2.326897579745956235e-01
-1.989493939126757982e-01
2.988832028848736888e-01
-2.511003713244668312e-01
2.313304202005655452e-01
-1.974246315762098192e-01
3.002622820059573927e-01
-2.503265978716158191e-01
2.320689938358548865e-01
-1.984727358782782947e-01
2.989388775382708086e-01
-2.512078131702054073e-01
2.308155634246099042e-01
-1.971120678229875967e-01
3.008676391675118578e-01
-2.508145016461284516e-01
2.316819396208614212e-01
-1.982298352720923140e-01
2.991023747876517258e-01
-2.514691343704651416e-01
2.308684227904667374e-01
-1.972855161193738383e-01
3.005648808317584186e-01
-2.507412126598290159e-01
2.316461066056494378e-01
-1.959146350703017680e-01
2.993508473203114750e-01
-2.517339802194781817e-01
2.307852422992308083e-01
-1.973103371105733861e-01
3.001557504947885979e-01
-2.506191244945273344e-01
2.318388942903084060e-01
-1.962282522616785041e-01
2.987915133835095105e-01
-2.514477197860344182e-01
2.309186835901141377e-01
-1.975730890635419013e-01
3.000004049747035384e-01
-2.506124989854131568e-01
2.318203834859502432e-01
-1.963640846683306351e-01
2.989107205258618727e-01
-2.516187764979577191e-01
2.305284450469035629e-01
-1.973702150810840161e-01
3.005817840728934320e-01
-2.510748907329816149e-01
2.309882152856149728e-01
-1.957366484461885436e-01
3.015856062258610581e-01
-2.523726129761753589e-01
2.304050259374051668e-01
-1.973207406637917383e-01
2.998053039318046564e-01
-2.507077789757269914e-01
2.317913963372489894e-01
-1.966081220809262620e-01
3.005141665600730150e-01
-2.518151180186694038e-01
2.308300808787896174e-01
-1.978841373048445540e-01
2.997898242973100480e-01
-2.508065343972402106e-01
2.316861933482294300e-01
-1.966456586815365504e-01
3.005113893996276819e-01
-2.519204706041435760e-01
2.306150004851882096e-01
-1.978085207355552155e-01
2.994936607937944695e-01
-2.506923681045528096e-01
2.316257854154484819e-01
-1.967352286457724753e-01
3.004103258137321153e-01
-2.519098585862891704e-01
2.304576038534917881e-01
-1.978376415280306277e-01
2.999465531973208865e-01
-2.511171442762964445e-01
2.314359639061348561e-01
-1.966703140783493398e-01
3.003345117658987040e-01
-2.497400892283502816e-01
2.306193940228404848e-01
-1.981000161891726397e-01
2.994958959492363126e-01
-2.509358349716694914e-01
2.313806707972419496e-01
-1.967684143179708467e-01
3.004732187600925863e-01
-2.499272509422452437e-01
2.302516762886031021e-01
-1.979022699707222444e-01
2.997686774561734158e-01
-2.511723240876469476e-01
2.309217169837929906e-01
-1.964947195174127914e-01
3.009740917840001972e-01
-2.503233420350666760e-01
2.299327128531037934e-01
-1.977047812568978880e-01
2.997222924772309782e-01
-2.513090256704471614e-01
2.314311904187063285e-01
-1.970558672210425966e-01
2.998880579418079506e-01
-2.497872392550396503e-01
2.306468320393016413e-01
-1.985333788929605214e-01
2.991831800038534106e-01
-2.510722932325005208e-01
2.311991485323128537e-01
-1.970356090452700659e-01
3.006140718932618916e-01
-2.503273587125353083e-01
2.319581004208450259e-01
-1.980935316994420492e-01
2.994656250380266505e-01
-2.513534341056004040e-01
2.310626035551836543e-01
-1.969983495258115225e-01
3.002262617118736654e-01
-2.502315531882819410e-01
2.323750692458535494e-01
-1.986078214108832896e-01
2.988628897770291282e-01
-2.510870834689138964e-01
2.313654392258078230e-01
-1.974317089012132265e-01
2.997832837186422128e-01
-2.499809278369631294e-01
2.318198870643451981e-01
-1.982983949631756670e-01
3.000335340241027104e-01
-2.519283215864355219e-01
2.307371485828978719e-01
-1.969532064036986219e-01
3.002174125524815218e-01
-2.504219148899851088e-01
2.321076493483411329e-01
-1.986287242877529113e-01
2.987441533370471802e-01
-2.511867243803546645e-01
2.308765350080136947e-01
-1.972990609402610895e-01
3.007133493104224842e-01
-2.508119220129853000e-01
2.313780155882632084e-01
-1.956419851730474557e-01
2.994484654556545111e-01
-2.517797935007618504e-01
2.310096607519068479e-01
-1.974776402226249838e-01
2.995451843492307753e-01
-2.501927120997761156e-01
2.319760381860093146e-01
-1.963790713120961706e-01
2.991374313644796779e-01
-2.516822799350812989e-01
2.308951219633903207e-01
-1.975273156561223042e-01
2.997562071233872416e-01
-2.504707534221573551e-01
2.320975828888200143e-01
-1.966096291103990312e-01
2.986286932232155023e-01
-2.514452368284731398e-01
2.310191308740264793e-01
-1.977997621084881530e-01
2.998429114397603845e-01
-2.506081572364615706e-01
2.317787841675203742e-01
-1.964416769827904419e-01
3.005924851622437388e-01
-2.517606304818337248e-01
2.309879592857057573e-01
-1.978854528049801553e-01
2.992933358742719818e-01
-2.503359495269318336e-01
2.317239831760813384e-01
-1.965705325560514471e-01
3.009267967233317798e-01
-2.520557094087790828e-01
2.305302976057107267e-01
-1.975895099596096383e-01
2.998134177073807916e-01
-2.507877679896999834e-01
2.314838041147759817e-01
-1.964587619718085043e-01
3.009244935934688447e-01
-2.521837484948789565e-01
2.306648551124544366e-01
-1.978341331500448885e-01
2.996311544261778814e-01
-2.508117855527909335e-01
2.318934980028529436e-01
-1.969466655490756668e-01
2.998639595374513189e-01
-2.515638164119864406e-01
2.304259007140425919e-01
-1.978199292342621429e-01
3.003554960732640056e-01
-2.513551423197609158e-01
2.312156210206936513e-01
-1.964231544729521384e-01
3.003453066660879966e-01
-2.497443631672005560e-01
2.308675179085325768e-01
-1.983039755027284357e-01
2.992019682500191013e-01
-2.507725711399801938e-01
2.319156192936997762e-01
-1.972408034154262968e-01
2.998036730256968263e-01
-2.495131251835682462e-01
2.308798219558521880e-01
-1.984790601474218930e-01
2.992551566082102266e-01
-2.508991269084769882e-01
2.315914812543215240e-01
-1.970970401436800690e-01
3.003005210439460004e-01
-2.499191512401258142e-01
2.304237313085027716e-01
-1.981706103743564318e-01
2.993498618106127385e-01
-2.510795801855462139e-01
2.315924969256311361e-01
-1.972139287389661488e-01
2.999338900737364977e-01
-2.497991021404186995e-01
2.305017965522974666e-01
-1.983852074334065407e-01
2.993160557211402284e-01
-2.511448778299212314e-01
2.311364156746349152e-01
-1.969570610634963359e-01
3.006277654057126214e-01
-2.503430650959047599e-01
2.320406429074715338e-01
-1.981691697006415787e-01
2.994934900634185215e-01
-2.513535430838068629e-01
2.312184721024677370e-01
-1.971413206634178850e-01
3.001078469513283054e-01
-2.501167189827435133e-01
2.321777788549646004e-01
-1.984400485494997313e-01
2.993189855204103633e-01
-2.513816478826531031e-01
2.311295627100457828e-01
-1.972018686963574186e-01
3.000523672215590909e-01
-2.501464803702607709e-01
2.317708484803497337e-01
-1.982184126839015015e-01
2.999007905029418830e-01
-2.517929447703424195e-01
2.306140648838857776e-01
-1.968431148138935216e-01
3.004935310234079227e-01
-2.505869859697222313e-01
2.318551029011560183e-01
-1.983905162768828112e-01
2.990880282647712107e-01
-2.513845674782449469e-01
2.307167446297697377e-01
-1.970908659414674358e-01
3.004643638212377565e-01
-2.506774016666774574e-01
2.318610308678110132e-01
-1.960877438216949709e-01
2.989780598749660623e-01
-2.514743924733449099e-01
2.310812685115596621e-01
-1.975596348964673843e-01
2.998539222047417185e-01
-2.504061212674071335e-01
2.320562120009387885e-01
-1.964262599015192678e-01
2.987621549191107895e-01
-2.514104881444116923e-01
2.309719499453529168e-01
-1.976129355447266422e-01
3.000711434993954541e-01
-2.506300176345774289e-01
2.317625622874153468e-01
-1.962619820159124395e-01
2.988401670864607729e-01
-2.516348896305347083e-01
2.313106632583181999e-01
-1.980183550074030574e-01
2.989881920601141219e-01
-2.500776486852455127e-01
2.323775551363158054e-01
-1.970100064367346360e-01
2.982976597979228317e-01
-2.513097459171923509e-01
2.307301861969526247e-01
-1.976745312498326135e-01
