3.414847161087578353e+00
-1.777140227974283393e+00
5.914887457478804622e-01
7.893730011942248215e-01
-2.990686305730654859e-01
4.584448653581671418e-01
-3.385930051089380832e-01
2.701528998906617129e-01
-1.296461017813802241e-01
2.068357979600088103e-01
-1.196871508294796715e-01
2.844262459392667974e-01
-1.319224609670171244e-01
2.165062749472763115e-01
-1.349316886511590374e-01
3.002198773145541844e-01
-1.434528799969155000e-01
2.010046120497397948e-01
-9.436059551390973965e-02
2.541899610433117629e-01
-1.134554906303908289e-01
2.386286274802684459e-01
-1.510033256176167571e-01
3.357916420233693078e-01
-1.781082497846061818e-01
1.300590040939368641e-01
1.833532913028039224e-01
-7.492382294158934919e-02
2.764186551541254477e-01
-1.708454362546840688e-01
2.475203268411170776e-01
-1.518631293584818687e-01
3.243889706257642724e-01
-1.877567848280463081e-01
1.610295875102900343e-01
4.389820612941555678e-02
2.140964734125104796e-01
-9.117517818162602927e-02
2.604027800288442607e-01
-1.625702249136525557e-01
3.147382973113826976e-01
-1.855017462954556828e-01
1.748062641732949785e-01
-6.367835401992014144e-02
3.102638343751262795e-01
-1.493107640155993954e-01
1.932085120372193654e-01
-4.462166641082320612e-02
2.195704544711035988e-01
-9.528112812638075968e-02
2.563276011014757327e-01
-1.623010544218169149e-01
3.211258721042117847e-01
-1.860491875379903237e-01
1.554929187112646383e-01
8.516726162817393753e-02
1.793094222956665706e-01
-7.550031736712844999e-02
2.716798169214242331e-01
-1.690431646990659953e-01
2.580608732279870976e-01
-1.594313079289438329e-01
2.970012085025139914e-01
-1.780138588802362976e-01
1.816598825579563703e-01
-7.101511237238893048e-02
3.099308049647130914e-01
-1.504737176470033466e-01
1.915219874402675493e-01
-4.332008725458446480e-02
2.150580890555173763e-01
-9.170811797787133124e-02
2.590850012468037256e-01
-1.614022953755593903e-01
3.165326535151967713e-01
-1.860310358600592018e-01
1.713730631124269210e-01
-4.633800487981462601e-02
3.006176163022916126e-01
-1.416899510954041375e-01
2.046959613638373310e-01
-9.826172371445138221e-02
2.604032994375788390e-01
-1.184852907589351440e-01
2.332521832724926136e-01
-1.490957371955968780e-01
3.315796961104207630e-01
-1.708346808982377230e-01
1.475495048666300435e-01
1.656149112056828077e-01
-6.614239319374198844e-02
3.228792357454263739e-01
-1.897597824521405907e-01
1.743900491866565705e-01
-6.139072804704057140e-02
3.117157491986912721e-01
-1.497853753539694910e-01
1.921074148151949434e-01
-3.467178790316638448e-02
2.119692337832288498e-01
-9.191048882857624780e-02
2.591301104580754910e-01
-1.630673527616633978e-01
3.150697714479855915e-01
-1.842210008469375437e-01
1.763531635003356413e-01
-6.052286430019247765e-02
3.112496625745650447e-01
-1.515186538902087154e-01
1.901783552286457346e-01
-3.655757805203842248e-02
2.094362755039410606e-01
-8.901945758398854824e-02
2.612136776665731075e-01
-1.624932883160774277e-01
3.101616651284547777e-01
-1.844258150298205279e-01
1.715534021303843915e-01
-4.192438175226784192e-02
2.938249377968227827e-01
-1.371325928560920837e-01
2.111181893060884718e-01
-1.215555357623065436e-01
2.816124376798746498e-01
-1.317756490416939763e-01
2.172237533929081699e-01
-1.386462289332532627e-01
3.030281265946714320e-01
-1.448677295152097644e-01
1.977547631999080346e-01
-6.870608701554747899e-02
2.395070462093302766e-01
-1.056542705323048337e-01
2.469355085617798984e-01
-1.573175024310124459e-01
3.345982746625881243e-01
-1.846509092015084785e-01
2.124842085434651695e-01
-1.144077290012925907e-01
3.071567891693827157e-01
-1.843542104177018637e-01
1.605535476184996313e-01
3.296105735677525017e-02
2.305731446102623206e-01
-9.980996912998024717e-02
2.531914303429267932e-01
-1.592348109345352869e-01
3.300101507322827921e-01
-1.878099298720899146e-01
1.892062118843441387e-01
-1.017100541929196605e-01
3.262772873108211735e-01
-1.635713840005404984e-01
1.671020845911351527e-01
9.956204631972943864e-02
7.347581257398665133e-02
2.482545003947388973e-01
-1.105311930077163968e-01
2.441668283363490621e-01
-1.560319851684313364e-01
3.360945834971397761e-01
-1.821153830477593438e-01
2.072834317950536798e-01
-1.072597105214787711e-01
2.884679726437572866e-01
-1.766042106730690286e-01
1.651156920278772089e-01
6.599515312326878491e-02
1.582610492115305023e-01
-4.930523727741363549e-02
3.363331266493268523e-01
-1.715979126744264227e-01
1.511879831653846762e-01
1.569238389592697291e-01
-6.405562638101561235e-02
3.365161015203747552e-01
-1.902723582520619017e-01
1.957216568967403980e-01
-1.076797777039089771e-01
3.365558480287759169e-01
-1.736991552985861498e-01
1.406727227366692534e-01
1.708714515345460816e-01
-6.886765488849051764e-02
2.813921621842710996e-01
-1.731358332748694218e-01
2.120820942776530105e-01
-1.290480661781174265e-01
3.198595380777106700e-01
-1.566402771505014668e-01
1.757818872240111130e-01
4.064168680052433064e-02
1.455124586536871711e-01
4.850039808321626733e-02
2.622179012662072539e-01
-1.164467529373931498e-01
2.372840343784290429e-01
-1.498368894809706808e-01
3.328351475935075743e-01
-1.748281600467093966e-01
1.387387250035303221e-01
1.741398903771509965e-01
-6.947449852949855176e-02
2.807542109312347045e-01
-1.719603078553540998e-01
2.206910292172576948e-01
-1.365065370393328537e-01
3.303632050097667916e-01
-1.701423768369473288e-01
1.515774575157911586e-01
1.545703931836591161e-01
-6.069349747712766974e-02
3.423548020816348236e-01
-1.857208159720806218e-01
2.117387316525503882e-01
-1.141763637655390934e-01
2.739088856032730890e-01
-1.691978125363764185e-01
2.408639216338194222e-01
-1.487051792617106738e-01
3.326634074771816496e-01
-1.859211355416859335e-01
2.005941330958344593e-01
-1.111959668964802722e-01
3.387012174133071651e-01
-1.820047401247636976e-01
1.829045555911926746e-01
-9.197095514428033081e-02
3.403385675356152551e-01
-1.798193099777928294e-01
1.437965782602628750e-01
1.397400013564273347e-01
4.344252711721184601e-02
2.690238757112694556e-01
-1.214649352571638419e-01
2.320363498287433546e-01
-1.476643686504476305e-01
3.290987107613058127e-01
-1.666284032512097002e-01
1.543901553144921557e-01
1.412547525155052885e-01
-4.509024899953331667e-02
3.376061894971250088e-01
-1.742874007889238241e-01
1.459860066161820236e-01
1.678433470696728547e-01
-6.501545032268798985e-02
3.042244616752753927e-01
-1.843284057488516758e-01
1.637702451355179667e-01
1.731735720165302611e-02
2.426426384033137928e-01
-1.060812147712938830e-01
2.472879674446746556e-01
-1.558523820255892645e-01
3.359765792877201229e-01
-1.852222399734638203e-01
2.123104274949997872e-01
-1.151127919546070244e-01
2.921572640864105175e-01
-1.773172755798293476e-01
1.383682674675761337e-01
1.605435571176920817e-01
-5.963264807576090787e-02
3.415022367798908332e-01
-1.846130552278982262e-01
1.929375473810483188e-01
-9.874028810585296079e-02
3.308638652461185492e-01
-1.889126563121299729e-01
1.765473100353294467e-01
-3.704868164353810472e-02
2.799511754574748323e-01
-1.298548233336913049e-01
2.210441985717397917e-01
-1.415473541612047581e-01
3.111440557189536493e-01
-1.510681727525495788e-01
1.876256164125635617e-01
-1.279780494080924591e-02
1.952464114260775152e-01
-8.403045849969359438e-02
2.651994682019105931e-01
-1.660550969574066116e-01
2.928089386681794193e-01
-1.765846789269268635e-01
2.002667735895363454e-01
-1.055065171766813581e-01
3.346050192890416275e-01
-1.898174462518144590e-01
1.922107027217208608e-01
-1.061478891083770248e-01
3.317617154387281220e-01
-1.691203053564470371e-01
1.550251604053470844e-01
1.488164652269143851e-01
-4.893333696249806825e-02
3.400790374914317571e-01
-1.799044948926243892e-01
1.322944718727865343e-01
1.824134666139309857e-01
-7.372580368211834045e-02
2.775267090640689549e-01
-1.708280678905954864e-01
2.430965830680758555e-01
-1.511827554865445289e-01
3.299978004860761871e-01
-1.876340828750489298e-01
1.914624878473326630e-01
-1.040116074295544951e-01
3.303623939809718912e-01
-1.667609729961173626e-01
1.598319709504407160e-01
1.270851663760700356e-01
-1.899567659340861345e-02
3.222494924662004379e-01
-1.591090605352625809e-01
1.783133283743772446e-01
3.672411079777923582e-02
1.523114236721470061e-01
5.869404794487328731e-04
3.062870932629698228e-01
-1.461485396361113520e-01
1.999507331382133768e-01
-8.789820019734023715e-02
2.474579917692322217e-01
-1.095346740267113539e-01
2.425463961059754203e-01
-1.531191565141153121e-01
3.369239873034245436e-01
-1.821082967549895737e-01
1.945990432299242734e-01
-1.004317386191952433e-01
3.264197491778109139e-01
-1.888515227743822189e-01
1.580192617367251751e-01
7.201492984318992596e-02
1.925683851829890769e-01
-8.165440079856178812e-02
2.676929849638528536e-01
-1.675893857099457762e-01
2.818734430164220872e-01
-1.719314128160992494e-01
1.847329000074858785e-01
-3.434725795262531800e-02
2.418723967462795832e-01
-1.046619921241607742e-01
2.460456801353509970e-01
-1.572602945716844169e-01
3.349370057811094092e-01
-1.843926410950920969e-01
2.130311949159051088e-01
-1.142465816541274742e-01
2.939502281655793081e-01
-1.768207067793232667e-01
1.864407400655685165e-01
-9.684920066422379736e-02
3.401137504203121664e-01
-1.836556196410944752e-01
1.997920429328247094e-01
-1.023044817270918200e-01
3.128483457992003447e-01
-1.843997603110546502e-01
1.688390941600429185e-01
-2.812778087622239825e-02
2.801701957741609128e-01
-1.289270690079747372e-01
2.222644427035281034e-01
-1.413795851056588448e-01
3.126994963374194469e-01
-1.513677204614583549e-01
1.846722454461708351e-01
-1.344520353170115812e-02
1.889170982890885642e-01
-8.010618649230491495e-02
2.679534543824039772e-01
-1.663577010561324288e-01
2.819719873001876875e-01
-1.708023303347944166e-01
1.883748305983379834e-01
-5.700369156662009329e-02
2.514956095494060850e-01
-1.123594435009969000e-01
2.404170848083362899e-01
-1.528022746707201340e-01
3.361536107566170384e-01
-1.782402072510193558e-01
1.611158984420020257e-01
1.920438114619767156e-02
2.502171794595650089e-01
-1.112827876211278516e-01
2.425350946580488165e-01
-1.542881306406630182e-01
3.363976883919999050e-01
-1.801486847356881527e-01
1.943073088326384701e-01
-9.989221881422666316e-02
3.303696272208610507e-01
-1.897739569673566329e-01
1.768191839087474015e-01
-4.698508664300081461e-02
2.855754294722434583e-01
-1.312677342070612541e-01
2.185146901562784183e-01
-1.400258120433431064e-01
3.015279704941102867e-01
-1.451317162470525668e-01
1.979835852480154867e-01
-7.698690941076188898e-02
2.421784943706911664e-01
-1.059736518176898762e-01
2.461491520203241135e-01
-1.546112285935056507e-01
3.350828838610542815e-01
-1.843782395254154050e-01
2.120632345737132607e-01
-1.135186556829418103e-01
2.818626154505666226e-01
-1.721083951711294691e-01
2.017474929190772315e-01
-1.065721832689771331e-01
2.944557510668135425e-01
-1.398906068716793683e-01
2.066361460180200782e-01
-1.137428737820570662e-01
2.722245846971302896e-01
-1.237935950911952104e-01
2.266492219547990017e-01
-1.430864260532569709e-01
3.201955545751489218e-01
-1.607336317916607804e-01
1.712086824399590701e-01
6.966623108873409853e-02
1.193535205896608942e-01
1.749760039685508695e-01
-7.157866665079985757e-02
2.747268359464846155e-01
-1.704823467878416599e-01
2.470310170600863442e-01
-1.538679535368972229e-01
3.225878427225862266e-01
-1.867070533576354330e-01
1.585659707834753962e-01
6.721385233035620521e-02
1.971166190491530634e-01
-8.147371889022927971e-02
2.660907954808335307e-01
-1.671175353045478151e-01
2.892877150350511295e-01
-1.755294160370201306e-01
1.451070748014734457e-01
1.347179539653485802e-01
8.709570406971245404e-02
2.270938743770497537e-01
-9.826781898360038847e-02
2.555222741308715295e-01
-1.622168100538257385e-01
3.244269875208480869e-01
-1.864301388648723357e-01
1.692437506668642289e-01
3.290026056992887554e-03
2.516916000952182375e-01
-1.121320913322021440e-01
2.414937893960599213e-01
-1.546501398322454035e-01
3.360830788828026994e-01
-1.805576496666947695e-01
1.890606077233393245e-01
-9.510256141983648714e-02
3.391897570409831975e-01
-1.888576921308430245e-01
2.103656052578130042e-01
-1.161126670070709854e-01
3.167365034065068308e-01
-1.866133808607657318e-01
1.760831849405261051e-01
-6.160148915977316231e-02
3.111251017307972155e-01
-1.485277800015643024e-01
1.915615129469193378e-01
-4.926015622654331128e-02
2.162460554951987080e-01
-9.325593213512173296e-02
2.578890945228136666e-01
-1.616979159289044787e-01
3.195917130134002804e-01
-1.846330495844347996e-01
1.568917469046672009e-01
4.811423891245727308e-02
2.190684273460825060e-01
-9.425320928202386705e-02
2.582649093857452560e-01
-1.622402126412620937e-01
3.198381857841031128e-01
-1.847611205639475562e-01
1.519553494077758027e-01
8.403722902502072656e-02
1.778551658594975660e-01
-7.452568358164396445e-02
2.723804513926706417e-01
-1.681618677794504413e-01
2.583228159701976279e-01
-1.582672996505660734e-01
2.984749653070117303e-01
-1.799228291427786008e-01
1.730324709977037467e-01
-3.849588451251099996e-02
2.831951413735783740e-01
-1.302986175336551256e-01
2.200821683181434785e-01
-1.392147621063592744e-01
3.075961949924445049e-01
-1.489450831216873605e-01
1.922760040764877332e-01
-5.161334811431812081e-02
2.205120872352087646e-01
-9.502256238634403107e-02
2.563581237240474264e-01
-1.605783538257957721e-01
3.237341609206849657e-01
-1.874887520490342019e-01
1.618499079912033567e-01
3.723566047625274239e-02
2.196553995866013798e-01
-9.420711178906751582e-02
2.579421026397456518e-01
-1.616071980807977648e-01
3.207488826237339108e-01
-1.870589700193149296e-01
1.507628909172799847e-01
9.904282087791928257e-02
1.571691585070641162e-01
-4.545290452535624692e-02
3.340264278274129306e-01
-1.692716548863504866e-01
1.565656093495504386e-01
1.468152982977567467e-01
-4.826387863079598800e-02
3.383913450483214680e-01
-1.762219563742946637e-01
1.417381267848341897e-01
1.721692929642153758e-01
-6.782714478596824081e-02
2.820642755847510563e-01
-1.719945618135072796e-01
2.114118329646945127e-01
-1.307565266656479930e-01
3.195411664616260028e-01
-1.584845019199701277e-01
1.757460575236841349e-01
5.144838019677101804e-02
1.420500635804693157e-01
8.898613642997303674e-02
2.186302280011964139e-01
-9.470667514812493304e-02
2.583805455635920234e-01
-1.632326681984110350e-01
3.185548689232743369e-01
-1.851835273651100677e-01
1.642285798706089317e-01
1.183326282548883418e-02
2.586848869036531551e-01
-1.168148642263915210e-01
2.367985969004857139e-01
-1.515965842906657202e-01
3.340817034359724325e-01
-1.747662874110820497e-01
1.371696004029502869e-01
1.780084020549412838e-01
-6.991988873643663338e-02
2.786194768087614793e-01
-1.729922653482070805e-01
2.280760713182264365e-01
-1.410874434652775455e-01
3.368368880360919637e-01
-1.787698241824237644e-01
1.531737887345617222e-01
8.725707721212733192e-02
1.867576184495980951e-01
-7.932280366232678792e-02
2.693787034775100842e-01
-1.677378399715202528e-01
2.748108059236349932e-01
-1.678573488712631345e-01
2.274201671955685677e-01
-1.390007695288958678e-01
3.353754612338767371e-01
-1.784241820365033981e-01
1.296986656946930438e-01
1.844899791740668149e-01
-7.501636354952120889e-02
2.762521391970551021e-01
-1.703401327123992837e-01
2.498937478080857366e-01
-1.554154587873229354e-01
3.190681230542201652e-01
-1.867274982753472645e-01
1.609799275039485722e-01
2.537464051765634526e-02
2.448745893902569415e-01
-1.068592462410796889e-01
2.465912142361555426e-01
-1.550944718126149313e-01
3.348988322019597619e-01
-1.842560527488739108e-01
2.119334247871851318e-01
-1.133975716324605448e-01
2.816401223625231709e-01
-1.720193172433960305e-01
2.029122872244032150e-01
-1.102170817951576842e-01
2.975051056130584293e-01
-1.420638410865703860e-01
2.034422923316934750e-01
-1.020106811952376930e-01
2.615880801505364173e-01
-1.173451477613052102e-01
2.342117809219124158e-01
-1.478764746893184712e-01
3.306312171033286562e-01
-1.719416934168113142e-01
1.464983280932082021e-01
1.640233767879595850e-01
-6.484146737004073402e-02
3.238306513067712444e-01
-1.885615579519435148e-01
1.748737783027086157e-01
-6.262479750909284715e-02
3.089255978221766563e-01
-1.494839137285972619e-01
1.935639185202708556e-01
-5.372625420948747010e-02
2.226540836456057659e-01
-9.556695876070700479e-02
2.557822887581472360e-01
-1.597344092861492371e-01
3.240741117777112268e-01
-1.872649217298418267e-01
1.692130033849487958e-01
-4.592023853356424351e-03
2.541833019715627473e-01
-1.123680297634876007e-01
2.407556210240727745e-01
-1.518590542044171432e-01
3.349316339493427774e-01
-1.793148903371093450e-01
1.449391739161539072e-01
1.285465057028664093e-01
1.062258291008669614e-01
1.951702938642028706e-01
-8.091297505441558124e-02
2.687845390722626293e-01
-1.683304874223515990e-01
2.838320720363970984e-01
-1.736272188465718125e-01
1.686749728820898242e-01
5.071559799770745253e-02
1.740914728976150350e-01
-7.174914871387098880e-02
2.887471764743478886e-01
-1.749294710882744464e-01
1.697767446542070013e-01
3.783688762052955790e-02
1.817320007167792795e-01
-7.622338837391753885e-02
2.709180034936327641e-01
-1.672698046334316069e-01
2.674940205635704671e-01
-1.630456716990295596e-01
2.639349095781980403e-01
-1.638036219601855525e-01
2.746190221055004876e-01
-1.686152501731500442e-01
2.272091194103947887e-01
-1.397304557735210284e-01
3.367204412470928276e-01
-1.768093187580777048e-01
1.285496754331526270e-01
1.847017131189299943e-01
-7.598334679745644138e-02
2.755503182992928846e-01
-1.707845413547999236e-01
2.516016679769140230e-01
-1.546737260387976987e-01
3.158623710812930030e-01
-1.862257849501063323e-01
1.751226795075045972e-01
-6.671207323305111681e-02
3.123198390884471820e-01
-1.511519366177690171e-01
1.902592864836741005e-01
-2.976446132975231473e-02
2.075631508907988809e-01
-8.696925499892903255e-02
2.611228952097101041e-01
-1.647538171317217692e-01
3.073110566126260879e-01
-1.825637621009044143e-01
1.678213814497790946e-01
-8.713907710800782719e-03
2.707607762197591361e-01
-1.211207185219428661e-01
2.292859176773663354e-01
-1.476364917864335935e-01
3.261902320647802056e-01
-1.654514539899968328e-01
1.607782975791709201e-01
1.255905067200314418e-01
8.346233242586306722e-03
3.085602655287696949e-01
-1.478588501488298235e-01
1.976754193215177757e-01
-7.810776108207902191e-02
2.390294817492826240e-01
-1.049912437976496526e-01
2.472458204612131005e-01
-1.559530135995407241e-01
3.355986291600617788e-01
-1.858178373672694506e-01
2.117556951910821161e-01
-1.157361026331921172e-01
3.008681512726025242e-01
-1.812416953886381576e-01
1.716041829483631875e-01
-2.169859960573799346e-02
2.752416765516423891e-01
-1.238285450608809929e-01
2.259679985403452718e-01
-1.454297659440807466e-01
3.208216856024088126e-01
-1.600786862188521009e-01
1.716717177111518611e-01
7.405121292810204481e-02
1.199528551209711469e-01
1.771782399730019719e-01
-7.402846779158495094e-02
2.732849805170070034e-01
-1.696345653228557848e-01
2.504206950853011815e-01
-1.547977255735344393e-01
3.174335024104542602e-01
-1.848002967879855962e-01
1.748824415041039249e-01
-6.126962225506730336e-02
3.077767112529269933e-01
-1.484584208442951969e-01
1.949848459439182391e-01
-6.045833835712305371e-02
2.284711189321062541e-01
-9.848227193442767036e-02
2.531913136580611901e-01
-1.608961410445574058e-01
3.285370795332892002e-01
-1.871794437967715108e-01
1.893750449934642199e-01
-9.998744657865352159e-02
3.259801012560173961e-01
-1.624361734933192358e-01
1.688365441931797828e-01
9.560858948025627302e-02
8.054393130076463458e-02
2.331218566317578567e-01
-1.015903580891747843e-01
2.524081038146215317e-01
-1.596917363330325468e-01
3.307765746313755528e-01
-1.857784628945329808e-01
1.958014899066226611e-01
-1.086227197315500909e-01
3.349922945497691429e-01
-1.743303397966472768e-01
1.434970840026601746e-01
1.693457741804731687e-01
-6.663074512092548307e-02
2.877723573856113548e-01
-1.748042723598322024e-01
1.759094170770079679e-01
7.962984268009912214e-04
2.098318070827298321e-01
-9.002539428120932830e-02
2.608384504582355046e-01
-1.633230019056031990e-01
3.113783489219452694e-01
-1.826833212048141197e-01
1.710884803418050992e-01
-4.547534626086374709e-02
2.938958332244079874e-01
-1.381918696010333569e-01
2.100780064537439706e-01
-1.220196191171571409e-01
2.813133369054952038e-01
-1.289503562926478941e-01
2.198440665941260308e-01
-1.405696947620955206e-01
3.058853362264479792e-01
-1.481070217088960028e-01
1.931465467795271118e-01
-5.073556103362395625e-02
2.231938588954413549e-01
-9.550962183572861419e-02
2.558337357434228854e-01
-1.620636306232239587e-01
3.245156847964902891e-01
-1.871171784141032468e-01
1.702738225234627367e-01
-8.974443042634457079e-03
2.584748639069566201e-01
-1.144860914797522361e-01
2.384363010818208173e-01
-1.527875700833395967e-01
3.339647010625416135e-01
-1.764061722278213173e-01
1.340134556850156311e-01
1.799836388750838678e-01
-7.224853653968579814e-02
2.784839405292471315e-01
-1.708781200455644078e-01
2.371452431934027438e-01
-1.471452648009249908e-01
3.354750563962732302e-01
-1.855034388223647801e-01
2.126645873689814170e-01
-1.149904273896231177e-01
3.004396355912763994e-01
-1.799826315969853541e-01
1.777504091626586069e-01
-5.855602921376430042e-02
2.959285935836956649e-01
-1.398342389783946149e-01
2.076501591180328621e-01
-1.149513646583629756e-01
2.738958263665968729e-01
-1.243490683206456282e-01
2.257840742177261162e-01
-1.446583155664427633e-01
3.184602808316311373e-01
-1.585993003669380896e-01
1.749885058101862401e-01
5.188410022436718005e-02
1.397511490736915163e-01
1.021240044854637985e-01
1.998266169887096821e-01
-8.485779644487306816e-02
2.660454315016505533e-01
-1.671258369195302018e-01
2.912562355719685581e-01
-1.762465021484542760e-01
1.954270815621473867e-01
-1.010003969864050194e-01
3.356053003541384916e-01
-1.876934383274877494e-01
1.960231278214537298e-01
-1.094135140765163383e-01
3.372554529298500969e-01
-1.770571214474318533e-01
1.354032798181317165e-01
1.798188603162116650e-01
-7.134658459752993287e-02
2.792398862983117569e-01
-1.731086263024400884e-01
2.333243901428830869e-01
-1.450547343365577169e-01
3.366760417123569327e-01
-1.835661136474509847e-01
2.116574178553382313e-01
-1.112862855264660222e-01
2.786422771535267962e-01
-1.719257649165574775e-01
2.214044400361096510e-01
-1.373436134142644038e-01
3.327802237634432947e-01
-1.721605287386104854e-01
1.458407117838714517e-01
1.673538314920424708e-01
-6.484801661681541263e-02
3.087521625571577610e-01
-1.859539939202380920e-01
1.629653363043938874e-01
1.855119876813763474e-02
2.440738360678073871e-01
-1.068388162047193835e-01
2.465003799610434032e-01
-1.553963284477127282e-01
3.362704575383589356e-01
-1.847105755497606971e-01
2.119867089650347980e-01
-1.141076041683446729e-01
2.833010888083486445e-01
-1.732189866911199028e-01
1.920811865094955995e-01
-7.022455513156701523e-02
2.679266986397692007e-01
-1.218377982560305828e-01
2.301179226804629940e-01
-1.475996692976780378e-01
3.276447456588781337e-01
-1.665499818433583412e-01
1.579892778236077766e-01
1.381188856637191320e-01
-2.319142050937561192e-02
3.278905346833345669e-01
-1.650812093911568912e-01
1.675340625433815456e-01
9.107397084292805090e-02
7.832996136923280062e-02
2.409184450879913730e-01
-1.041727593009857122e-01
2.499572169814546496e-01
-1.595519402568005285e-01
3.332527427423599420e-01
-1.859994227807929001e-01
2.093264989067185056e-01
-1.147595032646690633e-01
3.232433375073563986e-01
-1.873917616425366250e-01
1.556023111769916645e-01
7.841387718150782948e-02
1.944457492607858384e-01
-8.286245520654815511e-02
2.668809201714608670e-01
-1.666567541702745348e-01
2.878288795143199019e-01
-1.740851358420303918e-01
1.483291491212570257e-01
1.470888817915148861e-01
-6.574614315163131162e-03
3.109031877512680175e-01
-1.500970849374284044e-01
1.936149309526395690e-01
-5.197422543185702126e-02
2.215819260198345075e-01
-9.479254217723337428e-02
2.563696404414722574e-01
-1.623879341746830018e-01
3.231185684904271938e-01
-1.869917339763347286e-01
1.649065222228762173e-01
2.371871907295528686e-02
2.328923002929048636e-01
-1.003454395097726493e-01
2.525297123721591541e-01
-1.607531098845112194e-01
3.300887976205693075e-01
-1.870793468435113516e-01
1.959980201032842373e-01
-1.083072026200558452e-01
3.373337788601626919e-01
-1.759035376505271031e-01
1.375410972736708370e-01
1.784618140508527628e-01
-7.224787459315265559e-02
2.788411889794237819e-01
-1.727679877302822908e-01
2.284366673439489070e-01
-1.409164447984588286e-01
3.370791635439254197e-01
-1.786196441666796919e-01
1.563966514356956439e-01
5.618408167662843067e-02
2.136186862139342613e-01
-9.192960734831256975e-02
2.601999218993756857e-01
-1.635508767813744768e-01
3.140015887194338995e-01
-1.836952782353162283e-01
1.760151867938916648e-01
-6.446409127511161519e-02
3.081882569297436092e-01
-1.488972827735042803e-01
1.942575700113022830e-01
-5.696196820531428812e-02
2.255428490644202921e-01
-9.698089925818181856e-02
2.545066469967590672e-01
-1.590072524157264411e-01
3.265375364057953589e-01
-1.873713289993059750e-01
1.796209732051392838e-01
-6.323636299266274796e-02
2.972541533981705175e-01
-1.393651157532879714e-01
2.076308923015402486e-01
-1.090905517821732507e-01
2.704497802353438285e-01
-1.244223443211527197e-01
2.263774475148634391e-01
-1.446787923013532207e-01
3.220332537941753004e-01
-1.602929579266204330e-01
1.706545986603035525e-01
8.437896868913918880e-02
1.037707154008128407e-01
1.993179723108646217e-01
-8.460145878635916272e-02
2.663671690134235548e-01
-1.664113146221809503e-01
2.925104468570551286e-01
-1.759158792487229561e-01
2.001354000075830919e-01
-1.066307189546563672e-01
3.313252449198724192e-01
-1.896403806613740084e-01
1.827813921348994119e-01
-7.704888080443329790e-02
3.070058052927628900e-01
-1.464371197889574039e-01
1.968723835039332681e-01
-6.052446916679932870e-02
2.316757345446021910e-01
-1.020978834748165753e-01
2.501555238983301233e-01
-1.585564464364343229e-01
3.322525554551546412e-01
-1.857689437715263625e-01
2.026050557823856346e-01
-1.102010397280225040e-01
3.383950986538193373e-01
-1.856057685648255795e-01
2.111774130438230646e-01
-1.123542045139707402e-01
2.763225491503861764e-01
-1.694213988387999470e-01
2.317546899472457400e-01
-1.417976626896954584e-01
3.362827234811124888e-01
-1.824303951885182795e-01
1.968265710029684090e-01
-1.014662040453308822e-01
3.207485174153640872e-01
-1.874547809092896311e-01
1.765763212575836016e-01
-6.392924219079733350e-02
3.141080509518286434e-01
-1.539404640186920470e-01
1.865408439685969921e-01
-1.715971759478860867e-02
1.932993329525366788e-01
-8.135179748476070727e-02
2.670056261123152086e-01
-1.652081860387133450e-01
2.886839616794121266e-01
-1.756509134998125166e-01
1.445499250187609608e-01
1.503774421124804139e-01
-2.958933138148036462e-02
3.285964183899476865e-01
-1.636063539261071176e-01
1.688494722170286177e-01
9.576260394718259794e-02
7.786537650857310033e-02
2.364923008223247247e-01
-1.034107561294164840e-01
2.508963795732119806e-01
-1.590151559657558000e-01
3.325208698196654433e-01
-1.854120821273186337e-01
2.038507634468569862e-01
-1.131293158689450212e-01
3.379249996145975987e-01
-1.866599176217648703e-01
2.131067415534260712e-01
-1.151273395619136636e-01
2.925776021869030963e-01
-1.768947532827012670e-01
1.550248389227038837e-01
6.908612957519232045e-02
1.965548678431970064e-01
-8.374239384606765868e-02
2.663130072420163419e-01
-1.663585085082084636e-01
2.908094512665866938e-01
-1.752940248540084123e-01
1.853104618478250976e-01
-9.299898712931954636e-02
3.389802975884966263e-01
-1.804488265292199245e-01
1.277038334346522197e-01
1.872872245365977406e-01
-7.627415706753590263e-02
2.751345566090461214e-01
-1.696843275548047536e-01
2.570170676456091097e-01
-1.593872025555151395e-01
3.021269105269083211e-01
-1.814210355239256334e-01
1.580483213979897161e-01
5.552895659083556534e-02
2.130952527737064450e-01
-8.993118988431514360e-02
2.614357030769787205e-01
-1.650094835652827496e-01
3.115521438514654573e-01
-1.845052508710920969e-01
1.732030759520213625e-01
-4.989059175033012938e-02
3.011343806232448239e-01
-1.418212047848795010e-01
2.042276721331665323e-01
-1.043597548958048737e-01
2.588323792032871662e-01
-1.172523389606253408e-01
2.347337304190541263e-01
-1.497563096338169752e-01
3.328152277083586963e-01
-1.722469646761181916e-01
1.436027223437792710e-01
1.709332881108080737e-01
-6.844803303309396347e-02
2.825040932791587078e-01
-1.741706219065987105e-01
2.022023964016904096e-01
-1.126849907128977119e-01
2.987643034840907763e-01
-1.406639086165888675e-01
2.044307025001944333e-01
-1.047195944486377928e-01
2.603449386050942782e-01
-1.179348536531762831e-01
2.338441844904899092e-01
-1.489860964517598085e-01
3.320279163360763119e-01
-1.708660018459764451e-01
1.468157182761252733e-01
1.645327901836618201e-01
-6.641911769876512883e-02
3.148510221375281359e-01
-1.872681134248595780e-01
1.717408133284884786e-01
-3.590032561737363515e-02
2.903020432128737283e-01
-1.339016499219439216e-01
2.151387858344809278e-01
-1.345819574125995122e-01
2.927660636624959123e-01
-1.384269535151169683e-01
2.078476226218526624e-01
-1.156651335212880161e-01
2.758790069568708980e-01
-1.254728869668137459e-01
2.244284472455740642e-01
-1.436610492841287889e-01
3.158749918180853711e-01
-1.561899002649440038e-01
1.794105857397431114e-01
2.737346835037531012e-02
1.617140655032032193e-01
-6.041835673422318864e-02
3.418893509163605238e-01
-1.815438777734798004e-01
1.274441746453709445e-01
1.870276887965781343e-01
-7.672115432755868825e-02
2.748831079000944033e-01
-1.701195557859871976e-01
2.566664388678461806e-01
-1.571715412806010403e-01
3.019053750408628445e-01
-1.818496226000734795e-01
1.577470177969592657e-01
5.346513665358861023e-02
2.129223893965852821e-01
-9.044006304528323659e-02
2.611701866909576508e-01
-1.628828921075507752e-01
3.130306743744720732e-01
-1.849500586518776635e-01
1.730937980261375575e-01
-5.296392417089826332e-02
3.019418813715166738e-01
-1.430066763089310466e-01
2.027863174623665832e-01
-9.169524288512562182e-02
2.566017527395575981e-01
-1.153534230768276797e-01
2.369216211548151318e-01
-1.516604381007070068e-01
3.346066711473492661e-01
-1.758666995186545234e-01
1.344596156687074828e-01
1.809832973686018587e-01
-7.166557526203265471e-02
2.772462480887729064e-01
-1.726472691653580804e-01
2.366760172484487224e-01
-1.468554258967192661e-01
3.353413110999278191e-01
-1.851163393741774854e-01
2.121907365133132994e-01
-1.142817733462039853e-01
3.102523672939172528e-01
-1.856840205145837697e-01
1.681795163811730109e-01
-1.874988876104244015e-02
2.746924785407263148e-01
-1.247585123661397039e-01
2.270666870635422163e-01
-1.437490406249165853e-01
3.220299743556362393e-01
-1.609963261112755672e-01
1.707610063025279956e-01
7.067006127935035464e-02
1.173805016365857268e-01
1.785422182066645491e-01
-7.342026237277549106e-02
