3.543280104351870463e+00
-1.920478785603962679e+00
6.602242657816795868e-01
8.668742833110850698e-01
-3.605363282839446071e-01
5.282392155294070024e-01
-4.208969070523289058e-01
1.963178518436074771e-03
3.583307259449561855e-01
-2.060313728753979390e-01
2.204119757429603976e-01
-1.266089298597445068e-01
1.669538857436295709e-01
1.762578958235374443e-02
1.906166960469855842e-01
-8.444746131804119205e-02
2.649999820353871050e-01
-1.766286726487151792e-01
2.873034792260851789e-01
-1.850992718864176156e-01
1.508606825873221313e-01
9.913514959481262157e-02
1.105998791250032698e-01
1.761475654475192221e-01
-7.911291509002649214e-02
2.716754868683404212e-01
-1.794050407935918745e-01
2.561953079101552677e-01
-1.677294371328803546e-01
2.939261934006265897e-01
-1.873300832379851399e-01
1.963847042286250288e-01
-1.099819625072681606e-01
3.175202846053348238e-01
-1.993422897543409844e-01
1.780775019874442644e-01
-9.742860286674917547e-02
3.319225791147065729e-01
-1.758159465807188349e-01
1.552872355332440280e-01
1.235412244179030922e-01
-3.904437106781735722e-02
3.330924886726925882e-01
-1.772902165193746271e-01
1.555846998212636612e-01
1.158480661665823586e-01
-2.834539085179935483e-02
3.301950304528046276e-01
-1.719361149884592876e-01
1.625877511358937988e-01
7.272884681302399512e-02
5.551962749780374462e-02
2.541603864729656270e-01
-1.191345040355204221e-01
2.384860670266091831e-01
-1.608366247175604946e-01
3.393694665908872921e-01
-1.913927530232897856e-01
1.985775365740615750e-01
-1.095326348437778707e-01
2.699380628272257665e-01
-1.767900788849813276e-01
2.552202377105899367e-01
-1.662909073490262679e-01
2.988009710782447148e-01
-1.912257082071086578e-01
1.939230480723175554e-01
-1.126632182308554414e-01
3.406399370733375065e-01
-2.003129026056307826e-01
2.049005826449125933e-01
-1.207170160185407487e-01
3.353438654313692924e-01
-2.001083178665246654e-01
1.732734132908530233e-01
-7.382078355559658356e-02
2.962282938115988751e-01
-1.472301659639419502e-01
2.031674780241727596e-01
-1.251504412328280913e-01
2.709933358752468213e-01
-1.293411506279082135e-01
2.220544589606576746e-01
-1.520517564428395807e-01
3.229673160940140786e-01
-1.702219183038819750e-01
1.634454864024960929e-01
7.658607721947610636e-02
7.043690321624149209e-02
2.420937017505970235e-01
-1.128021678222798502e-01
2.452893656517836085e-01
-1.667758077471057643e-01
3.374810041918200887e-01
-1.966715860530260929e-01
2.117099759092340716e-01
-1.237728935210087589e-01
3.069148231597601528e-01
-1.955038331968124155e-01
1.774052333562911032e-01
-9.663897353761630171e-02
3.253514792866110117e-01
-1.704203423910664594e-01
1.661809495748564625e-01
6.464612648477247037e-02
9.269675334485726059e-02
2.124153012871772273e-01
-9.663100615146254235e-02
2.594149860459197265e-01
-1.740513459879031166e-01
3.134945298874031727e-01
-1.953294125087876587e-01
1.771068544770849629e-01
-9.179691583249822984e-02
3.290774601862517246e-01
-1.738252748969398853e-01
1.608453605199314240e-01
8.368439043600350846e-02
3.869600627577803043e-02
2.732918634454858386e-01
-1.303219409975847065e-01
2.261925515575270440e-01
-1.524970711953375913e-01
3.250954046040603340e-01
-1.735603501416593253e-01
1.572690462920987575e-01
1.021185944514116234e-01
2.687156337074149848e-03
3.059779884528916472e-01
-1.523573926573454362e-01
1.972987018188529229e-01
-1.079233855619412819e-01
2.449397240660915465e-01
-1.160541132064675379e-01
2.391793452203093695e-01
-1.619164396068033529e-01
3.392520186365823309e-01
-1.920727119945968009e-01
2.149262777074913700e-01
-1.193248285973731726e-01
1.811431434396009454e-01
-6.970445948657350010e-02
2.520529805619923236e-01
-1.191193499286748586e-01
2.366283084539057002e-01
-1.597164758140567076e-01
3.389262564214431950e-01
-1.882187091617408548e-01
1.858086186141515717e-01
-1.015401981307271911e-01
3.318620383920976580e-01
-2.021380546114812105e-01
1.550903276993494118e-01
4.131631827110875121e-02
2.084380816316461493e-01
-9.320732346155179149e-02
2.592337810175414647e-01
-1.743277211223991374e-01
3.112844473312932347e-01
-1.951601677208411600e-01
1.742909948095064387e-01
-8.419013175297326845e-02
3.205454683233320834e-01
-1.644184477532872335e-01
1.742263124674480190e-01
3.570904008993271150e-03
1.530718523616330096e-01
-5.870045653562801224e-02
3.401843641671138951e-01
-1.845019629772192415e-01
1.388066605623382299e-01
1.678113545752409064e-01
-7.015181595512105794e-02
2.810773944387363610e-01
-1.844717002716308452e-01
2.113074325546824284e-01
-1.376562006596326326e-01
3.316591110079883387e-01
-1.773147572039278086e-01
1.494885491845834302e-01
1.439038826783569092e-01
-6.541304175077156113e-02
3.453899127454796436e-01
-1.993737706129521670e-01
2.185799909937493901e-01
-1.264211775468252752e-01
2.221094242547116404e-01
-1.448878512064850632e-01
3.394217329298168107e-01
-1.890983057549704971e-01
1.506392835603659053e-01
4.081050417777455641e-02
2.173235762363366075e-01
-9.911579029068888491e-02
2.565416493394911956e-01
-1.710141743139085013e-01
3.228055676234239391e-01
-1.990159241734182349e-01
1.802330607990624833e-01
-1.009587080520987501e-01
3.423387100142901152e-01
-1.906367719749240408e-01
1.695544264383499755e-01
-7.898452975673773968e-02
3.302825699533103454e-01
-1.727408052753569012e-01
1.593875378001740895e-01
8.977038301017294109e-02
2.066833672613358278e-02
2.893178287845934449e-01
-1.411507396145575410e-01
2.129121310475212414e-01
-1.433964603249208714e-01
2.985765691729154181e-01
-1.499703858122292122e-01
1.977566436481835721e-01
-1.133417566611609612e-01
2.559614386131792152e-01
-1.214086005607945135e-01
2.333822141479377221e-01
-1.572177840014157835e-01
3.371727685522299955e-01
-1.865149372633004288e-01
1.279295601032037766e-01
1.766256211243555085e-01
-7.714541913785577520e-02
2.769877389264898682e-01
-1.814137012445362906e-01
2.418411249694660259e-01
-1.572831251589271728e-01
3.275934031670240110e-01
-2.002441174916860245e-01
1.551959363693999894e-01
3.265533038829889628e-02
2.132384473257357138e-01
-9.674222563824996790e-02
2.581289864189433847e-01
-1.714115931000105841e-01
3.189347399011728812e-01
-1.978775461902654298e-01
1.812763658094999064e-01
-1.025690892028204015e-01
3.405283022815770444e-01
-1.871010138617951180e-01
1.299434835773293218e-01
1.777370177167822696e-01
-7.558947678757831079e-02
2.764730262943495553e-01
-1.826518157212568272e-01
2.398118374494377925e-01
-1.576609353108735234e-01
3.302397199675435879e-01
-1.990409600670244861e-01
1.650036214847613314e-01
-1.436562608797882501e-02
2.556086628184717213e-01
-1.219443192957077732e-01
2.346758424222975536e-01
-1.597181370968923098e-01
3.373078168777675634e-01
-1.867094255567758321e-01
1.440973268867536405e-01
1.087076243277733667e-01
1.314985157219639156e-01
9.716623844240084018e-02
1.836620679873886830e-01
-8.257602809423034151e-02
2.692630101974350376e-01
-1.773542573197554595e-01
2.739391377762684932e-01
-1.767384365568357429e-01
2.256716813064925664e-01
-1.481890912513994796e-01
3.399079793584611209e-01
-1.931889569097768877e-01
2.121430148683264294e-01
-1.184364261620694109e-01
1.863679569337861885e-01
-8.178085722886134501e-02
2.670770072180547183e-01
-1.283900095417979115e-01
2.267311341900094535e-01
-1.548213486155578245e-01
3.296565044157623858e-01
-1.765864560555184815e-01
1.500003769472445792e-01
1.395332787733035151e-01
-5.935860658133793738e-02
3.450450232746365975e-01
-1.959165801218117342e-01
2.082694393956745771e-01
-1.158630200252225850e-01
2.002310171687642637e-01
-1.272948312965174744e-01
3.071930830667702339e-01
-1.544518851362074174e-01
1.886952451654876350e-01
-7.705704922338202367e-02
2.212482832903329422e-01
-1.023950159099838303e-01
2.522978848026064536e-01
-1.689964781775852298e-01
3.293848540177186646e-01
-1.979778253486711437e-01
1.643108833614687625e-01
-1.676784414118440841e-02
2.511264065838600956e-01
-1.186153785944466799e-01
2.380042563774131814e-01
-1.610912381013120120e-01
3.391135686166107943e-01
-1.898721252137910986e-01
2.033532160098246167e-01
-1.122170681670657810e-01
2.480697842873104686e-01
-1.643389113905793786e-01
3.203770845730004035e-01
-1.976964699013593896e-01
1.835435858844294832e-01
-1.018756005789871744e-01
3.432679848171500403e-01
-1.920465917507460096e-01
1.772371036195424521e-01
-9.590051481990279070e-02
3.441702285424626528e-01
-1.953560868054151078e-01
2.148927179011016764e-01
-1.199194416442734556e-01
1.756855448604615344e-01
-3.565734234401993219e-02
2.238100836524271608e-01
-1.039224472533678140e-01
2.516466920854315559e-01
-1.691946619083594117e-01
3.305258086028700637e-01
-1.983048334157162251e-01
1.706924213316140249e-01
-4.603564733157352457e-02
2.803386969598248846e-01
-1.371679412683100008e-01
2.168935396937513582e-01
-1.476252394990700822e-01
3.107119161166586596e-01
-1.584050170247663647e-01
1.835855849799308825e-01
-3.230984409089190240e-02
1.932404012240785951e-01
-8.861932871863500982e-02
2.635342394644654695e-01
-1.751145369395365470e-01
2.959405716473240133e-01
-1.882764706784872955e-01
1.998186199916942296e-01
-1.127800992011687153e-01
3.265676101473338755e-01
-2.016523081535106510e-01
1.780010104485351408e-01
-9.847879449253785222e-02
3.405864150298324455e-01
-1.866673780763000445e-01
1.310281554798340409e-01
1.767718002535826338e-01
-7.734098749022666475e-02
2.772426096632512049e-01
-1.828251812556918321e-01
2.368029751588064391e-01
-1.554239987649239096e-01
3.343248835366444682e-01
-1.987637824463102110e-01
1.853445956280747320e-01
-1.044108812701551314e-01
3.275339264740169121e-01
-1.737468317774183979e-01
1.600946037737462080e-01
9.106786417741635775e-02
2.786880879723131754e-02
2.851791252618526284e-01
-1.374436372526290639e-01
2.173671861202539912e-01
-1.483690804444119382e-01
3.072490326868297927e-01
-1.571263811785399978e-01
1.864308622435138507e-01
-5.690294590714149031e-02
2.095904335673464680e-01
-9.470755429192981301e-02
2.585688966143649958e-01
-1.732979009169902107e-01
3.157556624548976676e-01
-1.968760142059199914e-01
1.796335946694811447e-01
-1.002991537343185385e-01
3.368778608476266645e-01
-1.811928567974239734e-01
1.436805459078389358e-01
1.561729362043006997e-01
-6.931352820286486305e-02
3.088689955814622468e-01
-1.966045101000024053e-01
1.800752769363404004e-01
-9.924325850717731490e-02
3.309984524210061729e-01
-1.743729247804375604e-01
1.576248047558578835e-01
1.058372997346797850e-01
-1.707314194799937346e-02
3.188454849949493575e-01
-1.636538217159467790e-01
1.801187553890359339e-01
-1.537297560877388253e-02
1.753667205680096430e-01
-7.724569834592362461e-02
2.694831681061513051e-01
-1.782477041486618119e-01
2.623126129468006384e-01
-1.716263933275735676e-01
2.723671578380018610e-01
-1.766166504205777255e-01
2.334964334398537678e-01
-1.516634515610026379e-01
3.373244409038255176e-01
-1.989319719559359267e-01
2.060457863030873138e-01
-1.223382176914667996e-01
3.293741806923742854e-01
-2.005249098956105036e-01
1.489282234100159641e-01
8.183801593836718957e-02
1.690409799263302426e-01
-7.678217506245532675e-02
2.723660292250692505e-01
-1.790360876360558295e-01
2.496295649492275281e-01
-1.632839778639103845e-01
3.126884695534507541e-01
-1.945731330736181763e-01
1.753856602031353962e-01
-8.778949119798364065e-02
3.195979132555136770e-01
-1.656360053866243742e-01
1.751933887258960432e-01
9.508548636238262075e-03
1.540289150832392373e-01
-5.529413434692888318e-02
3.404927235535245567e-01
-1.850894833247240523e-01
1.391267929635882361e-01
1.642795053103718872e-01
-7.057844400008654595e-02
2.825664426350170677e-01
-1.835737240193714426e-01
2.071135973803558128e-01
-1.326270231576393843e-01
3.232181810338057293e-01
-1.708358033523350861e-01
1.639829458155433461e-01
6.831243534486780566e-02
7.879078869277100772e-02
2.284100896966348437e-01
-1.037604290691177406e-01
2.532222104640778348e-01
-1.711387240584915370e-01
3.295868950729612945e-01
-1.992668121903915512e-01
1.701961700623532137e-01
-5.353042081317804790e-02
2.835637747054977065e-01
-1.373980117623780084e-01
2.159965764798919552e-01
-1.449544656120535513e-01
3.052138667415769113e-01
-1.558627836868951566e-01
1.885793314399709097e-01
-6.992530009390948709e-02
2.193053182769346687e-01
-1.001170152619931530e-01
2.541174400327070870e-01
-1.687684723359000050e-01
3.259045017900292218e-01
-1.992587169042138728e-01
1.522209735794510799e-01
5.215172268693454849e-02
1.963639046145353451e-01
-8.790186710614208976e-02
2.649147206408215549e-01
-1.743441037879896460e-01
2.946169805082330950e-01
-1.893064224213180657e-01
1.995573820452137270e-01
-1.141589582032133121e-01
3.218487208265966570e-01
-1.992286796602601995e-01
1.833900363920580034e-01
-1.019102723659112281e-01
3.405285082307787370e-01
-1.892614554693206608e-01
1.258991859351246134e-01
1.800465601566450802e-01
-7.854947463965863963e-02
2.757615007520298200e-01
-1.805522223735408771e-01
2.500655433136789729e-01
-1.621902381145537975e-01
3.118963724368836177e-01
-1.961610193475149255e-01
1.743072100495447474e-01
-8.650274850986215680e-02
3.210133389751129718e-01
-1.655526873541733890e-01
1.744411322598172775e-01
2.291201398323407246e-02
1.458511655743364721e-01
-1.377736075691477283e-02
3.065505350752055769e-01
-1.540742796359276801e-01
1.949302602803343609e-01
-9.406320282389533938e-02
2.399166305953509271e-01
-1.106877191769106150e-01
2.424979305947902730e-01
-1.650608934159366326e-01
3.382611834105052062e-01
-1.960198141454880250e-01
2.159838492119647013e-01
-1.255021565660566774e-01
2.653069018223097042e-01
-1.725443605325146790e-01
2.721634333266615968e-01
-1.782964482481962931e-01
2.285374648304908385e-01
-1.503405314098416601e-01
3.402513802163403267e-01
-1.958250458755261825e-01
2.177577597724242031e-01
-1.251399413375400560e-01
2.439598042267277223e-01
-1.611824043386578531e-01
3.286309182157284292e-01
-1.995946191080025245e-01
1.601296511693963143e-01
7.694254566535940754e-03
2.368603672102715385e-01
-1.086668909022867197e-01
2.474901108670057581e-01
-1.674928208895761494e-01
3.362037790390847714e-01
-1.978944239010922146e-01
2.054205912047891436e-01
-1.213852439323117316e-01
3.320772469757455325e-01
-2.003881053451900818e-01
1.604602533583604773e-01
6.354498777970625512e-03
2.315327122636468837e-01
-1.076790432605433390e-01
2.487871756543297841e-01
-1.675858162999328549e-01
3.348704905620044081e-01
-1.977003955303437976e-01
1.939652750852564611e-01
-1.154374732719359031e-01
3.409108516446647252e-01
-1.906364937687572425e-01
1.693847865356854221e-01
-8.146860592381773014e-02
3.308005929276046642e-01
-1.741972475079046623e-01
1.590815129976555220e-01
1.074432845254384844e-01
-2.926971486102367126e-03
3.072408092066927776e-01
-1.548139805442101113e-01
1.942333935831982161e-01
-9.234541210260074906e-02
2.375920310495965027e-01
-1.096891616534872993e-01
2.452117144547474870e-01
-1.659610792846984706e-01
3.374923503478151066e-01
-1.969795901847553599e-01
2.125958771109404122e-01
-1.247742981165722159e-01
2.980282278923745420e-01
-1.898729632449111804e-01
2.002924022989786834e-01
-1.133452565949179536e-01
3.119743427229727528e-01
-1.972875507807187456e-01
1.735005380996111346e-01
-8.095694312469292608e-02
3.156836628960464353e-01
-1.607493658516703505e-01
1.825443773831297301e-01
-3.552122808397025627e-02
1.844298624657660368e-01
-8.405595842380253480e-02
2.666917424965699612e-01
-1.762054276546967668e-01
2.818256632717792143e-01
-1.812934604839795960e-01
1.848159824895512227e-01
-8.467888298200290653e-02
2.656207683980580936e-01
-1.280829504346568393e-01
2.269875273052718023e-01
-1.543510104814489747e-01
3.298731967395761022e-01
-1.761099578577656199e-01
1.506312313398653902e-01
1.400469640396246052e-01
-6.244779037826259094e-02
3.454017605835827953e-01
-1.953390499869065988e-01
2.069434439680330196e-01
-1.141603947988359957e-01
2.118059067111294491e-01
-1.373852832318642192e-01
3.288182496157655565e-01
-1.751306274647852768e-01
1.556794539365269070e-01
1.082078765874375514e-01
-1.583135194206781310e-02
3.194373182628681973e-01
-1.633558595355719401e-01
1.803176214201245020e-01
-1.180065898434792121e-02
1.731166662180370630e-01
-7.910407428196508661e-02
2.698822291078925573e-01
-1.777869061661302985e-01
2.620607844733285341e-01
-1.708028274752215470e-01
2.750404969046078008e-01
-1.774071810726350340e-01
2.207180774394698064e-01
-1.458902658806736363e-01
3.389886407885698283e-01
-1.901265528090801682e-01
1.867717977901903192e-01
-1.004859180749395342e-01
3.320529804757558767e-01
-2.010042530868863531e-01
1.545458777947171236e-01
4.394100755825654930e-02
1.989851359896480931e-01
-9.050251507527268258e-02
2.630756502819703302e-01
-1.746938665818817404e-01
3.007233753678479338e-01
-1.898775489167832675e-01
1.831332683423720353e-01
-1.051948151463450998e-01
3.336557770501936138e-01
-1.796381635770721574e-01
1.480748249462232879e-01
1.436683281815076541e-01
-6.456725391549876514e-02
3.449133619947033491e-01
-2.001211304935289481e-01
2.103459163343071037e-01
-1.256360445754916566e-01
3.105667507323969234e-01
-1.962451560829867325e-01
1.730426288020838754e-01
-7.733786189376433418e-02
3.133145433587740114e-01
-1.583970282310689648e-01
1.843305990391262417e-01
-5.392454656645370714e-02
2.007454797071616948e-01
-9.176598662994125966e-02
2.610590313513456162e-01
-1.734113343008190089e-01
3.065701349541577470e-01
-1.921444592460054834e-01
1.712738901786880485e-01
-6.898517264906003921e-02
3.017987351867909562e-01
-1.516130660078934544e-01
1.974550862958951158e-01
-1.070690687661102203e-01
2.510438478225708314e-01
-1.175372763235302681e-01
2.373053269071780935e-01
-1.613048472697251878e-01
3.380318780738617579e-01
-1.900958041365199969e-01
1.910751429672539470e-01
-1.034590368893667373e-01
3.156709110363882242e-01
-1.972648236995812321e-01
1.763144386661720797e-01
-9.142834775592387220e-02
3.216535195910567024e-01
-1.677646145216922791e-01
1.715486692297249482e-01
2.892328624498130552e-02
1.363001854199694940e-01
8.685570832054727297e-02
2.067905404279389014e-01
-9.417017262248730813e-02
2.611112066796058007e-01
-1.750776899238974393e-01
3.069414468346237657e-01
-1.933788101313981822e-01
1.703219265436682894e-01
-6.322231696534413858e-02
3.031108477978266547e-01
-1.501955446762943125e-01
1.966609761470814177e-01
-1.098869081840828654e-01
2.501648951363888429e-01
-1.183296410077936955e-01
2.367660031394928644e-01
-1.596980368278668183e-01
3.391424518574525093e-01
-1.887135246487730289e-01
1.916074447883683862e-01
-1.052233422144716879e-01
3.090806467307216643e-01
-1.959836681327442598e-01
1.756440105787158978e-01
-8.609772747462290932e-02
3.195267060177000018e-01
-1.635225675117329414e-01
1.755252320785280484e-01
-3.391496825694614164e-03
1.592684909121606651e-01
-7.182184344525682773e-02
3.438113202362398368e-01
-2.008689680338996975e-01
2.095962267990567895e-01
-1.227108665220909695e-01
3.206719407213099449e-01
-2.002334803230317595e-01
1.821757917209132216e-01
-1.032102135175759355e-01
3.411876635291089532e-01
-1.880464195753558110e-01
1.271911445621990711e-01
1.808904043954814300e-01
-7.724558955917408543e-02
2.751013740063072976e-01
-1.820190371940623164e-01
2.484026417243557772e-01
-1.630793315841083113e-01
3.143055000972814761e-01
-1.955689911981595419e-01
1.773537559193822388e-01
-9.090184674421671052e-02
3.271145724807534294e-01
-1.731780582602193141e-01
1.618475368311454721e-01
8.134771123617198785e-02
4.771358603306165291e-02
2.652765523319925434e-01
-1.248971848256811706e-01
2.322543395373562747e-01
-1.586419788460647906e-01
3.332734560621402053e-01
-1.822472489328471057e-01
1.378926043846689931e-01
1.659974834318471704e-01
-7.061859060374398034e-02
2.822245779372410390e-01
-1.827670842912476612e-01
2.094344996249761226e-01
-1.375984651477586140e-01
3.295441700983370303e-01
-1.763491360590207502e-01
1.525219255487795800e-01
1.277789887672478863e-01
-4.693672886634536745e-02
3.412239186279840686e-01
-1.839243873445599309e-01
1.372081612503286974e-01
1.665838048229515422e-01
-7.192796336436681204e-02
2.816336207985253859e-01
-1.835772153468230861e-01
2.126590812961214605e-01
-1.371712832206153365e-01
3.330412742208629373e-01
-1.797612879772446659e-01
1.457748831720750149e-01
1.470655673125845497e-01
-6.609200126339599690e-02
3.402012806210513163e-01
-2.025458046490525854e-01
1.866203134067113689e-01
-1.071065715758324627e-01
3.297568210938647826e-01
-1.762763015815491940e-01
1.551202427836695930e-01
1.134220249255650098e-01
-2.509393464349455455e-02
3.267465289918902727e-01
-1.693687167773230418e-01
1.697469206689112275e-01
3.972778621909073271e-02
1.131894975375734025e-01
1.668236399584591689e-01
-7.459323760725325436e-02
2.862252517072035873e-01
-1.855553492669349547e-01
1.861365872372892638e-01
-8.368211564708216699e-02
2.732410520033271562e-01
-1.321327829835337586e-01
2.222962938631422025e-01
-1.517299950800069241e-01
3.224643008692139601e-01
-1.691317747035815944e-01
1.649655694987843257e-01
7.195407020336272441e-02
8.482194155001815394e-02
2.230116944125708212e-01
-1.029711678721933615e-01
2.540751562418343545e-01
-1.710137091171238521e-01
3.270608421971664681e-01
-1.981859327170741314e-01
1.550096925174764273e-01
4.668460475029446999e-02
2.050827919804808497e-01
-9.418369413905594567e-02
2.603969610077984109e-01
-1.740619849711859679e-01
3.094334507818544688e-01
-1.938004402168478357e-01
1.720248497947025890e-01
-6.958910260055231611e-02
3.081707095826590748e-01
-1.572006982864904978e-01
1.893775470783000126e-01
-7.467361509390010865e-02
2.206093266771951278e-01
-1.011747200730195445e-01
2.532829061669842341e-01
-1.686974289510716485e-01
3.287446484134770031e-01
-1.996864484510220694e-01
1.582749056075738459e-01
1.275533399520847183e-02
2.300841881085666507e-01
-1.058532861156417232e-01
2.503272587029895524e-01
-1.674391068931669890e-01
3.341019441953180236e-01
-1.996412955133499700e-01
1.856913315219522187e-01
-1.097027841035030371e-01
3.320319294625704298e-01
-1.769988000144256945e-01
1.526962856029109583e-01
1.308877273631258442e-01
-4.937911638772651823e-02
3.416465004563736807e-01
-1.883368627785273752e-01
1.313007626836990294e-01
1.744699884259036105e-01
-7.536877627017475600e-02
2.786492260912468710e-01
-1.817606813871991411e-01
2.339462751539570229e-01
-1.541445880711403982e-01
3.371841878342639598e-01
-1.990446230734964628e-01
2.037768047691204121e-01
-1.208159135613209589e-01
3.358848976027538624e-01
-2.006019482493318906e-01
1.795440732300757347e-01
-8.723427604505216981e-02
3.113884851773959239e-01
-1.595558990888786277e-01
1.850808199352046435e-01
-5.046079455296319238e-02
2.020097286859671992e-01
-9.115864374744203635e-02
2.614559480039840289e-01
-1.724575346882234184e-01
3.061424753937506127e-01
-1.939698284301552833e-01
1.696720519159263529e-01
-6.546612546921047604e-02
3.022678795212801472e-01
-1.506644665309854192e-01
1.983303963167568906e-01
-1.046943477885076135e-01
2.509103750971754532e-01
-1.198219627915493579e-01
2.354247249589594138e-01
-1.599466576840947452e-01
3.382012903690047034e-01
-1.883925435020929462e-01
1.800508816074769813e-01
-9.527511496074189679e-02
3.433245126942755521e-01
-1.984315028607491205e-01
2.181226769624658168e-01
-1.263768024476049912e-01
2.127744068823995971e-01
-1.387990583150648660e-01
3.306469904350561317e-01
-1.755983578833668068e-01
1.524731913641691750e-01
1.277208347887230644e-01
-5.610338610717154062e-02
3.434835257563488842e-01
-1.897962580452834946e-01
1.262929210906209854e-01
1.815452992158367029e-01
-7.810619158080242541e-02
2.760679252733879707e-01
-1.821911634534971736e-01
2.505722718118561509e-01
-1.649565392229333516e-01
3.083234670144198719e-01
-1.939258030434891644e-01
1.711516954128194656e-01
-6.611922211773826885e-02
3.062020663642318619e-01
-1.545087459667824070e-01
1.936035947423840053e-01
-9.612544114665377837e-02
2.380301814148554074e-01
-1.110712117646068808e-01
2.440729537697331197e-01
-1.638371991842155484e-01
3.389726636226609302e-01
-1.973636552326448190e-01
2.137662213680171786e-01
-1.262004734975400999e-01
2.818070449275441591e-01
-1.830424670975891455e-01
1.971628100773551162e-01
-1.212117315155701591e-01
3.048008022506673020e-01
-1.521725221523423655e-01
1.921725556785364719e-01
-9.156487310346084207e-02
2.342603247470842476e-01
-1.091752995055531444e-01
2.459565790256056372e-01
-1.651398260488549097e-01
3.376326134429294412e-01
-1.963276432776080993e-01
2.064003661907595211e-01
-1.232532735744992364e-01
3.260461765356562625e-01
-2.005073623483803469e-01
1.799125401186688900e-01
-9.875678630417569770e-02
3.423616540453643942e-01
-1.882424482195878268e-01
1.321525841466571205e-01
1.574736739212025949e-01
-6.910976647688782393e-02
3.402082484330695156e-01
-2.027453651217476782e-01
1.883880320881494985e-01
-1.103330807989812978e-01
3.350817998768325645e-01
-1.808046615534735224e-01
1.458864661455800682e-01
1.466554790362537830e-01
-6.623521818330625754e-02
3.395976279707120238e-01
-2.027630277482947441e-01
1.837437886989808644e-01
-1.017602634214532786e-01
3.249559884984062341e-01
-1.700308020940954346e-01
1.673304443238981809e-01
4.897109256410631106e-02
1.099501730759051416e-01
1.777509565624539045e-01
-7.844205841708931648e-02
2.721302738273572719e-01
-1.774047793462683875e-01
2.595972991817165343e-01
-1.708854046148782224e-01
2.802325647206634907e-01
-1.816472629625213997e-01
1.920305398297232069e-01
-1.082088376921538087e-01
2.910069562875440830e-01
-1.423080768710169863e-01
2.064977959498836835e-01
-1.387997389749123234e-01
2.844232282964480607e-01
-1.400957335341428689e-01
2.110589823908817220e-01
-1.421858277402950899e-01
2.967947613299819487e-01
-1.469928656660594024e-01
1.990391407719472316e-01
-1.202343247127211495e-01
2.610563807504818756e-01
-1.251341760695445782e-01
2.294178620056764872e-01
-1.553068448511153166e-01
3.332539977423205624e-01
-1.794874691377780773e-01
1.426138834906227060e-01
1.585229545352393465e-01
-6.951285052011429988e-02
3.048748259221759627e-01
-1.947038917723657447e-01
1.920524101272067241e-01
-1.097984609329954730e-01
3.436864349660401219e-01
-1.962696392247524346e-01
2.174140443557329438e-01
-1.269584776920154590e-01
2.241027308973009280e-01
-1.476744492270787579e-01
3.399479932329988463e-01
-1.902968205284382153e-01
1.974357331690239914e-01
-1.061253362088615815e-01
2.850182306671214527e-01
-1.860354906425251698e-01
1.814339506344057051e-01
-7.092808730041968990e-02
2.589847267498301964e-01
-1.225167902615421217e-01
2.328766931323280609e-01
-1.566325656650005838e-01
3.347901821067725270e-01
-1.849050994931578928e-01
1.317001343285119086e-01
1.726799085734614658e-01
-7.464554787623299548e-02
2.790697415767623424e-01
-1.819632406172226879e-01
2.306174010047313538e-01
-1.493753778803325050e-01
3.389638360169577869e-01
-1.974331203824982728e-01
2.147990326708016096e-01
-1.258809760638101849e-01
2.766798986135369232e-01
-1.795921052264642936e-01
2.243283477276165616e-01
-1.451532585371454187e-01
3.396025618610903352e-01
-1.926944442770460730e-01
2.067724803932414757e-01
-1.147065009891686388e-01
2.148575579688026538e-01
-1.401599461779289568e-01
3.328764488940792465e-01
-1.778682549021475823e-01
1.452303397245150451e-01
1.467411563626401239e-01
-6.653314753364825140e-02
3.397901381747175376e-01
-2.028773551341702952e-01
1.853985322350994724e-01
-1.061138410589293896e-01
3.290713840389042910e-01
-1.743804199422315515e-01
1.592241304017688042e-01
9.102496273447316377e-02
2.137691385519068649e-02
2.890890576685729574e-01
-1.408190907192065633e-01
2.133305874885114972e-01
-1.436392437498939523e-01
2.994335659141438843e-01
-1.504460287036755162e-01
1.969250691698859468e-01
-1.095692829669281665e-01
2.528610368977248779e-01
-1.194027777566413623e-01
2.354356358051944431e-01
-1.583233584308578190e-01
3.386929438545200899e-01
-1.889652580282019656e-01
1.647367420759286438e-01
-6.318047296251241840e-02
3.139577218551624638e-01
-1.598868256501184137e-01
1.848578703209140528e-01
-4.083993619339615355e-02
1.978638028694513495e-01
-9.034204234538445455e-02
2.621154514317233786e-01
-1.749022570737441273e-01
2.999846696133435797e-01
-1.904737452645096918e-01
1.841399753243263271e-01
-1.046569348294403429e-01
3.378890083212024442e-01
-1.838147024267681451e-01
1.396630051238099690e-01
1.624549867554020144e-01
-7.016875123110777324e-02
2.829064198947845998e-01
-1.838866095069585649e-01
2.040142506266525435e-01
-1.304578991259312537e-01
3.198589054066340309e-01
-1.662445412732188876e-01
1.726190539750628028e-01
1.768003358715120044e-02
1.450622996576395873e-01
4.409000081224525094e-03
2.948856266080430721e-01
-1.441543264611862829e-01
2.083621568793224132e-01
-1.392421537399102793e-01
2.829340385232694821e-01
-1.394325905266261267e-01
2.119513608295582607e-01
-1.434710429355789962e-01
2.992993375363156017e-01
-1.491735729773010499e-01
1.977984133912012166e-01
-1.104733633985674063e-01
2.503972397302885455e-01
-1.190537832830418502e-01
2.360728370410484223e-01
-1.598430332970670886e-01
3.386805404912350825e-01
-1.886374747450271228e-01
1.878883297724098511e-01
-1.021284709329412649e-01
3.307092335778049619e-01
-2.024092492110964869e-01
1.507298687626220379e-01
6.337767286634587993e-02
1.852632960608575075e-01
-8.223128778045812881e-02
2.689864550275504196e-01
-1.758981128676664063e-01
2.762897728862998559e-01
-1.801223098778695908e-01
2.078100504849428598e-01
-1.350429323578825891e-01
3.263694354665994668e-01
-1.716731551380837884e-01
1.610373044330119519e-01
9.603053231577772519e-02
2.651115817483898698e-02
2.813603476021570571e-01
-1.367544141786648515e-01
2.187649551710581508e-01
-1.487024655277301710e-01
3.133800962483880848e-01
-1.602141811002215088e-01
1.803596298915459695e-01
-2.402792238840577299e-02
1.770183758805880803e-01
-8.039090097253166756e-02
2.690866040586746277e-01
-1.770307254912983908e-01
2.686347824478343416e-01
-1.740380032729630100e-01
2.490364690093934130e-01
-1.640540622488559364e-01
3.152128061625117383e-01
-1.971568273700463891e-01
1.782282126767936181e-01
-9.783645719024677834e-02
3.332569240931529397e-01
-1.771010363650254993e-01
1.526145974147357920e-01
1.262773098823529172e-01
-5.732650772408642847e-02
3.437038809277150886e-01
-1.907715828728092922e-01
1.333672767542003201e-01
1.577855989622636290e-01
-6.767278537668526550e-02
3.429686924379145019e-01
-2.011518894766095022e-01
1.986775986954656681e-01
-1.191484679352332737e-01
3.418451609171401229e-01
-1.981713737935328901e-01
2.162251332214678579e-01
-1.257689542345852285e-01
2.682681231666946831e-01
-1.741485343836126631e-01
2.611377804348717913e-01
-1.719155403924903514e-01
2.752281730290744299e-01
-1.790524067875223224e-01
2.169764886670266235e-01
-1.410668187556305131e-01
3.372758821302750953e-01
-1.836329612166579528e-01
1.316736016453887437e-01
1.718732254364526979e-01
-7.505058182799900779e-02
2.788464699599864094e-01
-1.826040647839609898e-01
2.291144139858518891e-01
-1.492376187321743930e-01
3.405850277820586802e-01
-1.973391306462443373e-01
2.162431856614095982e-01
