5.046946222891300238e+00
-3.985243751087973685e+00
1.945741762594411783e+00
2.658542501595705598e+00
-2.210604011745366471e+00
3.521210003089043639e+00
-4.701685094018306366e+00
-3.242318589687511188e-01
4.408400837138624517e+00
-3.755957488643561604e+00
1.445620062532952943e+00
4.402760553059776427e+00
-2.232790390592515273e+00
2.921232303233492367e+00
-4.226375984139507658e+00
-5.586538237851053079e-01
3.837431304174876878e+00
-3.519193293507264286e+00
1.033601295652242236e+00
3.945365282569791798e+00
-2.225685136652442164e+00
2.401542950758657202e+00
-3.781586626222141145e+00
-7.373906894554178582e-01
3.319448410939368266e+00
-3.271433572325790351e+00
6.896637895366832804e-01
3.514994545082993138e+00
-2.183517393829760511e+00
1.943595245500656432e+00
-3.352513223721797608e+00
-8.681710636188136876e-01
2.848469640427647498e+00
-3.021306178287194832e+00
4.087279393640770309e-01
3.133697184868081020e+00
-2.126798205043515022e+00
1.554204852705538320e+00
-2.957656652979622436e+00
-9.634649372416581592e-01
2.436017143942207586e+00
-2.775250324725052398e+00
1.813205824327080995e-01
2.782379797223493600e+00
-2.050620769773456864e+00
1.218730166072603538e+00
-1.177245582122425027e+00
-1.027454437591886816e+00
2.064918785947098101e+00
-2.528255193528512912e+00
-1.005621543612583713e-03
2.463896330843651672e+00
-1.962341772010929963e+00
9.345199427532879799e-01
1.289936217433044874e+00
-1.067749601200099097e+00
1.736430293550967008e+00
-2.287929430830620614e+00
-1.454299082323643189e-01
2.172068361418819205e+00
-1.862212401467655543e+00
6.942773887243971487e-01
2.088973493953034222e+00
-1.087828076506273334e+00
1.444051045374046494e+00
-2.051478583654997578e+00
-2.581670658048825784e-01
1.905693993111781781e+00
-1.753596560617702638e+00
4.940780165408327762e-01
1.888197785722902644e+00
-1.092688676911864665e+00
1.186885231012077435e+00
-1.824405744989528122e+00
-3.451451050440861867e-01
1.662658094114276119e+00
-1.638359142688434966e+00
3.289771751425935586e-01
1.702143920135292587e+00
-1.082929463051246266e+00
9.613778526170396743e-01
-1.606119349914420180e+00
-4.111180176282634990e-01
1.441343953538994471e+00
-1.518640700879655414e+00
1.946894004309223658e-01
1.537803871034540970e+00
-1.066468601311203468e+00
7.670913705149688955e-01
-1.399965473906933600e+00
-4.609771765726994874e-01
1.241119988355136261e+00
-1.396775305180139037e+00
8.635764565528300518e-02
1.383202904889199170e+00
-1.038613121508193515e+00
5.996110014113399389e-01
-5.372493564425950829e-01
-4.999755182859144664e-01
1.059566022052907508e+00
-1.273014286620509639e+00
-1.179986420499282151e-04
1.243807536862894914e+00
-1.005447436904548519e+00
4.579698639320928799e-01
6.292435963665373722e-01
-5.261768757411795505e-01
8.943900930699889562e-01
-1.147347903677631953e+00
-6.860536270058201214e-02
1.113310477220943895e+00
-9.644401844508466715e-01
3.387888061785471194e-01
9.933437613641299402e-01
-5.444919317754695065e-01
7.463754942190626851e-01
-1.022886363905723739e+00
-1.226288652868836454e-01
9.908140276172485716e-01
-9.162617827492330891e-01
2.397891000655669458e-01
9.145510365171897194e-01
-5.554042132392965625e-01
6.140401642062868204e-01
-8.999321301701060927e-01
-1.652670105069284356e-01
8.780872407074740149e-01
-8.640257777598375766e-01
1.591827228419461226e-01
8.448855173816071096e-01
-5.616481291136592446e-01
4.969834815476232293e-01
-7.809350268717403232e-01
-1.995808869507763317e-01
7.727627724797702102e-01
-8.069444949532712519e-01
9.437205485898800261e-02
7.834297936525990158e-01
-5.644634628377035446e-01
3.966909265042365407e-01
-6.695591067667947538e-01
-2.281579831942850967e-01
6.754247706666831608e-01
-7.466157721822361815e-01
4.249519060471667470e-02
7.261149771447275025e-01
-5.625958600225238193e-01
3.097128724779646403e-01
-2.869440223326783501e-01
-2.522638060969962237e-01
5.842286660255014974e-01
-6.823181147901472565e-01
1.145320712680579500e-03
6.712753882597111144e-01
-5.556885878898270015e-01
2.355371792566665068e-01
2.777485266253131302e-01
-2.729282834957563186e-01
4.988517203128363109e-01
-6.141106191622636157e-01
-3.195921359779829024e-02
6.193596900530032867e-01
-5.448181341370342823e-01
1.739785304932549570e-01
4.838426640492415887e-01
-2.919916702838618594e-01
4.206850546059510698e-01
-5.446391847169026468e-01
-5.908953408155893927e-02
5.685517240225854696e-01
-5.290259656617420925e-01
1.230849753074632486e-01
4.667556934796397439e-01
-3.086864986726458038e-01
3.491277876901024979e-01
-4.740118312196658357e-01
-8.200620560676537274e-02
5.179120394446775633e-01
-5.077800048974958624e-01
8.191739996347578712e-02
4.521323990388566028e-01
-3.233184080869715427e-01
2.841650803292561367e-01
-4.028740387572574688e-01
-1.023994507621872885e-01
4.678526319616840290e-01
-4.815604232513123750e-01
4.912994206513367906e-02
4.395457829834585328e-01
-3.362250605318395369e-01
2.268497230890887117e-01
-3.339499894833976024e-01
-1.216532575523707471e-01
4.185569111668203668e-01
-4.507174615012569108e-01
2.314118489035965620e-02
4.270024744023520613e-01
-3.452635721639947253e-01
1.767989548771694841e-01
-1.359496657634805261e-01
-1.404371151639857707e-01
3.695240266418726161e-01
-4.146396882413806440e-01
2.282449338813503925e-03
4.134632583914311099e-01
-3.525619557092193879e-01
1.340499379327031448e-01
1.507573160366947884e-01
-1.597472756963612961e-01
3.220814535366894882e-01
-3.749964460264501587e-01
-1.502434479591516214e-02
3.981267761300506525e-01
-3.562909840582789700e-01
9.839251697949323583e-02
2.543465758610939931e-01
-1.794949693473922303e-01
2.763129006736658733e-01
-3.319047046348071461e-01
1.386760955349906552e-02
3.190344266620694924e-01
-2.496028208972327911e-01
1.872239799489009149e-01
-2.417800131122884721e-01
-7.895198976177510153e-02
3.443222888527551206e-01
-3.591443500778755404e-01
2.623973541011270227e-01
-2.224879911298196233e-01
1.235850250388457472e-01
-1.177370688964957529e-01
1.706559218771142861e-01
-1.371472678738696604e-01
2.295966471813389864e-01
-2.616453826418193573e-01
3.533258624556521177e-01
-3.093852551875561629e-01
1.051114442722609205e-01
1.688867349220364578e-01
-1.403429431431610364e-01
2.726979906509019447e-01
-3.137019471330935172e-01
2.921618053481335187e-01
-2.411121193617030145e-01
1.461948540923644346e-01
-1.720850699433910114e-01
-7.936427204006560321e-02
3.826083253560785824e-01
-3.563692001484393690e-01
7.664762210149583810e-02
2.619915905585141203e-01
-1.926620811473082340e-01
2.436477222017385258e-01
-2.964067069434163648e-01
8.848614824305518767e-02
4.100568235729307176e-02
-9.810743761891872750e-02
3.834453161320408032e-01
-3.486649960807690074e-01
8.962083691598715651e-02
2.475485954724148396e-01
-1.775265749315297903e-01
2.614829664445438850e-01
-3.120350050962198418e-01
1.381067590243319210e-01
-1.223947803645465682e-01
2.027495068042907966e-01
-2.242024417577559436e-01
3.619150719640079061e-01
-3.424849550022549538e-01
1.673096671717901329e-01
-1.497687095920243738e-01
1.736982737474231653e-01
-1.651754688059784981e-01
1.888420686028461082e-01
-1.892685704738367169e-01
1.984658827134658243e-01
-1.864911713117535785e-01
1.665686472263204210e-01
-1.638919966027866104e-01
1.856032191474191739e-01
-2.025024952360255925e-01
3.532303346400437749e-01
-3.466008864125126876e-01
2.479563372026848400e-01
-2.150896979091337369e-01
1.955320010276696552e-01
-1.783909038293496896e-01
2.160017612925518860e-01
-2.154736212653926841e-01
1.519735140126095840e-01
-1.549703462846349356e-01
3.349071586856320892e-01
-3.416296033586032621e-01
2.990572155388419584e-01
-2.632934634978618127e-01
2.072027510264839723e-01
-1.873074223241513736e-01
2.311135315268548762e-01
-2.272992726010404363e-01
1.718431416284411373e-01
-1.774615915641962471e-01
2.968477691688369280e-01
-3.132086282841459735e-01
3.334561058837073322e-01
-3.096879834703580303e-01
2.495707014733840046e-01
-2.237190064777963283e-01
2.496378476925061041e-01
-2.381870889985551742e-01
2.154702478213848249e-01
-2.232502352101540244e-01
2.525647874999171760e-01
-2.721054872993998730e-01
3.336354146556274602e-01
-3.288316901943279524e-01
2.932036406328428768e-01
-2.650675348296797629e-01
2.606936214415301323e-01
-2.410849958938542370e-01
2.475344979170612525e-01
-2.480445361811065563e-01
2.315360150593203936e-01
-2.482454997271635322e-01
3.113203021079989918e-01
-3.195170758540616940e-01
3.205192636096584335e-01
-2.986556491503660760e-01
2.758835856004127618e-01
-2.514247184925314516e-01
2.631746107022380765e-01
-2.583778217465983462e-01
2.404585117436298103e-01
-2.517968127893175367e-01
2.814797018365854386e-01
-2.949816160866937098e-01
3.261635022146533447e-01
-3.161013936503070387e-01
2.962100475756986317e-01
-2.750738278372505397e-01
2.747251306162267759e-01
-2.616856950379990443e-01
2.583624003723032359e-01
-2.621477401390336359e-01
2.626765696631292446e-01
-2.747536785790256064e-01
3.116590543541466474e-01
-3.158751077058730150e-01
3.134119084956114021e-01
-2.966613643344256368e-01
2.860868931405926574e-01
-2.682495355117598956e-01
2.724473929667684535e-01
-2.678435294855589510e-01
2.615762482999517413e-01
-2.711191430973194927e-01
2.924297522861489806e-01
-3.020085891288598612e-01
3.180466310829404564e-01
-3.091453049063417891e-01
2.995558269212862390e-01
-2.807830268483270664e-01
2.825425501766946068e-01
-2.728536589281920222e-01
2.677641666478222660e-01
-2.729557154108324113e-01
2.779515154735086035e-01
-2.877573669807846346e-01
3.108087339485218759e-01
-3.095024074849903051e-01
3.102492806641442558e-01
-2.961801555525916951e-01
2.896804985879729566e-01
-2.775446678221153984e-01
2.772439996837944842e-01
-2.755774412127071638e-01
2.735343325488240329e-01
-2.802023120281340041e-01
2.982578201727314471e-01
-3.034137302506689227e-01
3.117877764552092201e-01
-3.048119365690055149e-01
2.989639629289297940e-01
-2.854332775760435315e-01
2.854333091960965518e-01
-2.777609649613764775e-01
2.767821448107005144e-01
-2.785177909762993065e-01
2.855761355205369556e-01
-2.934718773679730330e-01
3.075056079421754629e-01
-3.059538381659821504e-01
3.062251140580176112e-01
-2.943649665004847149e-01
2.929710071305738905e-01
-2.814047210110403041e-01
2.811337932229536207e-01
-2.813747018806166400e-01
2.811968187572336242e-01
-2.869081535424685137e-01
2.990864986549045534e-01
-3.008939338765212468e-01
3.085633876308783163e-01
-3.000334684502947713e-01
2.977570118695376800e-01
-2.887176622525969294e-01
2.874002702335538006e-01
-2.828745960823790817e-01
2.823974251018622206e-01
-2.843507283124040441e-01
2.917608206857261743e-01
-2.942454521437998238e-01
3.040781557946370950e-01
-3.029216379834265838e-01
3.028140497084372273e-01
-2.944348102742863627e-01
2.931913127313913181e-01
-2.853134727749336852e-01
2.858668332563062964e-01
-2.836294792905985074e-01
2.877431217074013503e-01
-2.909468126837705393e-01
2.988782841642917409e-01
-3.001830416080512043e-01
3.048361228999181272e-01
-2.983497444567563273e-01
2.983361572907712866e-01
-2.888313973619431874e-01
2.902374590426158862e-01
-2.862287787087378077e-01
2.855674600535828001e-01
-2.880302341127861654e-01
2.937654243916016372e-01
-2.956540275377543825e-01
3.034680955942497538e-01
-2.992268503912958733e-01
3.020020577149234997e-01
-2.944642040681439976e-01
2.928184699301812910e-01
-2.878529789235771408e-01
2.877212207846004954e-01
-2.868622157121726302e-01
2.904706185152873266e-01
-2.914821801992408812e-01
2.999403311799151983e-01
-2.974061259691289649e-01
3.018078141544171533e-01
-2.972958742588800440e-01
2.968473505868937101e-01
-2.902110204345046962e-01
2.909091916528192545e-01
-2.869016920388304803e-01
2.897524496602399968e-01
-2.886974440866069136e-01
2.943806728499555603e-01
-2.962425832000827319e-01
3.010627574802572926e-01
-2.980265433362415672e-01
2.998907935033413574e-01
-2.929362388942102768e-01
2.945653145207879353e-01
-2.880431982222833032e-01
2.891315602354599945e-01
-2.893266270026907949e-01
2.918634515909431792e-01
-2.929979100706496808e-01
2.989320217674445446e-01
-2.969624155612040628e-01
3.012845199478250136e-01
-2.948013162076022486e-01
2.956694959871167816e-01
-2.915925140881661659e-01
2.912877699121259045e-01
-2.890643299776781694e-01
2.909640224785544627e-01
-2.906132852381093090e-01
2.961458775514360098e-01
-2.946092534534906493e-01
3.010344277142595337e-01
-2.974283887987113628e-01
2.981927199689327068e-01
-2.934564159824044061e-01
2.942262280234645422e-01
-2.897089339358872584e-01
2.919572764150555333e-01
-2.892816743994895967e-01
2.943927383552204513e-01
-2.940170423730841809e-01
2.975360679546772413e-01
-2.964242557904067654e-01
2.992282611388127345e-01
-2.946951383871240782e-01
2.967314680209858224e-01
-2.909068901710901156e-01
2.936516505471303828e-01
-2.909310478124719213e-01
2.919411709341265815e-01
-2.921624969373729508e-01
2.959116856631958670e-01
-2.948302034320574028e-01
2.991832096083211767e-01
-2.950293523757515080e-01
2.985466954131169026e-01
-2.940733645893732207e-01
2.939835658103062133e-01
-2.913687121432984029e-01
2.927110281446160256e-01
-2.910080943154943478e-01
2.945662209349494964e-01
-2.927205185313225266e-01
2.981131222156198635e-01
-2.941598473606865105e-01
2.975245701306616919e-01
-2.948471916146010452e-01
2.959250721331753153e-01
-2.920394547406043317e-01
2.939184788464646036e-01
-2.905002435538392436e-01
2.942359642765198235e-01
-2.912509412921816532e-01
2.951482091691645104e-01
-2.949302214791314491e-01
2.976466124547029191e-01
-2.949273483911919458e-01
2.974281154579078157e-01
-2.928062370746508103e-01
2.956345148035362524e-01
-2.906656402395385586e-01
2.927913958058567800e-01
-2.922100752955045788e-01
2.942747303098420253e-01
-2.933683646116179711e-01
2.971287178801006457e-01
-2.943878153246891616e-01
2.982895993425042080e-01
-2.932685647183442268e-01
2.952387790685225832e-01
-2.930047571489534652e-01
2.938516686953432377e-01
-2.917647926363357014e-01
2.943050953934353009e-01
-2.922760399319485058e-01
2.965423402950744247e-01
-2.933510003931123489e-01
2.983495956632660762e-01
-2.950990058303457619e-01
2.962811600717133453e-01
-2.933457721500032922e-01
2.951016858962399181e-01
-2.917229792949809219e-01
2.947126016340027022e-01
-2.914218302861218968e-01
2.960382018020121797e-01
-2.941453381784839838e-01
2.961984833278388241e-01
-2.945920015339101306e-01
2.969483449373588879e-01
-2.935260878503015425e-01
2.963151449246735347e-01
-2.918676690753899683e-01
2.955439170895731160e-01
-2.928947856238690584e-01
2.941724885057070416e-01
-2.931529243915711458e-01
2.958702123503753612e-01
-2.937117305474673534e-01
2.972144921295440945e-01
-2.933453835620266625e-01
2.971860555446517171e-01
-2.939950305847764955e-01
2.946586204645987861e-01
-2.928069560165899032e-01
2.946096785844826149e-01
-2.924415684396872717e-01
2.957990273016000149e-01
-2.928531593153815282e-01
2.972250941392819978e-01
-2.928454964131844696e-01
2.958067160000681373e-01
-2.938550196007481685e-01
2.952351359659162733e-01
-2.924546136577609312e-01
2.950695063209936020e-01
-2.919869333403106726e-01
2.959062073842960716e-01
-2.921856462869431015e-01
2.954302485767993369e-01
-2.943431307022105203e-01
2.962806612858217004e-01
-2.937011088194453889e-01
2.962459995592389705e-01
-2.925378135933281998e-01
2.959372928038065953e-01
-2.916205640888505091e-01
2.942410715519729880e-01
-2.933820244161565172e-01
2.953180435633744327e-01
-2.935671691274487904e-01
2.964766435345101980e-01
-2.933381530283313277e-01
2.967783715498685804e-01
-2.924095238814470310e-01
2.947847785365724782e-01
-2.934498970403395801e-01
2.948662198164133108e-01
-2.929422836725243950e-01
2.955591620764286831e-01
-2.928522554080518203e-01
2.964619760615890276e-01
-2.926765336625223313e-01
2.971434085240852174e-01
-2.941193694587554419e-01
2.955072061314963361e-01
-2.933357394718977829e-01
2.955369876189359313e-01
-2.925627735449700673e-01
2.957657309850723060e-01
-2.921769348525381504e-01
2.965783690321390220e-01
-2.940768486442285612e-01
2.955279693310561284e-01
-2.937667889661993437e-01
2.960752770941328382e-01
-2.931314405416335367e-01
2.961437978924701397e-01
-2.922678929978679285e-01
2.962762422576823429e-01
-2.936913923828998185e-01
2.948945600406425727e-01
-2.934512810529256166e-01
2.957554677510001451e-01
-2.932532234110116209e-01
2.963718410454005969e-01
-2.927179278226118564e-01
2.966800843968880885e-01
-2.939840246643622423e-01
2.949140956141110825e-01
-2.933476229395485801e-01
2.953265029882804482e-01
-2.929749808478133710e-01
2.960483145483378542e-01
-2.927255598126030089e-01
2.968058876195148188e-01
-2.923634583596912973e-01
2.953101708263095593e-01
-2.937000525053993227e-01
2.954372105439814766e-01
-2.929214136199397300e-01
2.955621784586627832e-01
-2.923290190193672533e-01
2.960847556751445842e-01
-2.921488652072617986e-01
2.952009263741621203e-01
-2.940491181876115911e-01
2.958310409238155136e-01
-2.933875485503899538e-01
2.959488691723393128e-01
-2.925785818848340991e-01
2.960971079826882346e-01
-2.919523010765961435e-01
2.946250913832505480e-01
-2.936563298928050458e-01
2.954207260594916562e-01
-2.934512540835360062e-01
2.960687869657439020e-01
-2.929853855178324307e-01
2.962240905798592672e-01
-2.921357780625892242e-01
2.965552843093242630e-01
-2.936787087520126849e-01
2.952603345263673518e-01
-2.933892799877769741e-01
2.959021825320305443e-01
-2.930411315676056394e-01
2.964852953923082235e-01
-2.925124338649444655e-01
2.968501888779122022e-01
-2.938633806945602500e-01
2.950340483935717240e-01
-2.931466762415917415e-01
2.954537104059302144e-01
-2.928029112164947101e-01
2.962860025302984091e-01
-2.926165095726079857e-01
2.968862556703518729e-01
-2.940896777618837166e-01
2.952879852144065231e-01
-2.933898832606686158e-01
2.954654934172049607e-01
-2.927268541395861012e-01
2.958493884551472997e-01
-2.923262209173571047e-01
2.963576792188881148e-01
-2.939347550608917281e-01
2.951778525772171258e-01
-2.936924840744298826e-01
2.959348443561766739e-01
-2.933170915023469716e-01
2.963760013709805241e-01
-2.926414825317529833e-01
2.963106826280637041e-01
-2.916776927156368715e-01
2.945722857003671424e-01
-2.932934120686892521e-01
2.954718693792545148e-01
-2.933141915031536318e-01
2.963592564447720679e-01
-2.929632690028163289e-01
2.969211925346832426e-01
-2.923170138981293631e-01
2.950089747822639552e-01
-2.934646207801505646e-01
2.950657989733923570e-01
-2.928164159366469232e-01
2.955760701653876721e-01
-2.926107920477394875e-01
2.966546316724752996e-01
-2.926449891399203751e-01
2.954989279482708175e-01
-2.940830936214775537e-01
2.956770540092299449e-01
-2.931610877458395437e-01
2.956136292351442263e-01
-2.923582596731081340e-01
2.958354765449032753e-01
-2.919239282862620688e-01
2.947028920273235819e-01
-2.938761924813827475e-01
2.957568203783303984e-01
-2.937647357753070398e-01
2.963726238497378929e-01
-2.930437032860528368e-01
2.963702769672872939e-01
-2.920905610772077110e-01
2.963639964111943748e-01
-2.934463664887168588e-01
2.949201813934703709e-01
-2.932325287776590961e-01
2.958043574889466232e-01
-2.931075919060385782e-01
2.966463281495747562e-01
-2.926800949560737219e-01
2.969163127416739600e-01
-2.938716870574316631e-01
2.950450334071417213e-01
-2.931494265573780789e-01
2.954968798615029701e-01
-2.928464619140203062e-01
2.962076582620102871e-01
-2.925601537853517731e-01
2.969188841451616545e-01
-2.941698302386159813e-01
2.952860858074411454e-01
-2.934260612944921687e-01
2.953622209146165023e-01
-2.926528929341784546e-01
2.958040456666235496e-01
-2.923791878247110065e-01
2.964113166374287567e-01
-2.940164369093593577e-01
2.951743966155426779e-01
-2.936389593250816610e-01
2.957278601483803726e-01
-2.931542717713588875e-01
2.961337712680374157e-01
-2.925338879619338028e-01
2.963882366052997819e-01
-2.919423508955872881e-01
2.948589208105768522e-01
-2.935111184215613012e-01
2.955645585706338507e-01
-2.932378896288416747e-01
2.961754113250743004e-01
-2.927796355510330906e-01
2.966034030273752564e-01
-2.921745143451217608e-01
2.949282383017826636e-01
-2.935183059765403835e-01
2.953107076912855899e-01
-2.930708789990298935e-01
2.958697419637905113e-01
-2.927099740060279398e-01
2.965785577442940357e-01
-2.923943828781567222e-01
2.951375034955963095e-01
-2.937903422309662838e-01
2.954332212362620336e-01
-2.931494745986300554e-01
2.956781790644932295e-01
-2.925826851979318466e-01
2.961878869602965758e-01
-2.922371849165921742e-01
2.949578884714175175e-01
-2.939275719659545372e-01
2.953643470723873454e-01
-2.933276846840943697e-01
2.958380591094145196e-01
-2.928117106926005908e-01
2.961648027987316412e-01
-2.922519009421296610e-01
2.967059503844983182e-01
-2.938744437503781337e-01
2.953860698591797007e-01
-2.935152449987962209e-01
2.959608884465566581e-01
-2.930029732736573744e-01
2.963808004042455257e-01
-2.924212274672589040e-01
2.967464516224697091e-01
-2.938448839239459209e-01
2.951330205776567794e-01
-2.933132313695557825e-01
2.955772952544454824e-01
-2.928771087246158089e-01
2.961774064608579948e-01
-2.925539610326102213e-01
2.967455211988707098e-01
-2.940756215868681189e-01
2.953055616100738190e-01
-2.935387329970100545e-01
2.956261294489882507e-01
-2.929440407365735410e-01
2.959632158225460330e-01
-2.923984479826496341e-01
2.964389437617422907e-01
-2.940087140947709177e-01
2.951679040035564694e-01
-2.936785700234584295e-01
2.956939931620841122e-01
-2.931880614337125657e-01
2.961423570263344018e-01
-2.926286965085466707e-01
2.964945274325760938e-01
-2.920644003795460630e-01
2.948868527412201179e-01
-2.935037774877807815e-01
2.954349915580421482e-01
-2.931486975204579126e-01
2.961135418239965178e-01
-2.928036492115732026e-01
2.965919537307498688e-01
-2.922401162022300047e-01
2.948129827434319283e-01
-2.934372809449702357e-01
2.951549831354413067e-01
-2.930024318354058632e-01
2.958096500618323521e-01
-2.927651961255513524e-01
2.964691638754445302e-01
-2.923630664954430247e-01
2.950816709832350671e-01
-2.938536417598596184e-01
2.953238278444441645e-01
-2.931594065340080713e-01
2.957437965754434739e-01
-2.927360298964032936e-01
2.963147353689493113e-01
-2.923517207893582270e-01
2.949774354402285304e-01
-2.938988018601071950e-01
2.953996691180432732e-01
-2.933225042459064458e-01
2.957176621407258676e-01
-2.927207199509802571e-01
2.962255966942085039e-01
-2.923606275550443279e-01
2.967833094991893517e-01
-2.939592869812025500e-01
2.953381856606725475e-01
-2.934459635501528996e-01
2.956170550768695282e-01
-2.927284491235438990e-01
2.959498060015858245e-01
-2.922908984654408737e-01
2.965710633968193233e-01
-2.940531418537378761e-01
2.954069050369508287e-01
-2.937096313290076810e-01
2.960164717477283824e-01
-2.931590731944244133e-01
2.961798125366749135e-01
-2.923184283085530355e-01
2.962643824984814711e-01
-2.937235835056802302e-01
2.949219951009583451e-01
-2.935028479368455012e-01
2.956698161364113564e-01
-2.932603620507516773e-01
2.964656359027023069e-01
-2.928439986937973472e-01
2.967802094306677407e-01
-2.920545570727373086e-01
2.949089761983863522e-01
-2.932750224527880256e-01
2.952046480137054951e-01
-2.928940378047466542e-01
2.958210808238296297e-01
-2.926361947313289580e-01
2.966958404900600921e-01
-2.923951973754048694e-01
2.953588283064713660e-01
-2.938397609692847690e-01
2.956080389069501990e-01
-2.930907757723211216e-01
2.957006357037700317e-01
-2.924007837912308561e-01
2.960858004511510710e-01
-2.920429344873741728e-01
2.950313590832790434e-01
-2.939356033483419006e-01
2.958274206660607142e-01
-2.935177426318135163e-01
2.960944413902474315e-01
-2.927259575984912932e-01
2.962975363293566811e-01
-2.920816028342595461e-01
2.945947751430414430e-01
-2.935379991918605769e-01
2.951575158190704595e-01
-2.932901656254284228e-01
2.960129414159474170e-01
-2.930400230808520301e-01
2.965653790588249072e-01
-2.924183472381304272e-01
2.968059345635247759e-01
-2.936892113162755114e-01
2.950112309058651183e-01
-2.930516071483723062e-01
2.955688327381243430e-01
-2.928178507979594114e-01
2.962579584488189144e-01
-2.925304225496400123e-01
2.969754662217851671e-01
-2.941103785264727044e-01
2.951980092772710229e-01
-2.932346487793089373e-01
2.954297763230418483e-01
-2.927045213936796397e-01
2.960216763427408471e-01
-2.924227035875587855e-01
2.967539923081709552e-01
-2.940998472181062251e-01
2.954061903662714705e-01
-2.935758966594683717e-01
2.957889679901233304e-01
-2.929821910003494456e-01
2.960356683479904993e-01
-2.923806883608588425e-01
2.964428475494847448e-01
-2.939245863484717392e-01
2.949697744985573800e-01
-2.934891075411391603e-01
2.956386691671442080e-01
-2.931391864285755045e-01
2.961685307461872640e-01
-2.926624735908351926e-01
2.966561886797284275e-01
-2.921177865190872636e-01
2.951733355718451635e-01
-2.935964748136457025e-01
2.954516186058308014e-01
-2.929888218192326921e-01
2.959163990097855024e-01
-2.925565690545276487e-01
2.964314968376459691e-01
-2.921519758585546800e-01
2.951353155429142783e-01
-2.937928156963118820e-01
2.956527529549080047e-01
-2.932579721326468714e-01
2.959539695914422119e-01
-2.925777632443092302e-01
2.962304304725549287e-01
-2.920562933537088623e-01
2.948104470335998761e-01
-2.936739781248233205e-01
2.954735184495108635e-01
-2.933659258264285086e-01
2.959912583350469140e-01
-2.927974985374183770e-01
2.963463371803842228e-01
-2.921957120792754714e-01
2.947595412556734407e-01
-2.936836175064441168e-01
2.953087611908088439e-01
-2.933209822142963663e-01
2.959447693922554468e-01
-2.929370094118704526e-01
2.963814420499034652e-01
-2.923632731640845583e-01
2.967839458733731450e-01
-2.938016417067141339e-01
2.952521181211456569e-01
-2.932716669424864087e-01
2.956179722841911217e-01
-2.927676892959202859e-01
2.962423206494482764e-01
-2.924383338940249044e-01
2.968506242558176522e-01
-2.940285191848832080e-01
2.954079160145476335e-01
-2.935220641119156149e-01
2.957621768558179598e-01
-2.928976351319197424e-01
2.960619701546323146e-01
-2.923312316484432127e-01
2.964501225432514819e-01
-2.938394770296303138e-01
2.950897093386592451e-01
-2.934927468030935627e-01
2.956308060666511528e-01
-2.930877111767050125e-01
2.961703256447293930e-01
-2.925966519112397912e-01
2.966382550085375214e-01
-2.940363617928936635e-01
2.951088426237797879e-01
-2.935277103698484824e-01
2.956340690631270585e-01
-2.931021157549829059e-01
2.960629634098899676e-01
-2.925770693309547865e-01
2.964623031795861063e-01
-2.920497204498769817e-01
2.950111682658441703e-01
-2.935904943664436328e-01
2.954715694042969742e-01
-2.931135992260257006e-01
2.958256075690319786e-01
-2.924932071005227341e-01
2.963021578772060405e-01
-2.921085309685047537e-01
2.950493373984165446e-01
-2.938153658004371005e-01
2.956505515203567969e-01
-2.933570638275996290e-01
2.961010831865392157e-01
-2.927295933263313610e-01
2.961859859855621724e-01
-2.920046311281229712e-01
2.946769249700100790e-01
-2.936188462931043075e-01
2.954833928131876952e-01
-2.934604023473323386e-01
2.961900735834653298e-01
-2.929972073183459980e-01
2.965549426340637895e-01
-2.922852180624956886e-01
2.947205029237944807e-01
-2.935409627076841499e-01
2.950115469038656624e-01
-2.930898733744303764e-01
2.956427171843742374e-01
-2.928653296474991730e-01
2.965256156011493172e-01
-2.926568668322764299e-01
2.970500961188651257e-01
-2.940677663788535678e-01
2.954866362719937856e-01
-2.933752780206722588e-01
2.955840792021055541e-01
-2.926310167774179294e-01
2.958738705050330542e-01
-2.922267757809602906e-01
2.966028801531306880e-01
-2.940185745100443171e-01
2.951813895289063794e-01
-2.934763728833009733e-01
2.957744934539364157e-01
-2.930848892083669499e-01
2.962753316185917640e-01
-2.925323815166658292e-01
2.967269898334160549e-01
-2.940067224257080780e-01
2.950647186824802426e-01
-2.933835349424850358e-01
2.955127942434938593e-01
-2.929549350871727964e-01
2.960573575257992029e-01
-2.925657289730115851e-01
2.966337172041801917e-01
-2.941204686338810270e-01
2.952071827667338000e-01
-2.935842348669858159e-01
2.955008535306962170e-01
-2.929605737687767664e-01
2.959154222774282861e-01
-2.925088833657210063e-01
2.964688927805164687e-01
-2.921617517613462334e-01
2.950497296914242895e-01
-2.936812709351874773e-01
2.955446312446154411e-01
-2.932018515182335250e-01
2.959697115358134734e-01
-2.926703763811996928e-01
2.965312539317549456e-01
-2.922539134042239084e-01
2.950272600775996623e-01
-2.936663309576351133e-01
2.953896553218543497e-01
-2.931110605693382221e-01
2.958564110754551280e-01
-2.927249151058944343e-01
2.964506613016372749e-01
-2.923273193426928485e-01
2.949949293179730536e-01
-2.937618842195467983e-01
2.954444388739803640e-01
-2.932953678311969736e-01
2.956058253530722824e-01
-2.925481961732169234e-01
2.961384336374074389e-01
-2.922692341649872905e-01
2.968547572610544250e-01
-2.939551184498726544e-01
2.954573787215553637e-01
-2.934381445303760882e-01
2.958462361174366562e-01
-2.928441920977931656e-01
2.961745742316422292e-01
-2.922307984828746985e-01
2.965456858915375693e-01
-2.937876193617208753e-01
2.952522820133984816e-01
-2.934666658602421152e-01
2.957647333361311803e-01
-2.929712066473562082e-01
2.962954019522593407e-01
-2.924745024001449423e-01
2.965958852899470144e-01
-2.938423227761660650e-01
2.950555220269533430e-01
-2.933846612216890470e-01
2.956095235001020560e-01
-2.930282957837794244e-01
2.962235506685982900e-01
-2.926396723123720900e-01
2.967176167848513679e-01
-2.940811183372468163e-01
2.950631531648892358e-01
-2.934384630688506301e-01
2.956640667887123763e-01
-2.931108799805223208e-01
2.958815244362347219e-01
-2.923730113645290896e-01
2.963038191434601565e-01
-2.919628761546449458e-01
2.951581437803200703e-01
-2.937719455995346229e-01
2.958919354465173734e-01
-2.933618103864542581e-01
2.962670762274374758e-01
-2.926586045198808494e-01
2.964297224910154571e-01
-2.919664498445362355e-01
2.947506451678977846e-01
-2.934296739496550233e-01
2.952943972222373814e-01
-2.931089301534507974e-01
2.960167302576407478e-01
-2.928388295471939795e-01
2.966396029855852823e-01
-2.923345606147921827e-01
2.950354170248441488e-01
-2.936819094221001514e-01
2.952949084762375165e-01
-2.930837104473381083e-01
2.956969748005959242e-01
-2.926321321551115795e-01
2.963698121646670680e-01
-2.923491654923863758e-01
2.950611474405455126e-01
-2.938917561804847978e-01
2.954431950218576741e-01
-2.932841130416624642e-01
2.957097917745579729e-01
-2.926469968357099383e-01
2.960770732494575341e-01
-2.921766884688399291e-01
2.966742985966452362e-01
-2.938903720465945724e-01
2.952249883463379243e-01
-2.933355400100029486e-01
2.957288969399081147e-01
-2.929292406439000795e-01
2.962971527952281692e-01
-2.924288638887418967e-01
2.967930894542700759e-01
-2.939436423056096537e-01
2.952706831138054988e-01
-2.933649828537010507e-01
2.957051382594285127e-01
-2.929210472515228481e-01
2.961917450793001283e-01
-2.924407530390111254e-01
2.966278556172696756e-01
-2.939470903729093365e-01
2.951472602590526906e-01
-2.934527254547867336e-01
2.955819322935258620e-01
-2.929588041482372729e-01
2.960573447616736131e-01
-2.925093638128893336e-01
2.965689696125166641e-01
-2.940618687163050193e-01
2.952179280825819596e-01
-2.936202081372508155e-01
2.956684933349529865e-01
-2.930797406250444936e-01
2.960359000281760911e-01
-2.925363259997915133e-01
2.964447144631417452e-01
-2.920647388622762963e-01
2.951034265419137381e-01
-2.936755908952872196e-01
2.956208632083531240e-01
-2.931768695336243180e-01
2.960053785402473325e-01
-2.925844460503367328e-01
2.964332318419564682e-01
-2.921257754529258954e-01
2.949284401916738574e-01
-2.936319216125513054e-01
2.954887399572001527e-01
-2.932382079722476442e-01
2.960426864303924988e-01
-2.928058718480734957e-01
2.964727564723783626e-01
-2.922010000286273113e-01
2.949435202532287859e-01
-2.936592901244680087e-01
2.952727096507711813e-01
-2.931329927553378845e-01
2.957828141890251894e-01
-2.927530909075078958e-01
2.963856259367491086e-01
-2.924071343438320314e-01
2.951345825640281917e-01
-2.939870324641908894e-01
2.954694008882946532e-01
-2.932649097406442862e-01
2.957196715592692038e-01
-2.926748930099817292e-01
2.960944220295075313e-01
-2.922549352401912492e-01
2.967363799969726657e-01
-2.939226601191999300e-01
2.953861909472451641e-01
-2.934774120179257650e-01
2.959226367784868472e-01
-2.929625759322135869e-01
2.962190467051279419e-01
-2.923011979856814380e-01
2.964586004884587345e-01
-2.937508414014355362e-01
2.949649046029108046e-01
-2.933361437898422408e-01
2.956697487357371479e-01
-2.930868340070290068e-01
2.963712554999365367e-01
-2.926684743999746208e-01
2.968290237175865709e-01
-2.940266189973837485e-01
2.951331507819468514e-01
-2.933365566313246853e-01
2.954366198435594004e-01
-2.928481253100241322e-01
2.959810094471609920e-01
-2.925311816965252554e-01
2.965921080893637596e-01
-2.941181222474794632e-01
2.951901512691935681e-01
-2.936196698909592229e-01
2.954393039066320892e-01
-2.928912613713052226e-01
2.959159736307984678e-01
-2.925639591405808648e-01
2.965825508080991990e-01
-2.922536140657635007e-01
2.952335755209783974e-01
-2.937704069308321730e-01
2.955450649327436285e-01
-2.930461943250726731e-01
2.958654737038007854e-01
-2.925401154003867132e-01
2.962616270688013254e-01
-2.920759473517716143e-01
2.949859229937198402e-01
-2.937533132456571772e-01
2.956132105003278499e-01
-2.932973620011244398e-01
2.960434955835238302e-01
-2.927337028364008220e-01
2.962811740745037170e-01
-2.920613546797363180e-01
2.947756365989475102e-01
-2.937195836277662342e-01
2.954220298540339851e-01
-2.933410556707370387e-01
2.958955313496908213e-01
-2.928437627178316904e-01
2.962283724906888405e-01
-2.921675883911500904e-01
2.967458715769004662e-01
-2.938045340419954687e-01
2.953432394575434827e-01
-2.933486904250702798e-01
2.957478775909029300e-01
-2.928190729183964280e-01
2.962589401873556016e-01
-2.923523138193244719e-01
2.966755621757292682e-01
-2.938527235961885808e-01
2.953255425088717745e-01
-2.934717272049471859e-01
2.957856090773526292e-01
-2.929295219450908649e-01
2.962417297191709542e-01
-2.924224031853356331e-01
2.966837367441924611e-01
-2.939410802807284062e-01
2.951933445054916727e-01
-2.934075714791302691e-01
2.957411925528545260e-01
-2.929847406997097559e-01
2.961138930520286761e-01
-2.924184453287329566e-01
2.964855052787627177e-01
-2.939308339569197681e-01
2.948125115366615479e-01
-2.933142691596736240e-01
2.955512259200718805e-01
-2.931623963297394497e-01
2.964107929620010684e-01
-2.928789237292138692e-01
2.967195330047465163e-01
-2.919997300152251674e-01
2.947836553658725323e-01
-2.932685810403768412e-01
2.952937145828287147e-01
-2.930428727195896754e-01
2.961191671132721859e-01
-2.928128404740281687e-01
2.967943902189670302e-01
-2.923268232071185579e-01
2.949861643244706677e-01
-2.934841732849116092e-01
2.952519937133052386e-01
-2.929692444806945573e-01
2.958390967675814665e-01
-2.926926822753025959e-01
2.964685818730292133e-01
-2.923086130999207888e-01
2.952671152337952298e-01
-2.939381447179144624e-01
2.956542982883854087e-01
-2.932467467645195058e-01
2.958327008871252106e-01
-2.925330161119777950e-01
2.960039985007243968e-01
-2.919824420304917845e-01
2.947635460887217396e-01
-2.938340847367603703e-01
2.956542533202992651e-01
-2.936032540400302371e-01
2.962038511088248560e-01
-2.929495829514530136e-01
2.962053784705972470e-01
-2.920400370602222462e-01
2.962330799658664526e-01
-2.934499053266741986e-01
2.950367457236084956e-01
-2.933990955937211265e-01
2.960250607283915203e-01
-2.932423197910103418e-01
2.966958489379655783e-01
-2.926323919834160070e-01
2.967912708607477468e-01
-2.937007320148817269e-01
2.948998155198079285e-01
-2.930443291437266895e-01
2.953604553444640901e-01
-2.928209461501494748e-01
2.963284965710901164e-01
-2.927522763098435732e-01
2.970688454402674039e-01
-2.942261676285495287e-01
2.953250142440966841e-01
-2.933682895245600109e-01
2.954678769545173722e-01
-2.927492585425815474e-01
2.958563376858964755e-01
-2.923699785540180840e-01
2.964810627242385754e-01
-2.940852922499533340e-01
2.953150949759407728e-01
-2.937586002915058558e-01
2.959268913519659261e-01
-2.932277041830029241e-01
2.960708682146772075e-01
-2.924277745374653792e-01
2.962849709212956872e-01
-2.918767512813336684e-01
2.949456687694661516e-01
-2.936209138453562129e-01
2.956782572040611567e-01
-2.932761730810206635e-01
2.961809950535542746e-01
-2.927104763415822597e-01
2.965185716861793441e-01
-2.921043981821707658e-01
2.948894496561337286e-01
-2.935745387108911197e-01
2.954269001915174608e-01
-2.931836794829047466e-01
2.959167270802001704e-01
-2.927250864885908022e-01
2.964593624708821151e-01
-2.922592646150624640e-01
2.949616040371687009e-01
-2.937301039850165885e-01
2.954107791017838713e-01
-2.932438112298318966e-01
2.958878015378501036e-01
-2.927994319282224422e-01
2.964415206193266039e-01
-2.923415657711260773e-01
2.950401984008829137e-01
-2.937940095051642664e-01
2.952320775837848910e-01
-2.931277445454987807e-01
2.956054622819054289e-01
-2.927274338516213104e-01
2.962414178715502278e-01
-2.924500179941862399e-01
2.969586598681384082e-01
-2.940918344441453280e-01
2.955525337407037823e-01
-2.934581388666075985e-01
2.958004882779734501e-01
-2.927364660597307489e-01
2.960300077816770403e-01
-2.922052018344201141e-01
2.964985575336785417e-01
-2.938675402551386706e-01
2.952870991812715507e-01
-2.935530436014461841e-01
2.958684700633578690e-01
-2.930640508119245480e-01
2.962598570958833721e-01
-2.924277192280510529e-01
2.963667020315025047e-01
-2.937316757709703130e-01
2.947221053826746262e-01
-2.932371116682677692e-01
2.956152035207141870e-01
-2.932200700989641140e-01
2.964647677384070201e-01
-2.928472064245354334e-01
2.968786214096352238e-01
-2.941439364423546476e-01
2.950190409589388829e-01
-2.933207254703232847e-01
2.952600472970671741e-01
-2.928379555206420126e-01
2.958788224633272512e-01
-2.926225354976876303e-01
2.966532488315748450e-01
-2.923489062502653835e-01
2.953551154691324010e-01
-2.938306079046918429e-01
2.956470562173371674e-01
-2.931205393293632722e-01
2.955953358288144761e-01
-2.922590926234954756e-01
2.960557453929519856e-01
-2.920320160572525969e-01
2.950581597185498728e-01
-2.939785352715479361e-01
2.959494874136666120e-01
-2.935778458420193471e-01
2.962829345335171727e-01
-2.927522097023919634e-01
2.962455083396425826e-01
-2.919065663535582722e-01
2.944591320741195561e-01
-2.933790309825645148e-01
2.950929483391450669e-01
-2.932385272451469294e-01
2.961280104316840189e-01
-2.931615742235460509e-01
2.967777214408355291e-01
-2.925589281606808534e-01
2.948863461361150851e-01
-2.936081359124914636e-01
2.950125592706909217e-01
-2.930311259399840385e-01
2.955336955165411839e-01
-2.927639945384584164e-01
2.961256109130352976e-01
-2.923731531156307240e-01
2.967180311277630711e-01
-2.939055406167835893e-01
2.954176040999286768e-01
-2.935440996571501149e-01
2.958373712084773066e-01
-2.929179404792229824e-01
2.961700249532603912e-01
-2.923415435706472332e-01
2.965825633273996287e-01
-2.938997449258017314e-01
2.951620702223772263e-01
-2.934627628546672140e-01
2.957777824980612480e-01
-2.930900748016094792e-01
2.962196561545032414e-01
-2.925008199369356632e-01
2.967836678528147920e-01
-2.940434376241243264e-01
2.950681611953962502e-01
-2.933719234876667192e-01
2.954213027179743989e-01
-2.928657836113076063e-01
2.958616630337396192e-01
-2.924870004691063063e-01
2.963997642124139298e-01
-2.920436134265652073e-01
2.951709714110374305e-01
-2.937349472032314557e-01
2.958505164273866894e-01
-2.932977579617839781e-01
2.962177730424809807e-01
