3.669599019840853682e+00
-2.066591544273939540e+00
7.328558599154428865e-01
9.501878965248771181e-01
-4.305012458186153745e-01
6.130972635306035645e-01
-5.224896087893622365e-01
-5.215758342242951019e-03
4.111592960168454214e-01
-2.482797975717979666e-01
2.331843365830454928e-01
-1.403707659513103168e-01
1.368977294688503155e-01
1.282376859268801739e-01
-1.497986730709233161e-02
3.133320078049848245e-01
-1.668430022996525985e-01
1.842724257746110594e-01
-8.626193725862699169e-02
2.099798708360779143e-01
-1.018505972926159464e-01
2.543691423934223983e-01
-1.791139376272846140e-01
3.248388423286761029e-01
-2.107726879584296553e-01
1.852049116359344161e-01
-1.103685211678464007e-01
3.372333103688291978e-01
-2.143850194822523592e-01
1.654933660559894659e-01
-6.093356044230265750e-02
2.842785678391951398e-01
-1.464985400753097688e-01
2.103088331255935639e-01
-1.526722906293726534e-01
3.037591309589505739e-01
-1.614938526578929834e-01
1.867458454863360484e-01
-9.191663646987210945e-02
2.240038582348372054e-01
-1.079533690831020049e-01
2.472922454816509075e-01
-1.772132647557380924e-01
3.351217736015010829e-01
-2.108134037054546495e-01
1.795113143396032118e-01
-1.106508155227940854e-01
3.307807021915879497e-01
-1.818048389180162427e-01
1.532247842683233108e-01
8.358715417486271837e-02
-2.033158755963787589e-02
3.184585113994112815e-01
-1.707035626874494061e-01
1.777949963708346515e-01
-4.130569443295169230e-02
1.767481199114925572e-01
-8.553088243620975140e-02
2.668106866006046962e-01
-1.868148933880098284e-01
2.753621205653783988e-01
-1.884849602472450925e-01
2.126960705838040755e-01
-1.454286004046755620e-01
3.419084278171452551e-01
-1.991262259321110450e-01
1.702042194633411332e-01
-9.782427442199734258e-02
3.471017257958785018e-01
-2.051580543233799125e-01
2.169749295197497818e-01
-1.277866654100160149e-01
1.600299799175195214e-01
1.725299233109725550e-02
1.827081115007382628e-01
-8.859779076327453651e-02
2.651985761189856738e-01
-1.856228486708680625e-01
2.862958588188815323e-01
-1.938042140164334959e-01
1.660982707551089399e-01
-2.599928315234917298e-02
2.250600892918058482e-01
-1.109439875600930075e-01
2.477681054170619013e-01
-1.769488114583083194e-01
3.360543657163563847e-01
-2.101819588370061886e-01
1.834469649757101695e-01
-1.135172564348844310e-01
3.364516817512173130e-01
-1.912218830582241291e-01
1.384741411297149838e-01
1.495477851584605944e-01
-7.143383216716966966e-02
2.968377789773681275e-01
-2.009383481518355052e-01
1.535364276523244476e-01
3.367113267380966724e-02
1.690431374031721445e-01
-8.174565653062071391e-02
2.700149730532801495e-01
-1.876107794413128249e-01
2.620252870767642572e-01
-1.798322849234840481e-01
2.678664271156936394e-01
-1.826820001311848518e-01
2.481727462509208393e-01
-1.729773084343202982e-01
3.074967800915740512e-01
-2.046875713153651077e-01
1.919485450209472976e-01
-1.162033305727305094e-01
3.389776029914128297e-01
-2.130594854518869097e-01
1.711299920413296982e-01
-9.493053582470478702e-02
3.083667642614608129e-01
-1.640415435616839890e-01
1.857210890868523923e-01
-8.682453226791472800e-02
2.168461227750773657e-01
-1.041958221996024947e-01
2.505958242512824619e-01
-1.792525924821881944e-01
3.296525620386031585e-01
-2.108985904548154044e-01
1.535953922756570222e-01
3.280499419556645591e-03
2.325445668657110665e-01
-1.123660627599986778e-01
2.450238024054135488e-01
-1.765348158677650936e-01
3.382484541107446119e-01
-2.100457039198095621e-01
1.990035063418451322e-01
-1.255661033473188248e-01
3.420018844755112752e-01
-2.121407325451316606e-01
1.935918161942595250e-01
-1.227809498299327479e-01
3.456566759460428240e-01
-2.071207820842240754e-01
2.231899270489060561e-01
-1.354701988940102408e-01
1.363320372680463244e-01
1.295401012030514831e-01
-8.135350525224349649e-03
3.064170345151967512e-01
-1.624732266900200950e-01
1.904861665605843413e-01
-1.110877161324005519e-01
2.351518047207399875e-01
-1.153753514320798867e-01
2.422610234807967278e-01
-1.717054811803846726e-01
3.401465610933872008e-01
-2.086467947986867522e-01
2.145123835015847746e-01
-1.351523141658209637e-01
2.701613800525712872e-01
-1.860088794032013215e-01
2.487195363176975538e-01
-1.707924645880580794e-01
3.080952550031327841e-01
-2.060031843756799097e-01
1.904255626280483837e-01
-1.164931802846627812e-01
3.401461175018633543e-01
-2.136332458000460566e-01
1.813823755438863372e-01
-1.121581956944116970e-01
3.334974398320393885e-01
-1.862052986692860901e-01
1.487771365729935180e-01
1.092229763746729865e-01
-5.731431846662164709e-02
3.462547321199183070e-01
-1.990768317754862959e-01
1.270978479079751255e-01
1.668824658157545548e-01
-7.807201284503845207e-02
2.770292339879139587e-01
-1.922861289715584454e-01
2.343200658251888280e-01
-1.620858561361361028e-01
3.345845519638218080e-01
-2.110451752668461023e-01
1.682323668391325633e-01
-7.792795978178199134e-02
2.925156238918283358e-01
-1.526343186958989406e-01
2.021167471400921456e-01
-1.435825055092039837e-01
2.788498374870188590e-01
-1.423232335676328231e-01
2.124174051766758997e-01
-1.534970520187332599e-01
3.071634962740863450e-01
-1.650569283159794565e-01
1.817462819494209125e-01
-7.228048614860632659e-02
2.039374803820572790e-01
-9.787861139473004457e-02
2.577067968170751455e-01
-1.802290179449100305e-01
3.161410596729562483e-01
-2.082746582444330308e-01
1.880246939285154240e-01
-1.138251955303389296e-01
3.424447892359670509e-01
-2.131342612865221031e-01
1.922963385138581338e-01
-1.199270605447282922e-01
3.452897046180250507e-01
-2.059852934594780804e-01
2.202043060263752794e-01
-1.322333957314202890e-01
1.489770202421801804e-01
7.153675799394770829e-02
1.310727949157926842e-01
8.218266886152515716e-02
1.985535537768436942e-01
-9.625737434915132562e-02
2.610665853164890748e-01
-1.843162641072828567e-01
3.062505310856433738e-01
-2.032686311313244287e-01
1.923434724448271071e-01
-1.157717384370290786e-01
3.380328011805762145e-01
-2.149277446981594231e-01
1.730923755501720396e-01
-9.867697310175306546e-02
3.137931690747893243e-01
-1.677080246513726891e-01
1.799169542501278529e-01
-5.282853687901486323e-02
1.895159156273520107e-01
-9.158140090392138943e-02
2.623807876903701541e-01
-1.845314300410528796e-01
2.960467452130827737e-01
-1.990048810914468724e-01
1.915047292633159093e-01
-1.109389670559608743e-01
3.066495870893886089e-01
-2.063985940658484841e-01
1.985000247461741751e-01
-1.195400574929642717e-01
2.841663661255243722e-01
-1.944835994070414908e-01
1.944025222061807334e-01
-1.302802604191241609e-01
3.171588243397292506e-01
-1.718437172115876987e-01
1.726895059012101830e-01
-2.674961385584741919e-02
1.609234170373910755e-01
-7.721072644024459808e-02
3.102663888259392100e-01
-2.069772855916049981e-01
1.996062762496679244e-01
-1.208294042146078467e-01
2.961246151268451809e-01
-2.015325114420539743e-01
1.429590237461417501e-01
8.956124904970229339e-02
1.128954583214803326e-01
1.497312209576814046e-01
-6.488644977628978128e-02
3.472887732067839184e-01
-2.015910701273666283e-01
1.632857015169685289e-01
-8.671505650864765047e-02
3.320906251520975849e-01
-1.837798259316166249e-01
1.538145754161035494e-01
9.582731284003179195e-02
-2.574797379462672592e-02
3.260477434515849926e-01
-1.786789556407868407e-01
1.653172139481816072e-01
2.320736609866284883e-02
1.074545264722825966e-01
1.676189917120294026e-01
-7.853237984022312657e-02
2.730757064204166196e-01
-1.898262669343525610e-01
2.517669318937634793e-01
-1.749115980512860880e-01
2.976549120457517295e-01
-2.002697585114401879e-01
1.938565367884046708e-01
-1.129918718054763460e-01
2.957167279330391585e-01
-2.014794181947579810e-01
1.505246356559486187e-01
4.467997162433215430e-02
1.621961902408352862e-01
-7.754217329397772307e-02
2.889826923552865634e-01
-1.969739146112960415e-01
1.840550675882447196e-01
-1.069810565616831355e-01
2.890540175961591740e-01
-1.507986405249914785e-01
2.035867485646629393e-01
-1.460263501320131219e-01
2.846155360480669971e-01
-1.464973637993446376e-01
2.072591819138432101e-01
-1.472007332672528035e-01
2.931860664850255427e-01
-1.545232297211658057e-01
1.972072439536223520e-01
-1.340824406846654604e-01
2.659561114569639617e-01
-1.340458505319355731e-01
2.226209970047003939e-01
-1.586723496530799971e-01
3.279481212622765707e-01
-1.841651183820074700e-01
1.486979399365510046e-01
1.093100027096889915e-01
-5.387461921430067302e-02
3.443858119674088059e-01
-1.960154241845374345e-01
1.301238539417023110e-01
1.681711838322821340e-01
-7.890235708890504240e-02
2.780861575450025991e-01
-1.929979945929209961e-01
2.355269983161557834e-01
-1.626458752875930558e-01
3.332682906096508524e-01
-2.108658737992275545e-01
1.616891937973677085e-01
-4.364076698774754098e-02
2.648488580779861379e-01
-1.337090396404704840e-01
2.252078035725784688e-01
-1.620221157459949268e-01
3.326936812153922229e-01
-1.865786158141765350e-01
1.420400662561981664e-01
1.395237441050990457e-01
-7.055360501822462160e-02
3.291386550732681715e-01
-2.145275484106273778e-01
1.878740489365539890e-01
-1.103976525291401334e-01
3.324669393916975801e-01
-2.128355721778147913e-01
1.590424932897944454e-01
-6.398459438427492318e-02
3.025332181328554415e-01
-1.592361047763563853e-01
1.934656167952145678e-01
-1.190766143405769945e-01
2.473370254229481091e-01
-1.217088012055863866e-01
2.340503057473968529e-01
-1.693617823336767692e-01
3.410800869418806336e-01
-2.019753899363674887e-01
2.161912601903366316e-01
-1.277734965206960005e-01
1.597942863611607200e-01
1.601810568714043259e-02
1.827817117887135523e-01
-8.897953517160633874e-02
2.651384896584296214e-01
-1.860002442876911855e-01
2.864504420642625671e-01
-1.941866519207084696e-01
1.641221042031287825e-01
-1.739950377210808946e-02
2.193723826852510550e-01
-1.069408206686707496e-01
2.513346584642443537e-01
-1.793030532610301320e-01
3.300924099090034591e-01
-2.104173822980199560e-01
1.552934387133589889e-01
-2.885385117082469447e-03
2.396689761087049397e-01
-1.182196053097226696e-01
2.416515500937786998e-01
-1.738901397052096121e-01
3.409284433202039444e-01
-2.075185465776949456e-01
2.166626006794209469e-01
-1.347998764008043471e-01
2.573857181786255444e-01
-1.793118584598921150e-01
2.931146677365301656e-01
-1.988041890464395944e-01
1.375237142855748329e-01
1.127458720534671860e-01
5.732787377931291423e-02
2.371114386698463250e-01
-1.145762191258380830e-01
2.440420107474295108e-01
-1.761963683860810481e-01
3.393778945145882187e-01
-2.092292524897711448e-01
2.071858976184604018e-01
-1.306002926083030535e-01
3.196302591795165404e-01
-2.092534943032029748e-01
1.918582505018480988e-01
-1.163673576229006662e-01
3.362848025892470338e-01
-2.145705254869816614e-01
1.634991800837470866e-01
-5.443148827441771087e-02
2.772367296439584017e-01
-1.400902429208519540e-01
2.174142053990356649e-01
-1.573129975054093910e-01
3.163630697324877894e-01
-1.726507858171039411e-01
1.692558022956633379e-01
-1.314083820135363012e-03
1.438834162959699015e-01
-2.782869141684966158e-02
3.180101651441187838e-01
-1.708209352238858891e-01
1.781706557995771378e-01
-5.560172958036952578e-02
1.825909251433536218e-01
-8.778355672643542440e-02
2.649417655992388210e-01
-1.842944671289261371e-01
2.878868902020900178e-01
-1.960480512351210347e-01
1.592699999758515061e-01
-4.411401241985038468e-03
2.026668922676270745e-01
-9.773179324429338843e-02
2.587668177679076642e-01
-1.818409426969418430e-01
3.142979601678322910e-01
-2.054315175855416231e-01
1.865084906879270199e-01
-1.142470689839656522e-01
3.445994948267526170e-01
-2.125310663785084930e-01
2.074310326711361896e-01
-1.306521777589768341e-01
3.215856766761218122e-01
-2.095379586902664792e-01
1.900300480729625596e-01
-1.158258734811892510e-01
3.344768520238781684e-01
-2.142891507700912523e-01
1.549346962909343428e-01
-2.911590429054682766e-03
2.370425617916111505e-01
-1.148464614334361034e-01
2.426853558810743994e-01
-1.750453523749631035e-01
3.401269352464305618e-01
-2.087829357298692512e-01
2.112364113600574411e-01
-1.327193698468770999e-01
2.990724635700922063e-01
-2.007373188703724942e-01
1.651253444585100150e-01
-9.275632577053054273e-02
3.338639733073041072e-01
-1.865783392927917728e-01
1.489375114420002366e-01
1.144995998114778785e-01
-5.999346561073284900e-02
3.487848849458186629e-01
-2.023561566225813568e-01
1.964824353649157751e-01
-1.143770464113591234e-01
2.103436059089064947e-01
-1.457695809907467166e-01
3.370293158955012247e-01
-1.913897875443022756e-01
1.337364585020937580e-01
1.644436206450811677e-01
-7.615740736603897332e-02
2.801703730227854683e-01
-1.940594346766979783e-01
2.217334386608174057e-01
-1.529781090328074244e-01
3.438421608222059778e-01
-2.066127614322560702e-01
2.224697137706783401e-01
-1.383842051232208603e-01
1.726094121267413573e-01
-6.935114878740929190e-02
2.478840527778621294e-01
-1.230032081131854499e-01
2.357847288942081510e-01
-1.683695063031750982e-01
3.421325779003329681e-01
-2.030996364164843471e-01
2.165312791077604881e-01
-1.297475883353336745e-01
1.563352806834868991e-01
2.650500853869344753e-02
1.715748966499266448e-01
-8.125495273656492545e-02
2.701416029185603751e-01
-1.860335222544963751e-01
2.641496492264281959e-01
-1.829329008047665961e-01
2.559107761111242274e-01
-1.770866948726987355e-01
2.876069106162169597e-01
-1.946864595166250822e-01
1.639622475187711981e-01
-1.423400834723512198e-02
2.159782062895825028e-01
-1.059239638056151400e-01
2.521669942761685101e-01
-1.793996038313663555e-01
3.289474354514264065e-01
-2.100132924920981858e-01
1.500689863539527436e-01
3.165039948333767117e-02
2.091043287866272415e-01
-1.020903366105739285e-01
2.558624731419694709e-01
-1.815737100397552262e-01
3.209015216729843578e-01
-2.083797683304437209e-01
1.900139109550535721e-01
-1.123997931736366307e-01
3.344135997148670048e-01
-2.150296040423785304e-01
1.558417844260195362e-01
-1.555018305609599111e-02
2.440226763141572219e-01
-1.200098974596230661e-01
2.395255913046317464e-01
-1.705291596066991766e-01
3.426169861112585147e-01
-2.060176812062945728e-01
2.220923888537714164e-01
-1.369072772290764739e-01
1.766289171275246539e-01
-1.015210456537226358e-01
3.471921877331400341e-01
-2.108677515480807674e-01
2.172934611999646493e-01
-1.370461751624678093e-01
2.625015565760651648e-01
-1.825745767999041314e-01
2.739437500707760376e-01
-1.876231907681501221e-01
2.203401078840378779e-01
-1.510772454777313534e-01
3.444373976884764765e-01
-2.066368849749066761e-01
2.223504093726883790e-01
-1.364115514494220471e-01
1.446368833589238567e-01
5.512306969625942188e-02
1.838884888743826385e-01
-8.691472613283353355e-02
2.670638510704064772e-01
-1.873873128817624689e-01
2.833799132020903278e-01
-1.937268172810890365e-01
1.744401767126195768e-01
-7.748444119554090403e-02
2.612345764586602725e-01
-1.303556145532454025e-01
2.278757480285712733e-01
-1.622977606938476869e-01
3.344870458161011140e-01
-1.914816872353759247e-01
1.330099936921524673e-01
1.620337828110753609e-01
-7.449367758595398792e-02
2.812792606577846355e-01
-1.928546251470898421e-01
2.210220923152586558e-01
-1.529574795553031441e-01
3.432789449410958982e-01
-2.065579112568284581e-01
2.230232926065041921e-01
-1.364588632828386272e-01
1.730819423666223877e-01
-9.843381447474920665e-02
3.479371493320823072e-01
-2.059492696984823179e-01
2.152036475259018755e-01
-1.281289701676090464e-01
1.609452031741110956e-01
1.235966171615150710e-03
1.927184777074617550e-01
-9.162437270079633322e-02
2.631214711417611540e-01
-1.854538022937606001e-01
2.991413672965937409e-01
-2.014963059500918252e-01
1.998209143429483248e-01
-1.202144123935675879e-01
2.861552401355201836e-01
-1.949278545435212395e-01
1.873993089642676524e-01
-1.165628224381041883e-01
2.981907162269839540e-01
-1.575112249505979667e-01
1.943348462287129708e-01
-1.254145092909703108e-01
2.536014040889470467e-01
-1.262212388230823934e-01
2.312018027906521667e-01
-1.644631789849169412e-01
3.383627527264878587e-01
-1.971471480733391901e-01
1.623352905905611487e-01
-8.179485152056513442e-02
3.273121910281300284e-01
-1.787812373674902977e-01
1.624683085671276006e-01
5.074099915940050165e-02
6.669994139362181440e-02
2.261877086024830508e-01
-1.104639493314412413e-01
2.498759641247783048e-01
-1.781360088025881472e-01
3.347368955122931311e-01
-2.100592758481554523e-01
1.760128958775368513e-01
-1.055098459352740714e-01
3.184051006845681209e-01
-1.731096097788155652e-01
1.715898231357958215e-01
-1.428318831565355759e-02
1.523226935696036510e-01
-7.196121266465339839e-02
3.498422592879725235e-01
-2.064559410591290112e-01
2.212552588783959773e-01
-1.341208092771815630e-01
1.447378538806508574e-01
8.850923121299172913e-02
9.653039245880812302e-02
1.816511018849706893e-01
-8.525525283751118899e-02
2.688285408162910395e-01
-1.881062733697425049e-01
2.771061785061075811e-01
-1.900969871350376705e-01
2.027950073614446513e-01
-1.384320989694993731e-01
3.316309648035558055e-01
-1.843597891247036324e-01
1.487186089489783147e-01
1.125948459332852397e-01
-6.370648685906617203e-02
3.483803573187118086e-01
-2.048024639299018679e-01
2.075371794289497807e-01
-1.204434171530898851e-01
1.769465643282537304e-01
-7.550521555705860810e-02
2.546589191635659777e-01
-1.285334727479658379e-01
2.301351425922961991e-01
-1.660535295079560159e-01
3.385706993508725282e-01
-1.954809407997452619e-01
1.479875925295969508e-01
3.164038691326005043e-02
2.199328613101334262e-01
-1.068274078136810246e-01
2.522096413982590768e-01
-1.798734382579731395e-01
3.292594785277698777e-01
-2.101842549849118336e-01
1.520261077865903421e-01
1.773751795635812589e-02
2.226350902389192254e-01
-1.085048395047088776e-01
2.505374544487312116e-01
-1.789975747612338464e-01
3.319418005181435927e-01
-2.105405163736034091e-01
1.636165800113526803e-01
-5.110510975804632289e-02
2.782039481363068334e-01
-1.421646340643258344e-01
2.156974815027459802e-01
-1.564641159885903077e-01
3.160339960843477347e-01
-1.714685679527036266e-01
1.708458190233373419e-01
-4.684372829747616984e-03
1.500305586319702067e-01
-6.697562355812547441e-02
3.435966265139994702e-01
-1.976161033778520149e-01
1.274765105569166113e-01
1.710108980820966851e-01
-7.862509432598746573e-02
2.780789836079667343e-01
-1.914398574308034950e-01
2.408909451944673541e-01
-1.670889803059488199e-01
3.252499961131146144e-01
-2.108945837240939203e-01
1.844557888202997542e-01
-1.083151898682402081e-01
3.401210870522531904e-01
-2.136437636983962163e-01
1.768638026288364973e-01
-1.065231591880834577e-01
3.195911247359302654e-01
-1.738066833250529741e-01
1.703608042340400974e-01
-5.321475033324023218e-03
1.454441067360149331e-01
-3.901688562895684609e-02
3.271038731988298309e-01
-1.786788950045866964e-01
1.652367823708297823e-01
1.992787374464226324e-02
1.090900871889074197e-01
1.619394218686722176e-01
-7.638960051233512072e-02
2.893192953442165760e-01
-1.966462465339868515e-01
1.822613880570489731e-01
-1.125729276783259958e-01
2.890667182839823934e-01
-1.502311888357180381e-01
2.041122442698067030e-01
-1.457851417572934571e-01
2.857294830596998070e-01
-1.466673372608463810e-01
2.050506891046976476e-01
-1.489222434100385128e-01
2.917368657204424953e-01
-1.528363736311318388e-01
1.993102346559747773e-01
-1.376714318780238866e-01
2.719708022028637928e-01
-1.374116724288613756e-01
2.184627414970821135e-01
-1.576780735880442263e-01
3.202456240325796677e-01
-1.759945230996136645e-01
1.635638012189253587e-01
3.311887720617771869e-02
1.021994493934412496e-01
1.793171812536444865e-01
-8.369929156368896561e-02
2.683429914496373025e-01
-1.883281008398504097e-01
2.724764848110095561e-01
-1.871254092224211019e-01
2.236898429433372137e-01
-1.541198970443101446e-01
3.435597627644329521e-01
-2.071403117452545184e-01
2.182721330450460573e-01
-1.376040627427689844e-01
2.221108224206266857e-01
-1.547427432689902904e-01
3.435208589611506436e-01
-2.052963750728722114e-01
2.235679181707860286e-01
-1.351448314604430934e-01
1.543084174995019708e-01
-3.771831317915120413e-02
2.791097125741362484e-01
-1.427848722394464698e-01
2.151586410049025622e-01
-1.549180959078109432e-01
3.138062427114918229e-01
-1.682899542811313043e-01
1.755621396552272118e-01
-3.741147031080037377e-02
1.687177454595637782e-01
-8.162761248411794235e-02
2.691259568460363516e-01
-1.866526356931438313e-01
2.643331620446195407e-01
-1.809290438368415521e-01
2.600978436894336721e-01
-1.800959249190146327e-01
2.768980670458968119e-01
-1.902539411347426990e-01
2.067882389456169590e-01
-1.416724996782819102e-01
3.366968512393114787e-01
-1.903221802704860854e-01
1.361808688677648149e-01
1.566906321099286181e-01
-7.454884470507146255e-02
2.814566726931079788e-01
-1.943079469068868248e-01
2.148215828956286655e-01
-1.474321411407766569e-01
3.431767613886138046e-01
-2.001179684172346984e-01
2.045530784911382405e-01
-1.205580731318337401e-01
1.779164101104396267e-01
-8.989624250352792889e-02
2.632796963570922522e-01
-1.322077857897361597e-01
2.257143904268447410e-01
-1.612725724502989677e-01
3.338228885197949691e-01
-1.890210083243223649e-01
1.388748702141873181e-01
1.462812380502576393e-01
-7.088026526747071010e-02
3.146746511014121284e-01
-2.091039339195828739e-01
1.967404295170756545e-01
-1.175123886669568879e-01
3.183566099439115726e-01
-2.110571870868990230e-01
1.909238672863849406e-01
-1.158591671252795219e-01
3.359747919755062817e-01
-2.137212109355003387e-01
1.606535299624245183e-01
-3.123580603176726728e-02
2.602700801881016601e-01
-1.315795422827475414e-01
2.276784430993139263e-01
-1.644745205225682794e-01
3.359765495318586259e-01
-1.914717162221667435e-01
1.319120631797162935e-01
1.662634139616132600e-01
-7.728253000038617926e-02
2.791622390378855068e-01
-1.938002535065944387e-01
2.265404291807697756e-01
-1.567593777559116441e-01
3.417095086149430361e-01
-2.095555087300254027e-01
2.081243727502679330e-01
-1.298594171224177474e-01
3.183951950980576928e-01
-2.106265571526654834e-01
1.904362874604241807e-01
-1.153790678112493473e-01
3.372930663172603039e-01
-2.137340459475297605e-01
1.660220867516593590e-01
-5.981896049756030981e-02
2.831842877863816610e-01
-1.464384674671072861e-01
2.102799428508626556e-01
-1.519143958035105157e-01
3.028540781256260916e-01
-1.600620626459256790e-01
1.884852116725592996e-01
-9.628549044618892050e-02
2.281273330352248385e-01
-1.132041701193723104e-01
2.446678840873921235e-01
-1.750251777870497349e-01
3.388112463735704072e-01
-2.094547745334137401e-01
1.997506868466547847e-01
-1.249980797461335280e-01
3.405671557302945573e-01
-2.139122180923090921e-01
1.905843710276957648e-01
-1.210304198664787501e-01
3.457765545739855395e-01
-2.043498783831432797e-01
2.189317095501467636e-01
-1.290774701247723033e-01
1.559110909544867973e-01
3.187451786230358075e-02
1.617296984264590398e-01
-7.797133651780474572e-02
2.906982613564907947e-01
-1.984128525269845400e-01
1.757415455450966335e-01
-7.766370143097081624e-02
2.653895212875744813e-01
-1.341210672225027767e-01
2.242392501878682221e-01
-1.623539413460132474e-01
3.320058698040331824e-01
-1.869947862447779718e-01
1.419973080535644749e-01
1.427268227902314668e-01
-6.839000236536871280e-02
3.326837042010303835e-01
-2.160294399782486663e-01
1.624785114079963788e-01
-7.771901994335239650e-02
3.179789825970150141e-01
-1.707117465792066802e-01
1.759764207485363663e-01
-2.954244060221597468e-02
1.670724572940156805e-01
-8.159964887531287459e-02
2.691516105789764635e-01
-1.873086530524716853e-01
2.619778106218390024e-01
-1.801779137086700899e-01
2.668381487622261683e-01
-1.824628150954194228e-01
2.527113317437875151e-01
-1.752134906111023627e-01
2.992655725933224264e-01
-2.014954115829362957e-01
1.995783146306348566e-01
-1.191376661029278916e-01
2.802250110139880568e-01
-1.914212826005213808e-01
2.133296759013665056e-01
-1.471500185256100768e-01
3.409085335536470307e-01
-1.987664118730547158e-01
1.766985270830802868e-01
-1.004857609959966536e-01
3.441902644835238001e-01
-2.131713506882926823e-01
1.975715872608817258e-01
-1.257781060075294499e-01
3.442373912208435138e-01
-2.115639097639064325e-01
2.128841384005879522e-01
-1.342071344809138977e-01
2.895792494245599258e-01
-1.964039040353942056e-01
1.700816099370965617e-01
-5.698442194987816262e-02
2.411077372639497396e-01
-1.198744531659143714e-01
2.392778006729367746e-01
-1.715902742588380492e-01
3.420774977639345904e-01
-2.052522204658058791e-01
2.226930243210106519e-01
-1.356584829639436718e-01
1.523511776239273308e-01
3.996541364112358996e-02
1.592009255231443543e-01
-7.630249694439594776e-02
3.207541552712405153e-01
-2.111993700624819337e-01
1.935389665299875050e-01
-1.152888488933880573e-01
3.295251956977226504e-01
-2.140678451669599247e-01
1.761962414447596492e-01
-1.029508503786407680e-01
3.477263630096614211e-01
-2.080334620990938188e-01
2.244308115144590943e-01
-1.359386348762393615e-01
1.736272010369574736e-01
-1.012731924597266853e-01
3.473933980003793276e-01
-2.087683639020469217e-01
2.238942030269261418e-01
-1.367110515748493349e-01
1.775253383742582403e-01
-1.008639480728186627e-01
3.457083451795721629e-01
-2.126391519989822565e-01
2.142310873035773167e-01
-1.354799179125587838e-01
2.779803153309109987e-01
-1.906218699032081465e-01
2.174421596290685155e-01
-1.485827041614979360e-01
3.442379257786863378e-01
-2.040290340208402720e-01
2.172119826472050652e-01
-1.298224218283482445e-01
1.559319758185377658e-01
3.129719540031868086e-02
1.685464173293624024e-01
-7.941769755488732596e-02
2.713401084898888205e-01
-1.886914783859823808e-01
2.583663662534842476e-01
-1.790204354214383620e-01
2.773406811810897876e-01
-1.896080991338366939e-01
2.068988056800387665e-01
-1.406876428575827009e-01
3.368036943666782856e-01
-1.915388959685558057e-01
1.356797327725675628e-01
1.552153866741205201e-01
-7.314944910878319606e-02
2.824842328244930867e-01
-1.939129922043996146e-01
2.117109090986920850e-01
-1.439919432372748498e-01
3.398214499136392730e-01
-1.977685302634794584e-01
1.488478405397325455e-01
9.159548706855320799e-03
2.377673860092885394e-01
-1.162076649520110555e-01
2.435177680952567147e-01
-1.730238971171772222e-01
3.415350038907355446e-01
-2.090567364330380429e-01
2.129568897876857880e-01
-1.345992480704628902e-01
2.825858798639986347e-01
-1.932746792267544533e-01
1.978965966663973897e-01
-1.332679302664123155e-01
3.236940433026762043e-01
-1.775361738932873523e-01
1.630136935359325356e-01
3.106232541814748713e-02
9.709655340278364188e-02
1.849513639502041729e-01
-8.739173029615525390e-02
2.674943184082073100e-01
-1.855557473810212354e-01
2.825804656257498437e-01
-1.935767155498849257e-01
1.770114701345946728e-01
-8.983716564094530732e-02
2.705829403393593680e-01
-1.366642432349854386e-01
2.207676743037878531e-01
-1.576397959386219572e-01
3.237983298753979722e-01
-1.801799609464630469e-01
1.561737428327316934e-01
7.038674080295977131e-02
2.072163629326442824e-02
2.834502723916675349e-01
-1.437750372663343934e-01
2.147362627672622648e-01
-1.532277988254215351e-01
3.090380057469203634e-01
-1.667045613919143077e-01
1.791277119813083352e-01
-5.908996347373606656e-02
1.921353457599639381e-01
-9.183327679283112555e-02
2.621836647994490455e-01
-1.824517053097572394e-01
3.004776676744851382e-01
-2.022612674249465170e-01
1.989276475650831877e-01
-1.206214299709268689e-01
3.012187071267883320e-01
-2.025695430148943266e-01
1.865797423878849115e-01
-1.070273821921540053e-01
3.263826797927562584e-01
-2.136809501182215243e-01
1.887752494459759567e-01
-1.125020497542653930e-01
3.300433098974613899e-01
-2.130620594384555200e-01
1.798549481927744220e-01
-1.035852877221420665e-01
3.456379739962306408e-01
-2.125773897713558735e-01
2.143041076005831880e-01
-1.354769684461611112e-01
2.774458168435487426e-01
-1.902965789508982430e-01
2.196778909737928387e-01
-1.502327007355473976e-01
3.444388689190474584e-01
-2.058865227450699664e-01
2.220781872120696221e-01
-1.352918067524409018e-01
1.382504683442640769e-01
1.190667639070087935e-01
1.916997631539275188e-02
2.813683766285622334e-01
-1.415952612031971536e-01
2.153232683110885282e-01
-1.567564388159562727e-01
3.139445955480378858e-01
-1.700073630946515035e-01
1.732937263176222431e-01
-2.133640505893627526e-02
1.628708810752629577e-01
-7.665232133289262562e-02
2.981551119859380816e-01
-2.034367557787864766e-01
1.440113479212193903e-01
8.244242976760934871e-02
1.241199521237833919e-01
1.119615812621899964e-01
1.451434763668174310e-01
-3.848025296515053539e-02
3.269952127484963000e-01
-1.798943688686213127e-01
1.630680609215527377e-01
3.499040423255463106e-02
8.521473438021227864e-02
2.059578085526551916e-01
-9.786632516350458888e-02
2.600995405804666927e-01
-1.845119700672052665e-01
3.128702134294083503e-01
-2.070342908968898499e-01
1.869801866429194326e-01
-1.135133007095061874e-01
3.450808495325079495e-01
-2.117865729420186360e-01
2.087597106566268512e-01
-1.304242488928580301e-01
3.170331310481032117e-01
-2.101972303677368259e-01
1.904554028796563159e-01
-1.156040640998033664e-01
3.380547798366571044e-01
-2.137239352002364423e-01
1.698258741861812249e-01
-7.802393394895844325e-02
2.977480958813106815e-01
-1.568650120176988405e-01
1.963884474887521159e-01
-1.318568615761991081e-01
2.599583158071529509e-01
-1.303525048281546084e-01
2.267364799630973426e-01
-1.616194669185733457e-01
3.336316748901603790e-01
-1.908434698149031328e-01
1.346214554233672867e-01
1.581825524347150458e-01
-7.353284916477204058e-02
2.821650249413411027e-01
-1.934896018244178229e-01
2.152444070544683175e-01
-1.488763883049669667e-01
3.420399470371007777e-01
-2.014577242215271069e-01
2.045111434812059148e-01
-1.190621480472639909e-01
1.798118575430832367e-01
-9.138650638594882081e-02
2.681685847738536355e-01
-1.340176054596766697e-01
2.215824776491131243e-01
-1.608524606459107720e-01
3.282426635517781688e-01
-1.832999358479074081e-01
1.497265929627230319e-01
1.101572825359529301e-01
-4.928124913185337463e-02
3.431032399179909653e-01
-1.951849287822799706e-01
1.340953290890863903e-01
1.605632606740416135e-01
-7.465648244940507883e-02
2.816093372753014079e-01
-1.936205460253199173e-01
2.187363879016879231e-01
-1.493047768151881394e-01
3.428382353966151763e-01
-2.051056819588302493e-01
2.209951828592437717e-01
-1.335142507292231828e-01
1.446533365722630637e-01
9.201850830325863928e-02
9.439433554460166520e-02
1.875507953732295230e-01
-9.008512335559000495e-02
2.656895234563918518e-01
-1.870012337464363461e-01
2.864568362807917712e-01
-1.945407496717658224e-01
1.625939495543770874e-01
-1.164435519730895943e-02
2.136016465949574228e-01
-1.018185704932881575e-01
2.535979561441780716e-01
-1.809127413769405779e-01
3.247639170559115107e-01
-2.098777391828293704e-01
1.828685617491845328e-01
-1.067223755781336325e-01
3.433076576651879486e-01
-2.129472010338872567e-01
1.907758136955493289e-01
-1.219591532285413393e-01
3.456217888292969498e-01
-2.054272918979604956e-01
2.207044187007301261e-01
-1.316749390375433204e-01
1.494046028461824827e-01
7.440899525870564579e-02
1.272656023368788636e-01
8.059052111207716529e-02
1.923860925181236081e-01
