4.793143225123960960e+00
-3.585105942036850291e+00
1.656475488341951685e+00
2.204218824295986146e+00
-1.693624322128883364e+00
2.580166947878383521e+00
-3.243164451362390288e+00
-2.074545335047133232e-01
2.769533243439087578e+00
-2.240432201127264822e+00
8.046469111749512404e-01
2.300407585354220519e+00
-1.128216535639873008e+00
1.429368904524857653e+00
-1.916734469693694320e+00
-2.309383830853971586e-01
1.630496121903052043e+00
-1.419181085250030172e+00
3.756926309621435589e-01
1.358202769138369570e+00
-7.569736627378189642e-01
7.964970489887643890e-01
-1.124932365609264462e+00
-1.987866891238287970e-01
9.880096527327487665e-01
-9.178137746907729655e-01
1.656904360631807904e-01
8.321373705621671890e-01
-5.237682024055219099e-01
4.499464159602683533e-01
-6.524878971655690973e-01
-1.577973935078036405e-01
6.300249927808889705e-01
-6.163890848398746458e-01
6.677452591066920795e-02
5.455369867486875579e-01
-3.837689069745199300e-01
2.598101435582645391e-01
-3.661255320724791651e-01
-1.267913464978660809e-01
4.310446917499798913e-01
-4.364092978848021498e-01
2.266071310727865717e-02
3.959917819129366579e-01
-3.052791052215807488e-01
1.554328535122902477e-01
-5.453269528405012972e-02
-1.112562082298846344e-01
3.204016295240063039e-01
-3.301738538886749841e-01
3.196579465007407528e-01
-2.625955011529997885e-01
1.397477467777488158e-01
-1.248625934651415997e-01
3.638961962422456176e-01
-3.289080522282626373e-01
2.783006457643427689e-01
-2.343847288000504570e-01
2.503869336619791164e-01
-2.264937387471311903e-01
1.763813317128441471e-01
-1.688836487353371218e-01
3.023069927435168558e-01
-2.967462862102430154e-01
3.191418340171213730e-01
-2.912519265585470918e-01
2.842146904736781443e-01
-2.655040881006610065e-01
2.451488024562206991e-01
-2.404395736889559931e-01
2.648046946585048134e-01
-2.628153783018548073e-01
3.065993596149910183e-01
-2.915731945241691325e-01
2.960557944717501222e-01
-2.796600374899920194e-01
2.714832726719664246e-01
-2.620183212184411525e-01
2.632088712419418108e-01
-2.587076825858828366e-01
2.893982091416351099e-01
-2.800167323511688622e-01
2.950488910822412492e-01
-2.828929501535487612e-01
2.828569918312998088e-01
-2.717068650341979974e-01
2.719744664206182327e-01
-2.645314434357998734e-01
2.801741487400415398e-01
-2.719847183551289405e-01
2.894018684035803424e-01
-2.805407673048276873e-01
2.865766289173934389e-01
-2.758130127218291205e-01
2.787247566216641270e-01
-2.695068213096067922e-01
2.787436445684352004e-01
-2.699709271733828353e-01
2.857093380281377493e-01
-2.767840144773365263e-01
2.863366803378205594e-01
-2.766992943708351804e-01
2.824309668998062350e-01
-2.724994735159233517e-01
2.799798184717426364e-01
-2.704971099629984721e-01
2.833048276040225355e-01
-2.748553603822279090e-01
2.845411439734302772e-01
-2.758431482703612159e-01
2.835339860937559076e-01
-2.738212125966272281e-01
2.817473805347184279e-01
-2.717504166750351891e-01
2.824709846379979128e-01
-2.739566682908631257e-01
2.829140709305690282e-01
-2.748544223475422044e-01
2.837936576065425154e-01
-2.743881622673808307e-01
2.830855762103832163e-01
-2.729273797096343213e-01
2.830161958604033301e-01
-2.743208492232643847e-01
2.819201297711793619e-01
-2.741658996411152072e-01
2.832794270202623754e-01
-2.742612308586152570e-01
2.835985620844379551e-01
-2.735052372256585596e-01
2.833587248402849035e-01
-2.724726662241279129e-01
2.817913694458739626e-01
-2.740663922854466028e-01
2.827394513232702744e-01
-2.739756286634916771e-01
2.834463650479270291e-01
-2.735812856015054084e-01
2.836629781191587485e-01
-2.728097088312667617e-01
2.819325499704346538e-01
-2.742471867197998625e-01
2.825950945609375653e-01
-2.739437239132210822e-01
2.833497219592041594e-01
-2.736303020786929885e-01
2.836471560724573848e-01
-2.729314770473771357e-01
2.819866937948377617e-01
-2.744044884556824382e-01
2.824608081675404336e-01
-2.739427394397793147e-01
2.830499542744135399e-01
-2.734938813138740876e-01
2.833959731765697265e-01
-2.729078182487977289e-01
2.839210612536489098e-01
-2.746421957830615934e-01
2.827222379554101273e-01
-2.742195770151126255e-01
2.829556668017611520e-01
-2.735183997987832294e-01
2.832922684635489907e-01
-2.729065803049567918e-01
2.837492810675152910e-01
-2.745978826513180149e-01
2.824557264286198244e-01
-2.741704792328022444e-01
2.830408000780360034e-01
-2.736940162108141283e-01
2.831275936538406035e-01
-2.728440367774998543e-01
2.833809558228636560e-01
-2.744475750011143855e-01
2.824298688927231460e-01
-2.743031705441624779e-01
2.829527942819091146e-01
-2.737620154318998189e-01
2.830979022108539023e-01
-2.729566477485498854e-01
2.834913559419728335e-01
-2.746383398524709363e-01
2.823399738241096357e-01
-2.743449504203701594e-01
2.830637767477507394e-01
-2.739759472963234077e-01
2.831794205795972186e-01
-2.731260366176666010e-01
2.832858242874987664e-01
-2.724451997512182810e-01
2.823347424436717934e-01
-2.744630863288768374e-01
2.830123575441701456e-01
-2.740332591020304687e-01
2.830215791196383779e-01
-2.731008516915652273e-01
2.830775929489512399e-01
-2.723670207711333946e-01
2.819203627249191602e-01
-2.742801098752970512e-01
2.830580383412955592e-01
-2.742454134213673789e-01
2.835464385139656041e-01
-2.736410798326693317e-01
2.834637007878384463e-01
-2.727046010480729810e-01
2.816845904836426384e-01
-2.741518242013480378e-01
2.826789997358654105e-01
-2.741147492015337250e-01
2.835027606074729256e-01
-2.737746518327227041e-01
2.835948227297647173e-01
-2.729163798813518671e-01
2.817589744919788419e-01
-2.742891533532436643e-01
2.823775857832215852e-01
-2.739685135939181060e-01
2.833574650143528828e-01
-2.738201665288453324e-01
2.835875875991153428e-01
-2.730358334803240639e-01
2.835737754962094348e-01
-2.743532466191138108e-01
2.823130968629218862e-01
-2.739985837845140271e-01
2.830288141003518554e-01
-2.736901045552686540e-01
2.835447929613664764e-01
-2.731883078153458655e-01
2.838807954607582840e-01
-2.747131718493340258e-01
2.823482919558086279e-01
-2.741107107956222699e-01
2.829007124737972223e-01
-2.736786866252811090e-01
2.833375446763268246e-01
-2.731467782844108627e-01
2.837958164377208381e-01
-2.747856858231611521e-01
2.823739193373919210e-01
-2.742624278340209387e-01
2.826751417500164010e-01
-2.735593962164170612e-01
2.830774253401855400e-01
-2.730697962986425864e-01
2.837965648711136546e-01
-2.749277412344849347e-01
2.824340144897248828e-01
-2.744024876469844942e-01
2.827655093546233012e-01
-2.737781046451282507e-01
2.830572605381385665e-01
-2.731195288829313950e-01
2.834667175462247113e-01
-2.726312044068268658e-01
2.824982132637112731e-01
-2.746115573018088063e-01
2.829451500551212195e-01
-2.740065281687198429e-01
2.830881050044830594e-01
-2.732684791666188939e-01
2.835000855220040084e-01
-2.727260395640492274e-01
2.821025989361400921e-01
-2.744075052309785101e-01
2.823441132383406327e-01
-2.736765606762149861e-01
2.829002372102699114e-01
-2.733150322903565854e-01
2.838675644321370095e-01
-2.731809508986995372e-01
2.823856873586769733e-01
-2.746570913019792948e-01
2.824824891524794768e-01
-2.738823911095961128e-01
2.827347174575101096e-01
-2.732659719518414354e-01
2.835246056628935030e-01
-2.730250988543269086e-01
2.822311545013897471e-01
-2.746699183092997099e-01
2.823344395567828902e-01
-2.739082672235999549e-01
2.829963331053198528e-01
-2.735830376612634618e-01
2.835076898436912907e-01
-2.730545735530279239e-01
2.837634330138797956e-01
-2.745528801158224064e-01
2.823369564699798051e-01
-2.740219175467429880e-01
2.827982805018782186e-01
-2.735475527877420099e-01
2.835147030670024382e-01
-2.732097711109985894e-01
2.838191956025235552e-01
-2.746785648491217313e-01
2.822375539304738390e-01
-2.740789482260708732e-01
2.827860574058367327e-01
-2.736286260298408379e-01
2.834277375095402007e-01
-2.732606424227199127e-01
2.837991128366896820e-01
-2.748179530743646848e-01
2.822144125805817194e-01
-2.741708313845511169e-01
2.826947152273610597e-01
-2.736925759379790213e-01
2.832516210332122752e-01
-2.732510481757751131e-01
2.837229040813386005e-01
-2.727136975073783387e-01
2.821687676449999294e-01
-2.741980833958817532e-01
2.824022301001963275e-01
-2.735626139640244259e-01
2.830110613146284426e-01
-2.731989383284014750e-01
2.837174684208109143e-01
-2.728622215581489874e-01
2.823191949401105960e-01
-2.744498825290974664e-01
2.825640075868172119e-01
-2.738053769407408633e-01
2.831583845130732358e-01
-2.734326689483002060e-01
2.838839752936762606e-01
-2.730969281491196221e-01
2.823114826396753707e-01
-2.745434950966798016e-01
2.824644865870404864e-01
-2.738396802223135307e-01
2.829356042065251375e-01
-2.733754322540596915e-01
2.836254390148036375e-01
-2.730292786834912500e-01
2.822961840286605240e-01
-2.746793211280202374e-01
2.826598912552180098e-01
-2.740899759700540783e-01
2.829601940315137343e-01
-2.734566740869344148e-01
2.833295394112497756e-01
-2.728769872077679293e-01
2.838338399295946002e-01
-2.745870855380154740e-01
2.824431722708522496e-01
-2.740645562030469273e-01
2.827487979402167895e-01
-2.733787787964423455e-01
2.833008376086291746e-01
-2.730339745650994798e-01
2.840777209744035914e-01
-2.748968467653983838e-01
2.826328656027305986e-01
-2.742380016793142805e-01
2.827068133086904078e-01
-2.734853830203794467e-01
2.831854674603812017e-01
-2.730431993618359088e-01
2.839165110294162297e-01
-2.748873150723444847e-01
2.823714172258959820e-01
-2.741694832181755248e-01
2.824280409529302260e-01
-2.733639140588317029e-01
2.829781639814737404e-01
-2.730251608091908144e-01
2.839445468433267616e-01
-2.750206303827967824e-01
2.824568429140566495e-01
-2.743809984087416942e-01
2.826468708638902871e-01
-2.736444699488619348e-01
2.829666425777663252e-01
-2.730576927622812566e-01
2.835147651469622776e-01
-2.726845567393427205e-01
2.823571214874761592e-01
-2.744173638878422139e-01
2.825477299058427594e-01
-2.736834574478553828e-01
2.830767698662172704e-01
-2.732834524035400725e-01
2.836621147798128462e-01
-2.728669102338705521e-01
2.822533204813105212e-01
-2.744567083513475558e-01
2.827300724020704314e-01
-2.739870970854503263e-01
2.832695210738421787e-01
-2.735263625292466694e-01
2.835743862585189401e-01
-2.728367959337089643e-01
2.817808751959245406e-01
-2.741918483587134081e-01
2.821721424468049411e-01
-2.736942184072271300e-01
2.831813880380179560e-01
-2.736305398086386620e-01
2.839119113750662171e-01
-2.732659311979351302e-01
2.822182597254938585e-01
-2.746263455979293666e-01
2.821514731087444994e-01
-2.737166680790183437e-01
2.826429931388177441e-01
-2.733131935200271423e-01
2.835550573885456949e-01
-2.731764038093455471e-01
2.841370822374368332e-01
-2.747900119641357719e-01
2.822617880737051665e-01
-2.739167832941463709e-01
2.826488674375964294e-01
-2.734395324470853539e-01
2.836723801015023638e-01
-2.733450858302162167e-01
2.840361929430463839e-01
-2.748337823725530149e-01
2.821393824923087434e-01
-2.739686718888146855e-01
2.824624250464449204e-01
-2.734542695052841199e-01
2.835449664876095177e-01
-2.734003588083752101e-01
2.840864392934268068e-01
-2.750011250944338626e-01
2.822378449365247621e-01
-2.741274079256812435e-01
2.825420374993977690e-01
-2.735440803705707080e-01
2.832082356219357000e-01
-2.732284689649193687e-01
2.837731240522752274e-01
-2.727447974949686604e-01
2.822301133199330292e-01
-2.742760334555093271e-01
2.827225941914585650e-01
-2.737959254913478468e-01
2.832058533203580253e-01
-2.733127368135651603e-01
2.836247653694938808e-01
-2.727459057906773121e-01
2.820672531322244159e-01
-2.742864597571668117e-01
2.827036364156982895e-01
-2.739310625781650743e-01
2.832510001882221351e-01
-2.734299889597500144e-01
2.835181313816703130e-01
-2.727585674380394454e-01
2.820821472360705018e-01
-2.743958141137745610e-01
2.825904527439185299e-01
-2.739053450434333348e-01
2.829974708833190578e-01
-2.733881278971674877e-01
2.835760625835290205e-01
-2.729635205998299230e-01
2.822632326723523155e-01
-2.746603233533286836e-01
2.826310648213480881e-01
-2.740584069574624193e-01
2.830220300579829318e-01
-2.734822193780476196e-01
2.832901917340442388e-01
-2.728148454922296740e-01
2.837704068607848074e-01
-2.745056388125368674e-01
2.824975790755728799e-01
-2.741083669979103021e-01
2.830496244529393524e-01
-2.736565896746257498e-01
2.833578962480829966e-01
-2.730008875865246321e-01
2.835053706628559156e-01
-2.744448986780507194e-01
2.824817397125772844e-01
-2.742367258604539448e-01
2.831845433416086966e-01
-2.738336897256450908e-01
2.833428460043700969e-01
-2.730448583429963549e-01
2.834071179114021621e-01
-2.744306106082208818e-01
2.821949776858105330e-01
-2.741244253608061676e-01
2.830802604913181808e-01
-2.739245830521187530e-01
2.834395168932051234e-01
-2.732537449923703177e-01
2.836292590370591005e-01
-2.747074932651693002e-01
2.820682339224176438e-01
-2.741159502491603006e-01
2.829342769626736476e-01
-2.739426160211902439e-01
2.833247506597820209e-01
-2.732517733330802612e-01
2.833908370381343911e-01
-2.725129025217434831e-01
2.822066709099798065e-01
-2.743390731139749850e-01
2.825893555177014238e-01
-2.737055976630629606e-01
2.828581530138298827e-01
-2.730450222514645420e-01
2.833830362441586148e-01
-2.726656706642106576e-01
2.824791366451111507e-01
-2.746688667822501650e-01
2.829215265506219712e-01
-2.740703661610277564e-01
2.829185097178749109e-01
-2.731937795403898694e-01
2.832819934526966676e-01
-2.726870532702176941e-01
2.821473897067792724e-01
-2.745623508168228422e-01
2.829227489204195756e-01
-2.742260273496862077e-01
2.832097257080662955e-01
-2.735385704102418769e-01
2.833954870596967490e-01
-2.728194700993508692e-01
2.818521925982875875e-01
-2.744142333299257608e-01
2.826584808905414081e-01
-2.741973493501067560e-01
2.832188000667906769e-01
-2.736611727718228915e-01
2.833940159992060503e-01
-2.729316313229929181e-01
2.837637508404275422e-01
-2.745648730361214263e-01
2.826892907287471002e-01
-2.742877294464578508e-01
2.830399831095865570e-01
-2.736509500777636883e-01
2.832125934449159499e-01
-2.728926799201871756e-01
2.835522306833967998e-01
-2.745370432365482061e-01
2.825598108062643554e-01
-2.743150821583988930e-01
2.830330114347621162e-01
-2.737731416900005543e-01
2.833947134051121863e-01
-2.731598102093142355e-01
2.834477756704472107e-01
-2.744673811589473100e-01
2.819465102622993324e-01
-2.739659330167593110e-01
2.828903638036436852e-01
-2.738886358757912642e-01
2.837125650507366093e-01
-2.735412433114622899e-01
2.837277145125969291e-01
-2.747845858827578924e-01
2.819201809261978053e-01
-2.740198622997658817e-01
2.825977529268587363e-01
-2.737134882946520298e-01
2.832909212935609822e-01
-2.733843767717138995e-01
2.838235157356217009e-01
-2.728455732704236358e-01
2.820542469878610792e-01
-2.742167914284914798e-01
2.823534044387334130e-01
-2.736376912300548248e-01
2.831791234059612972e-01
-2.734281149403577360e-01
2.838029282266573139e-01
-2.729733929862527275e-01
2.822127478476613716e-01
-2.744599203278874633e-01
2.825927267668421616e-01
-2.739159378954902913e-01
2.830807069712519275e-01
-2.734322906291976607e-01
2.837829067992546639e-01
-2.730786039206851701e-01
2.818258213881775776e-01
-2.742965224372475030e-01
2.826412017582934921e-01
-2.741188193802188700e-01
2.831783578645813981e-01
-2.735757549873437111e-01
2.833767202173745892e-01
-2.728671935723729902e-01
2.837141526310597017e-01
-2.744296610791413515e-01
2.824138845146182408e-01
-2.740482246255308008e-01
2.831898168588139475e-01
-2.737408748628618604e-01
2.835321756492100720e-01
-2.730968302435831663e-01
2.835745502809468577e-01
-2.743827506080540046e-01
2.821122602620629305e-01
-2.739522075703617054e-01
2.831071439325982264e-01
-2.738441018230614588e-01
2.837170460670738192e-01
-2.733241988789828492e-01
2.836777158987364156e-01
-2.745910439165382133e-01
2.821119258803345131e-01
-2.740238140181825433e-01
2.829497135934420093e-01
-2.738220652442344694e-01
2.835898349239804883e-01
-2.734057622956633238e-01
2.839103484690447265e-01
-2.748888833770752882e-01
2.822644174810212681e-01
-2.742100001184396563e-01
2.827720349507164554e-01
-2.737565435013961102e-01
2.832651651864493969e-01
-2.732789268053157916e-01
2.838228338973082798e-01
-2.728230209475754897e-01
2.821634659054491068e-01
-2.742611843776714409e-01
2.826665755674979685e-01
-2.737727982798218163e-01
2.831285158007353919e-01
-2.732795318962036868e-01
2.836220104794188734e-01
-2.727998911269605697e-01
2.823154678778092008e-01
-2.744777037474772641e-01
2.826321705608788593e-01
-2.738639056481197431e-01
2.830839764678311776e-01
-2.733747568814454132e-01
2.836154172564112064e-01
-2.728877836059599993e-01
2.821428260808736543e-01
-2.744699709582845704e-01
2.826331979702088049e-01
-2.740091152034204169e-01
2.831737306676539445e-01
-2.735199438019421669e-01
2.836041389911898025e-01
-2.730317686319790882e-01
2.821317144030635604e-01
-2.745524913217152752e-01
2.824315839736663003e-01
-2.739225798094899744e-01
2.827273788356401418e-01
-2.733292709030534784e-01
2.834748029426405469e-01
-2.730540509646586789e-01
2.840043049676773124e-01
-2.746835583327970620e-01
2.823084941341751364e-01
-2.739401839087926560e-01
2.828398822189743811e-01
-2.735369966798426589e-01
2.835181939043220356e-01
-2.732168052947552273e-01
2.839533265246506621e-01
-2.747317797198354228e-01
2.822572666479479242e-01
-2.740388567309013368e-01
2.827915353210955218e-01
-2.736151166033583548e-01
2.833712596087932800e-01
-2.731525039053040449e-01
2.837619620734935788e-01
-2.747583751735741542e-01
2.822089707469533360e-01
-2.740951540221194249e-01
2.827332041774422988e-01
-2.736784443869151318e-01
2.833338741747590261e-01
-2.732705561384676796e-01
2.835784136638557773e-01
-2.746875102858654105e-01
2.820271136010050195e-01
-2.741156606436543353e-01
2.827140516095985601e-01
-2.737601976296183959e-01
2.831015502019826879e-01
-2.731737573236999728e-01
2.835837651718685626e-01
-2.727260305478774738e-01
2.822624525568587228e-01
-2.743534174569936535e-01
2.826305573908670099e-01
-2.738004675502899721e-01
2.831210470282207736e-01
-2.733374569249196750e-01
2.838525018747113937e-01
-2.730022992131939663e-01
2.821955904074596733e-01
-2.744010337316717396e-01
2.823195093783009701e-01
-2.736578597628753218e-01
2.828351976899896036e-01
-2.732530567995621884e-01
2.836427710359290533e-01
-2.729945320140894083e-01
2.823597571492275637e-01
-2.746888506849465283e-01
2.826151649939602217e-01
-2.739795956668074073e-01
2.827317891251511783e-01
-2.731970482043400428e-01
2.831756718638535619e-01
-2.727853251677166968e-01
2.823168264393838833e-01
-2.748032082158204936e-01
2.826860712842510504e-01
-2.741306177290702140e-01
2.826683398816686732e-01
-2.732295380233060178e-01
2.829471013146474534e-01
-2.726956536904056039e-01
2.838643019403658263e-01
-2.747043370076854285e-01
2.826073408461855507e-01
-2.742281803011472063e-01
2.829864622632260462e-01
-2.736554618560781971e-01
2.833346452352569766e-01
-2.730795159579826326e-01
2.837952649452453180e-01
-2.747170150922569332e-01
2.823450999892202495e-01
-2.741334511097834326e-01
2.828068462723997700e-01
-2.736670515374226564e-01
2.833739559238822037e-01
-2.732212253023441617e-01
2.837387591602600345e-01
-2.747488887941900715e-01
2.821644888530456807e-01
-2.741412343930839657e-01
2.829598906573433381e-01
-2.738825608777688547e-01
2.831261515687897301e-01
-2.731699777054619749e-01
2.837864198885410305e-01
-2.727944317499377824e-01
2.823695773201522208e-01
-2.744042928663784631e-01
2.827625524891082542e-01
-2.738501526534029562e-01
2.833043178514287330e-01
-2.734019307259817344e-01
2.835478917867975679e-01
-2.726374452114410096e-01
2.818817833124381278e-01
-2.741827994313909556e-01
2.826506957673040610e-01
-2.739157463377978052e-01
2.835493735666346771e-01
-2.737063241252435386e-01
2.837720811745623739e-01
-2.729042906620051667e-01
2.818020934986665837e-01
-2.741676629220086148e-01
2.823707147471362089e-01
-2.738284768283168469e-01
2.832212357450417106e-01
-2.736143050092991191e-01
2.838003841681218109e-01
-2.731070388702401264e-01
2.819222826163967355e-01
-2.743143068667518447e-01
2.820368013438404042e-01
-2.736321366796162224e-01
2.829555412272953818e-01
-2.735495888620653737e-01
2.839187805834942901e-01
-2.733450200618833259e-01
2.840812834604031223e-01
-2.746818639291278008e-01
2.822732436005377377e-01
-2.738837137736718219e-01
2.827341865440098356e-01
-2.734383291594572607e-01
2.834600864103643536e-01
-2.731730662298709755e-01
2.841301653215247969e-01
-2.748561767347324492e-01
2.824067594030121864e-01
-2.740997158215731089e-01
2.824848103883948469e-01
-2.732918366640929020e-01
2.830297758647802309e-01
-2.729708164992110664e-01
2.840337674876238228e-01
-2.749843091408296081e-01
2.826557225316064237e-01
-2.744284489545986139e-01
2.828491240548260954e-01
-2.736636426239444919e-01
2.829767238381397654e-01
-2.729615828077365247e-01
2.837246061882554016e-01
-2.748699201668816650e-01
2.824788572987192992e-01
-2.744290330472161088e-01
2.828912134366540210e-01
-2.738411828061318998e-01
2.831244606321574042e-01
-2.731686172104565435e-01
2.835599273744746629e-01
-2.726940166754976969e-01
2.824102100933367221e-01
-2.744868056185561511e-01
2.827656791814814885e-01
-2.738643304572302428e-01
2.829051894474554074e-01
-2.730982467046060291e-01
2.832731311380880523e-01
-2.726265830332467166e-01
2.823622871063156126e-01
-2.746338660398573994e-01
2.830036298821924090e-01
-2.741683371930792590e-01
2.831780706957359173e-01
-2.733830273219254869e-01
2.831782597767013576e-01
-2.725868633831077803e-01
2.820129871749761930e-01
-2.744766192759604539e-01
2.827095541881428087e-01
-2.740533198028410333e-01
2.829315644579861178e-01
-2.733628047399626060e-01
2.834345782741820585e-01
-2.729373050949151502e-01
2.821195873186833625e-01
-2.745762961262706581e-01
2.825320812731869080e-01
-2.740698728880793800e-01
2.830695011712588416e-01
-2.735880761284002483e-01
2.834645724460562732e-01
-2.730514465672092550e-01
2.839370605242244605e-01
-2.746912800683387612e-01
2.824586311371877212e-01
-2.741084589403370297e-01
2.827033734967714373e-01
-2.733947156732768335e-01
2.830705120368502969e-01
-2.728888214326273265e-01
2.839063034930120466e-01
-2.748354867199028218e-01
2.827457254427115374e-01
-2.744196296925534573e-01
2.828560623263926543e-01
-2.736350050984562854e-01
2.832068860484313055e-01
-2.730919428719654207e-01
2.836916020169375496e-01
-2.747670468053619031e-01
2.824697727971426930e-01
-2.743879479817258882e-01
2.830378947743777962e-01
-2.739018399935954085e-01
2.831419978901942858e-01
-2.730749248324467748e-01
2.834302542889047816e-01
-2.725169967120413816e-01
2.823220302467537302e-01
-2.743758000656308926e-01
2.827597568060992161e-01
-2.738080894518557518e-01
2.831004272795409893e-01
-2.732100782079544543e-01
2.836023523494506371e-01
-2.727501603656468099e-01
2.824042596007394490e-01
-2.745387446317832381e-01
2.827701012064479102e-01
-2.739146780812184989e-01
2.829428181591407410e-01
-2.732249816514702445e-01
2.834053186301294658e-01
-2.727249986643974777e-01
2.822042676558105256e-01
-2.745273762912591731e-01
2.827412552817791247e-01
-2.740064354695561644e-01
2.829835888237083319e-01
-2.733210768854321682e-01
2.832376588559328834e-01
-2.726797685228553592e-01
2.820768311979932053e-01
-2.745627160456878824e-01
2.827748166558853860e-01
-2.741884847792968594e-01
2.831284653314494748e-01
-2.735643228922780001e-01
2.833619517615637018e-01
-2.728857550593939418e-01
2.838688259205067177e-01
-2.745852430646842923e-01
2.822878539355774818e-01
-2.738752464301505429e-01
2.827767716204960258e-01
-2.734812598489106406e-01
2.836301898386665576e-01
-2.732577360994488669e-01
2.840671822332165863e-01
-2.747984925900487374e-01
2.821973251322212328e-01
-2.738843333974587679e-01
2.825069617637618880e-01
-2.733846012264353753e-01
2.832542035935950997e-01
-2.730476727342882048e-01
2.837210309247872875e-01
-2.746840634786655300e-01
2.823605603914041695e-01
-2.742083055348899512e-01
2.828265714055466784e-01
-2.736717204805247383e-01
2.828537680396037146e-01
-2.728578616970278037e-01
2.837410255871642417e-01
-2.749061276428306222e-01
2.826019572933668456e-01
-2.745100667382640580e-01
2.829545745699953430e-01
-2.738747647224535342e-01
2.831610935555802233e-01
-2.731963462093279782e-01
2.836846976528736297e-01
-2.727564413472909344e-01
2.823290612971776636e-01
-2.743757674029511096e-01
2.826325898949039739e-01
-2.737685481024604295e-01
2.830364776877744015e-01
-2.732414934703740750e-01
2.834464774866741199e-01
-2.726359806157485077e-01
2.820476462372097926e-01
-2.743420120734161305e-01
2.827579498275669123e-01
-2.740189814597825957e-01
2.831491838576724596e-01
-2.734236396901025268e-01
2.835980055264729627e-01
-2.728997326653659905e-01
2.821218162513884908e-01
-2.744653533427187653e-01
2.824813734276753752e-01
-2.738660167205554941e-01
2.827129246107128457e-01
-2.731754070442248827e-01
2.832567291560033063e-01
-2.728136958604722162e-01
2.822544447340978313e-01
-2.747436639063954855e-01
2.828155975272976241e-01
-2.742427498046378642e-01
2.830430261542774550e-01
-2.735464282193026397e-01
2.833819537741563699e-01
-2.729430028046355150e-01
2.837402259172778218e-01
-2.745432583099805535e-01
2.824772985281831517e-01
-2.741574417858399504e-01
2.830763531114758313e-01
-2.737228980983221205e-01
2.834557467999625491e-01
-2.730783538763912333e-01
2.836636488037945214e-01
-2.745698874403859069e-01
2.822472147612500315e-01
-2.740427429861369002e-01
2.827273491843936282e-01
-2.735589786096314646e-01
2.832369268738074708e-01
-2.730815649095674758e-01
2.837309371297699889e-01
-2.747698919048675026e-01
2.825028305375667514e-01
-2.743731960722462504e-01
2.828358983176038621e-01
-2.737208999270777099e-01
2.829239279418376829e-01
-2.729130592083524043e-01
2.834581213068992356e-01
-2.747029237390548051e-01
2.824593732383685052e-01
-2.744874499041115579e-01
2.830115068568974102e-01
-2.739968098946797825e-01
2.833010365563415900e-01
-2.733226955082280196e-01
2.835382615555143704e-01
-2.726586377683779538e-01
2.820909786624095639e-01
-2.742681285112663070e-01
2.827675864474066270e-01
-2.739496092159097174e-01
2.830757817079857519e-01
-2.732844022959450281e-01
2.834948591187959055e-01
-2.727351288948410279e-01
2.820717044933475637e-01
-2.744015547862493909e-01
2.826992760878740407e-01
-2.739798211269425243e-01
2.830856006807478398e-01
-2.734121242057533374e-01
2.835101594734259489e-01
-2.728889610206124416e-01
2.821240436521563755e-01
-2.745307910574497634e-01
2.826062881699658580e-01
-2.740478240888279404e-01
2.830283473321509868e-01
-2.734832126785931017e-01
2.830828920159295103e-01
-2.726918692511385300e-01
2.839971080905312473e-01
-2.747124510430947186e-01
2.827468477175744677e-01
-2.742299099145905084e-01
2.828457819158529674e-01
-2.734078685230733052e-01
2.831424609332396369e-01
-2.728475404032257856e-01
2.838951561120315881e-01
-2.747214111315400831e-01
2.824880421181213408e-01
-2.741407521118471302e-01
2.828423998402301853e-01
-2.735686760724976851e-01
2.831824645235216376e-01
-2.729929664922699506e-01
2.839028195323010650e-01
-2.748364576156220318e-01
2.825348354864225531e-01
-2.743090289461226350e-01
2.827702501747432207e-01
-2.735783295477692834e-01
2.831140682612492410e-01
-2.730540676278462864e-01
2.837712808554140320e-01
-2.748759649841815977e-01
2.826067222731785122e-01
-2.744959751693069050e-01
2.828624556508979593e-01
-2.737776085445932095e-01
2.831061390645533415e-01
-2.731380853637621620e-01
2.836203668391876764e-01
-2.726999998274388104e-01
2.822917203329562419e-01
-2.743512040146618425e-01
2.826758197109634496e-01
-2.738074043961125636e-01
2.832250980035562749e-01
-2.733582932870491922e-01
2.835734573628252431e-01
-2.727312251772369134e-01
2.818759130342485264e-01
-2.741302790067717265e-01
2.824602990398502600e-01
-2.738092578242356523e-01
2.832761365345670135e-01
-2.735117346558956219e-01
2.835813410711990334e-01
-2.728227103395923225e-01
2.819313239843885266e-01
-2.743169728972617571e-01
2.825099440539868278e-01
-2.739390117534289404e-01
2.830845485430616981e-01
-2.735051272608589046e-01
2.837418718496193537e-01
-2.731168002017696494e-01
2.822069702478998687e-01
-2.746086658073212949e-01
2.823181074221357001e-01
-2.738690762462714368e-01
2.829944568197167998e-01
-2.735339782498387717e-01
2.833201505708162204e-01
-2.728604137039978839e-01
2.836952172428687247e-01
-2.744850623576867710e-01
2.825969126112068963e-01
-2.742415363224420810e-01
2.832451166877198445e-01
-2.737883755437799937e-01
2.834998901371898472e-01
-2.731203320908511256e-01
2.836982705044550079e-01
-2.745963418957660385e-01
2.824355827858742174e-01
-2.741918759642125725e-01
2.824832630792265542e-01
-2.733194176657228192e-01
2.829812989733456741e-01
-2.729118939007142419e-01
2.840053761080102990e-01
-2.750077618876989316e-01
2.827780005997375112e-01
-2.745324049392494636e-01
2.827732990337575303e-01
-2.735918341039660917e-01
2.828172128603074764e-01
-2.728675773970273277e-01
2.835114267007275424e-01
-2.747653379138919605e-01
2.827668461757629204e-01
-2.746883399771732348e-01
2.830103857913328635e-01
-2.739023959680475517e-01
2.829356546786553350e-01
-2.730007904873394398e-01
2.832162664035727251e-01
-2.724718090467936338e-01
2.824528434003077404e-01
-2.746171034617408968e-01
2.831123045700824070e-01
-2.741572749200830716e-01
2.832308394066027080e-01
-2.733545215448642263e-01
2.833346571538735148e-01
-2.726078331469914962e-01
2.820356416128375621e-01
-2.743507035564076157e-01
2.826725995145263348e-01
-2.739797012016234601e-01
2.831159223992310014e-01
-2.734061366519473513e-01
2.833456993920079880e-01
-2.727497347543831330e-01
2.820252910146492376e-01
-2.744606690125996895e-01
2.826689098142296519e-01
-2.740707749144988825e-01
2.830799817545016639e-01
-2.734741659306272332e-01
2.833180917322676851e-01
-2.728295929640770501e-01
2.820285941137139485e-01
-2.745961635658950573e-01
2.826841753321359674e-01
-2.742147673921452866e-01
2.829499861337249622e-01
-2.735032836545182588e-01
2.833012898925198475e-01
-2.729215176005666543e-01
2.837943918992843484e-01
-2.746289574776969999e-01
2.824856188454638595e-01
-2.741740553156741256e-01
2.831591708431579479e-01
-2.738154036558452797e-01
2.833999176397553055e-01
-2.730361050590629501e-01
2.833243440564803817e-01
-2.743511170922455777e-01
2.820297076076728193e-01
-2.739528861980553009e-01
2.827982626817085454e-01
-2.737098805884256580e-01
2.836922730184180397e-01
-2.734679095691470718e-01
2.839024438486371094e-01
-2.748444387856847637e-01
2.820648021442016540e-01
-2.740374392592932473e-01
2.825734904895015887e-01
-2.736192135684046844e-01
2.835565875835757144e-01
-2.735078137829233258e-01
2.840071257254786485e-01
-2.728934896243817021e-01
2.820389796460260334e-01
-2.741216267447427191e-01
2.826136522973826670e-01
-2.737829688248488158e-01
2.832789718390106293e-01
-2.733758366143231311e-01
2.835074107692083789e-01
-2.726495513719519037e-01
2.820765396669736580e-01
-2.743012056329411363e-01
2.825492266801521435e-01
-2.738224937628729316e-01
2.830777371610466719e-01
-2.733865237865260589e-01
2.834988463311170492e-01
-2.728476957403467296e-01
2.822223353382506406e-01
-2.744886850932166111e-01
2.825201253611083207e-01
-2.738679292588296343e-01
2.829694363592425432e-01
-2.733686062650225179e-01
2.835406035675679948e-01
-2.729579432069830225e-01
2.823101200839306379e-01
-2.747046522027809523e-01
2.826344563678476751e-01
-2.740581310457846920e-01
2.828070465511059450e-01
-2.733544804358252756e-01
2.833257054245149065e-01
-2.728639145236164687e-01
2.838602426735437612e-01
-2.746036312697165971e-01
2.824960727082687084e-01
-2.741396751553529243e-01
2.831672651454847367e-01
-2.737579930438446274e-01
2.834825111254010710e-01
-2.730898842990240882e-01
2.835656972547652699e-01
-2.744696079974160430e-01
2.823429430925952222e-01
-2.741348350534672518e-01
2.830562695023097763e-01
-2.737955017451197959e-01
2.834910699157323632e-01
-2.731709567177880160e-01
2.834584624439171474e-01
-2.744870738717771763e-01
2.821647924654435147e-01
-2.741246487097653839e-01
2.831206907255418015e-01
-2.739643618237063150e-01
2.834653802037619408e-01
-2.732920323226391557e-01
2.834800499275595964e-01
-2.745695020148460341e-01
2.818857837571721592e-01
-2.740060352261640131e-01
2.827541871702870524e-01
-2.738166318869253435e-01
2.834179295276600952e-01
-2.734417957710453817e-01
2.838221097448738739e-01
-2.728267825243008149e-01
2.820940169030328182e-01
-2.742322765134398432e-01
2.825191629501980772e-01
-2.736972802923730574e-01
2.830596769073572827e-01
-2.732863191367878586e-01
2.836438473677257432e-01
-2.728653479699983953e-01
2.821497106894635398e-01
