3.714298025823131955e+00
-2.118572693126503204e+00
7.589392264726415593e-01
9.807489458945322092e-01
-4.571189161697138403e-01
6.461338765202329082e-01
-5.625931691045158445e-01
-8.034215691345075738e-03
4.332801759933372354e-01
-2.657302517029411226e-01
2.307322042037372734e-01
-1.384348201543853518e-01
1.495390031828043864e-01
5.827131601437594149e-02
1.375512944633630052e-01
1.428080892379422762e-02
2.768067598815023844e-01
-1.439463986209582047e-01
2.163869401321301678e-01
-1.597258302398054941e-01
3.183608560285513533e-01
-1.757307729180739575e-01
1.664958910819755444e-01
1.009535689164275940e-02
1.274473672523112611e-01
7.236744591297300522e-02
1.977143696668241801e-01
-9.688713361346916464e-02
2.611560744408380486e-01
-1.869599861274574559e-01
3.078200039816940681e-01
-2.068215250726367360e-01
1.953837716024007798e-01
-1.222952566609365327e-01
3.108024064597673664e-01
-2.115164062710233606e-01
1.982724069239336917e-01
-1.208392872567707471e-01
2.814716612218953751e-01
-1.954677313012913586e-01
2.106256639941450626e-01
-1.475378955350709620e-01
3.417234068508874789e-01
-2.020169852715097691e-01
1.785907270858874685e-01
-1.035192160424193153e-01
3.347983345422243517e-01
-2.178685777989877725e-01
1.512474805707337833e-01
4.185269026739355663e-03
2.208952281850768973e-01
-1.099731299684834906e-01
2.498187424719946481e-01
-1.810277338554298898e-01
3.341589490538439677e-01
-2.140775901910391965e-01
1.699471483107806713e-01
-9.450494441452118866e-02
3.060440176926557676e-01
-1.652873932283655811e-01
1.867697449523351427e-01
-1.050742002084390780e-01
2.257592261154186264e-01
-1.117447993211106438e-01
2.463371795617667059e-01
-1.795669362411503600e-01
3.379188918599940195e-01
-2.148497000900803089e-01
1.922973588868920891e-01
-1.241553523519190599e-01
3.472975724937645836e-01
-2.122548349810545742e-01
2.245066928837962106e-01
-1.427785476517092755e-01
1.425878895080129882e-01
7.692513775062055636e-02
1.140675727375485005e-01
1.348901461878198316e-01
1.200112447799861481e-02
2.784611191340024550e-01
-1.425699393123761038e-01
2.174953880379766058e-01
-1.605351579423169306e-01
3.175387101121174838e-01
-1.762533588740388124e-01
1.662573781431010145e-01
3.197281235620103024e-03
1.323732017665836536e-01
5.935746070894481335e-02
2.250257857633952974e-01
-1.115771124795534724e-01
2.494822472549886316e-01
-1.819492511559500925e-01
3.344606367711103756e-01
-2.146396664207017302e-01
1.728478573143286678e-01
-1.007495879319684345e-01
3.183911804775240162e-01
-1.747989688618417081e-01
1.727389636568023579e-01
-3.968495641467517654e-02
1.637253919750573106e-01
-8.031370409728259829e-02
2.700430610780176210e-01
-1.896280387665071898e-01
2.594620319780130968e-01
-1.828946121313624606e-01
2.747737358993908585e-01
-1.925495799761157145e-01
2.155044831209980971e-01
-1.513140351445350640e-01
3.448387843646274487e-01
-2.072103767762113469e-01
2.235137341838596969e-01
-1.352267158122881507e-01
1.381072572956952293e-01
1.013199232022609364e-01
4.900660376617731184e-02
2.405434766605989982e-01
-1.197222838647047649e-01
2.419992183317693502e-01
-1.756318505632395999e-01
3.429454587893415729e-01
-2.120779356485712197e-01
2.185010304976280626e-01
-1.402700312580195119e-01
2.221720576101113842e-01
-1.569385198575820040e-01
3.448060765914979786e-01
-2.101325632006139643e-01
2.246325705855443111e-01
-1.422540564434643662e-01
1.699272221253612103e-01
-1.005337288486251035e-01
3.480234509208182114e-01
-2.083271937604741220e-01
2.175522418577071071e-01
-1.300660729097478097e-01
1.565509157613445002e-01
1.076652079295777054e-02
1.762609964535682694e-01
-8.699861086153057310e-02
2.668316897607395100e-01
-1.895488481911571377e-01
2.791314646778393915e-01
-1.930967872005026897e-01
1.988859567796251171e-01
-1.385445028561413383e-01
3.281842485722943903e-01
-1.856552993942428009e-01
1.518624416844811253e-01
8.442958918178276873e-02
-2.535286836491644491e-02
3.239378929980267774e-01
-1.767948144433813540e-01
1.709375498559285445e-01
-2.060204441231812400e-02
1.419564148612050825e-01
-3.904256952036037204e-02
3.217920614268323654e-01
-1.762240147173487759e-01
1.717911674772703290e-01
-1.945369171653914611e-02
1.524002507172199095e-01
-7.552273215771071468e-02
3.500065739881290106e-01
-2.148202659754122612e-01
2.252284116972168571e-01
-1.417693865848756452e-01
2.043366332334105029e-01
-1.239830726275816530e-01
2.339559489235169820e-01
-1.665115506644475885e-01
3.380583453415731965e-01
-2.160044707340889047e-01
1.858860981642402321e-01
-1.195094161629491059e-01
3.448238445862810142e-01
-2.025170573009262287e-01
1.814407181794355783e-01
-1.061434949007576539e-01
3.256138554111252525e-01
-2.173725433254005135e-01
1.903034553139090479e-01
-1.151057346241153023e-01
3.144859104059325450e-01
-2.119394274476468498e-01
1.981543383164377503e-01
-1.197431071536402963e-01
2.928209503360101329e-01
-2.036654858304419169e-01
1.619552822052306995e-01
-3.147376571713633026e-02
2.260883858329463536e-01
-1.116408238872968611e-01
2.476624369090063560e-01
-1.782566424630925572e-01
3.367230019256345908e-01
-2.151052752147441793e-01
1.868194061852195553e-01
-1.204631232130052299e-01
3.455370876882536413e-01
-2.046765960264126105e-01
2.040314547624992314e-01
-1.189526666914799691e-01
1.776804284957303748e-01
-1.029527691555893881e-01
2.716248779732868268e-01
-1.406433517799732802e-01
2.176186090370793025e-01
-1.593437438176270038e-01
3.225848391047160812e-01
-1.785596894142428837e-01
1.593486655450264966e-01
3.339418465156379634e-02
7.433293391436134046e-02
2.134328672236267543e-01
-1.046817253966647043e-01
2.553027772780628313e-01
-1.836146253790379990e-01
3.256894836702144969e-01
-2.147640422229707136e-01
1.813551016749841149e-01
-1.094349750910258157e-01
3.394753970791337117e-01
-2.188743491018368403e-01
1.720190914797663506e-01
-9.841478877300763317e-02
3.144085413327536438e-01
-1.694716478595321152e-01
1.774442069086420437e-01
-6.712197608472666999e-02
1.871504144821565796e-01
-9.212582455146801907e-02
2.622655920245818284e-01
-1.865900166173073693e-01
2.987196166216453674e-01
-2.026302395089706609e-01
1.904185540226885076e-01
-1.150163036042381737e-01
2.922288691122411075e-01
-2.027362988627394169e-01
1.666112748166588553e-01
-5.117768168901419557e-02
2.435636437335306770e-01
-1.210654444197396540e-01
2.369112441845169503e-01
-1.745305769592762624e-01
3.424357402280515661e-01
-2.088094528709352471e-01
2.245791690872427915e-01
-1.398008658913709734e-01
1.975135077423252061e-01
-1.169726119655400409e-01
2.489085041820714994e-01
-1.778851768951587586e-01
3.116769301959058103e-01
-2.102302520441337030e-01
1.943614109367352294e-01
-1.196715850086107064e-01
3.208748974572159240e-01
-2.138061600166465404e-01
1.935479960059264259e-01
-1.200258503046719299e-01
3.072454857170140996e-01
-2.100837434993346742e-01
1.964676449305561845e-01
-1.184275404320982855e-01
2.727090855577740669e-01
-1.904446480187330926e-01
2.440226541408485605e-01
-1.723906612757180323e-01
3.175774001588180795e-01
-2.126641893873930100e-01
1.929441572799268645e-01
-1.182909957390987088e-01
3.202453091102406280e-01
-2.137646300449084769e-01
1.957803022984488106e-01
-1.204018392371426632e-01
3.067137667624472708e-01
-2.100099498490578531e-01
1.957647941462632157e-01
-1.180136440177771973e-01
2.743941767695889933e-01
-1.916546007746245950e-01
2.374534636246025399e-01
-1.679876234132613999e-01
3.294241090460388599e-01
-2.159540240248958576e-01
1.471360516333793944e-01
2.532860535920834766e-02
2.087008762417009167e-01
-1.016560367839248746e-01
2.567269283905685984e-01
-1.858297380056003756e-01
3.208421339550452389e-01
-2.132948514304526810e-01
1.906679871123020120e-01
-1.160223831055010590e-01
3.191504216609866162e-01
-2.136461736643572584e-01
1.960364524428785948e-01
-1.184304571000439898e-01
3.055484023070454414e-01
-2.097913174524228264e-01
1.926081142120444067e-01
-1.156937555479359697e-01
2.866726978273971826e-01
-1.989153569168929381e-01
1.899853379723224212e-01
-1.278869077952225208e-01
3.116009282981799799e-01
-1.707590578453937746e-01
1.772900222142967941e-01
-6.197824521559627819e-02
1.862196850871062070e-01
-9.085227116686443727e-02
2.631319186409309396e-01
-1.862516775800348579e-01
2.951784518626486276e-01
-2.034256846349810632e-01
1.707143698052441261e-01
-1.007383311052226782e-01
3.483158765326024309e-01
-2.085379268091275273e-01
2.199216002286945859e-01
-1.316697267685289496e-01
1.497335695762258556e-01
3.999872960500962249e-02
1.521213374465223700e-01
-7.498252425170474911e-02
3.485021048374633557e-01
-2.178992392617002671e-01
2.101561204592440613e-01
-1.346478040549714539e-01
3.084160632934405122e-01
-2.109508271210200903e-01
1.980791606559815510e-01
-1.216991434719632420e-01
2.785959848441167952e-01
-1.947002042346573092e-01
2.195309023256092062e-01
-1.529204052980922823e-01
3.455492499413588825e-01
-2.117161171463190772e-01
2.235598548611000547e-01
-1.415182492431885375e-01
1.999452346693480764e-01
-1.204728074309027314e-01
2.357081366038782377e-01
-1.661113463558212822e-01
3.371399713825755651e-01
-2.166963279534455111e-01
1.748289353703104121e-01
-1.101957066535944330e-01
3.253367821998576215e-01
-1.806887477477990833e-01
1.619824758762760664e-01
3.622349057526558225e-02
8.294872165164676736e-02
2.075382384588263518e-01
-1.028142208736150254e-01
2.569824771336903790e-01
-1.857541945079738133e-01
3.194143456013597282e-01
-2.117265447977465520e-01
1.925697613925312912e-01
-1.163733740376837744e-01
3.197525925073754771e-01
-2.156383939573429109e-01
1.941792529148028690e-01
-1.193925587485421824e-01
3.070062523732682291e-01
-2.091638169096585731e-01
1.958214426093309035e-01
-1.166737688634214287e-01
2.770337653807191103e-01
-1.946017021244256240e-01
2.284884490202034324e-01
-1.616055693927120895e-01
3.395615718312388065e-01
-2.153170983153440132e-01
1.906405514739668849e-01
-1.217329814698990958e-01
3.479565938348998522e-01
-2.106294489764263256e-01
2.234850226258549011e-01
-1.381709955423026936e-01
1.349929742828618329e-01
1.204247588245840883e-01
2.098944733636552706e-03
2.943180837765376201e-01
-1.531957869676232042e-01
2.026203797668219841e-01
-1.502668407679072504e-01
2.826657659937543698e-01
-1.487412820467391428e-01
2.062284393997889098e-01
-1.505503965282183054e-01
2.964064339273566606e-01
-1.568333640822565656e-01
1.931085495007438535e-01
-1.339362855856134626e-01
2.562135707458686462e-01
-1.313027705403997103e-01
2.270420244362412743e-01
-1.659887204744825984e-01
3.377557067191833129e-01
-1.953665906665672525e-01
1.259252417140921954e-01
1.665026983231311097e-01
-7.965745019429017193e-02
2.776922640217857619e-01
-1.958801275116902052e-01
2.392815341266689710e-01
-1.678219133861281465e-01
3.261193229347350564e-01
-2.133713084681861938e-01
1.841983816568807109e-01
-1.116362090543730617e-01
3.319537747411683837e-01
-2.181029564884890415e-01
1.521144092094056377e-01
-1.657492612853232045e-02
2.590354937515116363e-01
-1.300514602902430594e-01
2.285280265901647179e-01
-1.690528781031912786e-01
3.381925893202474831e-01
-1.981916230321550954e-01
1.291443523280964845e-01
1.521328669825265933e-01
-7.198830023908604769e-02
3.364667326547506887e-01
-2.208361519987359634e-01
1.497195731331660840e-01
5.545212065000734714e-03
2.215551383543391539e-01
-1.095872017365657203e-01
2.500630068718560084e-01
-1.804319690129055909e-01
3.347453849198702147e-01
-2.159333250209337640e-01
1.692357986099356504e-01
-9.643467101284500242e-02
3.094348929681851601e-01
-1.672114977889469500e-01
1.837039315119440297e-01
-8.715317792463292412e-02
2.111015133733908644e-01
-1.028360252875430980e-01
2.523095291871344514e-01
-1.832119563940421969e-01
3.264717176945199362e-01
-2.140950729046646739e-01
1.721183135343524739e-01
-1.011622302869474299e-01
3.483395937711918355e-01
-2.065692109823043798e-01
2.127093150309487812e-01
-1.284551131603429153e-01
1.625003536363781032e-01
-2.505198297215037104e-02
2.103547821628682923e-01
-1.030991727263247393e-01
2.547271819377566193e-01
-1.822611220760700645e-01
3.240627481855745673e-01
-2.143684234075756978e-01
1.835442627683517847e-01
-1.103284070057350408e-01
3.354820160599158996e-01
-2.181645022920725707e-01
1.553192048406546455e-01
-1.385430383566228080e-02
2.437147896418593029e-01
-1.237127173683235659e-01
2.370984917166846229e-01
-1.739125604188007101e-01
3.427834710963127418e-01
-2.077704021009685598e-01
2.249487494148519340e-01
-1.385160051475529674e-01
1.867573770335859418e-01
-1.121661325178368307e-01
3.047456091069477568e-01
-2.091390942541032083e-01
1.849328262350002361e-01
-1.093906525683896874e-01
3.239689694990878777e-01
-2.150750633171431003e-01
1.941683126182850994e-01
-1.185306113473892087e-01
3.081858411671596354e-01
-2.105875475948438824e-01
1.972834094190413778e-01
-1.193393464737376453e-01
2.718237145867185012e-01
-1.899486652505755768e-01
2.470715379762047359e-01
-1.745338275006806938e-01
3.106219924601745785e-01
-2.101376426882790027e-01
1.950580985660989586e-01
-1.203602074511553321e-01
3.168104369026612521e-01
-2.125621337251454579e-01
1.971527567173771422e-01
-1.215694933259500454e-01
3.014570870833059857e-01
-2.076141261625427115e-01
1.642244858149428943e-01
-9.230050258946592701e-02
3.350222871154294180e-01
-1.887365227309666937e-01
1.483538332826969397e-01
1.044650576828213551e-01
-6.548743439352872064e-02
3.497929076420225325e-01
-2.098086948532967289e-01
2.169032428212296915e-01
-1.300694715460284090e-01
1.573559512364693658e-01
1.431164574534384698e-02
1.812523886760480651e-01
-9.005659351501615895e-02
2.647501435387318858e-01
-1.891560567314442554e-01
2.876961053849699801e-01
-1.982812305512764439e-01
1.627706485701297667e-01
-2.663737589263136946e-02
2.260742916964899318e-01
-1.126941464651517455e-01
2.469796408525309350e-01
-1.800955538550174651e-01
3.369306411478808494e-01
-2.144125081484289375e-01
1.849422189184771748e-01
-1.175566979776012377e-01
3.438546856240748406e-01
-2.016222283407254900e-01
1.246460026925659270e-01
1.640237579598625151e-01
-7.822963063164486974e-02
2.775845429775125606e-01
-1.949200742608027115e-01
2.374620593527804191e-01
-1.658448488575566260e-01
3.284731063238935933e-01
-2.160613631417117875e-01
1.507761540028862701e-01
-1.416973263387659443e-02
2.525255175851385814e-01
-1.271430093128993744e-01
2.335757070478514663e-01
-1.698417748253678861e-01
3.405699812294771256e-01
-2.039661934916245367e-01
2.062252810258540792e-01
-1.229340419141409652e-01
1.732684213423507924e-01
-7.707362464199310481e-02
2.531754643877577315e-01
-1.272628365892250202e-01
2.320894554162497292e-01
-1.704134200396507648e-01
3.400496356051136426e-01
-2.017548939830783039e-01
1.912669089384053389e-01
-1.116235954037471390e-01
2.493135978415094989e-01
-1.756605974829718031e-01
3.150376641754023543e-01
-2.118175117143485386e-01
1.928367202082684750e-01
-1.197446832595430583e-01
3.228255996328479593e-01
-2.152906259129738764e-01
1.937199073939177285e-01
-1.169681312829430331e-01
3.099097551207610213e-01
-2.115392391439591124e-01
1.971354249522428437e-01
-1.206282348004676236e-01
2.724608586657719655e-01
-1.913742847187773211e-01
2.425624996678283352e-01
-1.700010364395492246e-01
3.205407702941014403e-01
-2.140017581403603486e-01
1.918739247428995764e-01
-1.183919457385251284e-01
3.177743619170317335e-01
-2.137852329630934856e-01
1.959101879212319375e-01
-1.193161528178130343e-01
3.056956224860194471e-01
-2.097870334531261038e-01
1.891775745197792069e-01
-1.139832702300218326e-01
3.006441611322797081e-01
-2.068057473995515982e-01
1.398319283686094150e-01
9.361410427204752693e-02
1.080825785639813186e-01
1.555868344846216833e-01
-7.613153646735029700e-02
3.399632877311486445e-01
-2.205234162114934338e-01
1.678186404723423786e-01
-8.539917255586224054e-02
3.002577095402971241e-01
-1.588665357714287296e-01
1.949773279268450510e-01
-1.342233915343812867e-01
2.534159802483100243e-01
-1.298789533880851110e-01
2.285426606210363976e-01
-1.673072548339946120e-01
3.392355229125570415e-01
-1.979384203403290188e-01
1.440730880308842277e-01
4.445138248095226174e-02
1.858212034596311013e-01
-9.147688494475786358e-02
2.644069900868644685e-01
-1.886623719684052958e-01
2.924626502527112315e-01
-2.001426434455061965e-01
1.458089707390784751e-01
6.054356595444376071e-02
1.425318616549616779e-01
-4.737177837819439574e-02
3.292205683730271004e-01
-1.832375431887990069e-01
1.603546008125527333e-01
4.605331170619083453e-02
5.723108017458433672e-02
2.449407800864544515e-01
-1.227436455339808719e-01
2.394670601731120618e-01
-1.758401659797234062e-01
3.425047126257524388e-01
-2.094918368854411239e-01
2.236308448402993254e-01
-1.399805759879661216e-01
1.398888642160405482e-01
9.789352114724342302e-02
6.061994410347003315e-02
2.236334190551101941e-01
-1.105927796035538480e-01
2.503620809329203944e-01
-1.811475422216760334e-01
3.348188192631025295e-01
-2.137315191677226500e-01
1.703535004341809600e-01
-1.010233380878342579e-01
3.136618010022725334e-01
-1.709622280035968389e-01
1.780498775066030881e-01
-6.026750129309288440e-02
1.874913672468634107e-01
-9.068291980510809203e-02
2.616001972258663599e-01
-1.881229756880682669e-01
2.967774127288752561e-01
-2.034984103534297484e-01
1.843301084714720761e-01
-1.088092204323834744e-01
3.259498680350602640e-01
-2.156242730432412213e-01
1.902440853809836685e-01
-1.167271594682411928e-01
3.120491724608372430e-01
-2.121526501504954476e-01
1.980474425542134431e-01
-1.208409493622831926e-01
2.848296496000790601e-01
-1.973761903682017538e-01
1.974813513963233624e-01
-1.368831149438785588e-01
3.261601942004272447e-01
-1.832366364816291893e-01
1.561868459955686739e-01
6.324537884279490818e-02
2.168365558897870221e-02
2.820611453804450219e-01
-1.445340120565570263e-01
2.134399965436681312e-01
-1.585007287167934098e-01
3.122228938995979530e-01
-1.712722622432971131e-01
1.741679923252616169e-01
-4.065684956343246226e-02
1.727445022989602674e-01
-8.323106171802523157e-02
2.667592225278850315e-01
-1.903542571306656717e-01
2.727532652810589764e-01
-1.906498491941772400e-01
2.221657175112035643e-01
-1.558057078993356492e-01
3.445466339868268335e-01
-2.116831842401706298e-01
2.180091766943696718e-01
-1.408585219444183079e-01
2.272048735951739951e-01
-1.614258969324622039e-01
3.425836754213132940e-01
-2.137528070827538762e-01
2.094705086994698429e-01
-1.339369993669723424e-01
3.099872140294698264e-01
-2.110323576566813797e-01
1.980717249078264852e-01
-1.216381225385736869e-01
2.771761684760730149e-01
-1.939045857246778359e-01
2.249646656883797502e-01
-1.570707908290365495e-01
3.435950417995891626e-01
-2.149736574124458399e-01
2.094056702952469540e-01
-1.359040317008102794e-01
3.039565942759762107e-01
-2.076115497128963594e-01
1.917508327862733619e-01
-1.135309872059139802e-01
2.945422463227291843e-01
-2.043911245863069548e-01
1.615790983744073150e-01
-3.341926556109638125e-02
2.256080592312673105e-01
-1.120105560898325137e-01
2.474496178932534818e-01
-1.787517633190360000e-01
3.381328035152726397e-01
-2.155914637277079327e-01
1.863086626315487160e-01
-1.208105241335216962e-01
3.453898860794712422e-01
-2.050028211519172860e-01
2.015605690554661267e-01
-1.178766195265295164e-01
1.822481629222288957e-01
-1.138439143819654220e-01
2.809737850255519809e-01
-1.476250292446942836e-01
2.092801009156283198e-01
-1.537916130151201211e-01
3.041686815958736245e-01
-1.634658964795492331e-01
1.858338720758193063e-01
-9.417770647924865457e-02
2.206948795096386473e-01
-1.109068268581660105e-01
2.473588831811446564e-01
-1.796073738452899915e-01
3.362528378693970255e-01
-2.142873676109733894e-01
1.802312556191445481e-01
-1.134185937889656548e-01
3.341491087949039485e-01
-1.910335691179896600e-01
1.437448396228607483e-01
1.231647247937949496e-01
-6.824523052963839265e-02
3.483641533612985008e-01
-2.182174852708951840e-01
2.059049603825169328e-01
-1.340145642677132709e-01
3.276827285969171055e-01
-2.170262002994120809e-01
1.821796287879305920e-01
-1.087359617121990973e-01
3.387999715850854576e-01
-2.181583479667567327e-01
1.679591800478571761e-01
-8.662249675972605312e-02
2.976058542316373789e-01
-1.589306155411658872e-01
1.958007048091307822e-01
-1.362965656302335127e-01
2.606404026090761161e-01
-1.328126281983701140e-01
2.250824712354315971e-01
-1.658459096255991694e-01
3.333006634096392640e-01
-1.926212705096227162e-01
1.357020042831839080e-01
1.504469918239214055e-01
-7.294160907384630854e-02
2.840352158884181799e-01
-1.975815817489117721e-01
2.092599042210646909e-01
-1.464709862124316531e-01
3.406605873812766916e-01
-2.004989987354996728e-01
1.525754012474046517e-01
-3.252601385245181692e-02
2.786426382611156272e-01
-1.431942415021671966e-01
2.158544153923253606e-01
-1.593081599812865290e-01
3.148173746127492789e-01
-1.739903701301807604e-01
1.700755126912376902e-01
-2.008005541310003972e-02
1.529406076717871876e-01
-7.422238700853353577e-02
3.500505452427046804e-01
-2.182001928026605642e-01
2.156682621748776119e-01
-1.397386467911460595e-01
2.633732103673908642e-01
-1.855945843667085038e-01
2.710825526620274095e-01
-1.885293108937201034e-01
2.333640250154815077e-01
-1.652489415412876361e-01
3.352967542012604829e-01
-2.164516196985433738e-01
1.714835309024819177e-01
-1.002636233281482270e-01
3.150662116898375609e-01
-1.709506954842634485e-01
1.775582324183216376e-01
-5.023974117701791864e-02
1.798620024580453447e-01
-8.931254045663933328e-02
2.643594249028630161e-01
-1.883498766366821509e-01
2.878895355341370421e-01
-1.980233622105382063e-01
1.629486111727514175e-01
-2.508480975764921378e-02
2.237697849381410087e-01
-1.122325775363849643e-01
2.473922757980771547e-01
-1.799609400261928949e-01
3.368139208928759842e-01
-2.141524577770174687e-01
1.839984646827378112e-01
-1.163976868671838250e-01
3.406178700800416848e-01
-1.990298730648686343e-01
1.269500386358678734e-01
1.675582830760574682e-01
-7.902741917660834059e-02
2.782284149150215380e-01
-1.952114398512588278e-01
2.395896468878528085e-01
-1.694386897447019147e-01
3.252148296506068847e-01
-2.150939690305519458e-01
1.840307393223159504e-01
-1.102758026576995953e-01
3.344843112790230610e-01
-2.177631684727395489e-01
1.517330888595061489e-01
-9.116438871024368229e-04
2.244642107549542076e-01
-1.122421761985884087e-01
2.479158182621616913e-01
-1.802339168741378672e-01
3.366590141421755278e-01
-2.140746197713890020e-01
1.829936490105541491e-01
-1.154597276346021884e-01
3.390310066501963093e-01
-1.967442008141203624e-01
1.317355365578458115e-01
1.608374275877969828e-01
-7.589218676145498277e-02
2.809387159963699365e-01
-1.962754646649982337e-01
2.255571290957962827e-01
-1.591225424136613054e-01
3.421483198519509883e-01
-2.147323636733007857e-01
2.080336485061501928e-01
-1.342909696616928494e-01
3.135205557220830386e-01
-2.109761571281945081e-01
1.980176419308333213e-01
-1.222823111807389840e-01
2.981281857729921048e-01
-2.060940119466353748e-01
1.442270738643848804e-01
6.773388197350123374e-02
1.430602453969260224e-01
-3.861179073662836247e-02
3.259430289543548409e-01
-1.804307848412045889e-01
1.659054796015840549e-01
9.455204365108049736e-04
1.225654668884311183e-01
1.129802634696079611e-01
1.287791643170438927e-01
6.067344521388499945e-02
2.244720548436945073e-01
-1.091573713777314464e-01
2.495424084147828681e-01
-1.822616392011379149e-01
3.339206077966069275e-01
-2.148013761852519965e-01
1.709167919283944292e-01
-9.577380348351821615e-02
3.127598436668485027e-01
-1.681589190064808337e-01
1.795968429747356876e-01
-7.835996913418238896e-02
1.969801025444871956e-01
-9.726992888183633168e-02
2.586003946329882286e-01
-1.849305546396133593e-01
3.123262546395304540e-01
-2.085458650289856164e-01
1.926131655242910301e-01
-1.203938346167978540e-01
3.241878311782168121e-01
-2.161264664336832453e-01
1.921728931120002815e-01
-1.161145381615690392e-01
3.116509418772349660e-01
-2.103183535661997949e-01
1.972736578447835398e-01
-1.218826024695357779e-01
2.788386417896536185e-01
-1.955596672819752968e-01
2.168267852273278451e-01
-1.517058708679916712e-01
3.450583257825526329e-01
-2.079525999514367229e-01
2.236055993474297121e-01
-1.399453955623532475e-01
1.750981543532103002e-01
-1.034456393649883510e-01
3.469028787912901146e-01
-2.166886114636684402e-01
2.106145345377944955e-01
-1.348723357072709461e-01
3.061618023787749943e-01
-2.093902337580686446e-01
1.948173819397376882e-01
-1.180485456745828804e-01
2.750174809262822540e-01
-1.927412446743688723e-01
2.333866365103836049e-01
-1.633220515450303778e-01
3.357353043404626702e-01
-2.168003446927915523e-01
1.676845974740273082e-01
-9.001178461648115525e-02
3.037542298309975353e-01
-1.625085410233883809e-01
1.904116238002292461e-01
-1.152274690045560351e-01
2.389066301634370781e-01
-1.207649451568195281e-01
2.382071798875151913e-01
-1.746908712350753456e-01
3.424874817439779173e-01
-2.100683995422624462e-01
2.228761805146527164e-01
-1.401542980754490741e-01
1.594238414948505600e-01
-9.905762673848694105e-03
1.973807505414889307e-01
-9.775173624612103207e-02
2.593446412610034280e-01
-1.862327093101914244e-01
3.106448109148500225e-01
-2.084037831991087941e-01
1.949063040397134572e-01
-1.187571459267648399e-01
3.219181642264477561e-01
-2.159427399476546439e-01
1.932148566148376156e-01
-1.180225975149206408e-01
3.094140961194803419e-01
-2.099232811553457811e-01
1.986641114024640387e-01
-1.190670831201407487e-01
2.716441972629460855e-01
-1.920317309142194062e-01
2.429104562232574926e-01
-1.714663853889061562e-01
3.179402719619501272e-01
-2.117084918555097728e-01
1.937090025725224374e-01
-1.174151986413437959e-01
3.195197457361977911e-01
-2.153304663544684527e-01
1.942482462813854560e-01
-1.193164463915406814e-01
3.079409031710081956e-01
-2.094240293963801069e-01
1.974610804015987375e-01
-1.179791196265316672e-01
2.708171295384326216e-01
-1.917026865385659251e-01
2.454500436591317558e-01
-1.734298915235382710e-01
3.122140165728419237e-01
-2.097953736403466718e-01
1.952299580530405532e-01
-1.191927610525824466e-01
3.177751766217378759e-01
-2.149039386972095012e-01
1.948384834458169179e-01
-1.200928036497999063e-01
3.062275591105834138e-01
-2.088194823707448244e-01
1.943322286676068544e-01
-1.154329315684050061e-01
2.830405561091123845e-01
-1.980856847621398908e-01
2.056454262744182859e-01
-1.440995824624076715e-01
3.391609290318798320e-01
-1.969721813314441461e-01
1.276341801197979908e-01
1.684833272867289344e-01
-7.799585842314621376e-02
2.771910322508908675e-01
-1.966139244638612782e-01
2.389108041809768490e-01
-1.686621202629171867e-01
3.252489827865801542e-01
-2.139400113035424267e-01
1.868360068821030284e-01
-1.106980271860258380e-01
3.283601774238721349e-01
-2.181091653656560547e-01
1.815249353886975725e-01
-1.087254926612772343e-01
3.393997578351914401e-01
-2.184598905175791916e-01
1.710225982820569868e-01
-9.286740427236857276e-02
3.083169840244480708e-01
-1.677448120489959948e-01
1.831887641328374117e-01
-9.211683818004295921e-02
2.117398751730476814e-01
-1.044955428441068368e-01
2.527521456743641592e-01
-1.812348723109643012e-01
3.271867807833077069e-01
-2.151254861825488418e-01
1.513029655750733338e-01
-1.954838370124458574e-02
2.577771801644229699e-01
-1.305397363072740291e-01
2.300955742274678750e-01
-1.676679362513619487e-01
3.395662556901337115e-01
-1.994143066983047885e-01
1.409416210773113687e-01
6.111569152132287353e-02
1.683154649322364527e-01
-8.179491124405982583e-02
2.706092864391880237e-01
-1.902304573919004205e-01
2.628180820686914498e-01
-1.847832855078083703e-01
2.631464660280254941e-01
-1.853915778551191440e-01
2.601910612448471993e-01
-1.826350033067180023e-01
2.721109367440144866e-01
-1.891150463620657196e-01
2.305544894179658022e-01
-1.630797430551974569e-01
3.384817367761502882e-01
-2.161616373930667079e-01
1.868803344119518983e-01
-1.202831265833519542e-01
3.457008214194206563e-01
-2.042716402397716235e-01
2.005961069181866618e-01
-1.187337537407978372e-01
1.826450647179710951e-01
-1.178654867324867989e-01
2.872922803851187257e-01
-1.511076493629792128e-01
2.046538520930173410e-01
-1.492089388936310157e-01
2.900686863459032705e-01
-1.519095353506662305e-01
1.997733619903191982e-01
-1.467141844397943928e-01
2.786470118907506954e-01
-1.457025605635950960e-01
2.103257235460632146e-01
-1.535561612791793706e-01
3.070242970320953835e-01
-1.649203421142309556e-01
1.814117514357095895e-01
-8.886852911455023207e-02
2.091231777861894403e-01
-1.037343945152054553e-01
2.534634796571933468e-01
-1.822700434524530955e-01
3.262791739840290584e-01
-2.128243749864365264e-01
1.778931870308417817e-01
-1.072681114678096514e-01
3.452615234540811207e-01
-2.178341454901469854e-01
2.024650212949423711e-01
-1.306585337579633521e-01
3.355564036023748753e-01
-2.167453179088558168e-01
1.569282135118639510e-01
-4.147769810030803306e-02
2.604662174112896134e-01
-1.331272786115263451e-01
2.271531752431943663e-01
-1.664063656071829989e-01
3.367935301643913970e-01
-1.941103916485282521e-01
1.285710533409727685e-01
1.628993437567480274e-01
-7.792845222695944651e-02
2.791966659099036074e-01
-1.965590510257589352e-01
2.310457570394273408e-01
-1.619340369678035074e-01
3.381781723091062952e-01
-2.148844530758876881e-01
1.780943909262054647e-01
-1.149460847790853418e-01
3.331399578597554756e-01
-1.888296763734359784e-01
1.474448594915155619e-01
1.118755992764835783e-01
-6.257191256542464497e-02
3.507691844267998849e-01
-2.101852173992037887e-01
2.146131237023151672e-01
-1.294938792462952959e-01
1.599912701697204231e-01
-8.381691366323372819e-03
1.982747264792906472e-01
-9.629956573309249312e-02
2.602160695410007385e-01
-1.873361977452109584e-01
3.097379901297580562e-01
-2.094645096596960965e-01
1.940247994581624225e-01
-1.199939706325979932e-01
3.224331999710755570e-01
-2.145765049014163317e-01
1.945754363153973099e-01
-1.194269075977029970e-01
3.081762069045788643e-01
-2.108088997381005192e-01
1.974419479700187940e-01
-1.199245778549416358e-01
2.719253566744158079e-01
-1.903256226628393943e-01
2.459324421935805416e-01
-1.715363790866171745e-01
3.127030690475710584e-01
-2.112060514540331779e-01
1.938826799118116007e-01
-1.198700303591245797e-01
3.203678261678716832e-01
-2.140669249534555285e-01
1.953828888611840453e-01
-1.179543072232290268e-01
3.069992792651935476e-01
-2.103871638719868598e-01
1.966988536563868961e-01
-1.193503512511545767e-01
2.710878451664476829e-01
-1.899898935078057627e-01
2.485754884097247930e-01
-1.735495650462785533e-01
3.062454399137833350e-01
-2.088097771223156041e-01
1.977967465886337206e-01
-1.222072546442672658e-01
2.951009655946448262e-01
-2.033856014467911588e-01
1.570331061069071832e-01
5.969337017485962238e-03
1.999419548609622788e-01
-9.944356908161032516e-02
2.580822822425219432e-01
-1.859542276740855649e-01
3.140872687023329446e-01
-2.100894487456138604e-01
1.933995143755823376e-01
-1.179703996468189769e-01
3.248463261223547560e-01
-2.171356872420932005e-01
1.900968958319961266e-01
-1.155841716640148842e-01
3.148034127042690922e-01
-2.124821711217439457e-01
1.976510669820748523e-01
-1.199959789975161978e-01
