4.515222536012212018e+00
-3.172144654924866192e+00
1.377548365222374560e+00
1.788543595363752070e+00
-1.244623401988313560e+00
1.817523829691001014e+00
-2.122903930495278146e+00
-1.212563686816008068e-01
1.653953019721195572e+00
-1.260439793071296499e+00
4.162401542997207216e-01
1.095173692248795572e+00
-5.276023184276030786e-01
6.725569675344903464e-01
-8.020846323886560159e-01
-8.033927880614695483e-02
6.904680424289477703e-01
-5.646118771988506424e-01
1.279984154277533925e-01
4.415706396530914013e-01
-2.600366854429380647e-01
2.970916255587904287e-01
-3.328357908511042629e-01
-4.714225980035690461e-02
3.811537046744313817e-01
-3.256600726196217099e-01
2.886479523841079531e-01
-2.327232317637208947e-01
2.263983775298342160e-01
-1.976249749016390223e-01
1.562025079212172596e-01
-1.353799020773707729e-01
3.633300441469787811e-01
-2.761113814308828185e-01
1.016647702537944453e-01
1.731167748935592554e-01
-1.139640327841158485e-01
2.617607853163359533e-01
-2.508817112691209550e-01
3.428374006649647643e-01
-2.843866472429658065e-01
2.692049086075374298e-01
-2.327406031392131591e-01
1.690931497479702394e-01
-1.496459322963450134e-01
3.619890270157490320e-01
-2.967336746411574078e-01
2.767580869644529207e-01
-2.261488451329893290e-01
1.899349347771003838e-01
-1.691116278301410536e-01
2.925374120259770505e-01
-2.680043438607974116e-01
2.851379618308511610e-01
-2.553237225568565361e-01
2.479738016905090880e-01
-2.261641081232947936e-01
2.747620114769592226e-01
-2.533330198281822376e-01
2.763404763849718893e-01
-2.516291536219275593e-01
2.615608693832761067e-01
-2.392400391873623633e-01
2.707869371458332397e-01
-2.467381965073973393e-01
2.743297921469607936e-01
-2.501998788775381399e-01
2.661090614023503553e-01
-2.441688295133166431e-01
2.690612175087052638e-01
-2.460575555825060268e-01
2.715932082894362831e-01
-2.469384172386002718e-01
2.691990298525899217e-01
-2.462928861003055026e-01
2.684364600408540302e-01
-2.464660950101735248e-01
2.702881476559890195e-01
-2.469440122820489303e-01
2.694000121364708566e-01
-2.452753697725366944e-01
2.700979401500088195e-01
-2.473257780608344170e-01
2.695491933368864279e-01
-2.473887059694826474e-01
2.688622090540391252e-01
-2.458645280204475592e-01
2.695662964475013523e-01
-2.456501486693800917e-01
2.708016665054371885e-01
-2.479616386621448232e-01
2.685781845083963226e-01
-2.466835443099687220e-01
2.690829105013511358e-01
-2.462644624593658405e-01
2.700292541635546661e-01
-2.460870453493053112e-01
2.701790649893984764e-01
-2.452743708174027204e-01
2.686538181620110599e-01
-2.469126899865919933e-01
2.693578283308605825e-01
-2.465618205959234088e-01
2.695144028279480852e-01
-2.457849485719644234e-01
2.701023999453626145e-01
-2.453338461304510054e-01
2.686272063140567878e-01
-2.470242188412467010e-01
2.693078013813221538e-01
-2.466579032249278658e-01
2.695748478962813333e-01
-2.459488889547117307e-01
2.699886260688225126e-01
-2.453602695512803744e-01
2.685614746599694347e-01
-2.470857856700398592e-01
2.692434773051953223e-01
-2.467172823457100539e-01
2.695282297248297598e-01
-2.460296477986749220e-01
2.698641184430343176e-01
-2.454099516237189527e-01
2.688562629077015376e-01
-2.474173669582658552e-01
2.689000617772729917e-01
-2.465533993167604576e-01
2.695032069894016113e-01
-2.461644499263998809e-01
2.699452647458588928e-01
-2.455515434549540577e-01
2.700842937207601491e-01
-2.470989536589960900e-01
2.693160608544745149e-01
-2.470003521918515688e-01
2.692368978027739890e-01
-2.460177364815345213e-01
2.698023831296615382e-01
-2.456127641470846612e-01
2.704890913039774691e-01
-2.475193380460590231e-01
2.686966353953135767e-01
-2.466089362502857929e-01
2.692741044010950602e-01
-2.462062905584909145e-01
2.700203609894832879e-01
-2.458723211096843775e-01
2.699419384737886674e-01
-2.471660484738709140e-01
2.685527703110047737e-01
-2.467018029161877068e-01
2.699142372420696434e-01
-2.468371654298438522e-01
2.697258909898064827e-01
-2.457272592409869838e-01
2.699094725950868523e-01
-2.450131850558748270e-01
2.687727989683801333e-01
-2.469508999955759010e-01
2.694762819152840549e-01
-2.466141916962046876e-01
2.697102209166081233e-01
-2.458612604036559124e-01
2.699558770302336042e-01
-2.451705692648288304e-01
2.687718689210723544e-01
-2.470575627234229965e-01
2.692778582551793587e-01
-2.465587849910114426e-01
2.695918756928306070e-01
-2.458951471966993874e-01
2.699994813628525669e-01
-2.453422481243613673e-01
2.688599338169467834e-01
-2.472612405278379333e-01
2.691966472123670240e-01
-2.466146873580687959e-01
2.694538232799609800e-01
-2.459011475462253848e-01
2.699850056847975521e-01
-2.454560825874520513e-01
2.687749106290396872e-01
-2.472954449088516082e-01
2.689417592112228195e-01
-2.465211032310364592e-01
2.694230801878937931e-01
-2.460418019217350816e-01
2.703901131780854783e-01
-2.458642856499028695e-01
2.700764971221278343e-01
-2.469909330048377927e-01
2.690045740909320360e-01
-2.467446223016944717e-01
2.697837687575633248e-01
-2.464121365787206031e-01
2.697082367717523188e-01
-2.454341491612935799e-01
2.704167905063035171e-01
-2.474310254416232091e-01
2.691508429029201843e-01
-2.469112506838480603e-01
2.690993327049817641e-01
-2.459984463471965033e-01
2.701179165822332751e-01
-2.459208700395761338e-01
2.700655555474348879e-01
-2.472096853833742891e-01
2.687305580296069918e-01
-2.467470511247804588e-01
2.695848807236267963e-01
-2.465098657990109909e-01
2.697536861105923611e-01
-2.456977132801337338e-01
2.700026600516562958e-01
-2.473025265442213849e-01
2.689744220326573121e-01
-2.470548240036088694e-01
2.693876716056665677e-01
-2.464644279412304684e-01
2.697718664899282359e-01
-2.458592797788322626e-01
2.701080534401112954e-01
-2.451946211578143187e-01
2.686881479135850292e-01
-2.469527629916001554e-01
2.695282299079937438e-01
-2.467031874991970630e-01
2.696186944769405347e-01
-2.458464769309202380e-01
2.701260640188893336e-01
-2.453708095708189985e-01
2.686805694780677878e-01
-2.470063892315322862e-01
2.689988556487165061e-01
-2.463932949045361531e-01
2.696033206296324924e-01
-2.459933872955331335e-01
2.703461547412210342e-01
-2.456450086244974240e-01
2.685985718191978844e-01
-2.470809935150573566e-01
2.689101111504514363e-01
-2.464380294027199159e-01
2.696921690109171932e-01
-2.461677316243272573e-01
2.700163231231988425e-01
-2.454641267333581567e-01
2.681272946087904230e-01
-2.468447977326730103e-01
2.692928122337465147e-01
-2.468849806239381273e-01
2.693032968221791834e-01
-2.459831412047005506e-01
2.701696016237114528e-01
-2.457569845335283443e-01
2.700503959539586885e-01
-2.470144312363726780e-01
2.689312166469644549e-01
-2.467090822879313694e-01
2.697733072311517266e-01
-2.464786999226839526e-01
2.698429010111348392e-01
-2.455888624867405556e-01
2.702656831954442507e-01
-2.473375874589882062e-01
2.690710627159957902e-01
-2.468855235866017905e-01
2.690540469808194168e-01
-2.459984185077197516e-01
2.699473275198184807e-01
-2.458363779474894706e-01
2.704079302526014028e-01
-2.475391029204991322e-01
2.686597425280308760e-01
-2.467288826085479725e-01
2.694742104500342794e-01
-2.464789174492372226e-01
2.697783797553795493e-01
-2.457944608000326436e-01
2.702046884967518880e-01
-2.452352102873193440e-01
2.689586875296376411e-01
-2.470558832651161829e-01
2.689917377785009944e-01
-2.462024059725711755e-01
2.700867042269049501e-01
-2.461835882945365150e-01
2.701163471557957441e-01
-2.452451863349348060e-01
2.684308321334519243e-01
-2.467925978025556910e-01
2.695841548035984858e-01
-2.468078141186642038e-01
2.696193306547163826e-01
-2.458870543555989330e-01
2.698314931205509359e-01
-2.451574828791695804e-01
2.684800250149589340e-01
-2.469130067906221138e-01
2.692851306189427141e-01
-2.467193274690602234e-01
2.698587034209790625e-01
-2.462206435646938640e-01
2.698457965172027517e-01
-2.452700205133509503e-01
2.685427282402540472e-01
-2.471147402297366735e-01
2.692717670100269189e-01
-2.467859591833905519e-01
2.695087326227940672e-01
-2.460332771730818768e-01
2.697866269104020054e-01
-2.453940582756343192e-01
2.703190670162104459e-01
-2.472023155461348654e-01
2.689608697669569892e-01
-2.466664160545140039e-01
2.697161929251871149e-01
-2.463547362689473275e-01
2.698551191618734912e-01
-2.455472568052756710e-01
2.702994151203807482e-01
-2.472821838398763239e-01
2.689361935986232521e-01
-2.467760641170217983e-01
2.698005302638445957e-01
-2.465478251293862777e-01
2.696639493709924729e-01
-2.454703463430451538e-01
2.700636148085426846e-01
-2.472341296981560022e-01
2.690844723664006510e-01
-2.469895824755463931e-01
2.692838010769849633e-01
-2.461967855229765245e-01
2.692928231004546591e-01
-2.453900538067541603e-01
2.708268205976203102e-01
-2.479796699918084268e-01
2.687969309398710593e-01
-2.468435406645648755e-01
2.690155777324170217e-01
-2.461620513132686261e-01
2.698371346834800844e-01
-2.459222427026200031e-01
2.704703125482166293e-01
-2.454932053099730949e-01
2.685410045421069425e-01
-2.467643730130699709e-01
2.688866432948981977e-01
-2.461865813570116579e-01
2.700809716762841983e-01
-2.462543180156596123e-01
2.702296905662522897e-01
-2.453892696515541649e-01
2.685609136017801379e-01
-2.469272160005318850e-01
2.692342117235141385e-01
-2.465699491532181709e-01
2.696735295210939687e-01
-2.460160158449009316e-01
2.701660073917107607e-01
-2.455103266953974905e-01
2.686315405162253978e-01
-2.470868258638454495e-01
2.688953886176332908e-01
-2.464307612086034660e-01
2.697692920610245682e-01
-2.462166710696062077e-01
2.700436911367974369e-01
-2.455227031243369940e-01
2.687480467358740466e-01
-2.473189060959144203e-01
2.689595617241501979e-01
-2.465914730731927906e-01
2.696908612453646770e-01
-2.462688692286950642e-01
2.699515241124251785e-01
-2.455499495213271377e-01
2.702749639505850898e-01
-2.472164705559989073e-01
2.691387568840402089e-01
-2.468630555378133196e-01
2.694538762590989456e-01
-2.461912284292998576e-01
2.698584772428390677e-01
-2.456248649085502889e-01
2.704287601123764317e-01
-2.474525171550953362e-01
2.689168483275768962e-01
-2.467971950918396440e-01
2.694763959842458312e-01
-2.463240630420208133e-01
2.697236495340759044e-01
-2.456384390587307287e-01
2.705116583644603390e-01
-2.476402642074411187e-01
2.687866561979151969e-01
-2.467939271352258823e-01
2.690862502668617262e-01
-2.461296915648635009e-01
2.697571407410246369e-01
-2.457960731854389458e-01
2.702472323999234871e-01
-2.475234758294854454e-01
2.686542644150291537e-01
-2.468246260121112201e-01
2.694472611935932460e-01
-2.465740783805124292e-01
2.697994253525063946e-01
-2.459146815490484417e-01
2.700076681302890913e-01
-2.451851844959976601e-01
2.689075150568364658e-01
-2.471521921022576951e-01
2.691037412620824743e-01
-2.463823500200941485e-01
2.695105960479998175e-01
-2.457977733405747600e-01
2.701097728526936637e-01
-2.453802068232522893e-01
2.687347164692207580e-01
-2.471324205858003720e-01
2.690670273768176468e-01
-2.464598769690589108e-01
2.691251854278913225e-01
-2.456587193590705764e-01
2.704874555081432930e-01
-2.458439614093204661e-01
2.686465392230282800e-01
-2.471550450907006036e-01
2.686981660524276339e-01
-2.462709454740257264e-01
2.694851742610838707e-01
-2.460686020149662201e-01
2.703651444468089249e-01
-2.458417593015997937e-01
2.703253937817615138e-01
-2.471628358974746198e-01
2.689533368161737270e-01
-2.466682561451099820e-01
2.697655190841883321e-01
-2.463437062169160363e-01
2.695780082795722898e-01
-2.453011048821242546e-01
2.702905184561970597e-01
-2.472617064726036762e-01
2.689535599367490204e-01
-2.467753445250863986e-01
2.695588750913048837e-01
-2.463629656544734092e-01
2.699681991718317353e-01
-2.457539932365402635e-01
2.701601883033686868e-01
-2.472864314495081817e-01
2.689844424844168302e-01
-2.468972568683676927e-01
2.692665063406925463e-01
-2.462204116109999730e-01
2.698758814383126481e-01
-2.458126460572936933e-01
2.704357494125381178e-01
-2.476098932490384263e-01
2.686309804968165516e-01
-2.467323531216339405e-01
2.693873555159330135e-01
-2.464670410785094190e-01
2.698945504365102277e-01
-2.459308015152813498e-01
2.700921361351266703e-01
-2.451966088111963704e-01
2.688642216283758657e-01
-2.470348249972295629e-01
2.692652405699017537e-01
-2.464913850705575116e-01
2.698775480530910542e-01
-2.460445661485809454e-01
2.700239037518537555e-01
-2.452425406755425197e-01
2.686294427868987644e-01
-2.469917089993969306e-01
2.694235848633300123e-01
-2.467224568281387032e-01
2.696282649099638329e-01
-2.459419289504884421e-01
2.699537094906737100e-01
-2.453263471254500672e-01
2.686952537852206335e-01
-2.471479504432029517e-01
2.690419649748738151e-01
-2.465220547284227293e-01
2.694004318346966409e-01
-2.458712199422745381e-01
2.697770977055355957e-01
-2.453299169132766855e-01
2.690210109002849070e-01
-2.475319182559389819e-01
2.688641717411467957e-01
-2.464693907424626018e-01
2.693081381645203720e-01
-2.459683724956918671e-01
2.702124893860671784e-01
-2.457639083359605403e-01
2.701785362688373660e-01
-2.470897137407188637e-01
2.688129937681161818e-01
-2.465967576261635652e-01
2.696729044538893061e-01
-2.463858643449186037e-01
2.699689826538660409e-01
-2.456727416937007358e-01
2.703103755805776331e-01
-2.473419912362727624e-01
2.689859685645369924e-01
-2.468384766612856940e-01
2.694680500468145667e-01
-2.463134002748143536e-01
2.698080384015784650e-01
-2.456471507090570716e-01
2.701136520253078488e-01
-2.473177032425158961e-01
2.690374968830792080e-01
-2.470045721171566511e-01
2.692722490717378570e-01
-2.462647144546628031e-01
2.697041071403715740e-01
-2.457142059442330995e-01
2.702797742582888074e-01
-2.475614008769067842e-01
2.689249834031676722e-01
-2.470422781724607442e-01
2.692753878812851331e-01
-2.463988623640959441e-01
2.698647017408128956e-01
-2.459591722572335992e-01
2.700160435526381408e-01
-2.451831901632801625e-01
2.688645817679217176e-01
-2.471262839004949585e-01
2.693208103932035469e-01
-2.465506770164083705e-01
2.695797200329443366e-01
-2.458434615247741262e-01
2.699751995268589444e-01
-2.452702837635675204e-01
2.687026269454578786e-01
-2.470744390228400145e-01
2.689481919258846498e-01
-2.463775232284152739e-01
2.696709796667355885e-01
-2.460775611073515168e-01
2.702850823372846545e-01
-2.456092097475591207e-01
2.683798808179147510e-01
-2.469454128127079873e-01
2.692125747409400138e-01
-2.467223102106211319e-01
2.695718204786205496e-01
-2.460795198608093370e-01
2.699449288743837050e-01
-2.454820313393511755e-01
2.705715825372052574e-01
-2.473434768848214449e-01
2.687287559063937792e-01
-2.464127394304645169e-01
2.693139348834815983e-01
-2.459933728004450038e-01
2.696857668294070920e-01
-2.454206302018324681e-01
2.704892578538296011e-01
-2.473916539957154437e-01
2.686936792681052788e-01
-2.465392178720839933e-01
2.695199417698365130e-01
-2.462891145713963781e-01
2.698399599986332498e-01
-2.456484713280004395e-01
2.705096026107411955e-01
-2.475524554190972060e-01
2.687455322703513616e-01
-2.466709979504357608e-01
2.693111633632960800e-01
-2.462732322776809424e-01
2.700376704815115603e-01
-2.459197115475131035e-01
2.701723310482362361e-01
-2.474098563063019951e-01
2.689398302155949216e-01
-2.470132634110233649e-01
2.695285488185989453e-01
-2.465264985386726448e-01
2.696202740386712260e-01
-2.457019461116318471e-01
2.703552622524427185e-01
-2.453942412948985352e-01
2.686677921596419272e-01
-2.468836867625573417e-01
2.693844609551730440e-01
-2.465585288936840702e-01
2.698590577312531824e-01
-2.459966187103846680e-01
2.698324309579520075e-01
-2.450812473963770444e-01
2.689367627220949908e-01
-2.472346605602358527e-01
2.693555903788782957e-01
-2.466087332669382737e-01
2.692494022176172841e-01
-2.456157889617532064e-01
2.700470394426433551e-01
-2.454126758338442127e-01
2.689602642225339957e-01
-2.473378395261505436e-01
2.688992039023456737e-01
-2.463819216254481970e-01
2.695290514081689626e-01
-2.459825434420996881e-01
2.699683628937036284e-01
-2.454442357312101031e-01
2.686513939506089965e-01
-2.472144761818362846e-01
2.690716011367821903e-01
-2.466694750657465462e-01
2.695327000270472673e-01
-2.460800962559348271e-01
2.696713301893743919e-01
-2.453073251260972643e-01
2.705234939189146148e-01
-2.474099186674892092e-01
2.690799049582635605e-01
-2.467482513898378027e-01
2.689136103345558526e-01
-2.457207804671636131e-01
2.699524723726859921e-01
-2.457105097655009618e-01
2.706879599276608706e-01
-2.476269689877896307e-01
2.686870129358554515e-01
-2.465808078133051862e-01
2.694217131771968754e-01
-2.462812722142620758e-01
2.698998645669132834e-01
-2.457324828089729463e-01
2.701506665858467438e-01
-2.473168156686176566e-01
2.689816473407735664e-01
-2.469687219182125082e-01
2.694446108143956353e-01
-2.463986735104327641e-01
2.696408847520271324e-01
-2.456568488171790299e-01
2.701884140561433001e-01
-2.474813888920998628e-01
2.689801239509245767e-01
-2.470679026694609925e-01
2.693243460135567591e-01
-2.464231734336548851e-01
2.695038460789161427e-01
-2.456488121393902713e-01
2.700471832339740308e-01
-2.452037237672383685e-01
2.688861704901887029e-01
-2.471027444524069860e-01
2.690669294372281528e-01
-2.463626865818090150e-01
2.698622920728493413e-01
-2.460733760877324705e-01
2.700796654572259481e-01
-2.453133194238051318e-01
2.685603911809688049e-01
-2.469751310150216927e-01
2.692442296678481672e-01
-2.466018115388060872e-01
2.696475732467874531e-01
-2.460336166120532242e-01
2.700876321979073791e-01
-2.454647111283058958e-01
2.687076940645321543e-01
-2.472100072593683973e-01
2.691278310754955938e-01
-2.466275972410741923e-01
2.695894524317065666e-01
-2.461075767860047003e-01
2.699657545268587810e-01
-2.454769481548986776e-01
2.685273421953512374e-01
-2.471841192390421826e-01
2.690039480186876553e-01
-2.466171462320573549e-01
2.693998926827929630e-01
-2.460601633182452064e-01
2.698929664473762591e-01
-2.455694569784065417e-01
2.704660101796297345e-01
-2.473797507094294690e-01
2.688643567865057205e-01
-2.466533828267935546e-01
2.695344878685557166e-01
-2.462883209340789303e-01
2.697097624348434586e-01
-2.455507513552615817e-01
2.706304610368068797e-01
-2.476684845197915374e-01
2.689518496814642945e-01
-2.468353163514105386e-01
2.691692619368401540e-01
-2.461043246913995897e-01
2.698208124607294756e-01
-2.457414189068793109e-01
2.703340902850940308e-01
-2.475141148491955823e-01
2.685920521956665641e-01
-2.466892024636413439e-01
2.693469703877678922e-01
-2.464091688284552606e-01
2.701318829522688092e-01
-2.460866967183404086e-01
2.698989485619381345e-01
-2.449826183457068651e-01
2.687435577268045273e-01
-2.469294000860848270e-01
2.693856468113938196e-01
-2.465442310356827371e-01
2.695747830817689650e-01
-2.457458682826268170e-01
2.698458054633728898e-01
-2.450960162798497821e-01
2.687892946688714702e-01
-2.471070379008387941e-01
2.693331319153605130e-01
-2.465907549075415650e-01
2.694836404838721888e-01
-2.458262024588601657e-01
2.701311700238603897e-01
-2.454592733660765080e-01
2.687924425426078123e-01
-2.471991931115636587e-01
2.689909098799441733e-01
-2.464539476759942949e-01
2.695773833613777093e-01
-2.460399602189159984e-01
2.701010074022315299e-01
-2.455108762962739943e-01
2.683807861028492114e-01
-2.469889541129055288e-01
2.691408380383309429e-01
-2.467322071780638226e-01
2.698875595731863308e-01
-2.463550589760149789e-01
2.695317621929577134e-01
-2.451529173074332713e-01
2.701067251769679878e-01
-2.470900535159628042e-01
2.695585101227073732e-01
-2.471484440245077518e-01
2.691490776841033994e-01
-2.458322195330153448e-01
2.693396820369819977e-01
-2.451747160482804500e-01
2.706716347797027411e-01
-2.476298297709005891e-01
2.687274302567768669e-01
-2.466236262470115903e-01
2.696906156980770630e-01
-2.464858003535063957e-01
2.699641207052184688e-01
-2.457800530526166594e-01
2.701128127421507652e-01
-2.472577932095857967e-01
2.688867754020205503e-01
-2.468564486552268789e-01
2.694287765957058545e-01
-2.463937227899045401e-01
2.697665559855555450e-01
-2.457213196268417388e-01
2.701628966241192420e-01
-2.474484495496178105e-01
2.689099948749486546e-01
-2.469827648430648059e-01
2.692161722114360112e-01
-2.463253973356355486e-01
2.697609173973852248e-01
-2.458795736269971943e-01
2.702445094511962131e-01
-2.453371282845419610e-01
2.688117483875478442e-01
-2.470195853083954618e-01
2.688184939678065488e-01
-2.461607025717119646e-01
2.701181828297195553e-01
-2.462838302818159408e-01
2.701702553725006117e-01
-2.453771317983358402e-01
2.685430733813756188e-01
-2.469663162273500190e-01
2.694126866617031490e-01
-2.467333325106758624e-01
2.695636317205924448e-01
-2.459002340574586720e-01
2.698180614100824104e-01
-2.452589972662427287e-01
2.688697608801622896e-01
-2.473036033331727501e-01
2.687398387396290333e-01
-2.463104929663517684e-01
2.697633953785327776e-01
-2.462431878734995527e-01
2.698639844647713337e-01
-2.453741653407673362e-01
2.685304909385321515e-01
-2.471336009631347752e-01
2.687813155868002957e-01
-2.464803465483665912e-01
2.698163338458781091e-01
-2.464090892252717990e-01
2.699756842686136249e-01
-2.455768641868509294e-01
2.701073488542614642e-01
-2.470698747693728381e-01
2.688682537245120074e-01
-2.466596262871644241e-01
2.695220693328887474e-01
-2.462458317557980614e-01
2.695481757481619778e-01
-2.454223760690052991e-01
2.707925570694204587e-01
-2.477835579514136577e-01
2.688978898408030949e-01
-2.467552780865127082e-01
2.691439358882888322e-01
-2.460969878772664154e-01
2.699714383718738175e-01
-2.458568537562411394e-01
2.702667832599736086e-01
-2.474329121840009860e-01
2.686806062435175835e-01
-2.467333409014997314e-01
2.693836187170132179e-01
-2.464212844091406840e-01
2.700158451135705184e-01
-2.459808963410473892e-01
2.698465833041541195e-01
-2.449422433274636990e-01
2.686900930268031340e-01
-2.468933127446072961e-01
2.693329612899255654e-01
-2.464937472047611655e-01
2.697581175996381919e-01
-2.459161847502650544e-01
2.700480142026645547e-01
-2.452237008572721866e-01
2.688334205426861634e-01
-2.471162519375706967e-01
2.692741767623083038e-01
-2.465458002955829842e-01
2.695512607404124128e-01
-2.458316315755644521e-01
2.699689498365269169e-01
-2.453065200646073196e-01
2.687390990685279424e-01
-2.471788787741610038e-01
2.691622070859546190e-01
-2.465381951259212334e-01
2.693038176893969293e-01
-2.457863733102195192e-01
2.700598787050704219e-01
-2.454876215097228642e-01
2.686953454668435382e-01
-2.472091779807013834e-01
2.688739341589228005e-01
-2.464698912159199173e-01
2.695771296757490942e-01
-2.461290891745297194e-01
2.698773154850654943e-01
-2.454554586012753781e-01
2.705401697688298301e-01
-2.473960844343653098e-01
2.691273031655577741e-01
-2.467824986477497318e-01
2.694248974691694776e-01
-2.461279886270193451e-01
2.699854818119410416e-01
-2.456447266748763014e-01
2.701787337997823002e-01
-2.472063491933033652e-01
2.691189657744563202e-01
-2.469360473791363531e-01
2.695626568078748342e-01
-2.463480046074087160e-01
2.698028015610670072e-01
-2.456361446637417845e-01
2.701651490171195213e-01
-2.473035245914399216e-01
2.688830015326851286e-01
-2.468489403581304586e-01
2.695504848878423343e-01
-2.464707987114200805e-01
2.697919056556081219e-01
-2.457434369561660725e-01
2.702219989027015434e-01
-2.474737873029840551e-01
2.687828752512061992e-01
-2.468816332417294590e-01
2.692440541244739971e-01
-2.463480637603664147e-01
2.699381449502343822e-01
-2.459957624056934300e-01
2.701385532760625652e-01
-2.452306340883666502e-01
2.687496235685583046e-01
-2.469822887078565454e-01
2.694494539067500694e-01
-2.466366383813303476e-01
2.696557518527901154e-01
-2.458808351387665181e-01
2.700442085046210750e-01
-2.452654581577133619e-01
2.686563048991383318e-01
-2.470405976124357694e-01
2.693493520805839148e-01
-2.466788217476227063e-01
2.695974744282335633e-01
-2.459502808470785118e-01
2.700051538955239305e-01
-2.453856128098997891e-01
2.687551816044915776e-01
-2.472107895795469801e-01
2.689939110969887248e-01
-2.464979412344641130e-01
2.696489783610154234e-01
-2.461478297259712400e-01
2.702020520704945805e-01
-2.456516956202259849e-01
2.684522187929113679e-01
-2.470791808841443227e-01
2.689960017444249507e-01
-2.466505326600075820e-01
2.698614212789883782e-01
-2.464189319717056403e-01
2.699179890506423485e-01
-2.455170756387168862e-01
2.702066663388714707e-01
-2.471690646869876828e-01
2.689440260796575610e-01
-2.466686987040341283e-01
2.691239415033985782e-01
-2.459011084604991459e-01
2.697019935444850969e-01
-2.455254793400708235e-01
2.706403909081225856e-01
-2.476404825927268349e-01
2.689385941435910032e-01
-2.467825165984634250e-01
2.693163526248330553e-01
-2.462334191975388276e-01
2.700991033663762142e-01
-2.459435673100997810e-01
2.702495582846510813e-01
-2.474147288964738400e-01
2.687446347327785978e-01
-2.467892297078264074e-01
2.694640615792291416e-01
-2.464926229237808519e-01
2.701553196020463621e-01
-2.460784071193817812e-01
2.698568251845364085e-01
-2.449430102852103719e-01
2.689319587298566461e-01
-2.470656124516446006e-01
2.691986326524858364e-01
-2.463750352125141652e-01
2.697897725761995713e-01
-2.459183112524863102e-01
2.700969292416076639e-01
-2.452724212458760600e-01
2.688159997650869659e-01
-2.470811435167601378e-01
2.692626288769751630e-01
-2.465251920389369134e-01
2.696081523634493715e-01
-2.458971970619893421e-01
2.701542984061320318e-01
-2.454194163317716670e-01
2.686559688582655925e-01
-2.470743954946155729e-01
2.691527542684673535e-01
-2.465806958027512708e-01
2.696788329557747166e-01
-2.460731221820268155e-01
2.698684908471608579e-01
-2.453418271730943845e-01
2.688891843633099965e-01
-2.473890739157000584e-01
2.690147824628808526e-01
-2.465348638423852656e-01
2.692294392800941849e-01
-2.458735839184618688e-01
2.703862004702375921e-01
-2.458807056615210929e-01
2.704168029766865766e-01
-2.472466057823718144e-01
2.688389309181757336e-01
-2.465546016530152096e-01
2.696244594963789765e-01
-2.462895093412378056e-01
2.699596833177216326e-01
-2.456351471742196091e-01
2.700156204770550739e-01
-2.470556115624116256e-01
2.691468199458023625e-01
-2.469466646230690232e-01
2.695218662831939671e-01
-2.462923208941162068e-01
2.697098887112873711e-01
-2.455396705027470539e-01
2.703483719774826821e-01
-2.474346947842563649e-01
2.688224391550070314e-01
-2.467893028691156565e-01
2.694502693201124566e-01
-2.463888463671179141e-01
2.698716905889469442e-01
-2.457941195153611480e-01
2.701806087542666379e-01
-2.474215491915706666e-01
2.687927466407799004e-01
-2.468672507029313623e-01
2.691648273621018994e-01
-2.462708430958197303e-01
2.698883341775084599e-01
-2.459482730978446163e-01
2.701868553509146342e-01
-2.452632713946689136e-01
2.686981457428110898e-01
-2.469203798029103170e-01
2.694254005301306432e-01
-2.465981723736781206e-01
2.696777222402726437e-01
-2.458598745065926350e-01
2.699413184334785720e-01
-2.451798063175094355e-01
2.688194620874257423e-01
-2.471607138775130108e-01
2.692868640905524136e-01
-2.465990072707689440e-01
2.695904994626206475e-01
-2.459309979542387281e-01
2.700246207688027367e-01
-2.453871603002795165e-01
2.687309581288231941e-01
-2.471730087300206269e-01
2.690625491784416901e-01
-2.465514390518867005e-01
2.695680997389219846e-01
-2.460195296195645531e-01
2.697117211335928189e-01
-2.452349657503764824e-01
2.685661497255878993e-01
-2.472028689009723723e-01
2.693228439498977500e-01
-2.468682889182397810e-01
2.693669536873894987e-01
-2.460018538522782960e-01
2.700551001253960193e-01
-2.456392049438786973e-01
2.703739672165239027e-01
-2.472719807493916622e-01
2.688258638568751802e-01
-2.465955163480905155e-01
2.693319031014855813e-01
-2.461116750840260381e-01
2.700994309779332081e-01
-2.458148174220854965e-01
2.702892944199773440e-01
-2.473200052255891124e-01
2.688298629034084342e-01
-2.467381560080674219e-01
2.696907021307172192e-01
-2.465061093536794201e-01
2.697534252589787740e-01
-2.456266878500538153e-01
2.700439289282863253e-01
-2.472949766819080020e-01
2.692523394562436057e-01
-2.471825048313837647e-01
2.692224386326685925e-01
-2.462138615229961802e-01
2.695920904908419291e-01
-2.456420433744447296e-01
2.702842053259163491e-01
-2.475640715960139016e-01
2.687285900677493511e-01
-2.468758148519272777e-01
2.693355664211863343e-01
-2.464577215140362765e-01
2.697201187076751494e-01
-2.458454354374826900e-01
2.702389987698035623e-01
-2.453753673117780587e-01
2.687115401851712937e-01
-2.469485162446204973e-01
2.688417517260429657e-01
-2.462217346579887167e-01
2.700121223162806339e-01
-2.461908907344593223e-01
2.697690290623703802e-01
-2.450874723381804565e-01
2.687288176655828753e-01
-2.471616489344727330e-01
2.694174805695181418e-01
-2.467497562150216539e-01
2.693923869755573963e-01
-2.458224623738663461e-01
2.700454658490082371e-01
-2.454462089819255954e-01
2.687368670144399396e-01
-2.472444647019813035e-01
2.690056788993610004e-01
-2.465441505461727079e-01
2.694624735458911458e-01
-2.460308645265923411e-01
2.702078251164635181e-01
-2.457240739376395366e-01
2.705192887774092725e-01
-2.473258858184002595e-01
2.688909225562569616e-01
-2.465768696157148998e-01
2.693985633088577525e-01
-2.461168413059462989e-01
2.703338070044629671e-01
-2.459266489642565334e-01
2.701724539150474058e-01
-2.471645301303828368e-01
2.689514148902615309e-01
-2.467573901214261678e-01
2.695103451787415616e-01
-2.462997670287897789e-01
2.698271432862830999e-01
-2.456346021922455880e-01
2.702864624668640525e-01
-2.473864347093131244e-01
2.688756430376676998e-01
-2.468175867488632824e-01
2.694001873187580332e-01
-2.462912390919911598e-01
2.696742989072246632e-01
-2.456505173846455503e-01
2.704382959881321269e-01
-2.476271631422043984e-01
2.688336378561046458e-01
-2.468832552235456224e-01
2.692349001300475275e-01
-2.463231633903317508e-01
2.698887270781962222e-01
-2.458902095062035220e-01
2.698778121541546837e-01
-2.450300740437836855e-01
2.691930675315040711e-01
-2.473131629170254864e-01
2.688936437783808198e-01
-2.461068330968429196e-01
2.694121746672840656e-01
-2.456925616019733360e-01
2.705530545374619233e-01
-2.457006006768775452e-01
2.687609610558352458e-01
-2.470575195886364761e-01
2.690682405437873626e-01
-2.464126049680360198e-01
2.697847831414323383e-01
-2.460669330826604773e-01
2.699348510640720566e-01
-2.453041995219925331e-01
2.687303106518054152e-01
-2.471874085852322489e-01
2.692010028884272432e-01
-2.466337981904594967e-01
2.694446928694360088e-01
-2.459354830602110964e-01
2.699144465423081174e-01
-2.453996323572654736e-01
2.686276881078474843e-01
-2.472198373849188724e-01
2.689858741992189883e-01
-2.465613810381638016e-01
2.693375547354802668e-01
-2.460005627198877387e-01
2.703259333930984054e-01
-2.458936585764155136e-01
2.704995972175218144e-01
-2.473498835082517666e-01
2.688897162735689461e-01
-2.466054056087872703e-01
2.692071989383949537e-01
-2.459914513642228184e-01
2.701274529251935785e-01
-2.458080214737718983e-01
2.703145694914496633e-01
-2.473665965009269607e-01
2.690791443001064875e-01
-2.469088495464967781e-01
2.694506412476108115e-01
-2.462958604059073686e-01
2.697543245858824434e-01
-2.456471615858484003e-01
2.703949434049799927e-01
-2.475483988609988861e-01
2.689137959573552616e-01
-2.468853611132139636e-01
2.692150686438745666e-01
-2.462335356742630377e-01
2.699366300810964181e-01
-2.459168444659214081e-01
2.704112559384844183e-01
-2.476435740828285548e-01
2.685196072504667519e-01
-2.466505225054631545e-01
2.690722635169142674e-01
-2.462621378087123947e-01
2.699307551989574283e-01
-2.460148942641150194e-01
2.701309755398820234e-01
-2.452750685190922819e-01
2.689068990056264763e-01
-2.471391308725100211e-01
2.692540101097181116e-01
-2.465052587494167280e-01
2.694802793778461325e-01
-2.457271532811577952e-01
2.698355891317716915e-01
