4.003755265733699886e+00
-2.474774992505140769e+00
9.521542968460764422e-01
1.214199736227228321e+00
-6.699661309399993492e-01
9.329127219125927795e-01
-9.204650382834542732e-01
-3.329684447225603888e-02
6.616757189049338184e-01
-4.442792854861732366e-01
1.297436193893503342e-01
3.036154351679462571e-01
-1.540899683297801692e-01
2.688139341211176481e-01
-2.274896872820909577e-01
3.430556445687474310e-01
-2.283727271846097973e-01
2.335018786292805959e-01
-1.618915143488527386e-01
2.009406713574760361e-01
-1.426829184199140399e-01
2.443788602639807295e-01
-1.925981438205499330e-01
3.162474712167201996e-01
-2.371235332752459346e-01
1.653523647878438474e-01
-1.218419915366971695e-01
3.222341905378347526e-01
-1.956977757658815986e-01
1.611396397198079089e-01
-4.530706015736186976e-02
1.119948272933776190e-01
7.927357427144263169e-02
1.352393065963269636e-01
-7.942558206932930076e-02
3.581340634865161077e-01
-2.399880747012571869e-01
2.397010139138289753e-01
-1.655368583463857068e-01
1.900198047339549667e-01
-1.334796995523291063e-01
3.211462441764471043e-01
-2.414632082337302976e-01
1.742624730777806996e-01
-1.295512861952928252e-01
3.394852479852937810e-01
-2.126811193838261393e-01
1.342134825585321600e-01
1.133640986429909486e-01
-7.854766217727293665e-02
2.874476562338816321e-01
-2.248509353345470863e-01
2.267021805351030483e-01
-1.776089751749829748e-01
3.315864653191705202e-01
-2.415742191632848646e-01
1.791268552309544237e-01
-1.325467294509901639e-01
3.496379816256885986e-01
-2.281194181183297809e-01
1.967406795897573835e-01
-1.292188168895726796e-01
1.650310872489197389e-01
-1.125765957252258670e-01
2.826745157134443187e-01
-1.642702436590286474e-01
2.007666939457777022e-01
-1.680267932491703309e-01
2.951336789831054963e-01
-1.746357243397097248e-01
1.849561255847076979e-01
-1.488182477784934510e-01
2.438089015322697506e-01
-1.363206823704261050e-01
2.256644515237679616e-01
-1.873359997624982065e-01
3.450080099935433076e-01
-2.256037876554958799e-01
2.128159503361905514e-01
-1.405752009436053995e-01
1.433237308245144948e-01
-7.646271140338202488e-03
1.924417711846964363e-01
-1.078147763690470440e-01
2.540730427924302592e-01
-2.054244670412768703e-01
3.261714800631803635e-01
-2.387972554121408630e-01
1.715226726519080425e-01
-1.236258883797275721e-01
3.391462644813657001e-01
-2.143243198478460287e-01
1.325947007373197983e-01
1.102014668201447278e-01
-7.776013786805863193e-02
2.838569863455880360e-01
-2.210759375892327461e-01
2.374738030737096606e-01
-1.869208782674351421e-01
3.137617422382719679e-01
-2.364329957182748632e-01
1.676291827616930019e-01
-1.229319329033727454e-01
3.255784075015152879e-01
-1.980024924167532452e-01
1.574502481291972789e-01
-1.770963867273513126e-02
5.858609564521881363e-02
2.033848273291296860e-01
-1.127445728955364657e-01
2.522779235651374519e-01
-2.044473789654812079e-01
3.339109974660801061e-01
-2.402242528962696966e-01
1.847865327658233525e-01
-1.367237715846613688e-01
3.536188150390001117e-01
-2.385632492189878051e-01
2.394236544477819917e-01
-1.678294169281181469e-01
1.688919258261267209e-01
-1.167295102397917644e-01
3.556133924727076234e-01
-2.370090767529725029e-01
2.351864777770141801e-01
-1.622710874340851095e-01
2.058147536846032799e-01
-1.457103599640082459e-01
1.913362335744245857e-01
-1.478296578820331997e-01
3.430405227161355541e-01
-2.187370335474386751e-01
1.227176771537829003e-01
1.456001858176126373e-01
-8.424978765227671140e-02
2.778624242566292146e-01
-2.185920232152865905e-01
2.589993376138110537e-01
-2.010392148887188979e-01
2.644897171631400146e-01
-2.070190537603070202e-01
2.567334846509329305e-01
-2.018078378821983043e-01
2.724548185367959841e-01
-2.117592649592914267e-01
2.346623720549035341e-01
-1.832758319193875385e-01
3.226636950032177875e-01
-2.399255479653576439e-01
1.681365542293861426e-01
-1.238655903192964342e-01
3.315696261735030514e-01
-2.045262878346747470e-01
1.478941669322864916e-01
3.597027603930433304e-02
-4.343439613254191506e-02
3.335999434126619145e-01
-2.061259013093222348e-01
1.500669995199703788e-01
1.598772421206542949e-02
-3.412012051126105117e-02
3.233469103481487750e-01
-1.940182788574139061e-01
1.669292644978266904e-01
-8.067113790356908454e-02
1.386755603507732193e-01
-8.044667481460648917e-02
3.572816874292042977e-01
-2.367346685355951053e-01
2.326955557917197437e-01
-1.571540579169206087e-01
2.129444197902676250e-01
-1.484257689056043272e-01
2.051555693281482684e-01
-1.448647877659485772e-01
1.442079740807598320e-01
-3.225094284484682911e-02
2.206546606030830027e-01
-1.220035538061721991e-01
2.430890726791537226e-01
-1.970705943321511555e-01
3.447351157052390147e-01
-2.407064432714422497e-01
2.211858032070848079e-01
-1.629039700527870338e-01
2.149460154381079846e-01
-1.689209527671722555e-01
3.503881291706080758e-01
-2.405035702287135480e-01
2.283718106618094490e-01
-1.679391851460946827e-01
1.405627709091594457e-01
-1.587960327342684275e-02
2.094286530217288889e-01
-1.155802387572108098e-01
2.484218288139098951e-01
-2.006050417820382237e-01
3.386050945405144619e-01
-2.423569068755960509e-01
1.983726083700556864e-01
-1.477521308248771759e-01
3.363587596802732338e-01
-2.446767749416972615e-01
1.859387338315172111e-01
-1.365916060849668434e-01
3.530997185647877235e-01
-2.387341304001861508e-01
2.389476647479045202e-01
-1.680773194183791952e-01
1.704076517477747243e-01
-1.189347532057292989e-01
3.559223144747104550e-01
-2.382230012678146491e-01
2.407818413811642355e-01
-1.688331284025717249e-01
1.715492189479162488e-01
-1.211481783140054835e-01
3.553997600271426860e-01
-2.410533217451944765e-01
2.397323264963213685e-01
-1.694370424807568054e-01
1.736250755433988435e-01
-1.182419683255667292e-01
3.415441473233750691e-01
-2.477998705564373738e-01
1.944874141458592387e-01
-1.449643532158715609e-01
3.488069992872475100e-01
-2.447694457867248541e-01
2.161668509649624370e-01
-1.607428860263537540e-01
2.708396859734875095e-01
-2.130100550545557248e-01
2.502535125141148176e-01
-1.963114392767204841e-01
2.872891978310070371e-01
-2.206029709086581858e-01
2.018465963603210400e-01
-1.571859105831332482e-01
3.516036657572695345e-01
-2.375235255915981725e-01
2.387133823349731621e-01
-1.678826882141483401e-01
1.657694314348586717e-01
-1.142175570319437505e-01
3.537443422895521494e-01
-2.301624018228648205e-01
2.148897145318267032e-01
-1.439095681691668349e-01
1.389439229698949951e-01
5.915045485952702409e-03
1.771237507805165368e-01
-9.757931950893532214e-02
2.611778630680183788e-01
-2.073218559505891900e-01
3.063553796619471470e-01
-2.322444799885552413e-01
1.655762254047144499e-01
-1.213092633711270324e-01
3.175777886603462496e-01
-1.909155870394650678e-01
1.675314367886111822e-01
-7.710417211267980853e-02
1.519213133456653875e-01
-8.722587208877280451e-02
2.655130624801619321e-01
-2.102151078791152095e-01
2.770928701912415693e-01
-2.142402278459590304e-01
2.192449922871319568e-01
-1.704529552366928491e-01
3.428224569991286108e-01
-2.448337690433041169e-01
2.045580694754588202e-01
-1.526577476380751586e-01
3.192309591387920142e-01
-2.389175755401893031e-01
1.730248172508928595e-01
-1.266130756896410026e-01
3.361496330989520165e-01
-2.093155245943235654e-01
1.406196456092599356e-01
6.651680210598917564e-02
-7.228917820579071341e-02
3.588437676911726548e-01
-2.437450900752161087e-01
2.406067588666679635e-01
-1.700811058028160738e-01
1.700787219322509314e-01
-1.170587373986482910e-01
3.482455474872921952e-01
-2.475986784954944953e-01
2.106183587709064831e-01
-1.561359192152821651e-01
3.013195683266504110e-01
-2.291856794370812911e-01
1.862221430082042772e-01
-1.435736377276074505e-01
3.470122729223951152e-01
-2.243700688987532166e-01
1.662259200219061706e-01
-1.085949125678805360e-01
3.421249574980805286e-01
-2.467312689654699576e-01
1.924926161186200635e-01
-1.451615935746119190e-01
3.497137231894159592e-01
-2.451116957511130234e-01
2.211879688498157304e-01
-1.628608326239744386e-01
2.300762492154148353e-01
-1.807248214451001034e-01
3.372422702438035991e-01
-2.439088727576729232e-01
1.870627841765052646e-01
-1.393435455100794917e-01
3.534962019032483194e-01
-2.415653716366942261e-01
2.365001071681621381e-01
-1.691592745841866696e-01
1.635925283473626257e-01
-1.109186443801010724e-01
3.551796600336492582e-01
-2.371986228820792686e-01
2.365282087647167519e-01
-1.624339036973909134e-01
2.041026694067110958e-01
-1.437359341132977142e-01
2.211013046770706758e-01
-1.754164397635102346e-01
3.465717814371911953e-01
-2.432790719048660844e-01
2.181318656815793011e-01
-1.610459883692587080e-01
2.470190685869181335e-01
-1.942871623579110474e-01
3.086462409526421480e-01
-2.336520052227187283e-01
1.680130806724918768e-01
-1.251701902309983183e-01
3.231306485656748051e-01
-1.966984115570289404e-01
1.593651761869316341e-01
-3.518117228488686077e-02
9.490343301631951056e-02
1.485399800681621030e-01
-8.476596323950985612e-02
2.750311501931902991e-01
-2.166727262811607435e-01
2.537982001974318780e-01
-1.984259636761714352e-01
2.774851631906784521e-01
-2.142284878584787833e-01
2.246258115987885273e-01
-1.765905922762408542e-01
3.372284340244036116e-01
-2.439466929844353316e-01
1.897695188520533427e-01
-1.406302586931491017e-01
3.524295416807410875e-01
-2.427901582549675807e-01
2.305413318069665651e-01
-1.687859488117361972e-01
1.434167721549258756e-01
-3.399373951473366740e-02
2.225049763317220042e-01
-1.237462229213615456e-01
2.415914439295397953e-01
-1.967085209973816473e-01
3.469872461201183866e-01
-2.405470192308297728e-01
2.246997087791182679e-01
-1.654417993858519065e-01
1.765264905596135858e-01
-1.346471887298114345e-01
3.222456363174923677e-01
-1.952676648020171823e-01
1.602720710626939771e-01
-4.800952504310896513e-02
9.865149481567651868e-02
1.213697274353162797e-01
-4.568438155261375644e-02
3.187351651438670719e-01
-1.907820075129486037e-01
1.710441101614209036e-01
-9.421379534800368438e-02
1.652828008280914918e-01
-9.310091188762797954e-02
2.618648435421873089e-01
-2.088697325803576810e-01
2.936405276218477800e-01
-2.243963298139675100e-01
1.832428080038903950e-01
-1.380876853927155701e-01
3.425158383734607237e-01
-2.173883657237214717e-01
1.258917735568470531e-01
1.359032555957585542e-01
-8.214773501021117863e-02
2.798596909429589275e-01
-2.194353211056445652e-01
2.519792051996372906e-01
-1.957689485368449278e-01
2.804706558606211986e-01
-2.185169114126324086e-01
2.135475720231575780e-01
-1.675493893203821583e-01
3.475452558150008975e-01
-2.431254667662925972e-01
2.183650040651866908e-01
-1.599691164832892365e-01
2.504825504679213388e-01
-1.993267217708714900e-01
2.978427919757264952e-01
-2.277938248502106577e-01
1.792521607333226186e-01
-1.350387421790455178e-01
3.386129908374143627e-01
-2.113074224034903748e-01
1.356757345268260195e-01
9.884104813925319311e-02
-7.730250047514763967e-02
3.082151863401023095e-01
-2.359945304774949404e-01
1.908560809462825913e-01
-1.451453865245125874e-01
3.513459620475675727e-01
-2.291949979070377896e-01
2.197851555144526015e-01
-1.481507792240714383e-01
1.612278899140354160e-01
-1.076332607757361504e-01
3.566247156196316048e-01
-2.413565028830507719e-01
2.404728905185148369e-01
-1.692635552729899184e-01
1.707210071480186886e-01
-1.170932860363034650e-01
3.432050731522309217e-01
-2.477583713311644065e-01
1.977257076797339086e-01
-1.470122478988750980e-01
3.438404102800451390e-01
-2.449655420560035157e-01
1.992949864877598121e-01
-1.500100798784766154e-01
3.357219130666878049e-01
-2.451226437960790649e-01
1.851849719427227092e-01
-1.370573924214037176e-01
3.543090144888251247e-01
-2.368461351018376349e-01
2.402913841198356659e-01
-1.682747132551933866e-01
1.737293411894468564e-01
-1.229330054548611328e-01
3.544457709153697733e-01
-2.433023853330062991e-01
2.351366614079640760e-01
-1.690764655390519511e-01
1.799936531289069441e-01
-1.266956951873055570e-01
3.453628817163785225e-01
-2.475045281367095895e-01
2.039331177819608265e-01
-1.518451980446797189e-01
3.264247746384489335e-01
-2.411289530560988825e-01
1.751277650779731465e-01
-1.296442856860855197e-01
3.411041661641913691e-01
-2.162397903110864772e-01
1.287331428464018601e-01
1.294780851769773145e-01
-8.017794012279805260e-02
2.816139935192768506e-01
-2.195786474331943294e-01
2.454950883802143879e-01
-1.939152838179775129e-01
2.932318584378121318e-01
-2.254284569932999416e-01
1.890463031166861041e-01
-1.444239402237636472e-01
3.484404258816580779e-01
-2.244805766092695387e-01
1.821021772279734496e-01
-1.208796967331255134e-01
1.789620849639995681e-01
-1.383266479743128774e-01
3.229748188312522861e-01
-1.966739747408463024e-01
1.581628986378357804e-01
-2.673460848650211635e-02
8.464464477201999459e-02
1.706361797520782320e-01
-9.547257106362658230e-02
2.639984774877535689e-01
-2.108051254499656024e-01
2.970035438806734596e-01
-2.256984859926852438e-01
1.765575673994475570e-01
-1.310079757762508679e-01
3.316124937843945575e-01
-2.065573199497723333e-01
1.443348850480329626e-01
4.642207138007276024e-02
-6.337634699429797736e-02
3.514500054337936219e-01
-2.239733058936934640e-01
1.197347127892775531e-01
1.603078161330173390e-01
-8.917551043571478320e-02
2.740598262167798227e-01
-2.175697473169592999e-01
2.727041447914164141e-01
-2.111696248857637404e-01
2.269228476065767164e-01
-1.769343846610128557e-01
3.339247919323972691e-01
-2.438934544825100137e-01
1.833426721584062169e-01
-1.363435197769577445e-01
3.539142256246835538e-01
-2.368638319154070804e-01
2.393288662691986646e-01
-1.654083774148874530e-01
1.843459399806482713e-01
-1.310334893478987128e-01
3.404178338924372382e-01
-2.469421932701456046e-01
1.928604752048297677e-01
-1.434734497343739812e-01
3.504650256901720162e-01
-2.440481644176600851e-01
2.224446023988260746e-01
-1.644874343901072122e-01
2.257706258596519633e-01
-1.794986509804809560e-01
3.402930105762955737e-01
-2.433935259734095191e-01
1.974624905420024612e-01
-1.456720089798572149e-01
3.423933612877203547e-01
-2.468695695570941318e-01
1.953216069733791638e-01
-1.464644526244130440e-01
3.452739707575415706e-01
-2.459534497991782698e-01
2.056873601173260790e-01
-1.521830241474020629e-01
3.208623779238934381e-01
-2.407255585993245406e-01
1.716818421676654383e-01
-1.280620697658312324e-01
3.355816935717693128e-01
-2.091060841466990672e-01
1.405507391869529055e-01
7.650391307329570956e-02
-7.199069298816886120e-02
3.573185935533812474e-01
-2.483825679087835470e-01
2.301704840102681004e-01
-1.692212319927118847e-01
1.474262628936747754e-01
-4.850603826403881297e-02
2.370186380755750499e-01
-1.316147730155103335e-01
2.346344806365894819e-01
-1.935596498212650007e-01
3.473494334236549297e-01
-2.332674895475804755e-01
2.373618560796797450e-01
-1.655544478536093433e-01
1.802380190879211974e-01
-1.263746353592366534e-01
3.488475699887855219e-01
-2.480426915794194942e-01
2.097509458512379077e-01
-1.570334459232912705e-01
3.006130262321544677e-01
-2.301866960547962471e-01
1.882507974693971020e-01
-1.427856372175876354e-01
3.487144591867010202e-01
-2.262178330011695437e-01
1.792023874886109203e-01
-1.184112831011434885e-01
2.064718114379634484e-01
-1.629971550844334649e-01
3.513392030455755322e-01
-2.337838383392197572e-01
2.380156538546976119e-01
-1.630715374882220070e-01
1.928073363860282885e-01
-1.384842056495400320e-01
2.999344844537001897e-01
-2.304271902675400219e-01
1.927264194766319938e-01
-1.472127307888567160e-01
3.514686670861733586e-01
-2.296572749469758534e-01
2.226316075001208428e-01
-1.505778189283361046e-01
1.880485736224206117e-01
-1.257624683127704923e-01
1.623065002769721044e-01
-1.069388529316207953e-01
2.814327619583748552e-01
-1.613347809140264766e-01
2.019248530884045767e-01
-1.693723093291205073e-01
2.986197864420112591e-01
-1.776897998904778953e-01
1.812510979987381476e-01
-1.407513149712898703e-01
2.286763126960544013e-01
-1.270940364126710020e-01
2.344129105109823141e-01
-1.938137560941098347e-01
3.478553843453615069e-01
-2.363195066539121592e-01
2.365968108750594323e-01
-1.683618154529282762e-01
1.706291419233569862e-01
-1.145246906601534859e-01
3.506370000214218408e-01
-2.479931524925471920e-01
2.141335786440961841e-01
-1.597206397997419924e-01
2.786452272751533399e-01
-2.169378121804890203e-01
2.328751131283314513e-01
-1.816806414352095667e-01
3.247463610176146709e-01
-2.407508495744549171e-01
1.695893561139630856e-01
-1.250611951407763489e-01
3.356022242118258947e-01
-2.087431227229920860e-01
1.411242800368129324e-01
7.516323411979569658e-02
-7.152153812088136997e-02
3.568472075044397673e-01
-2.471412585910589821e-01
2.347025320781109814e-01
-1.707948011132582322e-01
1.903405840019490869e-01
-1.338605891530391390e-01
3.050634727781185163e-01
-2.318772816434957751e-01
1.858836247152255983e-01
-1.431888907099705954e-01
3.471892978657871720e-01
-2.247927551479164676e-01
1.720538750054942390e-01
-1.123332625829235459e-01
3.033448046448800062e-01
-2.314702291325571593e-01
1.916919727306414800e-01
-1.487656618425273747e-01
3.506838071856364647e-01
-2.315953458059686332e-01
2.266178044387744672e-01
-1.524000137282346956e-01
2.043485999479078552e-01
-1.369875243154921596e-01
1.364495007979708574e-01
1.746721394396009985e-02
1.705314267321873245e-01
-9.541825319029237362e-02
2.627025931368873746e-01
-2.093196855616537011e-01
2.994882814175106045e-01
-2.267566051596711929e-01
1.749051923220146243e-01
-1.312853284291196354e-01
3.296030543663237000e-01
-2.039066977201596242e-01
1.484609060167126349e-01
2.509313855224192674e-02
-3.236417410322356414e-02
3.219321677749144572e-01
-1.922904570007551162e-01
1.670504066461945269e-01
-8.892723391987424064e-02
1.501062058171527824e-01
-8.548440135459337008e-02
2.882065904564904413e-01
-2.240729477502108602e-01
2.257335580838137068e-01
-1.754826034833777970e-01
3.330579383191725751e-01
-2.437829711136486055e-01
1.817605717042106162e-01
-1.350578074383723126e-01
3.533207272147699252e-01
-2.343398218420638668e-01
2.350843626677678599e-01
-1.596420150867871868e-01
2.096766469235765151e-01
-1.480722707412192030e-01
1.453224012047037716e-01
-4.143887660913389559e-02
2.268994790030014197e-01
-1.262935921188186317e-01
2.394029171671183953e-01
-1.951702349597638220e-01
3.482254061506560028e-01
-2.388072194683289462e-01
2.316872839438883502e-01
-1.684265852370096239e-01
1.866808973116623749e-01
-1.316443794158295433e-01
3.220824803879002718e-01
-2.402706045257575196e-01
1.759206409413562877e-01
-1.310476521053622889e-01
3.392582038655145293e-01
-2.141973060018735331e-01
1.321428258734936023e-01
1.143304958695190998e-01
-7.780692466256936002e-02
2.836190447796217984e-01
-2.205529379130017065e-01
2.371700672994077053e-01
-1.876515265014014333e-01
3.114367396713620950e-01
-2.349752819316471564e-01
1.685343432024720145e-01
-1.237979832069745212e-01
3.253761613595890778e-01
-1.973272595495994819e-01
1.581574264278684250e-01
-3.227298285750784812e-02
6.665261221430618388e-02
1.921241280618959935e-01
-1.060003811485010633e-01
2.571702179297379320e-01
-2.067042210676456326e-01
3.230189974870467107e-01
-2.368974792438150734e-01
1.660037949580111805e-01
-1.220696643809750376e-01
3.298280432709742027e-01
-2.032324354319344772e-01
1.500489108001079597e-01
1.955998677046617840e-02
-2.042185281697719498e-02
3.112634196781873808e-01
-1.847281722874509757e-01
1.799000558907233038e-01
-1.393035100901487133e-01
2.107747680978636629e-01
-1.178119643460355248e-01
2.438572954025313710e-01
-1.975389357591954831e-01
3.434110292389663810e-01
-2.424147999102201356e-01
2.090542371508364305e-01
-1.559635909285424782e-01
2.950250422329955824e-01
-2.271643991121595763e-01
1.971818939453382213e-01
-1.513221598335116047e-01
3.526560443827284619e-01
-2.332044057455642805e-01
2.352734304697179923e-01
-1.630377706436529350e-01
2.023281860928644316e-01
-1.438971909056361298e-01
2.312053506786895529e-01
-1.825718495441487343e-01
3.367938840966376302e-01
-2.418624298911760118e-01
1.864100117125885026e-01
-1.394299886342738604e-01
3.533049661131195673e-01
-2.415844485590737112e-01
2.368328548566152325e-01
-1.696423693814498868e-01
1.610006096208977389e-01
-1.073768128864356630e-01
3.519952716363701217e-01
-2.304308238655797814e-01
2.018531133860565485e-01
-1.332343499092969730e-01
1.585562579721794263e-01
-9.082456755697977668e-02
2.602544949848147326e-01
-1.465867525787427628e-01
2.178065408378898615e-01
-1.822111744403605016e-01
3.341447406838599643e-01
-2.108803529806725086e-01
1.321717190300902844e-01
1.129419815041776132e-01
-7.692320820466620745e-02
2.963161765665016656e-01
-2.301618544189615312e-01
2.100463981529369639e-01
-1.647879254137833704e-01
3.484154324803325764e-01
-2.432847531115375495e-01
2.215312323779477510e-01
-1.624904072985679793e-01
2.245438993593598109e-01
-1.758406271160957157e-01
3.422203810214843878e-01
-2.441196568685710111e-01
2.039957207753169965e-01
-1.518835874115765650e-01
3.212336403158976283e-01
-2.395492412864573539e-01
1.732886806533622814e-01
-1.263616780975299891e-01
3.356033743207606501e-01
-2.104197706561843906e-01
1.387533018007333641e-01
7.875728317768104780e-02
-7.351941023899882799e-02
3.524022687501223161e-01
-2.486920417430519281e-01
2.165927850774401198e-01
-1.615668541738349007e-01
2.759552959135530559e-01
-2.163567899120870663e-01
2.375606124760801796e-01
-1.866656504351561219e-01
3.144406307998387495e-01
-2.351705136960204334e-01
1.685595144998600914e-01
-1.244345455353166596e-01
3.237178973556020245e-01
-1.982342384116753120e-01
1.575379241531564278e-01
-3.116399936365089884e-02
7.775565133683867702e-02
1.796435139016901716e-01
-9.784945667805428071e-02
2.626345571223387410e-01
-2.105891820480195742e-01
3.065466847929381178e-01
-2.318087390800822045e-01
1.652981606501263689e-01
-1.198214524819526255e-01
3.164833660384926417e-01
-1.893801271839949119e-01
1.694937357262162048e-01
-9.532560765934292024e-02
1.602914075135523087e-01
-9.094750400117380951e-02
2.633647883174403126e-01
-2.088910463532979433e-01
2.892377727382982600e-01
-2.211324076757053558e-01
1.922719597580630213e-01
-1.483253387507886545e-01
3.485632671583199782e-01
-2.278673158046470582e-01
2.039578214118394628e-01
-1.344452030309261636e-01
1.558114385123793022e-01
-7.699945914833333793e-02
2.494037295445596658e-01
-1.412794038633473359e-01
2.253861058559035735e-01
-1.874826558105727459e-01
3.433981968178187461e-01
-2.228846397231765419e-01
1.929929170152344664e-01
-1.258716573182072640e-01
1.695734036150757240e-01
-1.224083651972783515e-01
2.947974791173565978e-01
-1.741177470168263075e-01
1.890765936791790613e-01
-1.569503031098931078e-01
2.550447186587713189e-01
-1.447527426622673141e-01
2.190949013463665829e-01
-1.795281804815108406e-01
3.356323060134172032e-01
-2.134936116215820356e-01
1.278291869015747151e-01
1.279934795746772991e-01
-8.002098333343343750e-02
2.811036632539456459e-01
-2.194581591713767044e-01
2.461782086858098628e-01
-1.935020536355483156e-01
2.955118550798426780e-01
-2.270498607666450452e-01
1.845241664525344716e-01
-1.405516081375233761e-01
3.447339938719853891e-01
-2.193308087878922397e-01
1.215157565328192774e-01
1.532135475857728801e-01
-8.705342939496693577e-02
2.754783060008563766e-01
-2.182000025645126073e-01
2.660770904654232716e-01
-2.068616499865635616e-01
2.447203341774729091e-01
-1.910840113598526735e-01
3.039150090482418687e-01
-2.312152032502552690e-01
1.742621791819685406e-01
-1.312227452672300454e-01
3.326736519685021265e-01
-2.058237801089907171e-01
1.452733931971234571e-01
5.167330983991363924e-02
-6.130673710581452385e-02
3.504251761745119653e-01
-2.252627740728030681e-01
1.183554056249897235e-01
1.619295992143547913e-01
-8.810836919096762254e-02
2.746561554354734480e-01
-2.164777126854372513e-01
2.732789996449384584e-01
-2.125072954085721055e-01
2.262913577683371980e-01
-1.788007073566288407e-01
3.338520125174228581e-01
-2.427294461656691049e-01
1.829118554025072063e-01
-1.342137683326288800e-01
3.542396090453253654e-01
-2.362140949631315046e-01
2.352416966333669701e-01
-1.626305387501466027e-01
2.043209413241841299e-01
-1.449700801899075353e-01
2.098641335773003547e-01
-1.645927658393894766e-01
3.519491959311458751e-01
-2.365671870224059226e-01
2.376075386024189273e-01
-1.696975142834067363e-01
1.674719957112725532e-01
-1.133592049348723929e-01
3.527851340355845911e-01
-2.460346623126083709e-01
2.242848348344866349e-01
-1.637140518400312938e-01
2.133908808430578230e-01
-1.696000964168548619e-01
3.495192232524592102e-01
-2.411284071950073604e-01
2.303064397270124242e-01
-1.670870956275570252e-01
1.868979282963964261e-01
-1.233970636307594737e-01
1.944723537654120815e-01
-1.535594653841907409e-01
3.451512063678214837e-01
-2.224541540861564026e-01
1.465127171934689221e-01
-7.672696954029663285e-02
3.072109340549081802e-01
-1.805908671600619519e-01
1.805501635291326679e-01
-1.435166960690480997e-01
2.186519158719258393e-01
-1.229605026786158017e-01
2.397144184422481950e-01
-1.954549077338174068e-01
3.470181209768172792e-01
-2.388455435986779896e-01
2.247745201303695539e-01
-1.660585514370213622e-01
1.726863118957703280e-01
-1.316073325494262203e-01
3.147640764171156791e-01
-1.890943210381512141e-01
1.692502320437855590e-01
-8.831030171881019963e-02
1.652500152998616356e-01
-9.307856532550046191e-02
2.620012173156120450e-01
-2.089968385466147160e-01
2.935071706891525523e-01
-2.243429690651841946e-01
1.834895275995699349e-01
-1.383615053065184175e-01
3.427615586115689283e-01
-2.176973594350445906e-01
1.254033546934675281e-01
1.376027834746983980e-01
-8.247549766089411205e-02
2.796301912772607423e-01
-2.193810535982880228e-01
2.532149910774101897e-01
-1.967194755912012871e-01
2.777169900954996051e-01
-2.168314478748465390e-01
2.202949259548244998e-01
-1.733077764009891553e-01
3.413296546672612841e-01
-2.437207733242494068e-01
1.988586727354756112e-01
-1.464286988762793784e-01
3.385764644317314498e-01
-2.463480835024840776e-01
1.905540157575133786e-01
-1.424054519236294669e-01
3.517829098591749304e-01
-2.436504325900107903e-01
2.284687725306777106e-01
-1.660297847793195669e-01
1.647196032767064555e-01
-1.163596948156735006e-01
2.902060221419857644e-01
-1.700689883958749204e-01
1.940419824538488769e-01
-1.608728491716149567e-01
2.726201555574639390e-01
-1.564129344615075579e-01
2.066459005474070854e-01
-1.716977287095967364e-01
3.101800457568122393e-01
-1.877013835566767042e-01
1.680516030701316166e-01
-9.077424100693130826e-02
1.689935470321439759e-01
-9.360229988379356603e-02
2.618973580533669465e-01
-2.091675030179200034e-01
2.989691761786381075e-01
-2.282809625940865617e-01
1.734608802787706017e-01
-1.297809445728260735e-01
3.299121560981153056e-01
-2.023187534446904134e-01
1.504491192107101638e-01
1.183297277984251411e-02
-2.598177259042897674e-02
3.098019705646067323e-01
-1.839608245149342847e-01
1.805290177899001314e-01
-1.369670086223510608e-01
2.117814532247271342e-01
-1.171734969320780140e-01
2.444361827965157441e-01
-1.992600493601669187e-01
3.424331519913442756e-01
-2.416449026096330610e-01
2.102795656922980261e-01
-1.555266580842156188e-01
2.925700756740258202e-01
-2.246301608041520459e-01
2.032501199546714876e-01
-1.579659163626008778e-01
3.516070696343683299e-01
-2.388901436578056148e-01
2.383154790417400526e-01
-1.692475661292572875e-01
1.720912161951658748e-01
-1.155124551475106565e-01
3.446884449167098019e-01
-2.485925125601395891e-01
1.980930758291656324e-01
-1.487644790945130691e-01
3.408538466130535127e-01
-2.455232713822508850e-01
1.949410979857334192e-01
-1.441101729169032564e-01
3.480933043212377509e-01
-2.467209670224230766e-01
2.110832017563908092e-01
-1.578710940946767283e-01
2.915279020794726561e-01
-2.251586011453426683e-01
2.038933090163652095e-01
-1.574219341712582709e-01
3.526416459255603542e-01
-2.382926810542511098e-01
2.366113193186056007e-01
-1.703204245768959457e-01
1.679571315281029042e-01
-1.144822234049088089e-01
3.541035321763187360e-01
-2.450471110107603767e-01
2.299350168876086453e-01
-1.666642829718664731e-01
1.551538327538522222e-01
-9.081879014462898581e-02
2.667379346133167961e-01
-1.526182886394056026e-01
2.138877242838900516e-01
-1.770318244315547962e-01
3.258897034156725825e-01
-1.998849278100006399e-01
1.469966072350083475e-01
1.985250268839610505e-02
-2.342165364258876059e-02
3.082031593288042659e-01
-1.819991933652984062e-01
1.830073290571152533e-01
-1.422213578241294796e-01
2.211965830085458884e-01
-1.245191197708042236e-01
2.383592624395849957e-01
-1.958928693725220382e-01
3.466584259855564620e-01
-2.392005443253120145e-01
2.277793861625115046e-01
-1.653572985944280760e-01
1.529194789463150794e-01
-7.583897241987640203e-02
2.524204992305035811e-01
-1.437309581615910103e-01
2.231670014706276239e-01
-1.850088910286122601e-01
3.409288953006910927e-01
-2.179786440767775557e-01
1.195783775379264668e-01
1.566955250900071428e-01
-8.655271211594436909e-02
2.743970112515095039e-01
-2.173744397686206420e-01
2.652314404170024731e-01
-2.064947520022513139e-01
2.467518000774375497e-01
-1.928086428621045290e-01
2.991385385564452326e-01
-2.288024206426715890e-01
1.800259891623811337e-01
-1.372292132908039530e-01
3.397682964138288297e-01
-2.140814381005045064e-01
1.312548848632858756e-01
1.231212395570572132e-01
-7.811763138610314239e-02
2.814797474739741401e-01
-2.218868851101758466e-01
2.410189384160946191e-01
-1.895919609620597968e-01
3.047828139188444307e-01
-2.308659585599738273e-01
1.739249785753459177e-01
-1.283438027325900788e-01
3.299192295104445560e-01
-2.049302390498611293e-01
1.472205950089759963e-01
2.783365493406650404e-02
-4.231112702579348933e-02
3.304361319050566070e-01
-2.008310618103853473e-01
1.572067831300452689e-01
-1.326906432147835491e-02
3.755666156634296371e-02
2.340480219354151570e-01
-1.308451702265902294e-01
2.375450904827234866e-01
-1.953343931922285337e-01
3.482276981791143089e-01
-2.346868034059076680e-01
2.379329775916389222e-01
-1.695818694838213125e-01
1.707652119738959084e-01
-1.166554948944410475e-01
3.448336475997321737e-01
-2.474776079532419459e-01
2.012712695078807124e-01
-1.490768260106955512e-01
3.366187653011079028e-01
-2.458518826069030216e-01
1.841466058375256232e-01
-1.376701384740733614e-01
3.537103874002100468e-01
-2.372081734799692254e-01
2.392412925909796761e-01
-1.659452519936832349e-01
1.811320106541904618e-01
-1.288034391392157418e-01
3.468452293195420921e-01
-2.475032528571363133e-01
2.084393168933496021e-01
-1.553090921067546981e-01
3.085061875085992056e-01
-2.336016131960585995e-01
1.789157928102708128e-01
-1.326048479871310137e-01
3.383228530922463562e-01
-2.136183018298370151e-01
1.328131776156081800e-01
1.098263201812715723e-01
-7.741503895312515371e-02
2.841035704663252837e-01
-2.210113136771717501e-01
2.370161212390278493e-01
-1.863228387071230174e-01
3.149804505402957755e-01
-2.367886690737178446e-01
1.675104118423673683e-01
-1.227858356082957569e-01
3.254238253482579224e-01
-1.976189333763502809e-01
1.578380035999073783e-01
-3.183963242419615702e-02
6.315660190001869123e-02
1.968146059402420267e-01
-1.088340946075637139e-01
2.550002323292388517e-01
-2.056862582781108229e-01
3.279429455489595857e-01
-2.386274021782402166e-01
1.718293893733187361e-01
