3.706606078856345299e+00
-2.109720615165175062e+00
7.549504628952229401e-01
9.757951632922144958e-01
-4.526901813619462756e-01
6.405559519658488021e-01
-5.557639386261473691e-01
-7.533462348845153603e-03
4.293948347526041487e-01
-2.626542914144780472e-01
2.319457495694758620e-01
-1.393703843637380813e-01
1.461798753355575409e-01
7.831741625397367623e-02
1.095729388130631393e-01
1.553995793055410468e-01
-7.586037202851769745e-02
3.414871067301299967e-01
-2.198024768690371722e-01
1.752321670924520958e-01
-1.078326471596998404e-01
3.229279466504934026e-01
-1.771322330886360430e-01
1.668973722035696494e-01
2.351530216950920016e-03
1.199099476609302994e-01
1.211961886213605011e-01
8.999312013511967523e-02
1.776720490226318672e-01
-8.553298411119361622e-02
2.689698689368155149e-01
-1.890648719987568782e-01
2.743308244231575377e-01
-1.919226476244254576e-01
2.127324587770333397e-01
-1.492013385884350951e-01
3.434695403111213130e-01
-2.038601209742133824e-01
2.097698971835361970e-01
-1.231938223891440587e-01
1.711737814555074622e-01
-6.514892193730183190e-02
2.387714821102159546e-01
-1.200499861492023007e-01
2.396314720590015379e-01
-1.741132635877055135e-01
3.427795822039842455e-01
-2.089162282191020237e-01
2.227057654548139642e-01
-1.411456529612336031e-01
1.743333023065997134e-01
-8.709884671218212637e-02
2.617493062727843656e-01
-1.332849792238561537e-01
2.256639952302895991e-01
-1.640057620102409741e-01
3.352034440684160121e-01
-1.930468985093776457e-01
1.345111992739248530e-01
1.527010989348621672e-01
-7.389094458609510307e-02
2.823937084359404714e-01
-1.967504401253578339e-01
2.144278910034266572e-01
-1.482544089067495685e-01
3.431911704698632493e-01
-2.061225904366673078e-01
2.155072951744567422e-01
-1.297720919643949589e-01
1.579955628200490070e-01
7.513413408771520141e-03
1.875132016886066899e-01
-9.009269493602653500e-02
2.628727016185449239e-01
-1.884849159675436037e-01
2.936245276962687889e-01
-2.014857821429565654e-01
1.383942778050665789e-01
1.013337913782405841e-01
8.460371144078263073e-02
1.967966981910748425e-01
-9.393782960508081925e-02
2.616024285542779548e-01
-1.880357836636566971e-01
3.031723911933478233e-01
-2.055386011287516912e-01
1.992983244083085803e-01
-1.215858256317315644e-01
2.908543272226247756e-01
-1.996438756068223963e-01
1.715895886595318609e-01
-8.201788989640315664e-02
2.624295095769640929e-01
-1.341294784793357897e-01
2.249142297732525386e-01
-1.639709651906225418e-01
3.341187196461889997e-01
-1.901264974345987790e-01
1.363092862154288709e-01
1.459223658449390337e-01
-7.286820697409113201e-02
2.973644352401255686e-01
-2.050480391130577174e-01
1.568081902659587412e-01
6.742612714472975832e-03
2.005798364426695790e-01
-9.871894409911012580e-02
2.585770611699754196e-01
-1.860771178394813874e-01
3.114538173722721237e-01
-2.088284878217794294e-01
1.929250303952454726e-01
-1.180803753232216036e-01
3.304386878255545223e-01
-2.178463714027633613e-01
1.766113439386627904e-01
-1.056719198653719438e-01
3.469486240564130242e-01
-2.154942093376877865e-01
2.145971587350285759e-01
-1.369876311144209435e-01
2.791749176595242909e-01
-1.929394639067598671e-01
2.146130762184007279e-01
-1.512601281841416401e-01
3.440088203623933305e-01
-2.066333713595495947e-01
2.210427947221265399e-01
-1.335571385049222903e-01
1.464277255782261977e-01
7.847929229982164578e-02
1.169877803858419135e-01
1.205185926723180978e-01
9.192686245792497379e-02
1.724066921677523678e-01
-8.329622793202534625e-02
2.703020016425005667e-01
-1.898415550933341689e-01
2.671389676837822580e-01
-1.870040139071304230e-01
2.477264080188857909e-01
-1.749377614213326049e-01
3.070385878200224128e-01
-2.074276802950473231e-01
1.978494798753623884e-01
-1.207732453835010933e-01
3.049870855774472478e-01
-2.087650345758972903e-01
1.892481725229853140e-01
-1.135720885843398004e-01
3.022522075095113170e-01
-2.068728034502416158e-01
1.684218689136345037e-01
-9.744514376616146556e-02
3.442908255246017180e-01
-1.986337578918126179e-01
1.239452301455259420e-01
1.708962527681808785e-01
-8.124594774387926266e-02
2.762633417038993233e-01
-1.943160260830227859e-01
2.477539135016467442e-01
-1.727125044372365137e-01
3.089156068627972873e-01
-2.089049453308030602e-01
1.961211116046183978e-01
-1.215160520652716902e-01
3.100286823472278019e-01
-2.099068050369842509e-01
1.989896925785251403e-01
-1.202058815311096984e-01
2.830689443738840239e-01
-1.975407442201522201e-01
2.031545406538359799e-01
-1.418379243317025307e-01
3.361371409963712087e-01
-1.926856041197896330e-01
1.364718414137998936e-01
1.538072740592711096e-01
-7.228053995806488219e-02
2.819225670088094104e-01
-1.981681562230920846e-01
2.115616424631519277e-01
-1.480712792334578642e-01
3.432530178659637943e-01
-2.030181590854859830e-01
2.036318045506256280e-01
-1.185494422145365045e-01
1.783227399568582394e-01
-1.043639422056862887e-01
2.726178406571130308e-01
-1.410972034731510505e-01
2.168395516731961847e-01
-1.584384424027676097e-01
3.205545474523560645e-01
-1.765103381334557353e-01
1.642821376581524717e-01
1.742386036632373458e-02
1.037762580219098590e-01
1.647358694866345730e-01
-7.982403859504294541e-02
2.725211717555850455e-01
-1.909647815739253796e-01
2.528752685673738565e-01
-1.757514787460303651e-01
2.948121067979194709e-01
-2.028983061675159183e-01
1.371984400550660121e-01
1.031257467142915468e-01
7.526505346861558921e-02
2.082855844201856599e-01
-1.005796449576414342e-01
2.582759403075459703e-01
-1.861234348091195256e-01
3.181586191629126592e-01
-2.117363656207283951e-01
1.915745946491962948e-01
-1.170081467486201870e-01
3.256056057151717198e-01
-2.149253806832898128e-01
1.921673168775390184e-01
-1.167675138804122603e-01
3.151100808020360633e-01
-2.129752238369612694e-01
1.962006089230125261e-01
-1.202523543844870174e-01
3.053031675866433869e-01
-2.073585117727906324e-01
1.926099635255459630e-01
-1.155911562850705926e-01
2.933355552054096593e-01
-2.033736576458141654e-01
1.605240706407128071e-01
-2.053539857078092584e-02
2.183165467725613484e-01
-1.068967719739460503e-01
2.517499713003976680e-01
-1.800252519916201166e-01
3.308978128499046045e-01
-2.147081231855544892e-01
1.584774022533472493e-01
-4.178421770899414661e-02
2.652362017597862387e-01
-1.346143286151408602e-01
2.250732632891622731e-01
-1.632152225429391035e-01
3.319162632106693045e-01
-1.906838506310799541e-01
1.391250470626301527e-01
1.406357931385661397e-01
-7.081254478246801209e-02
3.226918673672132254e-01
-2.149720560916270062e-01
1.956250184336507103e-01
-1.196365403976791669e-01
3.051618565452826615e-01
-2.087811825497651042e-01
1.934182845701062081e-01
-1.156675953272291585e-01
2.856391911940723838e-01
-1.975413447524845267e-01
1.939294486827611852e-01
-1.338122916860841893e-01
3.187660808135228674e-01
-1.762174167449375994e-01
1.678118911441653649e-01
-4.303653563240812663e-03
1.381467068490478123e-01
8.390826838228310214e-03
2.828754014810239692e-01
-1.468868926900020466e-01
2.128206703252017162e-01
-1.573007217852324946e-01
3.104489290861514594e-01
-1.691580646642281693e-01
1.770326743808054715e-01
-5.302194069078530053e-02
1.851281225922077334e-01
-8.892056636309453310e-02
2.628984727977831670e-01
-1.879989900183931528e-01
2.920708120053299162e-01
-2.003635122749105879e-01
1.435800324689941454e-01
7.845824932490855219e-02
1.323214015661509646e-01
5.752673850795556043e-02
2.286679703626784410e-01
-1.140857973743880788e-01
2.470351232922460283e-01
-1.795367149971576204e-01
3.379478349054454989e-01
-2.131678507280009571e-01
1.912790032704060894e-01
-1.213317387730528107e-01
3.462473145205734459e-01
-2.102931357023709036e-01
2.240618896359683476e-01
-1.384529045209314246e-01
1.603243672071300585e-01
-7.455151217921737739e-02
3.180646913306715562e-01
-1.719763820671299792e-01
1.742214020429316834e-01
-4.878619447917534324e-02
1.701393359206989642e-01
-8.365585741626460625e-02
2.680412618475228603e-01
-1.888316826859124942e-01
2.705883564634843919e-01
-1.872192735183443590e-01
2.348989865864282434e-01
-1.654883520161341548e-01
3.340853533992968472e-01
-2.155344481503954357e-01
1.658285303957889312e-01
-7.593409350362320676e-02
2.941771699213857616e-01
-1.538304798262789541e-01
2.017483492079251983e-01
-1.470150610971574789e-01
2.757259389711516073e-01
-1.438424593955091035e-01
2.123203693799391445e-01
-1.550760628828418697e-01
3.122886126877074120e-01
-1.693058929757338404e-01
1.765130604904628642e-01
-5.454487250070126636e-02
1.779934961020125384e-01
-8.777308380274267963e-02
2.653940351766366224e-01
-1.880010464572574036e-01
2.838533653671761470e-01
-1.950371283383421916e-01
1.794797220138401872e-01
-1.064073418156097350e-01
2.814012633942785668e-01
-1.473186663140954034e-01
2.095089795564290536e-01
-1.533480892013472929e-01
3.038607683521293845e-01
-1.627052725011892687e-01
1.865658660551787196e-01
-1.049762580444582039e-01
2.229880185474185095e-01
-1.117335897816094797e-01
2.464920316877632633e-01
-1.784433360185889161e-01
3.374422376981718874e-01
-2.133770600447966459e-01
1.866686750405375517e-01
-1.177423254526556995e-01
3.433451335765666523e-01
-2.025799782502798463e-01
1.710905686519085256e-01
-9.911097664699944354e-02
3.490984353355985892e-01
-2.122941752909197066e-01
2.255037293826030742e-01
-1.398577595181280941e-01
2.019755657684340899e-01
-1.237413849403907751e-01
2.317150923366031179e-01
-1.641784223769168216e-01
3.399613666761140407e-01
-2.140508566732965412e-01
1.943997926913594299e-01
-1.235515167735560110e-01
3.459587048036199541e-01
-2.138923064489213210e-01
2.204064975960123018e-01
-1.404616792500144040e-01
2.050594876190589277e-01
-1.427640152456889633e-01
3.348405462328504778e-01
-1.896762243625280675e-01
1.396344254461215906e-01
1.351460229852304018e-01
-7.099510164457886741e-02
3.293154461619106632e-01
-2.177613740197431869e-01
1.862935496534069701e-01
-1.104157247012148568e-01
3.298819006297733503e-01
-2.179271151854796362e-01
1.811033562779393313e-01
-1.087852227954806822e-01
3.401106594261737448e-01
-2.181071088374141598e-01
1.754340189994674226e-01
-1.066482114768333017e-01
3.232353405860161621e-01
-1.766970073481786696e-01
1.652782589684921588e-01
4.400998612152443035e-03
1.216322945800640126e-01
1.176685952568364835e-01
1.126907098348763625e-01
1.363850105243121780e-01
1.367979747798322987e-02
2.799567728393771437e-01
-1.446341373002912323e-01
2.154624923655066582e-01
-1.589630745333247552e-01
3.162905108411926403e-01
-1.738530171129847313e-01
1.693766764470669428e-01
-7.307649375121978014e-03
1.465120539248981613e-01
-5.789922902008418776e-02
3.358926111724011565e-01
-1.903539146764119394e-01
1.471068240253001203e-01
1.130789513136135904e-01
-6.494318643874620600e-02
3.511698683268786314e-01
-2.103229417553267588e-01
2.231632315215494877e-01
-1.380128685476122163e-01
1.366774059009855657e-01
1.126861606636658242e-01
2.012124152832126672e-02
2.755127468130420532e-01
-1.404979058861468566e-01
2.198863938731531187e-01
-1.621679991771076967e-01
3.220703306621865991e-01
-1.803952005421026183e-01
1.587116001239256557e-01
4.740715414939173505e-02
5.912095308350746869e-02
2.391918181873039784e-01
-1.176037285597357068e-01
2.438267472661992952e-01
-1.778801589881607303e-01
3.410690702583737965e-01
-2.117955132402417895e-01
2.143013903412348264e-01
-1.370080168691750755e-01
2.733148352699896200e-01
-1.900555038072419545e-01
2.381319199111829321e-01
-1.678961690363019732e-01
3.288547590118985342e-01
-2.151164785556399783e-01
1.492856746914666688e-01
5.598931827932696059e-03
2.347801222752044226e-01
-1.156769567013126304e-01
2.445977438013569039e-01
-1.783340626088185665e-01
3.402563188445179021e-01
-2.128222062943112836e-01
2.081015216166661186e-01
-1.338375446404159175e-01
3.123760998818256862e-01
-2.099828422978293196e-01
1.981469351529851208e-01
-1.222109808614810500e-01
3.002420608154168225e-01
-2.065255826576335718e-01
1.518729781034329485e-01
-2.048519498759508034e-02
2.630725007529003401e-01
-1.329389824663409492e-01
2.272377533125223281e-01
-1.646380164486888620e-01
3.345017078830728186e-01
-1.936923475164819552e-01
1.325870636158386073e-01
1.590436434480295702e-01
-7.494004579170357450e-02
2.813295102793796909e-01
-1.957082252006309697e-01
2.219736454345677956e-01
-1.559192391770010122e-01
3.438758037305282844e-01
-2.117947708318764777e-01
2.208551516721269647e-01
-1.399011532815366832e-01
1.972837405052005333e-01
-1.357550901515813258e-01
3.221706316020016003e-01
-1.784697580860442334e-01
1.642662256823256561e-01
1.143530307399774626e-02
1.151867959262295460e-01
1.430838304550745010e-01
-4.186745953568956485e-02
3.289552410775113400e-01
-1.809013852380527698e-01
1.609803671536133296e-01
2.984992394873450111e-02
7.301706853993314428e-02
2.168252221499965271e-01
-1.061856849606380160e-01
2.539990769967714335e-01
-1.823657273502077847e-01
3.285854579959376354e-01
-2.146991803096173212e-01
1.505215488228227594e-01
-1.363525863991677661e-02
2.508916495692156134e-01
-1.263270631746871153e-01
2.342422386248304844e-01
-1.702803516466277478e-01
3.423772555029350184e-01
-2.025267750707339109e-01
2.122987862819679661e-01
-1.279034291618988683e-01
1.628481802532331935e-01
-2.422090504603577679e-02
2.102093419762483262e-01
-1.026459928046155601e-01
2.550564657393314949e-01
-1.818554583456772900e-01
3.235501294684706708e-01
-2.135059059362438283e-01
1.854773445279378208e-01
-1.114193358702511849e-01
3.319593628235573690e-01
-2.168198546936341564e-01
1.602804628510225982e-01
-6.586258704999349567e-02
3.080701614571964009e-01
-1.665780538388852983e-01
1.852948851039605271e-01
-9.882618548870550357e-02
2.186416490039454763e-01
-1.078486986899119260e-01
2.497297750561447705e-01
-1.788716338283349305e-01
3.328005927927977226e-01
-2.149482479920691302e-01
1.674022044775224927e-01
-8.634333450783826525e-02
3.015926405924674869e-01
-1.601541388577311098e-01
1.931868076877186202e-01
-1.224842846860195456e-01
2.467576710645449645e-01
-1.261208200953465031e-01
2.325552609167788054e-01
-1.702132700158037193e-01
3.416985814648046960e-01
-2.032669582029849875e-01
2.131352729705682791e-01
-1.259646434328968168e-01
1.650065402340077925e-01
-3.314399621944008612e-02
2.131246818795436981e-01
-1.055812107722318011e-01
2.527515623816513624e-01
-1.819005076473363680e-01
3.281802141718552779e-01
-2.127128557922053909e-01
1.542098806832384317e-01
-3.023149473024740880e-02
2.656953122901822839e-01
-1.362030468272452943e-01
2.239375210768403401e-01
-1.639804925931467594e-01
3.322301858927799723e-01
-1.884516251169133794e-01
1.423375923832369550e-01
1.305118926985547323e-01
-7.054098602488206859e-02
3.391056310133282459e-01
-2.197225898790759469e-01
1.636040810067924955e-01
-6.298421293694737855e-02
2.829327215222792180e-01
-1.457000259080846738e-01
2.099727929734462595e-01
-1.553577624917972522e-01
3.051302638655939981e-01
-1.651867622116862111e-01
1.833175732155218896e-01
-8.751851083226103167e-02
2.137630690174590065e-01
-1.043966638016879112e-01
2.526380436094012305e-01
-1.823241624709793229e-01
3.287096403423257485e-01
-2.141529714792350103e-01
1.488205976233124006e-01
1.903032838032031604e-02
2.165028567230398715e-01
-1.052766000545613256e-01
2.535802141747841576e-01
-1.833034022343660030e-01
3.284781379489499220e-01
-2.141740564302597738e-01
1.480305519198534259e-01
2.319458645020294058e-02
2.122813758761825931e-01
-1.030668185585760649e-01
2.553886692185552421e-01
-1.843638458641299882e-01
3.242761954268685298e-01
-2.133669967146248070e-01
1.837475595248657667e-01
-1.096317101472654987e-01
3.368701498315137544e-01
-2.172573228208103668e-01
1.605283795987389184e-01
-4.910632896703027300e-02
2.655736880072127049e-01
-1.364211367507076056e-01
2.233396622360721562e-01
-1.636319903307663082e-01
3.315345770209901510e-01
-1.878005073215471554e-01
1.436792638252786247e-01
1.245979735532013744e-01
-6.972407876448925845e-02
3.459225102376862759e-01
-2.191814355510098844e-01
1.956951953988994575e-01
-1.259771424151820141e-01
3.463104722724377749e-01
-2.135161470775013837e-01
2.161767684027450231e-01
-1.388935277958468495e-01
2.699450971547751044e-01
-1.896960082891662736e-01
2.469750503299600330e-01
-1.732419929430622507e-01
3.102265783788390463e-01
-2.077481449765959387e-01
1.961239511139413194e-01
-1.213254553214152681e-01
3.188145950963435782e-01
-2.140651470464223216e-01
1.946071627818809768e-01
-1.188977941701713503e-01
3.125927351950729127e-01
-2.102441093870215383e-01
1.987711907463799443e-01
-1.221567237363455349e-01
2.934966279897618935e-01
-2.031752824108401523e-01
1.588635203220053194e-01
-1.002956656455905940e-02
2.105976568531310045e-01
-1.025105678893260680e-01
2.553513400383143894e-01
-1.843500484204995682e-01
3.235831520666350158e-01
-2.133223427902055658e-01
1.859404509194566013e-01
-1.114698467943413818e-01
3.313429976974607283e-01
-2.165158198303552550e-01
1.695901409468004439e-01
-1.005722286187586134e-01
3.420746750298747640e-01
-1.991527934871142325e-01
1.270795704438734131e-01
1.686190925954344499e-01
-7.897173234342955150e-02
2.782878979520205243e-01
-1.944609959197620697e-01
2.407310879326124975e-01
-1.694831175478609120e-01
3.239630940369613299e-01
-2.139222293600951674e-01
1.883048422541032385e-01
-1.130361178448719278e-01
3.252945296527285368e-01
-2.147611428737378758e-01
1.928014765432008448e-01
-1.171355852346949444e-01
3.138480170747042775e-01
-2.123190861509019756e-01
1.968685747499221428e-01
-1.204691399231429677e-01
3.016502549713110382e-01
-2.055066472479607220e-01
1.592066064116123836e-01
-6.747686550436901576e-02
3.045123482485050381e-01
-1.633332850392849034e-01
1.898321637806617002e-01
-1.153703795355047329e-01
2.368001785378341106e-01
-1.177522047316892778e-01
2.405969974060583882e-01
-1.755338862846452519e-01
3.417711176763597591e-01
-2.108832668856545633e-01
2.197523646289874510e-01
-1.395732316945663409e-01
2.093117244646180153e-01
-1.457719907449611385e-01
3.393733492500930482e-01
-1.972821341337544776e-01
1.274799724071585261e-01
1.661628243969597296e-01
-7.866165192900566316e-02
2.785795628658783718e-01
-1.953763359776501951e-01
2.363511209116956058e-01
-1.648149968364061302e-01
3.318829542887188899e-01
-2.159110009483919401e-01
1.509184771153464222e-01
5.725408319439545535e-05
2.291770687358542224e-01
-1.133205180042986537e-01
2.466876981487749476e-01
-1.777571839204390991e-01
3.392415500848612320e-01
-2.144145548297349824e-01
1.936455988265211037e-01
-1.254365828618864975e-01
3.462345309528095383e-01
-2.136839421959517149e-01
2.185504200842539879e-01
-1.385157980725354454e-01
2.414606054835364557e-01
-1.711897206012227557e-01
3.275929470167945334e-01
-2.147340603300068040e-01
1.655387920960953718e-01
-9.393808848832571612e-02
3.350567333683536764e-01
-1.884714313860207935e-01
1.479805277279025166e-01
1.079668347134373624e-01
-6.655992200557864225e-02
3.501641500167062548e-01
-2.110121527885740478e-01
2.231134688136150457e-01
-1.356499669473561487e-01
1.415590077820740866e-01
1.005477233623232464e-01
7.256097601087344029e-02
2.172136959775958220e-01
-1.074861253502487207e-01
2.528730128192470117e-01
-1.827122916856745993e-01
3.292834266886542904e-01
-2.131860885063451283e-01
1.501605545081574067e-01
1.970915561701624963e-02
2.173612553973657269e-01
-1.080944351686754096e-01
2.513922442454481487e-01
-1.817713661837416228e-01
3.311291992937307471e-01
-2.135272832492753348e-01
1.574138104993163534e-01
-2.481874216876248790e-02
2.545039193800449628e-01
-1.297691334413038078e-01
2.307442160750571847e-01
-1.691335001201456079e-01
3.399716418613385471e-01
-1.994892199387789389e-01
1.794906396442720875e-01
-1.025052542335804090e-01
3.342595485391015586e-01
-2.188297425156294218e-01
1.516885475402559580e-01
-1.758135269121462174e-03
2.301775928503657365e-01
-1.136794107427426814e-01
2.462948787185332833e-01
-1.772896649587857310e-01
3.383692822809991063e-01
-2.142098454529766105e-01
1.966677441951396044e-01
-1.272401843202817795e-01
3.437665131786118433e-01
-2.157953610770794173e-01
2.008577657079302636e-01
-1.283103202494652872e-01
3.400943294621914803e-01
-2.178941434934233978e-01
1.765364701795307245e-01
-1.118746190478112218e-01
3.279783213088831584e-01
-1.826613797564400898e-01
1.578222364318036253e-01
6.335394113340728217e-02
3.178338699247221233e-02
2.730056588348570568e-01
-1.408179964401523043e-01
2.200509376258605876e-01
-1.618294740477215776e-01
3.251305747660518941e-01
-1.815175524515845740e-01
1.559139753865917410e-01
7.408231681106207389e-02
7.864000162699259777e-03
2.893571416058418611e-01
-1.515127832271421782e-01
2.072239935095860908e-01
-1.519072644791277515e-01
2.942362109499300216e-01
-1.553104286819792512e-01
1.968931916743895116e-01
-1.387820534002590367e-01
2.629394857071302716e-01
-1.356286218252649722e-01
2.221711614283429226e-01
-1.625345937142985420e-01
3.310536584968395424e-01
-1.873002997682346460e-01
1.446774699277703358e-01
1.202030268087879994e-01
-6.910300791941996479e-02
3.488135713228362467e-01
-2.175464926219109474e-01
2.132201826825678159e-01
-1.368488053393928372e-01
2.893852320001471523e-01
-1.989269101393913997e-01
1.746655938209339121e-01
-8.790382770516227962e-02
2.662408474522844903e-01
-1.369313633033076849e-01
2.219582172632723616e-01
-1.622983730258795720e-01
3.299323379915899968e-01
-1.857627338092449065e-01
1.476568978150605282e-01
1.081798452073238354e-01
-6.463055687637507540e-02
3.493241438992513714e-01
-2.079874083293453135e-01
2.107651931704970782e-01
-1.245409398714945465e-01
1.694161710457464110e-01
-4.911984610559026743e-02
2.325457523715124264e-01
-1.170820725280503211e-01
2.425658155461226650e-01
-1.765887587733422637e-01
3.412860337918273146e-01
-2.117817376766124859e-01
2.110793313829520401e-01
-1.341710717238457085e-01
2.997147413181275866e-01
-2.064306459817928929e-01
1.627863038094233827e-01
-8.849020719039311922e-02
3.294910728080499007e-01
-1.833744470732123488e-01
1.575822139000279398e-01
6.625011532499727740e-02
1.479518956478440700e-02
2.820327471513138229e-01
-1.467079487338605881e-01
2.131050283418580160e-01
-1.565961626936612505e-01
3.103797642170911253e-01
-1.681564131926481243e-01
1.782048049845635918e-01
-5.396966320142164431e-02
1.866700425013996523e-01
-9.245806747082645216e-02
2.621745238405340794e-01
-1.868822854847088377e-01
2.977283704083313887e-01
-2.023886468170058017e-01
1.903068447300822197e-01
-1.114589189479768538e-01
3.027463765127947348e-01
-2.081151732452792280e-01
1.781773052774646426e-01
-1.051601765965607393e-01
3.436055309312874839e-01
-2.172926330287916208e-01
1.915459526745409979e-01
-1.217855272040923448e-01
3.462060847365441285e-01
-2.099195333732740143e-01
2.235075577141029113e-01
-1.375860177608814183e-01
1.355280665762516601e-01
1.214437363952032833e-01
3.724289583990091079e-03
2.940810933813046146e-01
-1.545978841089237221e-01
2.033161075454809064e-01
-1.498682811278495008e-01
2.843659881139166679e-01
-1.492266151544787423e-01
2.053292859616372978e-01
-1.490951035337299835e-01
2.933312696219282922e-01
-1.538228417639820322e-01
1.969215219360097024e-01
-1.410523324519938893e-01
2.682895674262749663e-01
-1.383789002749960528e-01
2.187674197098081752e-01
-1.592904664391939784e-01
3.251876899435844903e-01
-1.803859724347497973e-01
1.553500583178694106e-01
5.995625045040712392e-02
2.133944940355567838e-02
2.785443255728594081e-01
-1.431248213481733367e-01
2.170968133100308617e-01
-1.582476376992990041e-01
3.184471469769725727e-01
-1.760948025484488366e-01
1.664175217379353089e-01
-2.439809261875671570e-03
1.351181137559018530e-01
2.978745873350620993e-02
2.577249033383968713e-01
-1.290466424509830179e-01
2.323190394358795319e-01
-1.706756205703826024e-01
3.391861917901494716e-01
-2.002501591158127314e-01
1.766620235242415127e-01
-1.023024128758117379e-01
3.414092585825704851e-01
-2.176640884426175038e-01
1.786521185820904301e-01
-1.140658680713248774e-01
3.285682739337337788e-01
-1.846443787556254768e-01
1.548812557007238078e-01
7.149147381028363168e-02
1.001487840063501090e-03
3.015233044961767028e-01
-1.582683956539732151e-01
1.976568206964211261e-01
-1.389676644134855421e-01
2.596303544221968407e-01
-1.332949135698227039e-01
2.245756693347898403e-01
-1.639024556816807421e-01
3.344004446728361946e-01
-1.909641828027523747e-01
1.367966981282401351e-01
1.496402025955160253e-01
-7.403115876467641909e-02
2.822692151184326703e-01
-1.973697152667369947e-01
2.121324780385656361e-01
-1.473646897324903393e-01
3.437636818271471717e-01
-2.023831842710627493e-01
2.021123230122489067e-01
-1.203316496353151882e-01
1.789591854889827638e-01
-1.022985592777976988e-01
2.734739968936865107e-01
-1.405903841370173823e-01
2.172775046382754704e-01
-1.576580085978889489e-01
3.190318029805863653e-01
-1.779103425380609282e-01
1.632599391814379963e-01
1.851760284686559954e-02
1.099643468318941275e-01
1.560588755834307895e-01
-7.470372701736151255e-02
3.349308070573780438e-01
-2.199203349647926298e-01
1.451707877963143989e-01
3.474428712128750651e-02
1.955295060318219258e-01
-9.541167195357297404e-02
2.614662661225895524e-01
-1.860700750740588438e-01
3.060187768486901105e-01
-2.052336123362900611e-01
1.967473082466432155e-01
-1.223268801105846515e-01
3.050624348138659125e-01
-2.081334579521202655e-01
1.936063764611960503e-01
-1.150958877970671146e-01
2.867116102383809872e-01
-1.975539170177264825e-01
1.892479495949647983e-01
-1.306020791157068150e-01
3.127771587316564572e-01
-1.704208346684701891e-01
1.769014362153696895e-01
-5.234478297782904632e-02
1.823401205452329921e-01
-8.768702298632602421e-02
2.638626127635581020e-01
-1.886222224562503769e-01
2.880710014555017962e-01
-1.985654801216275855e-01
1.593079761898930358e-01
-9.180902302667839909e-03
2.104254194866558847e-01
-1.019972488711841652e-01
2.541048859667739968e-01
-1.842196926581540495e-01
3.233405934246440516e-01
-2.130063325408899089e-01
1.874867569022452274e-01
-1.122479215582145029e-01
3.282876359039563763e-01
-2.155300917229243385e-01
1.879759238941982880e-01
-1.128568377681001961e-01
3.268439254117225801e-01
-2.165548763980545410e-01
1.883391963329643648e-01
-1.127731382121046066e-01
3.233434426717793908e-01
-2.141336850233654665e-01
1.942890482051991830e-01
-1.185625944903741930e-01
3.121053377365684001e-01
-2.115719286889075068e-01
1.977208168997468263e-01
-1.207827142497306105e-01
2.943629971803023437e-01
-2.018843998821703845e-01
1.596267969222291139e-01
-1.360304522488617329e-02
2.079253042943017826e-01
-1.027878272058566911e-01
2.553081498859582910e-01
-1.834364445943475475e-01
3.225891907015874804e-01
-2.116393297416261643e-01
1.907550328747498747e-01
-1.158956254392231322e-01
3.223600942485918552e-01
-2.154565177829782519e-01
1.931638441446407173e-01
-1.175246865388795414e-01
3.129102552095477940e-01
-2.105817398363291904e-01
1.986045494957517366e-01
-1.221980280092175991e-01
2.934701239296408359e-01
-2.032613849267574657e-01
1.580401567910665883e-01
-6.503394876413846892e-03
2.073174197965642618e-01
-1.008942261538018914e-01
2.566758114185245798e-01
-1.826573348028916466e-01
3.200582257233085537e-01
-2.125268463050919432e-01
1.909702110652212736e-01
-1.163010551361283451e-01
3.224285602748030999e-01
-2.141856722019150339e-01
1.943709276558330257e-01
-1.167279401520946169e-01
3.118711259208808984e-01
-2.118614581098134386e-01
1.974942548375085982e-01
-1.211263511133303383e-01
2.939333852760184218e-01
-2.021100512792541049e-01
1.603951980371755848e-01
-9.353466620297009454e-03
2.121005767357873883e-01
-1.055273698256167236e-01
2.530308159913012278e-01
-1.826485734693239771e-01
3.271286848032767258e-01
-2.130516639409638646e-01
1.684948741508698888e-01
-9.674296800799174478e-02
3.397407917680066447e-01
-1.964722779221186044e-01
1.332089563853257053e-01
1.585537441078253007e-01
-7.513836261242751169e-02
2.816116533866157012e-01
-1.962051844277937496e-01
2.211726511565016984e-01
-1.556012358873896939e-01
3.436664998329150289e-01
-2.114603900016201465e-01
2.218301504240421940e-01
-1.403491741873215681e-01
1.736975399492129979e-01
-7.676448128389587455e-02
2.575768221840897820e-01
-1.291371825871307499e-01
2.281904274120505338e-01
-1.680170270681374256e-01
3.380899445051687158e-01
-1.974286324310129404e-01
1.234371975894002771e-01
1.727394656378164750e-01
-8.061840395364844314e-02
2.763340979339846126e-01
-1.952457605666582108e-01
2.498276488122364580e-01
-1.760314931530107541e-01
3.001989954804162863e-01
-2.043170857402967500e-01
1.958905421811450165e-01
-1.164507616492038017e-01
2.760039614471959113e-01
-1.936394143832079195e-01
2.317490124319414591e-01
-1.637101197340018188e-01
3.361193106144378939e-01
-2.152018347980379220e-01
1.736233355799278733e-01
-1.017582734909216607e-01
3.191682158498401756e-01
-1.751524083790007569e-01
1.714912174566211589e-01
-3.089554711912271059e-02
1.569627781664750810e-01
-7.685861576479302570e-02
3.317770369417933907e-01
-2.175219965978456849e-01
1.759740133115052785e-01
-1.047223000182408853e-01
3.478985417144382919e-01
-2.133147404494018518e-01
2.242882821780411151e-01
-1.410985378257969269e-01
1.974212625005050403e-01
-1.173347364134343374e-01
2.540077193081841100e-01
-1.776866203111386877e-01
3.027865400070265389e-01
-2.064520105370338254e-01
1.991831218328837805e-01
-1.219617602721873167e-01
2.798386484751976822e-01
-1.944862845611940450e-01
2.150509547524066534e-01
-1.486356014002371273e-01
3.433431016522435208e-01
-2.063811598118923396e-01
2.172789521618125330e-01
-1.311910387036903658e-01
1.541940636793444619e-01
3.009272445274897845e-02
1.681305162816330856e-01
-8.036283823560563810e-02
2.693178134759322551e-01
-1.910649646219939879e-01
2.609995430129254390e-01
-1.829778075368431178e-01
2.667328678318348634e-01
-1.858000974572686648e-01
2.499744374458327811e-01
-1.741949653265615905e-01
3.033463719392908708e-01
-2.070142851411845286e-01
1.989039793013199775e-01
-1.221906157675002047e-01
2.822061479252133687e-01
-1.960616545750051842e-01
2.047838041742463533e-01
-1.407994435668659394e-01
3.376984551006786961e-01
-1.943747233196435054e-01
1.339232346144767494e-01
1.555022750370742834e-01
-7.441670655925863853e-02
2.819963422235057804e-01
-1.964205155355049082e-01
2.174998575910037091e-01
-1.503983636020387316e-01
3.439525965402094876e-01
-2.088028609822180637e-01
2.238246229700065204e-01
-1.382072123414584963e-01
1.616220067275817296e-01
-7.986160322797522526e-02
3.237895931643566261e-01
-1.768017513748645630e-01
1.663985686182992141e-01
-2.394374383464972778e-03
1.279194728596505515e-01
8.202689272895037631e-02
1.881384253093146275e-01
-9.068771693278829260e-02
2.653923857514270401e-01
-1.874152871395764752e-01
2.914298126296011593e-01
-2.010346057983186108e-01
1.436877906816487471e-01
7.138417683942550884e-02
1.364758393774870848e-01
1.446867211911427586e-02
2.765088385787401459e-01
-1.406926953685150861e-01
2.176152452949383920e-01
-1.612712236689896883e-01
3.210799281861347887e-01
-1.788891935609742967e-01
1.611713526916354333e-01
3.662227033625492512e-02
8.449430168497325255e-02
2.056345174597223324e-01
-9.848755712978891907e-02
