4.487285368890358422e-02
2.176949646024640278e-02
4.826703303097678449e-02
9.068430687547759939e-02
1.442788824865341990e-01
1.869079220690251786e-01
9.360947042255712836e-02
8.974343018090889801e-02
1.956432071398596373e-01
2.381321865638179880e-01
2.562760003450106350e-01
2.796459277183946934e-01
3.139647624099965451e-01
3.566254215477991929e-01
3.973136516700767062e-01
4.226042468793135831e-01
4.224750084304100817e-01
3.879263986095522476e-01
2.971828643949448456e-01
1.760080209569584997e-01
1.515386710258388725e-01
2.109252732204308645e-01
2.820413069376332960e-01
3.399675093379508906e-01
3.869304036807767466e-01
4.251407783288683739e-01
4.535540724306263427e-01
4.704865827189177452e-01
4.761300785048289130e-01
4.730980858062805994e-01
4.644839959962160925e-01
4.525102046332258321e-01
4.390417585603619832e-01
4.265417361757948833e-01
4.190500671133886579e-01
4.210514292922327706e-01
4.337949832400090355e-01
4.547500147269898374e-01
4.802164472252600236e-01
5.070369338611201426e-01
5.330147845182064970e-01
5.565188292410289117e-01
5.753782140425452996e-01
5.852098192644036301e-01
5.782757614288498438e-01
5.484321229701231148e-01
5.065482567646505396e-01
4.810028635023483878e-01
4.856138137174703662e-01
5.092952372896542013e-01
5.375692822492710299e-01
5.633940965194775830e-01
5.839256048397161170e-01
5.965249760483440911e-01
5.979514437674660066e-01
5.869485164093798391e-01
5.689163430092666340e-01
5.557333210376750321e-01
5.560523880488768000e-01
5.681292738145318211e-01
5.844150212343425244e-01
5.980764703631752388e-01
6.044185659384287979e-01
6.007327937242562532e-01
5.881073535590544132e-01
5.733628533846543140e-01
5.660354916651741952e-01
5.710787163103213659e-01
5.859713181855300546e-01
6.047290886731458981e-01
6.218388733336280838e-01
6.325040813708684428e-01
6.317115229936141052e-01
6.160344393414722841e-01
5.895422838729452719e-01
5.662274545265997272e-01
5.593655846172039814e-01
5.697382763683925821e-01
5.891525250824666271e-01
6.097211286222943283e-01
6.265143608919534479e-01
6.356032010822373346e-01
6.328288104234091049e-01
6.162233313033044224e-01
5.915609700136162941e-01
5.726616056111007991e-01
5.700461782350110251e-01
5.821409555569536654e-01
6.006329902664038212e-01
6.182832765467907166e-01
6.302415008538260199e-01
6.324723742957581996e-01
6.222354271515004864e-01
6.019563048976259712e-01
5.818546969018689730e-01
5.737149006458633904e-01
5.807320371067875575e-01
5.971978536210957866e-01
6.156224909231319264e-01
6.304094995452793615e-01
6.370446870666542916e-01
6.314674004359015491e-01
6.129369318445175852e-01
5.888368142716972065e-01
5.727332291479222404e-01
5.729779372196153187e-01
5.866566330321104639e-01
6.057492648042479555e-01
6.236679825043134340e-01
6.357934319401737921e-01
6.378323484410821642e-01
6.264505090775212004e-01
6.037876061169095143e-01
5.809491909298918344e-01
5.711427131580573135e-01
5.778791989867635426e-01
5.947622580061756592e-01
6.137735673673668790e-01
6.292886564818803707e-01
6.369959920651797614e-01
6.329142329236373543e-01
6.158540242217926952e-01
5.922554231488644794e-01
5.752993665962976566e-01
5.741352786203089975e-01
5.867553634191985390e-01
6.052963606760445314e-01
6.229221025844376980e-01
6.348333721021188758e-01
6.367587149092369669e-01
6.255555290546808145e-01
6.035048369637909804e-01
5.814595262572415102e-01
5.721477626320603527e-01
5.789648692340203517e-01
5.957527779955368308e-01
6.146845305385355562e-01
6.301640288914258647e-01
6.378175575937007347e-01
6.335571479699170228e-01
6.161073837774392326e-01
5.919876082021576780e-01
5.746317406951270135e-01
5.733453060747549790e-01
5.860491330747182870e-01
6.047620135646342154e-01
6.226193382286964173e-01
6.348592734429954199e-01
6.372292902611353949e-01
6.264694511118513720e-01
6.045614509037929851e-01
5.821525114039295401e-01
5.722040865059553338e-01
5.785273329517257590e-01
5.951055488874014143e-01
6.140202500495572924e-01
6.295886286022259748e-01
6.374320524808477773e-01
6.334879982504056928e-01
6.164235890085796310e-01
5.925486181310740674e-01
5.751228649800018689e-01
5.735635279601877246e-01
5.860313698291054196e-01
6.046426059377026929e-01
6.225040923581685037e-01
6.348150282354410034e-01
6.373026527431043808e-01
6.266677737659623881e-01
6.048023901643997391e-01
5.822784769481921252e-01
5.721164083180277915e-01
5.782716894575692379e-01
5.947981329256176730e-01
6.137619654988514251e-01
6.294589480527988945e-01
6.375088298086410976e-01
6.338225758082466355e-01
6.169463714305218893e-01
5.930123484221658803e-01
5.752661568059690422e-01
5.733483025615067064e-01
5.856136889471466045e-01
6.041893056311766763e-01
6.221232365975573053e-01
6.345910894950069769e-01
6.373251241036993475e-01
6.269852247050834437e-01
6.053078795585284944e-01
5.826959399334945555e-01
5.722257421042407088e-01
5.780902680668797977e-01
5.944791233192296964e-01
6.134399428497806506e-01
6.292222466028543071e-01
6.374329443291025799e-01
6.339711117124605666e-01
6.173007792100810853e-01
5.933984562907865801e-01
5.754502432647045085e-01
