4.487285368890358422e-02
2.176223073638946376e-02
4.820145330797707267e-02
9.023219915192529084e-02
1.430176055518817546e-01
1.848889036018555310e-01
9.147352522639465300e-02
8.962802772051896294e-02
1.899379333667325920e-01
2.302434521652989563e-01
2.492542621641587741e-01
2.754108509059696175e-01
3.133096169939716957e-01
3.582248939800772858e-01
3.981434419822960091e-01
4.201819726714953740e-01
4.174558086145946922e-01
3.834800357081465383e-01
3.000261112225679483e-01
1.913945264769282284e-01
1.629306089361440002e-01
2.163394510446195740e-01
2.885635772360589102e-01
3.475270027786239724e-01
3.921035232034210116e-01
4.260866359930211011e-01
4.515922155773017255e-01
4.700908984524165835e-01
4.831620486926179181e-01
4.916817361842477085e-01
4.941796741014777838e-01
4.853627629554853051e-01
4.578602658923532354e-01
4.162101800055934553e-01
3.878149822415420944e-01
3.924416404765707078e-01
4.206349162353159032e-01
4.560201035244818568e-01
4.903032500903125590e-01
5.210045939350719246e-01
5.469409946737149308e-01
5.657445465044066424e-01
5.727610798466011843e-01
5.623687857034109783e-01
5.351653376959276676e-01
5.063671329585220926e-01
4.954306900396524549e-01
5.055291965951042021e-01
5.260990585831243349e-01
5.467219583047686626e-01
5.615003391667517940e-01
5.678593328066099399e-01
5.665607767327515143e-01
5.622788024814501240e-01
5.615358598479387453e-01
5.683565375908929962e-01
5.818951761535463563e-01
5.977963400185948295e-01
6.102252688770996025e-01
6.127076517376544018e-01
6.005039055344677523e-01
5.768436282725006858e-01
5.551869115434229229e-01
5.485797595196482135e-01
5.586714780261743396e-01
5.784108554863890417e-01
6.001951941985920191e-01
6.187656771947679379e-01
6.296816075759671394e-01
6.282116113923019718e-01
6.121780619496710596e-01
5.879799735559386731e-01
5.699849153564493509e-01
5.682527163396429160e-01
5.806695983439180697e-01
5.987946042388558876e-01
6.150733025143988453e-01
6.240472394411014090e-01
6.218457780942083790e-01
6.084009172084478001e-01
5.905718005246146651e-01
5.793698444976154160e-01
5.812953486202929732e-01
5.942457919667779587e-01
6.116010106390693535e-01
6.267839504937887662e-01
6.340378274430977790e-01
6.285874664481541085e-01
6.101743914314955441e-01
5.874322333753473346e-01
5.737644486343776995e-01
5.759516633722873147e-01
5.903863255703220014e-01
6.093527062290564622e-01
6.262897090568214642e-01
6.359521819080015126e-01
6.336318828341331866e-01
6.177661558478528825e-01
5.949429378382370404e-01
5.784251602358018163e-01
5.771858164793091106e-01
5.893649574555946957e-01
6.072960641885317701e-01
6.238099806944057413e-01
6.333389465678311847e-01
6.313317554067398030e-01
6.165745202265630054e-01
5.954759428085185657e-01
5.803665312049186564e-01
5.795949683857032353e-01
5.916117992132231551e-01
6.093055829257167932e-01
6.257332387467594570e-01
6.352425360676322574e-01
6.330007720952943728e-01
6.174805287719873359e-01
5.951587026292470828e-01
5.789492471644910321e-01
5.776806914940361137e-01
5.897558345732775154e-01
6.078150674505304885e-01
6.248372158419635003e-01
6.352645039562042628e-01
6.342663160875334771e-01
6.198498813466896129e-01
5.976645171137012769e-01
5.804097466127566829e-01
5.777214745907852667e-01
5.888282903990185169e-01
6.065162113166688851e-01
6.235613844725941268e-01
6.342769007113546742e-01
6.338234617402285220e-01
6.201167928188171530e-01
5.984591184850830414e-01
5.812063463280524589e-01
5.781058627523445459e-01
5.887998967846629350e-01
6.063215168063013083e-01
6.234628124267010962e-01
6.344841190801611130e-01
6.344434852113480794e-01
6.210015581769445792e-01
5.991456857083663490e-01
5.812423522249487995e-01
5.774500251905135828e-01
5.877653517932465155e-01
6.052656559665379188e-01
6.226663222242164730e-01
6.342096707218969343e-01
6.349292111489677204e-01
6.222226000126087619e-01
6.005560736845668712e-01
5.820652816018654363e-01
5.773540286616732908e-01
5.870050372851733922e-01
6.042730028224260197e-01
6.217771181148459281e-01
6.336808334082248972e-01
6.349833680430877481e-01
6.229103037637750973e-01
6.015334012041856360e-01
5.827300332581309972e-01
5.773641695438261889e-01
5.864909082946953012e-01
6.035704169787403650e-01
6.211860039234801123e-01
6.334445949422683464e-01
6.352935764087487280e-01
6.237539542933466796e-01
6.025065134832836566e-01
5.832381684288481249e-01
5.771393896577581284e-01
5.857353635070867703e-01
6.026515784799145736e-01
6.204111590261250919e-01
6.330688119954086535e-01
6.355416535722264726e-01
6.246570910605511173e-01
6.036621485415976096e-01
5.839732747702794935e-01
5.770895900373539389e-01
5.850682361875916282e-01
6.017518974361306672e-01
6.196057121451464811e-01
6.326144880185914365e-01
6.356615224799867514e-01
6.254087704190638419e-01
6.047066828488759649e-01
5.846854819224935884e-01
5.770897881418280972e-01
5.844786670219068725e-01
6.009293225716504372e-01
6.188693859335131497e-01
6.322189229408126110e-01
6.358249326521032696e-01
6.261839444929978571e-01
6.057544379920125621e-01
5.853824551766392270e-01
5.770573090140767025e-01
