5.109429053497883011e+00
4.382212365744699412e+00
2.399571431573336522e+00
-1.730883575499837512e-01
-8.543816080176699912e-02
9.569913108168841553e-01
1.111273528099196550e+00
3.822014345957875481e+00
7.363966331826248268e-01
1.623326901501399577e+00
1.297538258265264477e-01
3.787085085339904289e+00
1.426187447583090240e+00
8.286972367302194442e-01
1.164326995276257493e-01
2.016382748686218647e-03
3.669878047203756211e+00
1.715441442337210409e+00
1.459830152119655944e+00
-9.400598887771267897e-02
-4.352715098340247113e-02
4.745130576529967836e-01
5.086938854941627230e-01
3.824509319217855641e+00
9.389676621076810115e-01
1.473995841480107982e+00
1.451819910253940304e-01
3.796655297590721290e+00
1.266455625233150251e+00
6.252405442969752869e-01
1.599027237594443374e-01
4.775978782314876936e-02
3.832998736936070294e+00
1.436193664678764081e+00
8.296630272635179271e-01
1.108117078243741616e-01
1.747983315204776344e-02
3.709698018349708803e+00
1.664475009573396225e+00
1.281033124702494197e+00
-5.162966667664772857e-02
-1.231726138387680275e-01
1.339784506971611666e+00
1.446383846794601080e+00
3.745190031201016900e+00
5.533938130304735248e-01
2.654935014193210652e+00
4.734706304325012050e-02
3.169010235008198784e+00
1.900936606536050011e+00
2.318578657859458048e+00
-2.047533421694915923e-01
1.160669763232775376e+00
1.265498361826749685e+00
3.759953736116724343e+00
6.488760123701953209e-01
1.277707583387377221e+00
-1.211665678116577438e-01
1.079097496634992270e-01
-1.084650528606309616e-01
1.042575190371137550e+00
1.177972104655977015e+00
3.818095108138556348e+00
6.987762810759117205e-01
1.614685191354818361e+00
1.280593282586634518e-01
3.798677673269196919e+00
1.404210440744305011e+00
8.073249378163789292e-01
1.049191810488084298e-01
2.249556537961916458e-02
3.705227254652595725e+00
1.634230023515442332e+00
1.264076666652055980e+00
-2.609461532799639896e-02
-1.236478451004464352e-01
1.558433251803301722e+00
1.579186440030400984e+00
3.663881337076318800e+00
4.786063674890583819e-01
3.369608039370971753e+00
5.539150406477910682e-01
1.627185358445326857e+00
-1.912917276385183996e-01
5.882975827099643507e-01
6.615123903833979302e-01
3.812047514452312047e+00
8.690967292290512347e-01
1.556044379729017768e+00
1.483705356115334051e-01
3.817138927436993789e+00
1.188982128393684112e+00
8.048196168012955454e-01
-1.242150963202165725e-01
5.192701611382949389e-01
5.604099981766861305e-01
3.823855145652347076e+00
9.198746821325295420e-01
1.498081210052816026e+00
1.519266702216087728e-01
3.791743425657538413e+00
1.205247087270625794e+00
7.380580096397726386e-01
-3.888349599529082601e-02
5.315283295542794217e-02
-4.651093415738044926e-03
1.824909787179670728e-01
-6.144395650848342993e-02
3.153765217995692982e+00
1.952800546466708642e+00
2.363242832864790532e+00
-1.997919369374183685e-01
1.228550714913697606e+00
1.327692876666728417e+00
3.734184845476083758e+00
6.191132165049304525e-01
1.930447740072645413e+00
-1.984484408452928395e-01
1.221139211425114057e+00
1.300996378574126755e+00
3.766308217416797888e+00
6.195666900445083725e-01
1.671720247092334688e+00
-1.940105650497019607e-01
6.790075918519200560e-01
7.681180584760132213e-01
3.825339094872485468e+00
8.532418142371038794e-01
1.570070055332391856e+00
1.603840770459922238e-01
3.827742828843538447e+00
1.190396977980912485e+00
7.761426148109267231e-01
-8.820577218020082821e-02
2.856515711947734681e-01
1.372084223875393305e-01
3.780307117982851128e+00
1.010238468168132231e+00
1.195704583768520735e+00
-1.149907459071690050e-02
3.299766430668390704e+00
1.903746889241225038e+00
2.116935903291658150e+00
-2.157754584931671771e-01
7.637792893156545304e-01
8.709807860559310999e-01
3.843180036794707988e+00
7.958957089594376200e-01
1.609582913518096348e+00
1.455284346309456966e-01
3.817700453512344438e+00
1.255287587288516082e+00
6.038675406884983499e-01
1.790406468446732735e-01
1.163005123967190690e-01
3.784150282229096884e+00
1.063049563802300090e+00
1.140126850703503614e+00
-4.203988263760036898e-02
3.057486304538659994e+00
1.937389693817821001e+00
2.461337728002107816e+00
-1.879425357668449981e-01
1.440716139311147392e+00
1.459580413658488229e+00
3.692024899326356469e+00
5.252316696004087904e-01
2.992205635543809805e+00
2.583168931225715559e-01
3.771941187621735914e+00
1.360612689470718673e+00
7.955667710362046563e-01
1.036987775164636694e-01
2.205046541835645191e-02
3.742889836511352986e+00
1.643990509099797492e+00
1.278221410852734330e+00
-3.320340052498973321e-02
-1.217456768923488447e-01
1.468139837695039196e+00
1.524948804758627041e+00
3.692335502665935465e+00
5.173208268634431617e-01
3.096100311817899797e+00
3.348177255603268510e-01
3.708624639201219431e+00
1.012519447169371922e+00
9.769014222282098592e-01
-1.495775030659145244e-01
1.986435556251227474e+00
1.771046042463159109e+00
3.457133772937270422e+00
2.884849673498727785e-01
3.762798078788693878e+00
1.415352514133114470e+00
9.338962274921451812e-01
6.711256213037786189e-02
-5.547879251234168196e-02
3.202733875228694238e+00
1.949294964496824711e+00
2.279898338465524699e+00
-2.086493960099330136e-01
1.058135070319517812e+00
1.175531253504925600e+00
3.806724846623565028e+00
6.712576260983382781e-01
1.289153078288787446e+00
2.603561645533811197e-02
3.540652678562244304e+00
1.787968897448374950e+00
1.710237371528639638e+00
-1.644692620167573505e-01
1.820356839027904017e-01
-8.511922524085969999e-02
2.873051899152559763e+00
1.987284241712446997e+00
2.684213223116991287e+00
-1.114234934199555549e-01
2.025811189236411458e+00
1.757786795141040193e+00
3.425428237642574203e+00
2.688179425563969605e-01
3.740057289347265890e+00
1.480950568513248022e+00
1.057882134025289744e+00
2.558707207278624121e-02
-1.080159190747255193e-01
2.558333683059029973e+00
1.965891039674709351e+00
3.006973209222199905e+00
3.172794720788787992e-02
2.819836338586800384e+00
1.917417595289771848e+00
2.726207589650321950e+00
-1.115930438493468041e-01
2.100654593289646321e+00
1.792308571950089746e+00
3.362983966021265481e+00
2.339958799606707551e-01
3.664222199537925828e+00
1.607495110688186513e+00
1.313394590590553968e+00
-6.276457256399586848e-02
-1.085118298426349936e-01
1.070006981866157725e+00
1.238829159152035286e+00
3.783010918330388606e+00
6.680975148009178355e-01
1.161281340617271285e+00
-6.350863558502486961e-02
2.989314538428245349e+00
1.954259479591384574e+00
2.583626165006232434e+00
-1.547223304021562162e-01
1.730894631652680093e+00
1.643125946583082753e+00
3.556571971106748276e+00
3.992270898308182270e-01
3.688598950873945181e+00
9.933433538279405894e-01
9.448855303906137371e-01
-1.608965512587517133e-01
1.728082505134639124e+00
1.651954136261831074e+00
3.591274348656020354e+00
4.016300164374345671e-01
3.678791214986097291e+00
9.277017810441890999e-01
9.854232331044481263e-01
-1.527049429723066620e-01
1.922946135779677990e+00
1.767512571709319857e+00
3.461421887946479536e+00
3.174267596927402568e-01
3.749104634139037273e+00
1.365539041467758175e+00
8.388622191310577403e-01
1.135825562860608845e-01
-2.856669737170417639e-03
3.637253784906927301e+00
1.745767269605417393e+00
1.534183942947918933e+00
-1.172451859523472167e-01
8.600428487122396479e-03
1.685381721200780447e-01
-7.297763546975691296e-02
3.016287765428036227e+00
1.978684143976240151e+00
2.522321907557284693e+00
-1.644825450628135122e-01
1.583112349006967623e+00
1.563306646148416412e+00
3.634026645159243341e+00
4.441279958424961816e-01
3.515899455814062602e+00
6.905829170868179601e-01
8.726925979144712908e-01
-1.580980230414456011e-01
9.669976225237228995e-01
1.109740990709179531e+00
3.810709281704498519e+00
7.326725655099680656e-01
1.617585181212946255e+00
1.317307847791938380e-01
3.782273177691497956e+00
1.402135860071624496e+00
8.431696558446988288e-01
1.143029162622104800e-01
5.578110223476818487e-03
3.676867698858812261e+00
1.706378963273035954e+00
1.421127900671470989e+00
-8.632259230549574336e-02
-6.702344761511735971e-02
6.380427545222542296e-01
7.540968864140074057e-01
3.833328724330509196e+00
8.729701293061720158e-01
1.567486405078471812e+00
1.626075896998036563e-01
3.821205578057688790e+00
1.179408680914437735e+00
8.013857353355444690e-01
-1.147270841596643581e-01
4.643775116535648895e-01
4.626187399325993876e-01
3.822984576374145682e+00
9.397345655587561186e-01
1.453409237845984414e+00
1.334840531309947065e-01
3.803767221995107750e+00
1.313694906250948424e+00
6.582397793385553753e-01
1.516457988583337635e-01
9.271184447589694844e-02
3.810755470250464683e+00
1.060029418816390789e+00
1.127930202302593443e+00
-7.055275717962768145e-02
2.922888805082056507e+00
1.961744400483341311e+00
2.651064670468636919e+00
-1.313257577556041777e-01
1.898913356613711967e+00
1.729497404864421606e+00
3.460214867919540360e+00
3.244308736757521849e-01
3.754594898349171928e+00
1.336664163547409245e+00
7.877272589489847654e-01
1.307231740591616731e-01
2.507500107671367662e-02
3.770821515735045981e+00
1.591126742340884359e+00
1.136488295630715184e+00
6.356280682450341640e-03
-1.215305365123704878e-01
2.258107649976703879e+00
1.899727262053827470e+00
3.252827813022850734e+00
1.688788280384940776e-01
3.432667311163928314e+00
1.800280362389214517e+00
1.846334009190194303e+00
-1.832804405435019268e-01
3.612991990889889427e-01
2.478610596284513967e-01
3.798856916461360811e+00
9.771987607638439322e-01
1.307590428677526395e+00
5.808383155867541392e-02
3.668446979380298067e+00
1.680305437434182148e+00
1.375498137370507967e+00
-8.092285655369896302e-02
-8.963728874141613234e-02
8.090370622423228575e-01
9.783210332362336503e-01
3.857727862034200594e+00
7.796961484735946968e-01
1.630595473552895136e+00
1.377732674412243674e-01
3.823206678228406652e+00
1.312322847241744528e+00
6.780081306901841742e-01
1.592630924592689790e-01
9.138521463621335217e-02
3.800687485758530659e+00
1.114689866916383609e+00
1.059827982254665235e+00
-1.019255371228557638e-01
2.564736808083411645e+00
1.935673238889646264e+00
3.001877931409215883e+00
7.118258380603524962e-03
2.795588562140802757e+00
1.922000236542092066e+00
2.782163802586066659e+00
-8.230623185956223442e-02
2.256603996423098835e+00
1.851100391088313035e+00
3.240103202707867336e+00
1.641335463536989225e-01
3.431635732701566965e+00
1.798359744029695673e+00
1.835283888850774758e+00
-1.952492954987148088e-01
3.800569024561111231e-01
2.751258588698727303e-01
3.807889631045156431e+00
9.686465088168907389e-01
1.333854913259410857e+00
6.976608763925915002e-02
3.717956983004021776e+00
1.619081288721400114e+00
1.239137266721264341e+00
-3.487406998342909570e-02
-1.280009511248696996e-01
1.582036459709835530e+00
1.617563242832323889e+00
3.622630899185050435e+00
4.686825334632832019e-01
3.494570976590686939e+00
6.556199710720930218e-01
8.124607389253335477e-01
-1.173796725515704464e-01
4.747348097349938234e-01
4.796398777681051273e-01
3.823702640110957951e+00
9.354273105874726379e-01
1.461568404403150501e+00
1.365054086194272820e-01
3.807351439542881799e+00
1.299809040660216297e+00
6.300222178023802133e-01
1.613313135473835314e-01
1.073003132898617401e-01
3.810037879317839771e+00
1.050649781738683952e+00
1.151181098656000268e+00
-5.313638868740924726e-02
3.057619145819491457e+00
1.950957056460913330e+00
2.489970820696647991e+00
-1.769499722816562648e-01
1.512576185188356792e+00
1.524741719794531436e+00
3.645640538005092246e+00
4.951590407343688938e-01
3.283026501797810415e+00
4.952494775635823965e-01
2.709549310055371141e+00
6.718207651598034902e-02
3.283337250567151422e+00
1.867707865421141200e+00
2.163594076466058613e+00
-2.142677802460150327e-01
8.608497324005033313e-01
9.688500888521207610e-01
3.820866189393038681e+00
7.757153944585918337e-01
1.609425434673525945e+00
1.450264670601259243e-01
3.796377496266231333e+00
1.328666536673027476e+00
6.925482091246075722e-01
1.685552235271552401e-01
8.409610298825972996e-02
3.825413947417726668e+00
1.129345746920966898e+00
1.027940074750888000e+00
-1.316142695483994152e-01
2.279649466036138161e+00
1.886728976623299081e+00
3.236014699282902196e+00
1.572804015765694174e-01
3.401806893738556603e+00
1.813746851045233921e+00
1.890119091606171420e+00
-2.027245272636114537e-01
4.551337092960203168e-01
4.047182978816198373e-01
3.822818480593847656e+00
9.385895957469240214e-01
1.427065161472346633e+00
1.160730976435023765e-01
3.812730174463644151e+00
1.385495059888399494e+00
7.766803859526578702e-01
1.206436157844758134e-01
4.088316441827871683e-02
3.783879855419717941e+00
1.530756243366809377e+00
9.677220536118206207e-01
7.098651275975466357e-02
