6.626006468087211942e+00
2.116489006055406019e+00
3.486820565205672295e+00
-2.316006789161551005e-01
-1.183775415186330837e-01
1.593049665772218404e+00
5.601115146011950152e-01
2.032109328222047484e+00
6.004564589238429173e-01
3.234474897832735341e-01
3.420918478601270074e+00
-6.460462841972428039e-02
-1.062780392657423495e-01
3.505948746480138212e+00
7.536356430696109499e-01
3.783636109187673124e+00
-2.880382250895751062e-01
-7.302078394885674895e-02
1.284083887273054891e+00
4.132485996076315504e-01
2.600099755833480408e+00
3.435080519723285875e-01
1.948397077637332164e-01
4.176065804446214891e+00
-3.381864016197093648e-01
4.328395949721730585e-01
-1.451529259332650090e-01
1.264277892346024057e+00
3.939250799132690828e-01
2.960137969108731060e+00
1.617142270400511173e-01
8.056395340936023386e-02
4.363055371064029409e+00
1.564929732444570454e-01
2.820614142652557277e+00
7.257960252020451142e-01
2.355063578597279328e+00
4.363012583728259064e-01
2.374285392947488860e-01
3.770637144357532389e+00
-2.620808257274889752e-01
-1.337600873590840123e-01
1.783038493744054431e+00
6.365875361537871591e-01
1.668717258637395062e+00
7.446006848016035740e-01
3.740611551674374313e-01
3.266684688443673323e+00
1.525294525039330024e-02
-3.410626889243952020e-02
3.972154125932802593e+00
5.417185399491443176e-01
4.235716752525795492e+00
1.460470255801736839e-01
2.816357873372534293e+00
7.349707280216160044e-01
2.326513733882117130e+00
4.371057681242896398e-01
2.461967351405922599e-01
3.709634717227346279e+00
-2.196176927327006256e-01
-1.558736203623050653e-01
2.113761204243635561e+00
7.258593794694550017e-01
1.060807489567267003e+00
9.643859804951147030e-01
4.262808447684452440e-01
2.993328311255282426e+00
1.415934286129432729e-01
7.856129168208370039e-02
4.343143757470963706e+00
1.227362554540830514e-01
2.703813111975417627e+00
7.116722166839499764e-01
2.004597605896611512e+00
5.999291670699520296e-01
3.094580073112966345e-01
3.426368721466896083e+00
-6.564520263174795922e-02
-1.003282823263762225e-01
3.495284298401557077e+00
7.526619308377615614e-01
3.762747990685068267e+00
-2.772853371497563946e-01
-9.105156434109265562e-02
1.413698222851592856e+00
4.774631201693708693e-01
2.342901524143949477e+00
4.671508503851766747e-01
2.598555197554228702e-01
3.628826341015223278e+00
-1.749039760343441829e-01
-1.634203020650110971e-01
2.628646908188015718e+00
8.181427258167760508e-01
1.890789722631207148e+00
2.037275951321720555e-02
-1.200168642276953912e-01
1.401470557441616860e+00
4.634472588382874125e-01
2.361193733294426167e+00
4.574882963454998674e-01
2.530831369363296668e-01
3.698843631912994923e+00
-2.102090373701103465e-01
-1.640781135101168076e-01
2.283016971083326130e+00
7.731496337246271944e-01
9.894318754206540278e-01
5.604276028774051177e-01
6.088721886645491466e-02
4.230040811886537355e+00
3.125878835343738338e-01
3.533222967874057652e+00
6.191468531987414092e-01
4.193531785379374099e+00
-2.863471592149529066e-01
8.992877095019418121e-01
4.952205874895843074e-02
4.076142524757808694e+00
4.837246549719431687e-01
4.077401659527514433e+00
3.667441096734876949e-01
3.776599743521500852e+00
5.587197446273977075e-01
4.287915447184342810e+00
3.993157463965889969e-02
2.387745162366738505e+00
6.894225592292539950e-01
7.841957719815425554e-01
1.048770796906530745e+00
4.324354659831539105e-01
2.887305277884939514e+00
1.917733060845335791e-01
1.124155586810904051e-01
4.365532146567712601e+00
-4.280354194467368700e-02
1.986716791127226989e+00
5.976904918988559245e-01
1.259857007468361045e+00
8.979512612057070076e-01
4.034172303571648688e-01
3.105020980381561824e+00
1.056466017749931319e-01
4.782595778358024463e-02
4.274808706003746295e+00
3.122280003268327331e-01
3.455620666104620931e+00
6.625289324476988373e-01
4.098856955718676254e+00
-3.342753103998231667e-01
4.660635203426516937e-01
-1.753971504691499705e-01
1.584013211931168064e+00
5.376550417867268505e-01
2.118462225283482603e+00
5.569013627059870020e-01
3.138759372964148864e-01
3.439773282982162339e+00
-9.213362589504291156e-02
-1.169170284782456715e-01
3.370959252513896054e+00
7.595086786112399402e-01
3.438230355399412908e+00
-1.051213778556948503e-01
-1.470617695759038612e-01
3.032729126877629078e+00
8.139659773070089255e-01
1.756210813683274807e+00
6.894637960075719052e-01
3.536120450717388231e-01
3.307784605385021504e+00
-2.045906407650777137e-02
-5.520286422531202331e-02
3.827967703365803942e+00
6.164682370521615828e-01
4.259200029963833956e+00
-1.197909214208186107e-01
1.717534245136058679e+00
5.074163985735508087e-01
1.926231506797604576e+00
6.439517621235169020e-01
3.310063987683371511e-01
3.354553802218245728e+00
-3.958563815983594247e-02
-8.072466367014004274e-02
3.648512462040263138e+00
7.074060457855102513e-01
4.089051119816640600e+00
-3.352704255493579311e-01
4.540403906018827263e-01
-1.689233256545461526e-01
1.503129504210517275e+00
4.998396967440651983e-01
2.255609291196916999e+00
4.962755668357788363e-01
2.841939867908128692e-01
3.497922169794675185e+00
-1.249164519669900275e-01
-1.376054642156768759e-01
3.142635619617042853e+00
7.931288469108923600e-01
2.527197375995194228e+00
3.609876460863226111e-01
1.976325732420799453e-01
4.168590829012867260e+00
-3.392417876759674655e-01
4.139716222389444034e-01
-1.274980316583204931e-01
1.130253878937012679e+00
3.141164055509385045e-01
3.827078975654016002e+00
-2.835307143619814618e-01
-8.617925703730200393e-02
1.339762384857201116e+00
4.401454828862833568e-01
2.503224468286508575e+00
3.775416769860618915e-01
2.175128579733783263e-01
3.944195412485181684e+00
-3.126722472886112603e-01
1.504201969552595650e-02
8.056101231996568579e-01
9.780294477425793831e-02
4.264446019511298758e+00
2.488167393355420476e-01
3.243965723781722321e+00
6.860290540446274399e-01
3.728130240513943594e+00
-2.531407988214891547e-01
-1.185377058887628898e-01
1.612838597132015384e+00
5.623835585299998829e-01
2.067490803269628863e+00
5.792971478446027334e-01
3.231869868439549154e-01
3.415385378450443987e+00
-7.955689627239834194e-02
-1.072366409644232715e-01
3.457057700988749538e+00
7.418385955950785871e-01
3.691545598014209784e+00
-2.388050317543854439e-01
-1.322654959997854318e-01
1.746328756627465228e+00
6.147257122908291738e-01
1.823047363322388703e+00
6.799270742999998784e-01
3.606784294835362337e-01
3.315492142047296920e+00
-2.424310230273722666e-02
-5.855447114032295147e-02
3.808700255982739868e+00
6.271990889759770926e-01
4.252157874223378542e+00
-1.555642221612728582e-01
1.553609980913659427e+00
4.405297272019292887e-01
2.774219502422607508e+00
2.655263217578890389e-01
1.403592016200972681e-01
4.333938417572579027e+00
-1.661180140497872104e-01
1.424581032536012426e+00
3.846188407146362009e-01
3.450200010079504498e+00
-9.559333672894509970e-02
-1.339667451250136920e-01
3.196977356894279865e+00
8.019254529836089551e-01
2.646369777090950670e+00
2.981658139076422964e-01
1.593021782706791067e-01
4.287773310852602826e+00
-2.609306047257187733e-01
9.399537067610460594e-01
7.634576120137628874e-02
4.174209109836589882e+00
4.009960918207540193e-01
3.822980811925036360e+00
5.321804750764134173e-01
4.257683913130969167e+00
1.349681895282173749e-01
2.811850265236572000e+00
7.267929382383163661e-01
2.274469537504884897e+00
4.746392492777273264e-01
2.672355537396428060e-01
3.626337951405634641e+00
-1.919985934175123810e-01
-1.627861027064292365e-01
2.555963155615364801e+00
7.968123917541156676e-01
1.849082600470345117e+00
1.215095403560356030e-02
-8.291960311612076029e-02
1.119285958193977581e+00
2.980829354529851427e-01
3.981814493276494282e+00
-3.261574038965129319e-01
4.218953249600223415e-02
6.700582771513290403e-01
-3.337134028609446690e-02
3.755510201660550162e+00
6.599220844241933115e-01
4.240812221179899311e+00
-2.250512877971394543e-01
1.188307538498903027e+00
2.434163318951539368e-01
4.313064634867103564e+00
-2.368385091777097384e-01
1.118463023487545227e+00
1.882122904241998740e-01
4.339283625340457640e+00
-3.811730243984356309e-02
1.986439116016374573e+00
6.029326530850519505e-01
1.239043998235570543e+00
8.965077085718307082e-01
4.062541433414945669e-01
3.091618997124915502e+00
1.030829576541146125e-01
4.075140010029414117e-02
4.275004552694789517e+00
2.739964086921593545e-01
3.389001045783733623e+00
6.811092109712457709e-01
3.997337684347191722e+00
-3.407554411009281470e-01
2.218656885823530323e-01
1.613305305622783348e-01
7.649593696977827206e-02
3.417433115398668120e-01
-1.572119084458684091e-01
1.502761092311633462e+00
5.054348900338060391e-01
2.200376509359474486e+00
5.322405760893729187e-01
2.873115450430281936e-01
3.461623804450207675e+00
-1.007435161922348443e-01
-1.291044775763038333e-01
3.233089000955647219e+00
7.996302422830742218e-01
2.853557959584850146e+00
1.894862337810644948e-01
9.303295958610871552e-02
4.365597504760461156e+00
4.899910823276031058e-02
2.402755202338342500e+00
6.792949684139766298e-01
9.608735734669486828e-01
9.647550175199837152e-01
4.150773834771452897e-01
2.953691728495924096e+00
1.716872515456792092e-01
9.328085283124987193e-02
4.379635467637813306e+00
9.709157686289893174e-02
2.555873047018073052e+00
7.111540243424893104e-01
1.372187870445882307e+00
8.364734852229890327e-01
3.835782747883572652e-01
3.136904439891869956e+00
6.404326621006993514e-02
2.254277898143146330e-02
4.188015700747767411e+00
3.718834456587862825e-01
3.722059591244495813e+00
5.538661137787068700e-01
4.267298919433948790e+00
-5.422838846692566023e-03
2.214714755703254490e+00
6.536027240975659236e-01
7.283909989157931753e-01
1.082922188331181257e+00
4.264831185597090513e-01
2.850717971353667224e+00
2.174589115670640393e-01
1.284477903770631646e-01
4.379881778387620272e+00
-7.277129533024195851e-02
1.809836970780759335e+00
5.464163449792447391e-01
1.690151859804851053e+00
7.165551563961323200e-01
3.571191783729131819e-01
3.262804563539706937e+00
2.911202408967683564e-02
-3.491362693773644721e-02
3.918028944472258246e+00
5.683559127994255444e-01
4.235252464595133937e+00
8.001665680069453002e-02
2.570463618498431746e+00
7.094807951506290067e-01
1.445282515433823134e+00
8.188093672734062523e-01
3.857484011686265202e-01
3.187527156140070872e+00
5.784922832189502706e-02
1.430708241248031254e-03
4.143214063726083474e+00
4.513345521407114980e-01
3.951543215833267730e+00
4.596096439337278294e-01
4.076934271488884320e+00
3.718726214679333175e-01
3.788657353323065635e+00
5.533836654720766246e-01
4.278681735324891378e+00
6.423279712637219863e-02
2.491861113135905192e+00
7.039081795971303679e-01
1.101595566876458543e+00
9.384881717284073721e-01
4.193125943492212460e-01
3.023486622368215748e+00
1.248707489080432970e-01
6.513917117801629186e-02
4.319730937554038697e+00
1.902156951061376999e-01
2.993375692685328993e+00
7.110617670646210975e-01
3.030764544294314078e+00
1.194235709927453648e-01
3.038152552765368414e-02
4.246495519075162761e+00
3.584480362821129695e-01
3.645713189659998132e+00
5.850293182928956170e-01
4.258462707662536317e+00
-1.137176483683579459e-01
1.714397071054620802e+00
5.126510259317685891e-01
1.907538743519686664e+00
6.421092367301796111e-01
3.356713201827010717e-01
3.374159159235041727e+00
-4.225555763692698252e-02
-8.626377229968683336e-02
3.657950075406235513e+00
7.102009365780856953e-01
4.096790467782749801e+00
-3.294201132028679591e-01
5.128112440968359831e-01
-1.942731257552703650e-01
1.950577180059623439e+00
6.773814575012406802e-01
1.395770187901126835e+00
8.349177802744416343e-01
3.908545935042400665e-01
3.132014626378401445e+00
9.830728160443732988e-02
2.278861677198908836e-02
4.181392556603305444e+00
3.781467793641761777e-01
3.731244368454504468e+00
5.500566621152125357e-01
4.258472586252035619e+00
2.061198981988630885e-02
