9.126507140240740057e+00
1.691995853359684610e+00
-2.425950405334212912e-01
3.132933729771396614e+00
8.144170464155587874e-01
3.157920398970690545e-01
1.359265054828515007e+00
8.210462298191167907e-01
7.893627599782473414e-01
9.605510680388305023e-01
8.680595249168713279e-01
8.652336836336398385e-01
8.865613728594602394e-01
8.722616780548866355e-01
8.708413860610096924e-01
8.697249930513468730e-01
8.666105483693365974e-01
8.652807016532894080e-01
8.619084998336035142e-01
9.073996340270412686e-01
9.036719921243030473e-01
9.027537355313757228e-01
9.013547286885006393e-01
8.961974961774664683e-01
8.950025996925816685e-01
8.972165888873521178e-01
8.855425369470676378e-01
8.902971504695361693e-01
8.845824142943544688e-01
8.821265036742480525e-01
8.835714062191909468e-01
8.746605168498171601e-01
8.754240392431003048e-01
8.710623286058178927e-01
8.723574979329800083e-01
8.705992552612338287e-01
8.636651940463645483e-01
8.631961515836807930e-01
9.077868523093735043e-01
9.061288238189773026e-01
9.044362909322085642e-01
9.006561710321214775e-01
8.998340099219137578e-01
8.966522618808613343e-01
8.922760855701588056e-01
8.916796378486631092e-01
8.874280820031617001e-01
8.850015038810437051e-01
8.852791980781942183e-01
8.798013581912582648e-01
8.802566398594282582e-01
8.759460242226834170e-01
8.734873219146112033e-01
8.717531466374174309e-01
8.680715464887325261e-01
8.665405847068877732e-01
8.653496122348515174e-01
8.610048725626747723e-01
9.064030199101471563e-01
9.054367257804298852e-01
9.013795971487728043e-01
9.034771554569031027e-01
8.940603308882313360e-01
8.961153464982702932e-01
8.923928971907506558e-01
8.886003933042700975e-01
8.877205944795004688e-01
8.851778723927229420e-01
8.815779629250586336e-01
8.791911464865653780e-01
8.820576610209033275e-01
8.735850301307699350e-01
8.727717496610634118e-01
8.703228240551347250e-01
8.676944178193942703e-01
8.631549439733960938e-01
8.627140321052562122e-01
9.084271240118486634e-01
9.063691062735219628e-01
9.037210440400649247e-01
8.996625087862126779e-01
8.989205785383421743e-01
8.947780119256385500e-01
8.944861684503389032e-01
8.903533003961712211e-01
8.881154824057179153e-01
8.855916733078720293e-01
8.843439471875458313e-01
8.817250858579851469e-01
8.750135163449689335e-01
8.788353568392933690e-01
8.725239596496752181e-01
8.708203027289880271e-01
8.680150988553194669e-01
8.660407974959545285e-01
8.652961767532223458e-01
8.602558918514753294e-01
9.081264743110598614e-01
9.035572068886227326e-01
9.029202555372445316e-01
8.987544889739476073e-01
8.957546806366714076e-01
8.994195106604574441e-01
8.899068209161331566e-01
8.887833614963142059e-01
8.884689097652791467e-01
8.820136371693499955e-01
8.828415567518393958e-01
8.789286509642404432e-01
8.766012758742753874e-01
8.741628535265509869e-01
8.732643789731894257e-01
8.672091187385287947e-01
8.702258251395451616e-01
8.612032704721184206e-01
8.643680061260596847e-01
9.077397228801042939e-01
9.042862131476571141e-01
9.035184728551485245e-01
9.001964867294632855e-01
8.993343241763741558e-01
8.929041693630739296e-01
8.953141392709476065e-01
8.913122481808471997e-01
8.853693002142462021e-01
8.879513893348494058e-01
8.829508722864968240e-01
8.760352274659818361e-01
8.811270117608520636e-01
8.768686548986329710e-01
8.719533629351741144e-01
8.696971837714880804e-01
8.681495142602647652e-01
8.666851711290493032e-01
8.619628898133304684e-01
8.612246413298590975e-01
9.080670704789165493e-01
9.010380254791811039e-01
9.028329329761923816e-01
8.981549077094237443e-01
8.964006156366242095e-01
8.950573570669978496e-01
8.909985024254003516e-01
8.875663349170215266e-01
8.874942121003100981e-01
8.846955723285958584e-01
8.825077194177379791e-01
8.794011428406616204e-01
8.765786848658358998e-01
8.748523549957134549e-01
8.734738901476780670e-01
8.695164086090600986e-01
8.663050051494742831e-01
8.644185381970952431e-01
8.629540690243228118e-01
9.073321280029932323e-01
9.042110654648549684e-01
9.039834334309119201e-01
8.984799711149781265e-01
8.955505073990226439e-01
8.963366831999355355e-01
8.936295637079336718e-01
8.883931262067283896e-01
8.874278131940178671e-01
8.859233870672101885e-01
8.817939574893349786e-01
8.797556614996329127e-01
8.783714087494237654e-01
8.764334233580466371e-01
8.740599235027139979e-01
8.690948675781544619e-01
8.674480976842838809e-01
8.655098421744873427e-01
8.641111234868801283e-01
9.076085702435370273e-01
9.066089546721673997e-01
9.061665935957856632e-01
8.994546810383493574e-01
8.982539887379674681e-01
8.962189654609622469e-01
8.919057185803467291e-01
8.928641818430034238e-01
8.889407856606543756e-01
8.865506377823352269e-01
8.833346071167429425e-01
8.819618499534185307e-01
8.788790557510540724e-01
8.753452952941132015e-01
8.772821596577035086e-01
8.696318670469391776e-01
8.678542165228151362e-01
8.688192422254403802e-01
8.625432810945289352e-01
8.625262062817851128e-01
9.045089728495395720e-01
9.064402902865341671e-01
9.019038410322447463e-01
8.984708571611201844e-01
8.989193112447678713e-01
8.937363139127718625e-01
8.912992244911366324e-01
8.938077723189266077e-01
8.873868058002871706e-01
8.843117229524327660e-01
8.816261874129737164e-01
8.810688998034128527e-01
8.747287694660046409e-01
8.773242086940021833e-01
8.720195163340571654e-01
8.689450545728579778e-01
8.678727230032478035e-01
8.666590040767181424e-01
8.627971226206951894e-01
9.078046349220864064e-01
9.070317887067902429e-01
9.014909013416437800e-01
9.004622559192497766e-01
8.983374838414555086e-01
8.958119779998210408e-01
8.927107266377493078e-01
8.895419477567894084e-01
8.906695753248976555e-01
8.849038663626932477e-01
8.820561428964890371e-01
8.835870967919445818e-01
8.766924089696594979e-01
8.777457847004388469e-01
8.738217734440090201e-01
8.698080294699408466e-01
8.694947043257449382e-01
8.658719318279010091e-01
8.634767102110378900e-01
8.607213436938824236e-01
9.123743798421364293e-01
9.020458904569770286e-01
8.990592581510540304e-01
9.011579489439784929e-01
8.981144612876053035e-01
8.916469156292388121e-01
8.940543981021278341e-01
8.897622746411528727e-01
8.865713964881425380e-01
8.841849113865142273e-01
8.828308015877770476e-01
8.801637665269670396e-01
8.771524014586999929e-01
8.764721182532667632e-01
8.706531438924317579e-01
8.687225906185871427e-01
8.692608595267830029e-01
8.630944882384963268e-01
8.629024557659507044e-01
9.084422036959785007e-01
9.057914728739557830e-01
9.010228132506773457e-01
9.018516134169051179e-01
8.988165452992302740e-01
8.944089566259370017e-01
8.933766488837462383e-01
8.898078676230114503e-01
8.878099468274838202e-01
8.865769016618623155e-01
8.837555238759121634e-01
8.775299597414724095e-01
8.794746144927798603e-01
8.771958690969725581e-01
8.722050452756121564e-01
8.710926981701845317e-01
8.684264896289017877e-01
8.663038793468265109e-01
8.628229231894375406e-01
8.627235276033421441e-01
9.043233487209431098e-01
9.064565202267437227e-01
8.995600726526484792e-01
8.984293613767109221e-01
8.967149236593402462e-01
8.954405461187986415e-01
8.900407372777059400e-01
8.880334449433879840e-01
8.891667335415496254e-01
8.820666387763551608e-01
8.798798674736695302e-01
8.808315715640544497e-01
8.772816149837490141e-01
8.738055579661825334e-01
8.743640958161875698e-01
8.654468552948280102e-01
8.703476469424018536e-01
8.600817351383336362e-01
8.667720519058611517e-01
9.075879133876725291e-01
9.035427582236910116e-01
9.015651651454131832e-01
9.017793001399472264e-01
8.967412684231319542e-01
8.943223860232525357e-01
8.914856141765419295e-01
8.927647486936219900e-01
8.884468408230374870e-01
8.840005402190995731e-01
8.831965035497526539e-01
8.795798800534629924e-01
8.779853940494344311e-01
8.767573569063085159e-01
8.695209820677821666e-01
8.733802871660578671e-01
8.677949469365038304e-01
8.640140826301417887e-01
8.648315030984349283e-01
9.075605607228486305e-01
9.070946875455366820e-01
9.037983970680253387e-01
9.002552244838465390e-01
8.995856554030901009e-01
8.955900854222329510e-01
8.935404347978532780e-01
8.911316990732059962e-01
8.910881650726956149e-01
8.842771180978501455e-01
8.857864053542008342e-01
8.813624702169104985e-01
8.790852883700539522e-01
8.752807451093245206e-01
8.756274067449787424e-01
8.717493993945419906e-01
8.701021113532336759e-01
8.664782884106694283e-01
8.656776110243846745e-01
8.608322749732966184e-01
9.076845798729398229e-01
9.059838635160892828e-01
9.003180290218866233e-01
9.004679833930366861e-01
8.979602545292368898e-01
8.942793249996678906e-01
8.904059079787374209e-01
8.918202038117493125e-01
8.851215571506290125e-01
8.858292954444912937e-01
8.840842005231619449e-01
8.797479330003294962e-01
8.767035104250795463e-01
8.750323258238463797e-01
8.720002781654561108e-01
8.716774630237745791e-01
8.659371584730398697e-01
8.666615728485782544e-01
8.617542079128899246e-01
9.087566367499660958e-01
9.041999767896249374e-01
9.040393204996243215e-01
9.001596809003743482e-01
8.979594374338533136e-01
8.967340139293128454e-01
8.956283498465926751e-01
8.889588300340401927e-01
8.893972310594570052e-01
8.863238763364841288e-01
8.825282392080401328e-01
8.811334860174385719e-01
8.803972334852474546e-01
8.761498195602741568e-01
8.717323443407865025e-01
8.728191490905379268e-01
8.675556899413774392e-01
8.670570792537007909e-01
8.615086530616731242e-01
8.627415846262483923e-01
9.071714764684618570e-01
9.009118502361441738e-01
9.049128493827049979e-01
8.981369485129155894e-01
8.962552650709777469e-01
8.946872404714631966e-01
8.907855485227531567e-01
8.912091213904274056e-01
8.878516437071769518e-01
8.834166544462493942e-01
8.830350177911551190e-01
8.804604544349751150e-01
8.771559466397652605e-01
8.739513993509090417e-01
8.738967102091566019e-01
8.691854143899579999e-01
8.667659287147639890e-01
8.639401254478555892e-01
8.622758697526049509e-01
9.080960549882650668e-01
9.058489959368783984e-01
9.035343193094296232e-01
9.011877009535578242e-01
8.970302718772246164e-01
8.961932518133641778e-01
8.922069425025972444e-01
8.919782425003938142e-01
8.895276872871729079e-01
8.837552701789515019e-01
8.843936824735473268e-01
8.811118686047292314e-01
8.788402992475486952e-01
8.749738756442182464e-01
8.725513679627245889e-01
8.723759856889681252e-01
8.670203200091486373e-01
8.667684265111570419e-01
