5.324412207555783816e+00
4.069599043495534474e+00
1.343800364096555233e+00
3.160011064288437699e-01
4.729194996162706666e-01
3.896732854025446002e+00
7.413959987427406473e-01
7.745909765737269970e-01
1.742003620922613627e-01
8.231429783611599049e-02
3.930237221985602325e+00
1.036341260004667308e+00
1.734722212837255029e+00
-1.103966536041151719e-02
3.200435055200951506e+00
1.766771170465726959e+00
1.853683073574248663e+00
-1.340123629395383043e-01
-5.701522636599503507e-02
6.643476153444024535e-01
6.413976801684808660e-01
3.810556460446924198e+00
5.759716668101138026e-01
3.153829594439976791e+00
1.585226117196828488e-01
3.477723802378146711e+00
1.644119112235040259e+00
1.283610771901186665e+00
7.950095804593267090e-02
-2.970698595898056335e-02
3.526766275558234298e+00
1.692984856769408353e+00
1.276564901712099243e+00
6.784552084038146524e-02
-1.341559834189262612e-02
3.609297339485640688e+00
1.617025417974922608e+00
9.895997493947075174e-01
1.807684678501452202e-01
1.347890980661312632e-01
3.827963786308742566e+00
7.827209538894162044e-01
1.630210881274154922e+00
-1.155776998473935085e-01
2.444097934237130065e+00
1.750144824611715499e+00
2.796380043205520138e+00
-2.007494270825163907e-01
1.330016877011158671e+00
1.229836103217366139e+00
3.604129943700214778e+00
2.744145079858987257e-01
3.706011683081507968e+00
1.466709933078770733e+00
6.571418902725951749e-01
3.131606410153637832e-01
2.719615665115345249e-01
3.851282621428781638e+00
7.395586567348839679e-01
1.219826046961520083e+00
-1.342131738290042731e-01
2.331842262908335961e+00
1.737864828237306147e+00
2.923878257437865003e+00
-1.680005415307045391e-01
1.645040194487869201e+00
1.426556263943471903e+00
3.413104710879943049e+00
1.125678082616376474e-01
3.163055420899080872e+00
1.717751301118595197e+00
1.831602332961554502e+00
-1.230174608104052242e-01
-4.622273582907554523e-02
6.281132223657750480e-01
6.104507990526355510e-01
3.795648615277273485e+00
5.740653792122751842e-01
3.051174697759598153e+00
9.301165048744897135e-02
3.229707073179318488e+00
1.713969642417965566e+00
1.741069086298431046e+00
-8.927653452303072057e-02
-1.072988304863405351e-01
1.216977307341538861e+00
1.204226272139834020e+00
3.641836580771356857e+00
3.075682933598042346e-01
3.766229088332972097e+00
1.332811100261623416e+00
1.239576397963090937e+00
-1.120983890079870759e-01
2.598012675106785352e+00
1.778410877092837294e+00
2.675188636622205074e+00
-2.220504157753067365e-01
1.058083047928120468e+00
1.020305557566483889e+00
3.699674463265544055e+00
3.753383424791676415e-01
3.842935406032326195e+00
1.048454125088036815e+00
1.688465738392382676e+00
2.877570172066171161e-02
3.470291023442436007e+00
1.660968181685295697e+00
1.291527127491497007e+00
6.643472809898336162e-02
-3.722059756354156174e-02
3.491471361791804284e+00
1.681896803554769892e+00
1.305702371450526700e+00
7.121936144356508236e-02
-3.068828390762960712e-02
3.504480795512503022e+00
1.702795865501158801e+00
1.306242424353257325e+00
5.217526607134271438e-02
-3.038996216621520086e-02
3.531646801857148521e+00
1.690290460552099194e+00
1.276277466372479852e+00
7.090180337078419437e-02
-1.534981128506379515e-02
3.606966468813779692e+00
1.621263008498394553e+00
9.914168813916923728e-01
1.757507887631116761e-01
1.242504835757222148e-01
3.829819523050896457e+00
7.835164158149260372e-01
1.636314596495550555e+00
-1.132139635993111987e-01
2.477966907889004311e+00
1.753884479361585758e+00
2.740394017484148126e+00
-2.082612373787182114e-01
1.261205496841050211e+00
1.174159240929288694e+00
3.637078018579182892e+00
3.047607203248371421e-01
3.778329557069418421e+00
1.372524611146637596e+00
1.102557262660413206e+00
-1.649249514960341723e-01
1.870942608197371682e+00
1.566088443567332567e+00
3.285255871223419000e+00
1.516343067146456308e-02
2.708632689343844824e+00
1.746114604144538118e+00
2.478770629641459777e+00
-2.340338255217171981e-01
7.120934485803946945e-01
6.788997065205151227e-01
3.793156342600630282e+00
5.374811851428334952e-01
3.408367565391341891e+00
3.461652299178235026e-01
3.861253911251432136e+00
1.086050139918675939e+00
1.694319750483348264e+00
4.286835007139877529e-02
3.502965079636895407e+00
1.641914436250155207e+00
1.253509324349207699e+00
8.994762059588051750e-02
-1.079878741420792557e-02
3.640078443723874457e+00
1.626391633517200397e+00
9.887618157626252291e-01
1.697495610198718197e-01
1.352026516303467818e-01
3.854929689189897424e+00
7.911288842374675223e-01
1.650538183064805153e+00
-1.112145997596488134e-01
2.484148109726735498e+00
1.759341149351338451e+00
2.776570911055446178e+00
-2.002621945652832969e-01
1.294897019922160109e+00
1.198923901224843380e+00
3.602067606327929994e+00
2.691233108002010210e-01
3.714906545989129061e+00
1.420967293162114231e+00
6.822603104568514265e-01
1.371119890010990272e-01
-5.371565973212105022e-02
3.293225254188627105e+00
1.746139848779228121e+00
1.698737449897126828e+00
-6.595955021328139822e-02
-1.254242045535680361e-01
1.467099959545359322e+00
1.377633019006634152e+00
3.551570618598281381e+00
2.158956180473223241e-01
3.521182737132033225e+00
1.582979928366531563e+00
1.165793264811118890e+00
1.203684926216143092e-01
3.403051707671253534e-02
3.864323732228762687e+00
1.394895776944496735e+00
1.338820848768417671e+00
-4.539723809306627639e-02
3.080687690551436653e+00
1.769757923412218492e+00
2.031822127209483408e+00
-1.669558452134038418e-01
8.692853223093635617e-02
-3.253208059159007348e-02
3.738878844578972793e-01
2.405777115555486345e-01
3.787421789505829750e+00
6.938633551211351724e-01
1.221324556530308580e+00
1.444819496665303467e-02
-1.310738705851702823e-01
2.182621438489854349e+00
1.704697564411276733e+00
3.043972354044349071e+00
-1.151149260090202076e-01
1.964075693687329371e+00
1.584626878116252247e+00
3.180173691955067383e+00
-2.867537975519118126e-02
2.478077564387795917e+00
1.723739863608497735e+00
2.783175111756568398e+00
-1.997237760103975357e-01
1.321136102749408847e+00
1.230564706839427425e+00
3.600441646573686150e+00
2.791319702398147307e-01
3.702089846259197792e+00
1.439943423783941912e+00
6.395655525162454724e-01
3.138777624301402058e-01
2.817239442816112938e-01
3.845795702607763378e+00
7.408011324809886666e-01
1.097403001305994330e+00
-1.739457206145610946e-01
1.663052873661844622e+00
1.466083950434728722e+00
3.419934498856425087e+00
1.070330250420561957e-01
3.142890814645594943e+00
1.719980119874958246e+00
1.873161352124581125e+00
-1.334421427454379749e-01
-3.736577390967829593e-02
4.562534545213915438e-01
3.643529550637392145e-01
3.803802029233277704e+00
6.530366892304237947e-01
1.966223406686008035e+00
-2.067870881615477274e-01
5.126086794927446899e-01
4.168084866426612356e-01
3.780033184722120687e+00
6.300369708390869405e-01
2.455242206243546388e+00
-1.889932512674437071e-01
1.525003560662154589e+00
1.368642872671131938e+00
3.510148473912910738e+00
1.872755654177483686e-01
3.435602867310688868e+00
1.654787482516832942e+00
1.369725242139396393e+00
4.842351146937719231e-02
-7.375680006880028228e-02
3.157754501400890312e+00
1.800807844455420081e+00
1.959198306852850457e+00
-1.577769096412448835e-01
1.669600990530413498e-02
2.219083830494890941e-01
-2.840981658091723538e-02
3.522469877773769298e+00
1.689726790210314356e+00
1.299139956577203048e+00
6.410110989652931246e-02
-2.614023762978557458e-02
3.541325087985722764e+00
1.658648479077675653e+00
1.158111086049591343e+00
1.157425694787674320e-01
3.966540147810221351e-02
3.882501398501598366e+00
1.302007901074445861e+00
1.531905632110158511e+00
3.607982741992626918e-02
3.556251400459106371e+00
1.619531883420876284e+00
1.089378366863575254e+00
1.392286007400119763e-01
7.081953986967812198e-02
3.913092750934555664e+00
1.064581097961122547e+00
1.723683376137055578e+00
2.625127872406236330e-03
3.304680020949155139e+00
1.723208724088031385e+00
1.619874964652363358e+00
-5.125925396759549446e-02
-1.298523020475606804e-01
1.798938814414387632e+00
1.554866446699154858e+00
3.336137027923530507e+00
4.787772167065683371e-02
2.860088231964651673e+00
1.750016903553004433e+00
2.281981575923782923e+00
-2.224496136291398418e-01
4.294759607674873414e-01
2.432331161266882980e-01
3.805910556511726384e+00
6.838382458303742251e-01
1.517240068118056229e+00
-9.977431726042008953e-02
-3.059413342009530482e-02
4.515904589455781437e-01
3.783018879155750080e-01
3.827906675373827561e+00
6.584911427890999258e-01
2.043698502064161815e+00
-2.168434208281412034e-01
6.409214516396025685e-01
5.726526168968596453e-01
3.797951151627062760e+00
5.886246418743303899e-01
3.047846912756300597e+00
7.661001605348960464e-02
3.206853718293222411e+00
1.715137615891040301e+00
1.795289549639878190e+00
-1.034348356986639350e-01
-8.461277100410347085e-02
8.554709056474358864e-01
8.747717407756803176e-01
3.771700713131600935e+00
4.919169160975873645e-01
3.678925600225881887e+00
6.342015197308608077e-01
1.773911250728265721e+00
-1.671087524248678347e-01
2.287506396083351101e-01
-7.528860225957841046e-02
3.107937592492661327e+00
1.791982993404584557e+00
1.963809387668984385e+00
-1.585735614440067776e-01
3.897246672895391534e-02
1.603671458994081755e-01
-1.328647382290183976e-01
2.261215722471802358e+00
1.727100073504191258e+00
2.967928584552531390e+00
-1.444498249890976138e-01
1.760995746156889696e+00
1.499989498262454424e+00
3.348630316870261581e+00
6.101715771770906127e-02
2.921855765127343130e+00
1.759218606046245137e+00
2.254378155401691064e+00
-2.208091200266652510e-01
3.554765507450953210e-01
1.412555400511746884e-01
3.783994657252728988e+00
6.984884938819723166e-01
7.470737289744222576e-01
2.066683591200696446e-01
1.015797108043933750e-01
3.878239186527996818e+00
8.926017843232895155e-01
1.686754468417170472e+00
-7.151077145109638322e-02
2.764914837525021429e+00
1.774245327678874995e+00
2.447723562237867689e+00
-2.330080616372028623e-01
6.362514711191343819e-01
5.722156150503777683e-01
3.771371492660265279e+00
5.694447531801525297e-01
3.089148761526229414e+00
1.223080324450237510e-01
3.383703904327439282e+00
1.683874188678281980e+00
1.527903871299101990e+00
-2.139902454263289608e-02
-1.257665206624840604e-01
2.342854532347598440e+00
1.750792728866199965e+00
2.887456910337478089e+00
-1.715644729445847116e-01
1.597694539320457796e+00
1.395287313627100234e+00
3.473969851491653493e+00
1.538006239117952756e-01
3.321850022187232909e+00
1.692712538046158732e+00
1.611467083445977888e+00
-5.797734799730713817e-02
-1.330630174889539385e-01
1.891683855799315861e+00
1.597225291952015791e+00
3.308497453621700224e+00
2.720279487011478814e-02
2.739868925200590777e+00
1.759463760978052127e+00
2.480882032539446946e+00
-2.353797648156977784e-01
7.085180494385194816e-01
6.487154075776103701e-01
3.774235057809753435e+00
5.346306137744164522e-01
3.332514970761165873e+00
2.873834646752252420e-01
3.814640699850881056e+00
1.254287704013988369e+00
1.471340428921121379e+00
1.619789085715968302e-02
3.488217186433322237e+00
1.681719937842351964e+00
1.354296377381056571e+00
4.381601981764840503e-02
-5.830568596065071468e-02
3.295771141693463413e+00
1.754039233901550698e+00
1.662108977972987844e+00
-6.347154089710584091e-02
-1.254540017022817144e-01
1.621220309694050732e+00
1.463299505686191493e+00
3.447446412166559782e+00
1.264398697147764428e-01
3.221059376704536348e+00
1.703182107414257462e+00
1.737042171123908130e+00
-9.245392956773659798e-02
-9.771144097928491368e-02
1.108371243993167443e+00
1.108451727088994643e+00
3.688090001332820833e+00
3.556386720702072179e-01
3.827229568637237289e+00
1.154671310067792778e+00
1.608257038841889752e+00
4.696054377132519164e-02
3.566155675187684615e+00
1.611028275399023268e+00
1.060466458506789778e+00
1.514854659130756009e-01
9.592338661725904880e-02
3.858132624607285344e+00
8.731527949202441130e-01
1.669870322576748167e+00
-8.171478995922952515e-02
2.715573050007608291e+00
1.784890038133872370e+00
2.495162592599334150e+00
-2.351776525747116542e-01
7.106734711753162070e-01
6.494778835520883531e-01
3.784056638661794203e+00
5.546356318110244876e-01
3.321690393251237161e+00
2.859822356786514419e-01
3.803563210865762656e+00
1.301824110215502817e+00
1.328798186816079197e+00
-5.783097330603213099e-02
3.039131352727853397e+00
1.779774810520554640e+00
2.064734404856433336e+00
-1.818356086087772328e-01
1.170570460387772432e-01
-1.120539760198235035e-01
1.012795049405307068e+00
1.013136000541902781e+00
3.741301825182865137e+00
