8.343400769162739650e+00
-4.622755287174601935e-01
2.014206111916646558e-01
5.161773868025149703e+00
6.549439150356302086e-01
-1.846043240227592253e-01
3.547338854444484380e+00
-2.409283975256469590e-01
3.865031868896777745e-01
8.967358642635698818e-01
1.504967644620244516e-01
8.270904290364669009e-01
2.859189293621368089e-01
6.563192865011702182e-01
3.665056348953372733e-01
5.906732091483408720e-01
4.402396045358336618e-01
5.284152050384238741e-01
4.886540890383402336e-01
5.240881848892593453e-01
4.830783542544770937e-01
4.941406486930963182e-01
5.062174514890797061e-01
5.074381667212528590e-01
4.895751844974255418e-01
4.824714557956029104e-01
5.097780643854581406e-01
5.009375516295175856e-01
4.879073938961669410e-01
4.801114135878808975e-01
5.077074804012235987e-01
4.976579791866076463e-01
4.887362466691313467e-01
5.125870644982911672e-01
5.087703409568626878e-01
4.922162027223760949e-01
4.859407025298667082e-01
5.092534076815228294e-01
5.049516333160148918e-01
4.915996306111684033e-01
4.803141217818134856e-01
5.127040582158437498e-01
5.002923719042994266e-01
4.893179712867721243e-01
4.792958469023396173e-01
5.066036999830205723e-01
4.984680542546042203e-01
4.854170929204715268e-01
5.165032722588795977e-01
5.046998764661805303e-01
4.934764491758005245e-01
4.863339484418899850e-01
5.132363637739980611e-01
5.025161901393979669e-01
4.919938222514870785e-01
4.821780182562747097e-01
5.107283403445641579e-01
4.998306836652048890e-01
4.914426812185856419e-01
4.763399341326376435e-01
5.120900784682288487e-01
4.930985205656587267e-01
4.908580215600375496e-01
5.106027958519997467e-01
5.093306088315827651e-01
4.891833055133491537e-01
4.901077031143971086e-01
5.077787467617633776e-01
5.075040020768734061e-01
4.884339837970525511e-01
4.837138601287163664e-01
5.078616019665448400e-01
5.019948434372358825e-01
4.887502716114920931e-01
4.816004665681428154e-01
5.053716602360051047e-01
4.991879608483164588e-01
4.843970961941031494e-01
5.163433939470482015e-01
5.047656433367275763e-01
4.948166649836006070e-01
4.840697025174806045e-01
5.143190452575548965e-01
5.022077246124465599e-01
4.945229712117897858e-01
4.775478694993298134e-01
5.134825575980728196e-01
4.976433566566905720e-01
4.909118518063941838e-01
4.766787869182726456e-01
5.099346947902638760e-01
4.954772735946347817e-01
4.897052884565365471e-01
5.115471415389903909e-01
5.099495006010116294e-01
4.884397890891376548e-01
4.903058886786457737e-01
5.092111076961589600e-01
5.053766170115667755e-01
4.924288688596759056e-01
4.804019239881403003e-01
5.126130076431835159e-01
4.973824661059983443e-01
4.926937851828924186e-01
4.774495061344491420e-01
5.082957531279077568e-01
4.979350147925708514e-01
4.867344312181358656e-01
5.155474684817222819e-01
5.058061570338817647e-01
4.942560892812876139e-01
4.845982765978411044e-01
5.125209496906845130e-01
5.030503300661589572e-01
4.920855549861447020e-01
4.830364570973729177e-01
5.095257656844272010e-01
5.027669298996085834e-01
4.876571442410204682e-01
4.825707465204943092e-01
5.082796779573910406e-01
4.969551813308183963e-01
4.897046527352434397e-01
5.118005328534092069e-01
5.077646011829981543e-01
4.940196499818548248e-01
4.849977392634493567e-01
5.129027821874727611e-01
5.035449682199546473e-01
4.903617953354111325e-01
4.850848882053712119e-01
5.060993822276795839e-01
5.045552872702420144e-01
4.856909132834301701e-01
4.810509561100199116e-01
5.081489807443673179e-01
4.961536989212969595e-01
4.881464194204255813e-01
5.154508698983022441e-01
5.071187083643181603e-01
4.948770319144569219e-01
4.839348728825087487e-01
5.153054974801074550e-01
5.001205521979563695e-01
4.943212162644358143e-01
4.824265499778369604e-01
5.118255056887113241e-01
4.974375999129798109e-01
4.908667608601485211e-01
4.795070695399193950e-01
5.069787359152571060e-01
4.987128177016790787e-01
4.862754104597842297e-01
5.147692795094022111e-01
5.070820203775396884e-01
4.933804092145133713e-01
4.848190969734569866e-01
5.125927645882757400e-01
5.036901164411788923e-01
4.904920449868538368e-01
4.813313856730556672e-01
5.111604405422949249e-01
5.002836590870571865e-01
4.873550602513284091e-01
4.844206671986139856e-01
5.037589897686833851e-01
5.038706062605869951e-01
4.816468455791575454e-01
5.182607578559423889e-01
5.038804652062420786e-01
4.955278597333302448e-01
4.837167883917052880e-01
5.153743279425669899e-01
5.005209753281565366e-01
4.937528925333666829e-01
4.814135426656986905e-01
5.090254306204248236e-01
5.048004545184139324e-01
4.844912876673173052e-01
4.823934637398376024e-01
5.058050747211122466e-01
4.995318801410461584e-01
4.832729173974592563e-01
5.195351049729650672e-01
5.025922797619677418e-01
4.962066175656005829e-01
4.836253466905269804e-01
5.137755728757366080e-01
5.012024027645357593e-01
4.941065452390756008e-01
4.781467094616316249e-01
5.149322428869914647e-01
4.955040877734456783e-01
4.940850555905182406e-01
4.771391907272090060e-01
5.113033608078683123e-01
4.943371845102593198e-01
4.920017783332515382e-01
5.138799063198284944e-01
5.056888733248192658e-01
4.939736659209577607e-01
4.853173992405649950e-01
5.128733292351291828e-01
5.050674730220818809e-01
4.903754824030286397e-01
4.843187216388952221e-01
5.081986901023896053e-01
5.039379072940626259e-01
4.869179944888818445e-01
4.809096300311853645e-01
5.065454799820612308e-01
4.980008939492658326e-01
4.874331875511977441e-01
5.169712467867082495e-01
5.041875116692108305e-01
4.992155428980880605e-01
4.806030281982676677e-01
5.177472547742596465e-01
4.991770488049748211e-01
4.963254747880558315e-01
4.794958709016016174e-01
5.143543408880981715e-01
4.972001838839230636e-01
4.929528359670877213e-01
4.787278983283007050e-01
5.085033538355667737e-01
4.990412654741603893e-01
4.876037829653532274e-01
5.151569936886368772e-01
5.053995193002910336e-01
4.962161894593756228e-01
4.838822708826412411e-01
5.165887821326430318e-01
4.997755691072167106e-01
4.947266592667051710e-01
4.802825637408736359e-01
5.104561357203748484e-01
5.007649149757585905e-01
4.901963641742900224e-01
4.784812905029335317e-01
5.092915170106928624e-01
4.971526273812293950e-01
4.896322911193873306e-01
5.131653909876112696e-01
5.086112774473670051e-01
4.927655504895924188e-01
4.850623491410644972e-01
5.141440127354186540e-01
5.028330131069146391e-01
4.942768061529320134e-01
4.806820101215795171e-01
5.130371269984731475e-01
4.975133129126116938e-01
4.946863650954992364e-01
4.737829713934203490e-01
5.126277807144876686e-01
4.924111573491350424e-01
4.927168851161587426e-01
5.127653508626992540e-01
5.097390132001535790e-01
4.900330675837341055e-01
4.901282518099369101e-01
5.086955337792986587e-01
5.083737689043370533e-01
4.876371271470741342e-01
4.865518311206485924e-01
5.065988929878194602e-01
5.022955555802446348e-01
4.900321192786075697e-01
4.771253844669571254e-01
5.119545364841383561e-01
4.939535310379938871e-01
4.904368883683520863e-01
5.150081496977807483e-01
5.051457804585652855e-01
4.964100276377821919e-01
4.834049129684007684e-01
5.130235221971605197e-01
5.041592912830776818e-01
4.903744632210558785e-01
4.828481099679280408e-01
5.117267630469464201e-01
4.971108298105096357e-01
4.941473943148663173e-01
4.783600833297714239e-01
5.093377301393011702e-01
4.971402311870505297e-01
4.884661463477940058e-01
5.144035744976287461e-01
5.068288220229089092e-01
4.939237550711453872e-01
4.844734992457964684e-01
5.127135707078762650e-01
5.046553149152688267e-01
4.900752967395754500e-01
4.847787564688861850e-01
5.111130141112207870e-01
4.987213447814931033e-01
4.927733196427134255e-01
4.761632413051738455e-01
5.101808801683341832e-01
4.974771355874580969e-01
4.877191810219414503e-01
5.156626217795156064e-01
5.074756265086618479e-01
4.936083997708394788e-01
4.879467837053618751e-01
5.114018664199375674e-01
5.045173660400320559e-01
4.897159154263909797e-01
4.878357881992209100e-01
5.058642382228393242e-01
5.039224633272595399e-01
4.873096813290115348e-01
4.817574726332573554e-01
5.081093873839707120e-01
4.969733148254160682e-01
4.903386740112306019e-01
5.123186504170538225e-01
5.099360106439330131e-01
4.898250627465333129e-01
4.925076966337975648e-01
5.068981812409927290e-01
5.085638575921876958e-01
4.884600753773710169e-01
4.846664916596035710e-01
5.078350369883589677e-01
5.051089583083210321e-01
4.857353652476779082e-01
4.824422083641644043e-01
5.046513520871062086e-01
5.022390506969136581e-01
4.834031861156706245e-01
5.222770003449603848e-01
5.014449803513808535e-01
4.985843617296963903e-01
4.822351549719192110e-01
5.154983178067257255e-01
5.008891327873452592e-01
4.931490227266894233e-01
4.832377574292225364e-01
5.089578590198337027e-01
5.048666534882361168e-01
4.846611252407015957e-01
4.841644684854734537e-01
5.055731885467719122e-01
4.999460919023504535e-01
4.868856981221726388e-01
5.169935635845605004e-01
5.026885723714442644e-01
4.983167171741267887e-01
4.826191105978933082e-01
5.147287738525156975e-01
5.022220714591402180e-01
4.937084231027440429e-01
4.828581116754537828e-01
5.079889659426538584e-01
5.052401829504559183e-01
4.844904454098208912e-01
4.847746407610057373e-01
5.032213610372702206e-01
5.017250770967365270e-01
4.828012758719703590e-01
5.212699511396968743e-01
5.029294626760454356e-01
4.992922264824870560e-01
4.792422100064771540e-01
5.190105083566001198e-01
4.983285731998917667e-01
4.976149042218735441e-01
4.802288009170908589e-01
5.120008716895263490e-01
4.992818970530003009e-01
4.912612369990144168e-01
4.793798680044470406e-01
5.066041669978299522e-01
4.986538815750960474e-01
4.879926050559549311e-01
5.174976624629098465e-01
5.041758736695978182e-01
4.972547541432809082e-01
4.864427714405106795e-01
5.112743462210953549e-01
5.053367255461124197e-01
4.911372284748336536e-01
4.821895408006262596e-01
5.125932960616834677e-01
4.986156894929554273e-01
4.925156693287613408e-01
4.773896413104070646e-01
5.112625941957367193e-01
4.959712021813470484e-01
4.888172485995108674e-01
5.159425682673641766e-01
5.045464762179897589e-01
4.967534550736694698e-01
4.844237674619588097e-01
5.124391477776295556e-01
5.058323760230718502e-01
4.901553240837262515e-01
4.849493867940228853e-01
5.099327022770294704e-01
5.010122782506625239e-01
4.897977866898257093e-01
4.800929501283511813e-01
5.086832012228414968e-01
4.996837706028922632e-01
4.867029308775535634e-01
5.162861457539726917e-01
5.076333269010115945e-01
4.933123290559535690e-01
4.870115064555513573e-01
5.139683297670096795e-01
5.036578121159249743e-01
4.910493181047503874e-01
4.846800392484901798e-01
5.080667886864160820e-01
5.029931124019837441e-01
4.895584430196849857e-01
4.795966063412012148e-01
5.096138407060996078e-01
4.955352618703126044e-01
4.910808355077820320e-01
5.122113454602044147e-01
