9.055741339227402875e+00
1.458506805382631555e+00
-1.412242371231039184e-01
3.455498710088833914e+00
7.420764856347613625e-01
1.867854269074343543e-01
1.437445719768982944e+00
7.437817118492098256e-01
7.480693566500726810e-01
9.436382599873337496e-01
7.977412726994462799e-01
8.528968702563370918e-01
8.652341866639609025e-01
8.334969995631223982e-01
8.269349219942297990e-01
8.608713704276114154e-01
8.492303020183550322e-01
8.371053818848801509e-01
8.240399149360613240e-01
8.600482972237176726e-01
8.477830799701721043e-01
8.345911413007660595e-01
8.224467884188297884e-01
8.606220468113539024e-01
8.433174935504729186e-01
8.317265431705364032e-01
8.694640841008910437e-01
8.549444318211657512e-01
8.438569676717554424e-01
8.322534869279941683e-01
8.665092276025712081e-01
8.537523672049804890e-01
8.408813826137461200e-01
8.302888843507828520e-01
8.630929132590093866e-01
8.532839500204885130e-01
8.397891999149291742e-01
8.305285881843149642e-01
8.629618922580803986e-01
8.487743966847660637e-01
8.383676296066338018e-01
8.236352703196412328e-01
8.620593540707062186e-01
8.478342172337408611e-01
8.371476297813056355e-01
8.254713015347985294e-01
8.569050772732821342e-01
8.531352881344378414e-01
8.314044772015335427e-01
8.216810530140261637e-01
8.575366683265871481e-01
8.442759597115429004e-01
8.318546123452452701e-01
8.670991662837348457e-01
8.559728463414324473e-01
8.426320357122697446e-01
8.297984231881014860e-01
8.649432552565747834e-01
8.552770373504734458e-01
8.378339543003014978e-01
8.301186086238527828e-01
8.621010065607411788e-01
8.510317342449515987e-01
8.393443194637828508e-01
8.262654926364760843e-01
8.611520555084422046e-01
8.487422802441035863e-01
8.437731580086036409e-01
8.216814740417904828e-01
8.613840557620477956e-01
8.474083156870684252e-01
8.357559090630880538e-01
8.223213570102381187e-01
8.581044431931933447e-01
8.484261088278108875e-01
8.332796186989215315e-01
8.674480176396970332e-01
8.564721777075101627e-01
8.441426083085195042e-01
8.309208705487065583e-01
8.678080865037155478e-01
8.546606815660984235e-01
8.426437134857861500e-01
8.300679142932121390e-01
8.638806716489183524e-01
8.529788328549944287e-01
8.400865884818340401e-01
8.273716609315786563e-01
8.637211631336977335e-01
8.505014445421478220e-01
8.374221374098435033e-01
8.267189895551080303e-01
8.622911722959257785e-01
8.479786757989495882e-01
8.359945757847222492e-01
8.253253133786410123e-01
8.604573812630376128e-01
8.450039646226740198e-01
8.351637052634000025e-01
8.248093382102137383e-01
8.556487925681944828e-01
8.462244029452790084e-01
8.330316880975326965e-01
8.672216837805386547e-01
8.556574659458305865e-01
8.431763522089505969e-01
8.309832358907942584e-01
8.704528818848485949e-01
8.524168375165750433e-01
8.403072568888352301e-01
8.299031422496543353e-01
8.642860233505796907e-01
8.517467353904411009e-01
8.399497429344060517e-01
8.268397069096594665e-01
8.623869060770911199e-01
8.494939488664784433e-01
8.364952798853700910e-01
8.267976064011036685e-01
8.574064099367295633e-01
8.485892003159030139e-01
8.361861574443977263e-01
8.226576586633209676e-01
8.575662077491497115e-01
8.479472350133789860e-01
8.319446938821497550e-01
8.719816162566433881e-01
8.566682331925199456e-01
8.428978800096765811e-01
8.342783849776939098e-01
8.625432282329130729e-01
8.569253845366416877e-01
8.422078636540262231e-01
8.295462624260310225e-01
8.660844942999117446e-01
8.481615984369819117e-01
8.427316093771370920e-01
8.291266383663030703e-01
8.606533300664912511e-01
8.521915767702976652e-01
8.377194326767528620e-01
8.266236725859699153e-01
8.616730513584677231e-01
8.485445367634685265e-01
8.386871346310751374e-01
8.228632764075157757e-01
8.602521044460615940e-01
8.489738588215320902e-01
8.338588513192796148e-01
8.218346188129806995e-01
8.602622417798565513e-01
8.444229872458163255e-01
8.321659911332177639e-01
8.695642096058791015e-01
8.557704510451555890e-01
8.433034818193128057e-01
8.288047883050031484e-01
8.686770351343234831e-01
8.522731981465312412e-01
8.414894665042469413e-01
8.306262131435970808e-01
8.634754636339130318e-01
8.527980158608116090e-01
8.400982101111000855e-01
8.281408624537814900e-01
8.601131746977677128e-01
8.502202842183074205e-01
8.378622033921580003e-01
8.241896901057434999e-01
8.613181849506617027e-01
8.489155743254639397e-01
8.354755243107525597e-01
8.260874684676138280e-01
8.577171187432484079e-01
8.453725747078283392e-01
8.360711911043564593e-01
8.229324169544542933e-01
8.551932207128437602e-01
8.445304507053430498e-01
8.335071115005046050e-01
8.661519085430902098e-01
8.586682447499063287e-01
8.389152731000217855e-01
8.333010208414766140e-01
8.649134047457207597e-01
8.522357659411970987e-01
8.422329582809970905e-01
8.277235793628928695e-01
8.651460503465077112e-01
8.506911502083756016e-01
8.421585644724249864e-01
8.229967388202670264e-01
8.634862778973351194e-01
8.500707627460041271e-01
8.344415078658490303e-01
8.271616316958747550e-01
8.585334478325947760e-01
8.470013313570441404e-01
8.339754733269890696e-01
8.251755788610615205e-01
8.582246920867386830e-01
8.442775197140779397e-01
8.332452695231623574e-01
8.691166151026378239e-01
8.553398911133280880e-01
8.433192308021499883e-01
8.333292014578177476e-01
8.653916681145320533e-01
8.543669216054807780e-01
8.432679035476567941e-01
8.274925916471935761e-01
8.660615227539097960e-01
8.545121558388266703e-01
8.355451145485154330e-01
8.304573581467296073e-01
8.629950004849745726e-01
8.492077937828458323e-01
8.382529445346433850e-01
8.265158276366530998e-01
8.626479948430505473e-01
8.464163568560520989e-01
8.369837500544904385e-01
8.229032107958073050e-01
8.612161062134959799e-01
8.480408348760754000e-01
8.322783702515492710e-01
8.272003708263354627e-01
8.555249881527715594e-01
8.455008842866899021e-01
8.327739054983730460e-01
8.673163579539573398e-01
8.539683663847295048e-01
8.455621025475601460e-01
8.290220334449053263e-01
8.662204661422600038e-01
8.542108856633121583e-01
8.398994079710192517e-01
8.253461691587389293e-01
8.666011799685524597e-01
8.499138671684246527e-01
8.404139375793385769e-01
8.263266043091267443e-01
8.633358094580239062e-01
8.516420269155365874e-01
8.350950911245144104e-01
8.256980501334511002e-01
8.606268905163338978e-01
8.463939423158890474e-01
8.379466915663966731e-01
8.205003932976574488e-01
8.607054238841443938e-01
8.439668088146994318e-01
8.401431396869218915e-01
8.658686445419452316e-01
8.596199782906404074e-01
8.433344059602794207e-01
8.352116162739913197e-01
8.644621476305094365e-01
8.556370009510599894e-01
8.427991719452998520e-01
8.289349318800345312e-01
8.649519729869882267e-01
8.529240368501516123e-01
8.392489546885831819e-01
8.295258348203462528e-01
8.633603449663019846e-01
8.504061675917260477e-01
8.389422280265046439e-01
8.250462118000871925e-01
8.608526439770490812e-01
8.478618074823363049e-01
8.372972890567624837e-01
8.238889152901646140e-01
8.607347096362181205e-01
8.487568558866096513e-01
8.360983222406892512e-01
8.179046990074279044e-01
8.588921245574852037e-01
8.455321816917987787e-01
8.340348271495743315e-01
8.672270571602442857e-01
8.565906201787039098e-01
8.442953840116655950e-01
8.291910140663496520e-01
8.654844454552271804e-01
8.552795019032097823e-01
8.399468318474607731e-01
8.295536306467476972e-01
8.665093118147195739e-01
8.498116181276315073e-01
8.461433864351460832e-01
8.250023931535691579e-01
8.622560715686449218e-01
8.516388485353820759e-01
8.360443539052208051e-01
8.267936511666230670e-01
8.616764591978843812e-01
8.461187396313452069e-01
8.352904879824808448e-01
8.258312967674220628e-01
8.561190016741122566e-01
8.481485906257735241e-01
8.340036631240219656e-01
8.228870670686324607e-01
8.561278850833398124e-01
8.450754692442317140e-01
8.337796241276201892e-01
8.663691479332044088e-01
8.542996835843781334e-01
8.430899025930349566e-01
8.305011336910802511e-01
8.647509778129613967e-01
8.525716617895628957e-01
8.421807197596096195e-01
8.268354217528177674e-01
8.605148573047427529e-01
8.534990431934963429e-01
8.377106787117575282e-01
8.274966986965309745e-01
8.607988625843321362e-01
8.496995351196305890e-01
8.411787514247336395e-01
8.209467459447050697e-01
8.616011109844340377e-01
8.483868234301445987e-01
8.338973911691581753e-01
8.250827634151685075e-01
8.557991372396767105e-01
8.474238482099862857e-01
8.324603271597420528e-01
8.660765523715870939e-01
8.574468829133482517e-01
8.432313351474163277e-01
8.296334480089970764e-01
8.738482393497285505e-01
8.500466715601714407e-01
8.421064231675868816e-01
8.309275145710037780e-01
8.644809761888005983e-01
8.517723474114727855e-01
8.399029691806728648e-01
8.278127090694374912e-01
8.634188232950512631e-01
8.494852901441691806e-01
8.378795956596822858e-01
8.264733080575710211e-01
8.611325588300168254e-01
8.481774505883474813e-01
8.372410269320247345e-01
8.239798441288747055e-01
8.599902109960915197e-01
8.437039207756626968e-01
8.357540755400583166e-01
8.234248055978161673e-01
8.549878279792575420e-01
8.461442730621562269e-01
8.325061404219045169e-01
8.680395181899180912e-01
8.559941805491372291e-01
8.418795140674233402e-01
8.317232216092893538e-01
8.668723446676555033e-01
8.521359610554701813e-01
8.399049154399920170e-01
8.308210447762360840e-01
8.618517216504880674e-01
8.522150798717721409e-01
8.400820385980639626e-01
8.266894611445343433e-01
8.620776772438747404e-01
8.494224103208423138e-01
8.356527510468617637e-01
8.281173005481230476e-01
8.590175704522918787e-01
8.482103261262624594e-01
8.344734111450777814e-01
8.240978907222961114e-01
8.582802823404089843e-01
8.464657004304307897e-01
8.316481302926580499e-01
8.700956459649951125e-01
8.554113163647414364e-01
8.440846339832122069e-01
8.318619302015498596e-01
8.730704097783751338e-01
8.491808845974262443e-01
8.449242387443576252e-01
8.286908359595841489e-01
8.628771487489124148e-01
8.547067273490751571e-01
8.412127318743248816e-01
8.272959275703043458e-01
8.634675378979135285e-01
8.495614310734455055e-01
8.401852078215579223e-01
8.256523259498644851e-01
8.621411092113620001e-01
8.469634335313526163e-01
8.383421380080895435e-01
8.249009554514337150e-01
8.579764160308146481e-01
8.479715413253898770e-01
8.371792746476801605e-01
8.212017963159321532e-01
8.586760271008623269e-01
8.444066446914080259e-01
8.332589820505446054e-01
