8.909147109461397207e+00
1.074981476801648794e+00
-2.340157311705922186e-03
4.029342906080485065e+00
6.475605217413230585e-01
-3.460667921293486549e-02
1.753834738101816004e+00
5.090122989005928522e-01
6.654673189901031405e-01
9.470753937225449004e-01
6.833167429796727088e-01
7.730161699561932664e-01
7.974700999981578775e-01
7.816910310349333146e-01
7.659917012921839685e-01
7.750969541282751729e-01
7.863164844926655572e-01
7.570575679932520785e-01
7.665836927181944871e-01
7.808834825805898161e-01
7.958021932100297624e-01
7.593861427087084115e-01
7.758982464538528578e-01
7.832910847447176472e-01
7.613039960531240435e-01
7.648826266242749750e-01
7.821683293734681408e-01
7.938079660284578232e-01
7.615527662861039104e-01
7.758016484148202441e-01
7.858163556781053716e-01
7.563656250429405814e-01
7.681598126314934660e-01
7.785741020440262172e-01
7.976667075583947497e-01
7.590694003907132448e-01
7.743356043070099837e-01
7.868035998924056695e-01
7.548053335146819309e-01
7.668350103540989560e-01
7.818008300085548257e-01
7.927989840557880807e-01
7.651686992862748449e-01
7.706500880084719007e-01
7.904075103399899049e-01
7.538469250276930156e-01
7.658580833072270444e-01
7.818748535176330838e-01
7.915419031911110626e-01
7.614398456408051352e-01
7.746769734306394595e-01
7.850523804022394581e-01
7.553963542224140237e-01
7.661725611845005002e-01
7.805492691396195282e-01
7.992761354867854440e-01
7.557577144771053801e-01
7.752082972982459186e-01
7.877219780026747387e-01
7.523637978830620687e-01
7.687304117765511036e-01
7.792731727114130535e-01
7.932018624765591053e-01
7.589131678341174414e-01
7.749443949560926859e-01
7.865231044190819087e-01
7.532541603769740135e-01
7.677654462143514991e-01
7.809597611880182422e-01
7.919417551519583043e-01
7.613206491197596071e-01
7.729862540473915189e-01
7.869087293095229363e-01
7.527185409894313617e-01
7.697202903220117243e-01
7.780130200945395424e-01
7.928117028104186836e-01
7.608736177066020012e-01
7.726851575208776302e-01
7.862213160151362290e-01
7.562394149285535105e-01
7.650411661477155567e-01
7.795969126186569342e-01
7.949772113393340778e-01
7.593051607994388830e-01
7.729417918453089786e-01
7.857281604945547393e-01
7.559882936405297738e-01
7.647890605072061865e-01
7.796513414309366174e-01
7.938521552699786543e-01
7.580851208437353606e-01
7.754928881125198181e-01
7.846367921610615248e-01
7.535796239964454024e-01
7.656449490081094211e-01
7.788112784468903538e-01
7.920186617222977343e-01
7.581948588625443408e-01
7.758543608315980888e-01
7.835417581495379702e-01
7.534225676316809173e-01
7.681377279125679580e-01
7.775108686105882683e-01
7.928117634882042575e-01
7.620730992753897981e-01
7.693724937282921950e-01
7.893925046169621984e-01
7.498090512642252570e-01
7.664780832103419428e-01
7.762033387110628402e-01
7.939761649948695599e-01
7.614159032722696008e-01
7.717071266475943325e-01
7.826350984059448068e-01
7.546985102952593616e-01
7.655328628310916761e-01
7.756846620324149288e-01
7.929318410002286210e-01
7.590290282960058255e-01
7.715728776274779488e-01
7.848883927320305931e-01
7.535413963103858581e-01
7.640151363240073046e-01
7.786873035859622760e-01
7.915456739944501940e-01
7.594611846264021082e-01
7.714942138093290325e-01
7.847336480815430004e-01
7.516542548758780029e-01
7.659532865607866503e-01
7.789038548459314981e-01
7.901337361390453617e-01
7.619486497086818133e-01
7.700370717865143710e-01
7.853419941781538682e-01
7.497942415960643370e-01
7.680415250247470960e-01
7.762871538434046315e-01
7.940979130085078497e-01
7.557612209724096086e-01
7.716737257906934877e-01
7.859561131518997268e-01
7.527256096263623686e-01
7.654322809589613197e-01
7.761191708490570162e-01
7.959659053914843740e-01
7.547332385172709213e-01
7.765376691818308696e-01
7.825011257458540648e-01
7.516046308876851434e-01
7.661593170849496648e-01
7.785838224394735496e-01
7.901890139827065784e-01
7.579856737462228322e-01
7.717953641471315684e-01
7.840311397375524516e-01
7.512533031722513632e-01
7.650026990914167158e-01
7.775645698205611023e-01
7.902873684657085729e-01
7.574178134127669271e-01
7.715123311354248337e-01
7.845833276710483251e-01
7.547865994936557854e-01
7.621611581450334905e-01
7.769967272070587017e-01
7.918914506752883220e-01
7.578296913839634996e-01
7.699876626453924233e-01
7.862743171734025704e-01
7.495015973108604124e-01
7.661156774282531501e-01
7.763008281458543269e-01
7.900035272555514521e-01
7.577740821806607796e-01
7.757999347057764616e-01
7.804429143960671666e-01
7.515226936491642418e-01
7.642010803914442985e-01
7.792656047866381996e-01
7.899836810298167533e-01
7.567636725768424055e-01
7.719047058290398056e-01
7.823277738528827685e-01
7.530249083003317523e-01
7.628355851564656565e-01
7.773812313102363980e-01
7.893712914888821874e-01
7.573821226451362687e-01
7.723985358006092428e-01
7.810817792299928897e-01
7.526724803995161750e-01
7.633669111522142225e-01
7.758753225506159756e-01
7.904225051402502533e-01
7.577226386192550400e-01
7.737700308351211920e-01
7.800200450399327190e-01
7.525872049336238545e-01
7.618303825346232072e-01
7.765181525043143296e-01
7.900789682721270912e-01
7.578036085169231884e-01
7.736155914265548939e-01
7.808894597572232366e-01
7.510188461203272103e-01
7.634461225797291029e-01
7.757107240306685414e-01
7.902587462743095870e-01
7.557267924809425441e-01
7.744557329758442465e-01
7.806389579538263179e-01
7.506176410972651425e-01
7.632093731957820815e-01
7.776162565187803022e-01
7.887282952210259435e-01
7.565247460406716584e-01
7.707832331904403977e-01
7.826489185022682538e-01
7.477467216058307775e-01
7.648849231617121935e-01
7.754124819772828525e-01
7.895721767304290095e-01
7.545670504810138013e-01
7.717583719679663723e-01
7.813124160173172683e-01
7.517295707492868129e-01
7.636119258217448635e-01
7.765623767243337028e-01
7.861984724112567324e-01
7.584592613296804453e-01
7.672511127495869054e-01
7.848578459592017165e-01
7.506124262271787195e-01
7.607244626953375555e-01
7.761215612926453122e-01
7.886330456279966317e-01
7.580827801241227792e-01
7.682192495847764979e-01
7.831870573843197070e-01
7.490721873524813779e-01
7.642086584125569182e-01
7.744599520435035966e-01
7.897595692026191383e-01
7.558067541876021256e-01
7.685152546806437446e-01
7.823173341343341303e-01
7.503585036875121128e-01
7.650841854041419143e-01
7.745104810212085633e-01
7.881373490034782048e-01
7.563264713720890819e-01
7.689118255190250384e-01
7.814920701112826329e-01
7.503276887811773932e-01
7.612538851266917872e-01
7.773591516621305431e-01
7.874891686103061561e-01
7.541109766372986467e-01
7.701522549475662283e-01
7.802675544035382327e-01
7.488250529793712973e-01
7.654570750159755965e-01
7.736458424325945993e-01
7.883324086771630324e-01
7.551965124273988250e-01
7.684068725769506170e-01
7.832379838636651659e-01
7.950301757077792297e-01
7.615467617200775141e-01
7.737202634425605074e-01
7.889247427859816808e-01
7.552502340070671449e-01
7.696450878220260083e-01
7.806528657604986376e-01
7.936452001677505308e-01
7.626680095960084449e-01
7.738430503218149958e-01
7.877051057539778967e-01
7.538178317586772259e-01
7.678251987622847219e-01
7.833687410655008065e-01
7.944168585538504690e-01
7.608827946125458208e-01
7.737380713817832989e-01
7.897006367005120486e-01
7.541152117590272930e-01
7.672699064481561804e-01
7.819636744285747287e-01
7.933358885274435224e-01
7.620983840089718964e-01
7.734777913983332809e-01
7.866573561851551988e-01
7.578887228279160837e-01
7.658262881735500294e-01
7.813633649280445903e-01
7.942853690782669673e-01
7.625303216677524754e-01
7.739917486405405445e-01
7.864270271834863379e-01
7.578901009269407574e-01
7.658339965484287637e-01
7.822722647392988948e-01
7.934216256665227451e-01
7.613580979012996020e-01
7.718607788824825011e-01
7.892254601688855065e-01
7.533243583429921619e-01
7.672746519060343884e-01
7.820149822155753050e-01
7.937914184824504948e-01
7.599564447181712534e-01
7.743972261928092626e-01
7.874115622634185740e-01
7.535331818049256780e-01
7.672290550376836826e-01
7.809533101250417664e-01
7.936028004874325914e-01
7.643980551118741973e-01
7.702087213614454697e-01
7.922235389801985939e-01
7.500935720656740635e-01
7.686785812572156651e-01
7.815768572983634588e-01
7.919027531445839152e-01
7.610297724622455684e-01
7.733275421835218433e-01
7.873597926450791595e-01
7.552684965010567630e-01
7.661324049287748794e-01
7.804715885198547642e-01
7.932033250549388459e-01
7.608942242180223303e-01
7.732006401108469928e-01
7.867221406031907893e-01
7.528492480855765168e-01
7.676722358959178205e-01
7.789275097820924643e-01
7.939667657425931724e-01
7.609795606492257836e-01
7.722643811330414110e-01
7.871301463090287776e-01
7.537658294461728747e-01
7.668063577530276342e-01
7.806227861785345334e-01
7.919521150840611590e-01
7.600256677394356952e-01
7.733794202040181753e-01
7.873082329743165131e-01
7.524381876230621380e-01
7.646410029076354808e-01
7.816638212557225351e-01
7.913496132519814985e-01
7.570328831226025290e-01
7.747621877206581908e-01
7.836629568625392839e-01
7.543217111004194564e-01
7.646961784690533559e-01
7.797969133900031213e-01
7.928294002394101758e-01
7.597529795664987873e-01
7.719730157685373850e-01
7.854113774210484955e-01
7.527878826552407698e-01
7.690723274446182867e-01
7.773262637078683923e-01
7.938730684219976741e-01
7.591979349065064442e-01
7.724371720107804373e-01
7.864199161779465985e-01
7.516042326062221113e-01
7.693604494179423492e-01
7.776050725685101916e-01
7.918253310077059126e-01
7.601136288403459451e-01
7.720896729903530264e-01
7.864732633648449101e-01
7.520630158651933073e-01
7.663093602159254392e-01
7.801577638739377596e-01
7.908550486495515841e-01
7.593711997851029238e-01
7.725892889713155132e-01
7.846611320340782791e-01
7.552327911600329458e-01
7.635391539388799442e-01
7.799774779739633290e-01
7.899831120244031890e-01
7.606915352015776177e-01
7.703842859919597386e-01
7.866181697485947755e-01
7.510133590509100454e-01
7.660974929939411426e-01
7.787455995762879724e-01
7.904757102360963072e-01
7.619824671840504937e-01
7.702507936190494675e-01
7.851481502049260097e-01
7.525187892922219346e-01
7.692631353941432604e-01
7.749202291360872685e-01
7.948726376604228205e-01
7.556952833779738699e-01
7.751196946748506456e-01
7.842109432327047935e-01
7.500260625081270893e-01
7.668236524702956025e-01
7.776060218187047512e-01
7.907030315813388111e-01
