5.545691272538110894e+00
3.815851672963844976e+00
8.363317012125005556e-01
-6.501634924454480213e-02
2.150999886328527899e-01
-1.340994391365296912e-01
2.451307270048918685e+00
1.619927214011294136e+00
2.542099266829798587e+00
-2.398291440255456153e-01
3.047810821176593632e-01
-5.764419781310275992e-02
3.318496254407665269e+00
1.602607096577472134e+00
1.163151682434818923e+00
2.154329228604884849e-01
1.779802415979665486e-01
3.862104339512694828e+00
5.454089102490033980e-01
3.646392241525483691e+00
3.868342373336021711e-01
3.909828870373186493e+00
9.495223035080104790e-01
1.518773149645090470e+00
-1.975400541890890982e-01
8.941272607578731879e-01
7.739117450351663541e-01
3.679078706640455998e+00
2.151162046257674154e-01
3.468711788757674164e+00
1.474244298709907586e+00
7.336418198139387226e-01
3.704815530322009831e-01
3.347075537873686057e-01
3.836212044322676817e+00
4.693638750569664175e-01
3.893921701496442012e+00
7.387632682244023030e-01
1.448541695061029255e+00
1.275220766047747978e-02
-1.243436848315407073e-01
2.588430178386372127e+00
1.659764317848843262e+00
2.370034863330006569e+00
-1.969424926007647958e-01
7.704629406969357164e-02
6.569329445868207773e-02
4.314698093165334619e-02
9.882969463432868251e-02
-8.038799834647714082e-02
6.858314977199686524e-01
5.625104973462937696e-01
3.738200194632723239e+00
3.121151260355410906e-01
3.810010692429735446e+00
1.241407549157817591e+00
1.773963032547747121e+00
-7.304870602223526022e-02
2.850919659953508933e+00
1.652006224319512384e+00
1.989562227036028919e+00
-8.468175687703542731e-02
-1.358994435082970798e-01
1.749973175997254771e+00
1.392562384469022474e+00
3.203870028616531140e+00
-1.469157331799961774e-01
1.690505448468721195e+00
1.312858484668406378e+00
3.214923487370584976e+00
-1.431393473791304216e-01
1.795194043674652296e+00
1.370519260885877166e+00
3.153878537588088005e+00
-1.787340466398941452e-01
1.527792924327967317e+00
1.241438281180544667e+00
3.340977818800578980e+00
-7.769821688224740064e-02
2.117596795262540965e+00
1.487670333059470718e+00
2.838856519255410049e+00
-2.460999676401457725e-01
8.300602022575793715e-01
6.563760780659377847e-01
3.691753150847878473e+00
2.651629771926750090e-01
3.652132261195879526e+00
1.399866758131673272e+00
1.245419908574354917e+00
-1.738488775160308974e-01
1.924437227077516077e+00
1.459780381113769510e+00
3.059851922352386566e+00
-2.133630380445258878e-01
1.251009496874439408e+00
1.058270856785101355e+00
3.512303528471051983e+00
4.677217168755998244e-02
2.758995293747454003e+00
1.595016741225947055e+00
2.078686090740275993e+00
-1.246985172394694807e-01
-9.818014810499765821e-02
1.178868094539605282e+00
1.048767743390157881e+00
3.550235426892136559e+00
8.002111307167064647e-02
2.954512140368080964e+00
1.611092742311640569e+00
1.815481698558583545e+00
-2.148052971791108989e-02
-1.228315687659895655e-01
2.615151798975943187e+00
1.647386928755238067e+00
2.356002694451549750e+00
-2.042815901179023674e-01
8.439716417809649263e-02
6.738760989212005947e-02
-4.784137899345921457e-03
2.612637576266906292e-01
-7.789271512317640089e-02
3.173801270150909737e+00
1.658240348916828477e+00
1.468946977729031378e+00
1.066544954726732358e-01
4.590346163416425540e-02
3.958830844433550045e+00
1.173302750248642612e+00
1.735250034955679643e+00
-1.740638038833305368e-01
1.949585132456620462e+00
1.461512954460263414e+00
3.011907790164682908e+00
-2.189542388242240178e-01
1.204240361556194516e+00
1.017924967260583458e+00
3.544708093241923041e+00
6.936387752097100678e-02
2.877354235530774851e+00
1.594424497152002296e+00
1.908697916137524375e+00
-6.437547077759335490e-02
-1.388820707033609214e-01
2.074174234597603306e+00
1.531968059922308889e+00
2.919636191036995232e+00
-2.398306413947483007e-01
9.651820942751190291e-01
8.111796540679006018e-01
3.659990743163986426e+00
1.800833999624907034e-01
3.380216143798979722e+00
1.535036867538439598e+00
9.907342545967599001e-01
2.850426969180573922e-01
2.504551902195426560e-01
3.864331425975160883e+00
5.086034411069487726e-01
3.765951941912144108e+00
5.256764585051347805e-01
3.620783230913949602e+00
3.401404088484585864e-01
3.854030224097750867e+00
1.115256662197986248e+00
1.755875338419961018e+00
-1.512556785523514469e-01
2.157851444420791687e+00
1.523835409082623604e+00
2.837239895868607142e+00
-2.476216093103024152e-01
8.090653712743723913e-01
6.478213550476948912e-01
3.685380585012978827e+00
2.536683931762318545e-01
3.654623598608306878e+00
1.393345726082006131e+00
1.340048281058267676e+00
-1.519478296354789815e-01
2.230300778175589471e+00
1.574073800204576878e+00
2.752940780436354373e+00
-2.508003955198765400e-01
6.077324387182858612e-01
4.294116231583787746e-01
3.748108021399430001e+00
3.558754806190001507e-01
3.877339443387524121e+00
1.140731699602772986e+00
1.765371923048772551e+00
-1.304157959407651612e-01
2.332072816539905169e+00
1.575603980957369643e+00
2.644538282361042825e+00
-2.449714036575244280e-01
4.751332024656852449e-01
2.354313342408134169e-01
3.786196994937780946e+00
4.194414279825330327e-01
3.897344594255057082e+00
8.885116455942340119e-01
1.420790592646455686e+00
-1.788853206705915688e-01
6.207788808924995516e-01
4.761809565558520752e-01
3.754420895303590466e+00
3.487220407261758526e-01
3.870486777478487905e+00
1.164454270960195048e+00
1.774166073880178107e+00
-1.136485870230289214e-01
2.481087822762449324e+00
1.606761794997894732e+00
2.482435229227279549e+00
-2.225131328141837228e-01
2.389738498137704559e-01
-1.367421386674219086e-01
2.406534260914533263e+00
1.609707433551188727e+00
2.597034283517584807e+00
-2.452850412085262888e-01
3.791532060485111044e-01
6.932146984099657461e-02
3.961112368974715636e+00
1.051473010053278756e+00
1.583903060417033215e+00
-2.052957009502491548e-01
1.141296030453011312e+00
9.721868682922074623e-01
3.575402228751725531e+00
1.173678676490866879e-01
3.080541344756233535e+00
1.594693830742675011e+00
1.612932222979556407e+00
5.615478039073498046e-02
-5.065513961992596653e-02
3.436386413778183879e+00
1.595779540848832667e+00
9.316804361581770833e-01
3.106953857414492814e-01
2.835369327525703587e-01
3.859391851120170802e+00
4.965386567523395467e-01
3.801198839531216400e+00
5.896707347783201048e-01
3.245009533730785822e+00
3.898073198152639252e-02
2.833839518080575992e+00
1.607630973624858406e+00
1.959345983005575498e+00
-8.879277928597670289e-02
-1.326998678551480071e-01
1.783251252030573886e+00
1.423995898461963394e+00
3.185543806210429540e+00
-1.729887443849562889e-01
1.562419593116156857e+00
1.260683957157259005e+00
3.316800679255217155e+00
-9.247816563168746729e-02
2.035851946023474746e+00
1.458869067653774998e+00
2.916751084333895072e+00
-2.365119613376903962e-01
9.892584207983705635e-01
8.141266095354955379e-01
3.632283495987461475e+00
1.885193113523215280e-01
3.381231525861094767e+00
1.531052683915846702e+00
1.019151598654801871e+00
2.812992448082404229e-01
2.284780398189832085e-01
3.840764542368944490e+00
5.064477218408729442e-01
3.754550010805770555e+00
5.040173630472083444e-01
3.737884571105536846e+00
4.945267964367267011e-01
3.751815435722809511e+00
5.122987558864992019e-01
3.757732441657875455e+00
4.845513408174844661e-01
3.789107443237734074e+00
5.560966028594054311e-01
3.465906349298716549e+00
1.982963794644339028e-01
3.508831628147926374e+00
1.459656235655023115e+00
6.383731579792715216e-01
4.085072857079901643e-01
3.704176193640258963e-01
3.830724587381147739e+00
4.507222068061088605e-01
3.914801801062340658e+00
8.113112324722357993e-01
1.691910188265815407e+00
-1.230551528595937999e-01
2.431369031119609669e+00
1.597498847161094471e+00
2.544417172631485258e+00
-2.321597241088602936e-01
3.174324307423364022e-01
-2.865143049318900209e-02
3.514066437395467979e+00
1.532212738308095901e+00
6.952235587716838472e-01
3.887999379354343255e-01
3.580691033900287312e-01
3.832834465892914544e+00
4.608100941197502687e-01
3.902587979694015274e+00
7.788425099848541588e-01
8.217046366756096676e-01
3.390635547961555474e-02
-1.255458777761619682e-01
1.350087262499081175e+00
1.180931618054373855e+00
3.477456864534274050e+00
2.628380266104899006e-03
2.539999294409115205e+00
1.572667860974107157e+00
2.375726468715094519e+00
-2.062957124640849571e-01
1.047684915668570804e-01
-3.390462077899615567e-02
4.327029536279903832e-01
2.378183872893085415e-01
3.799909931407149166e+00
4.397607550863221748e-01
3.883387939524788557e+00
7.973647799700323002e-01
1.641137206452869979e+00
-1.041059100325463227e-01
2.602289187501359624e+00
1.624210230916319331e+00
2.303318242699336604e+00
-1.911001074169135228e-01
4.541605524405802757e-02
2.129668977161668364e-01
-1.245729769490561134e-01
2.628314815705836693e+00
1.647366585277536100e+00
2.336306458682769094e+00
-2.001869643593206238e-01
6.957875070944925799e-02
1.136741759014528452e-01
-1.073199478481846603e-01
9.461849218937962158e-01
8.337706219310208056e-01
3.662813917293729737e+00
1.876123795276474215e-01
3.446902945359257231e+00
1.506140682966966793e+00
8.565910469883570855e-01
3.414802643648930935e-01
2.954705537744258814e-01
3.831771212465144849e+00
4.778035283352236040e-01
3.838561148250339006e+00
6.450077098900230954e-01
2.881033279574964912e+00
-1.568709077328304113e-01
1.797766675552128879e+00
1.383203447490431337e+00
3.146823269676257695e+00
-1.794470858320762197e-01
1.507394916695260934e+00
1.214623844719502355e+00
3.347955742974667803e+00
-6.878636592753992196e-02
2.148547788923005797e+00
1.500108596889675239e+00
2.799313938998943208e+00
-2.489907929020299948e-01
7.512527322000916996e-01
5.766124837956860816e-01
3.707015578088932006e+00
2.800125107146686498e-01
3.744980972389233997e+00
1.318382965014179398e+00
1.611548878946131858e+00
-6.191600841990424486e-02
2.983454967718463635e+00
1.650360642962247937e+00
1.792159516031772704e+00
-1.126293851369553067e-02
-1.122338244544938551e-01
2.793949587251415956e+00
1.664697558909612463e+00
2.118321763845241623e+00
-1.393431425244306687e-01
-8.956700640228830446e-02
1.042115166692400896e+00
9.465305530014297419e-01
3.639189808696681627e+00
1.445803107837080603e-01
3.215043170282074758e+00
1.554884853532551237e+00
1.328851127428428480e+00
1.529970155905587825e-01
1.033248780746040540e-01
3.957203109655955675e+00
7.466959420837149253e-01
1.710398887441183957e+00
-6.815843324068593390e-02
-1.045890062178159996e-01
1.133054373878458865e+00
1.013303959488748740e+00
3.586001110228655087e+00
1.023590563022986066e-01
3.000711411611911572e+00
1.589290461970563229e+00
1.697138766467612303e+00
8.180296989386895423e-03
-8.770304617646140777e-02
3.128712185550715397e+00
1.660392693370457362e+00
1.560663403306702834e+00
7.422439793126155150e-02
-1.465140578936962971e-02
3.664682791408317541e+00
1.460738796425691266e+00
1.265709816216020966e+00
-1.680670347188491232e-01
2.009138582401237549e+00
1.480779706657157524e+00
2.982405983020135043e+00
-2.228999514192187281e-01
1.120003696560976758e+00
9.383910635709625803e-01
3.564509597061370272e+00
1.063138010379069964e-01
3.094093591193797010e+00
1.597173526518077535e+00
1.582881529532260023e+00
6.664832535153508708e-02
-2.585306907150106137e-02
3.584617841236514391e+00
1.505408788842266254e+00
8.357529237117982124e-01
6.166262180299537932e-04
-6.150959394030699329e-02
7.010142790438768090e-01
5.952713097048709656e-01
3.760744526102772323e+00
3.062674707870469692e-01
3.776211122666296660e+00
1.281372003627515355e+00
1.731580265951360609e+00
-5.580456892706162075e-02
2.951661881415187150e+00
1.632446303718586567e+00
1.812782793846023255e+00
-2.916352823680716522e-02
-1.222840525806348916e-01
2.631524163423060614e+00
1.659859207071599618e+00
2.306939934918197821e+00
-1.828646411808567129e-01
4.255105007946915346e-02
1.808598865384630772e-01
-1.415137133630648414e-01
2.233891685390545057e+00
1.582904250776523192e+00
2.779293789783148227e+00
-2.504708479480066696e-01
6.366673062462440136e-01
4.633846505696615492e-01
3.755616386581088761e+00
3.400917982273706230e-01
3.833125963267329794e+00
1.164518624824540716e+00
1.782626474210750267e+00
-1.120193714285820513e-01
2.481848619937989220e+00
1.605240921530401099e+00
2.444712180799791135e+00
-2.238695257560743834e-01
1.926286211252902780e-01
-1.423983493608679263e-01
1.497051297914053336e+00
1.265134584280700913e+00
3.370734568396460240e+00
-6.303089731069823343e-02
