8.774519598464484815e+00
6.541489356071846784e-01
1.556077973613406717e-01
4.653369492319420431e+00
6.741268266183420010e-01
-2.621028439659194298e-01
2.174761042350806584e+00
2.903981764387181252e-01
5.731754682565874948e-01
9.224267963792498470e-01
5.830095573749460858e-01
7.281726317596107778e-01
7.050096134004165682e-01
6.562273159378112508e-01
7.022518624061029335e-01
6.981859255524546226e-01
6.754596446331501136e-01
6.938994676516302418e-01
7.059482395787626263e-01
6.797197732678311732e-01
6.943691965727694093e-01
7.109195641840537760e-01
6.810547100103132578e-01
6.997545069519408578e-01
7.143718543721018222e-01
6.850352592235942062e-01
7.029706892808137431e-01
6.721907930131935105e-01
6.924666462939413902e-01
7.038296375871984090e-01
6.767872194061991253e-01
6.920068865296828964e-01
7.091955545842568709e-01
6.799668671844036894e-01
6.946922178543284421e-01
7.134056767644765262e-01
6.823357977514135086e-01
6.980640987839569211e-01
7.151772510555912676e-01
6.853952012947295280e-01
7.023772975037027022e-01
6.781797357689633987e-01
6.872338033538797353e-01
7.068929277758494445e-01
6.772418978355236874e-01
6.922362732573839050e-01
7.090925923887310134e-01
6.800294782470308608e-01
6.972066593888361918e-01
7.111534175023609405e-01
6.829033942831416182e-01
7.008658108564114197e-01
7.149319907479805281e-01
6.863587389969943997e-01
7.039528347137660180e-01
6.723459295955247494e-01
6.907174630878283317e-01
7.062817919883483953e-01
6.803136302863888041e-01
6.918842229490422824e-01
7.089546619529946136e-01
6.821013171623061533e-01
6.954528849405845481e-01
7.161113513708847744e-01
6.815013439906407733e-01
7.004926979825673028e-01
7.164279163644950987e-01
6.858324572410077202e-01
7.046840875881467126e-01
6.734107852939716921e-01
6.932422895985711486e-01
7.045103209423460022e-01
6.783602892934006423e-01
6.931451285315588517e-01
7.145461903331300491e-01
6.785127596101270253e-01
6.991420089927317116e-01
7.119236355906629621e-01
6.839866265819375402e-01
7.001838643789218830e-01
7.196261650874478111e-01
6.859435799788883292e-01
7.039887331988554653e-01
6.783227873485784265e-01
6.886108947410083392e-01
7.071196178185440440e-01
6.791865898583384631e-01
6.921645405787506533e-01
7.114508761697638795e-01
6.823959941770647575e-01
6.961266136342464383e-01
7.133192918848272335e-01
6.897955014345814595e-01
6.983104142133634840e-01
6.742106669797229834e-01
6.873164893549965626e-01
7.042936019858114793e-01
6.748983858783884626e-01
6.921003129812499655e-01
7.066776166192130226e-01
6.799672912006125003e-01
6.938285196657254517e-01
7.110390593860844710e-01
6.826841845631766992e-01
6.980523287144453359e-01
7.142808841766147276e-01
6.845602499177619871e-01
7.019596359227449067e-01
6.732847575180516131e-01
6.920923790875063153e-01
7.002969418810535140e-01
6.897265011414289715e-01
6.818947165197546401e-01
7.135143175321588815e-01
6.776438836696492274e-01
6.946301348394092745e-01
7.117208268053831777e-01
6.823567159075047961e-01
6.981380193818843560e-01
7.147776849924167841e-01
6.865930148819552326e-01
7.029850704080623514e-01
6.711632065162326244e-01
6.896358200272895145e-01
7.053064889949560712e-01
6.771371056544991385e-01
6.934091678133363912e-01
7.068652651453168900e-01
6.838400582897148361e-01
6.935399773700443582e-01
7.109217094136754955e-01
6.874839508972877544e-01
6.971048478519614733e-01
7.162290495258168965e-01
6.874071289500480741e-01
7.012815691194167478e-01
6.746952505869462380e-01
6.907627840244306983e-01
7.058187251328222889e-01
6.762914477791914791e-01
6.928477851339812643e-01
7.092570230684250854e-01
6.797512519980071222e-01
6.957063623117609730e-01
7.125531529369211192e-01
6.845499111495728650e-01
6.995693404633114287e-01
7.159331939952010559e-01
6.869713084305087980e-01
7.025622503688730980e-01
6.753063978135029899e-01
6.897843116468392877e-01
7.103800740128700664e-01
6.724887129718842838e-01
6.974387514146134226e-01
7.112130502938606158e-01
6.798943390206033666e-01
6.956282319847718609e-01
7.247532124567197531e-01
6.784851320860646462e-01
7.011416166309722975e-01
7.146117695729957697e-01
6.874068159470833050e-01
7.074860953383577122e-01
6.720280359299416473e-01
6.924779499504843949e-01
7.048539371490580852e-01
6.806407533792561138e-01
6.923073136340086586e-01
7.108638494800263441e-01
6.823120820488215443e-01
6.966708730665952531e-01
7.125570322546008750e-01
6.867335108084205997e-01
6.977410692257649538e-01
6.782419302237140402e-01
6.856301461301409494e-01
7.041926423035200777e-01
6.758738052369915872e-01
6.952748776713034706e-01
7.052573801856044655e-01
6.794968560358131127e-01
6.943529712010689803e-01
7.107013445045877731e-01
6.824344975941183389e-01
6.970634797038435249e-01
7.154439438608243274e-01
6.842910549520194730e-01
7.021955006828483059e-01
6.719942433312255936e-01
6.891530789677607904e-01
7.044020985924084322e-01
6.762074145712422268e-01
6.934529896168507568e-01
7.044714383613615016e-01
6.816932322422051271e-01
6.929669769503661314e-01
7.122132200093480581e-01
6.824889062947538942e-01
6.979983080063065781e-01
7.129218147251008553e-01
6.894957484849990603e-01
6.982735724268808175e-01
6.738567168152947984e-01
6.902581704646906235e-01
7.030851386969255712e-01
6.817886681281830619e-01
6.900822086330627991e-01
7.087493903153063712e-01
6.792932581673530867e-01
6.999021509222578263e-01
7.059078910644593918e-01
6.869802747368261020e-01
7.007898135518568772e-01
7.134685171194510289e-01
6.860634696011684852e-01
7.021335594011792747e-01
6.743483934950842418e-01
6.904827033877279918e-01
7.041356358696654327e-01
6.776661027618454680e-01
6.972909728089466963e-01
7.057431246060510421e-01
6.819477831630571529e-01
6.955566421946401956e-01
7.126088590233271569e-01
6.833753860301156058e-01
6.985637259628835194e-01
7.165062151807617408e-01
6.846557899750570497e-01
7.075208357098465850e-01
6.713365936709436710e-01
6.899857786770718926e-01
7.105997165364412727e-01
6.734274410837471914e-01
6.946353907511357839e-01
7.091190124662990479e-01
6.823461219598060401e-01
6.953509349386216565e-01
7.153912476144650423e-01
6.820807280636885794e-01
7.015461489494378977e-01
7.157442816587447076e-01
6.869260995075250342e-01
7.023907025136122417e-01
6.746700723462525362e-01
6.906413988396453707e-01
7.064389887275126512e-01
6.788704846618598410e-01
6.916980467483220263e-01
7.113915822931327071e-01
6.822736950106511600e-01
6.939012117396938795e-01
7.154184125291235263e-01
6.853709917729726708e-01
7.002781062917234900e-01
7.162030384405267958e-01
6.883721067923517234e-01
7.025970892149853153e-01
6.763915506019336776e-01
6.908994664160890142e-01
7.076361837088378515e-01
6.775444147846185761e-01
7.012579534892582345e-01
7.051021027611110714e-01
6.838543283813227625e-01
6.982241509479534258e-01
7.119263720300922360e-01
6.855782565749228841e-01
7.013476909852209840e-01
6.722151847136819125e-01
6.889186486600503700e-01
7.018407952451369836e-01
6.763182940171430513e-01
6.962421339650052277e-01
7.046808008075271523e-01
6.808898803238171427e-01
6.953995561083508026e-01
7.090836755939721181e-01
6.858672620249879337e-01
6.959676760756281499e-01
7.127257565951946594e-01
6.870983483907291411e-01
7.029771178103215723e-01
6.728841740052559084e-01
6.879057247725868240e-01
7.043639863232141751e-01
6.779389879786074102e-01
6.908560581108046383e-01
7.079408628063147413e-01
6.819558567774166580e-01
6.925685817477695849e-01
7.123379908313136610e-01
6.836578810078901558e-01
6.981815061706123648e-01
7.145941494356803370e-01
6.869729508549908825e-01
7.008563886379234331e-01
6.749333030733881689e-01
6.893559304247347530e-01
7.035847252195435164e-01
6.823186969982329986e-01
6.902090102322224752e-01
7.083659416177118251e-01
6.803655525389248337e-01
6.950983302691903232e-01
7.124391209767255706e-01
6.824359818318977977e-01
7.000534527018533737e-01
7.145486100333295898e-01
6.870001897057412821e-01
7.034542019466896168e-01
6.729139394872840629e-01
6.899031910232795717e-01
7.064168250113820324e-01
6.772204555266507775e-01
6.925016818681253294e-01
7.091371905116223839e-01
6.807833343672918813e-01
6.939798839940729547e-01
7.148045933793563123e-01
6.863159442927149190e-01
6.970791738798954862e-01
7.163211546404795182e-01
6.878014560988188197e-01
7.027412517040032558e-01
6.745504317036228326e-01
6.889929937973470198e-01
7.115022425154845509e-01
6.754479329872903337e-01
6.940181572568469015e-01
7.088244846361611007e-01
6.827349980937956753e-01
6.955973746407814184e-01
7.133515613722336557e-01
6.838028300015464023e-01
6.999997837089390051e-01
7.157931607235327176e-01
6.884121377493143124e-01
7.017542846662829792e-01
6.803219786054387486e-01
6.889578574079791018e-01
7.043672294640281883e-01
6.808293273164021109e-01
6.958397854481604972e-01
7.076221198911754051e-01
6.869765942533515579e-01
6.951371458489221666e-01
7.131413781684623476e-01
6.863704023321458569e-01
7.008593230317572420e-01
6.723918433230781089e-01
6.889711976357950629e-01
7.030166024087712850e-01
6.795305914746080367e-01
6.882830776069670531e-01
7.079214881837327944e-01
6.787302106645611843e-01
6.957609643228167551e-01
7.088967539230284221e-01
6.839438322338863285e-01
6.976157290478939288e-01
7.135150363255192696e-01
6.853794376771472630e-01
7.008406885919470364e-01
6.732456283778736061e-01
6.893993060897500857e-01
7.031544006582581829e-01
6.782434435947622964e-01
6.910299802567514416e-01
7.073226190143637737e-01
6.809598158841899673e-01
6.939320692144390623e-01
7.112782765692641229e-01
6.819587968150168100e-01
7.000078601247574639e-01
7.139032432757995705e-01
6.862870755399750333e-01
7.019392195916893673e-01
6.721299782516214627e-01
6.903210601335308949e-01
7.049082892492288810e-01
6.762905515454734617e-01
6.924209277526790496e-01
7.072083112476104105e-01
6.802618155345456774e-01
6.948438818588589250e-01
7.105377681745664864e-01
6.823422654156430234e-01
6.993473837129957627e-01
7.157931311424637899e-01
6.850539662667733953e-01
7.038369807551655422e-01
6.720194589837501509e-01
6.912986821029116768e-01
7.039372795777255609e-01
6.812263043022689368e-01
6.906783242539418222e-01
7.079404514404992188e-01
6.823579290399703901e-01
6.949014377104614226e-01
7.121984582006976039e-01
6.833848439823455578e-01
7.005769509340913359e-01
7.143248497961389720e-01
6.854880776389161712e-01
7.037499149124494258e-01
6.727252215895653809e-01
6.915612705228972867e-01
7.031969645782079059e-01
6.801791139946387066e-01
6.910831379145601083e-01
7.108006094896355265e-01
