1.161195053428379920e+00
4.306865750963532413e+00
4.853781845559593577e+00
2.036884351035920915e+00
2.308856573966927783e+00
-6.440497152752570897e-02
2.690127369734092611e+00
2.085779433579230790e+00
3.904229164769474458e+00
1.066074891227761334e+00
2.629191091391466450e+00
1.941730153410284876e-01
3.487285053190762429e+00
1.647631102050953533e+00
3.316559416642388847e+00
5.727273297014409126e-01
2.917735682643472828e+00
4.346088882505548256e-01
3.264741062503838886e+00
7.676183098031462704e-01
3.051799191218314888e+00
5.068506006680648657e-01
3.088679263552704946e+00
5.789276135666484580e-01
3.094930288161126253e+00
5.734770275209439827e-01
3.085711088375540090e+00
5.664549087309934672e-01
3.093577945025860920e+00
5.727997420180628296e-01
3.084954492926956782e+00
5.673193295679411774e-01
3.093874730272784035e+00
5.713365448265377289e-01
3.089237647118223240e+00
5.687371403102603473e-01
3.088400916149194764e+00
5.686162808230790233e-01
3.093832128597029385e+00
5.715484730459907681e-01
3.089293312462568331e+00
5.691078295216025484e-01
3.088998078480518661e+00
5.689831081146310421e-01
3.093351789814182240e+00
5.713378516736453694e-01
3.085616922738658285e+00
5.673070833600872831e-01
3.094577698626234330e+00
5.730669139161834735e-01
3.086352967107863332e+00
5.664397978557407232e-01
3.092195997855069933e+00
5.726457251093066692e-01
3.088116882678813901e+00
5.682638878214028022e-01
3.092846137169312559e+00
5.716646520025414624e-01
3.084880565114263895e+00
5.673685477407371947e-01
3.094353250078278439e+00
5.734873158722655351e-01
3.086595620518450378e+00
5.670494563707147995e-01
3.091334499753577436e+00
5.725198282147077045e-01
3.087032791438695689e+00
5.661585178567510868e-01
3.092837621230025924e+00
5.722753694085267462e-01
3.088749138213455314e+00
5.678998350880938295e-01
3.093489980857335286e+00
5.713086482381137809e-01
3.085519234290378332e+00
5.670080814522172608e-01
3.094993751215286082e+00
5.731273330597310700e-01
3.087235254578000188e+00
5.666904813745328173e-01
3.091974599949164570e+00
5.721598849584533797e-01
3.087672379339110762e+00
5.678583946515782799e-01
3.093477967455566802e+00
5.719156476015734292e-01
3.085721802851407958e+00
5.675404641370423997e-01
3.094130386513322062e+00
5.730118481034234268e-01
3.086158688119070348e+00
5.666490381212779814e-01
3.091962591626839174e+00
5.727672756366406492e-01
3.087874846544166996e+00
5.683911853541273596e-01
3.092614832498725264e+00
5.718001325696009385e-01
3.084645404881176667e+00
5.674990300326443471e-01
3.094118365676983284e+00
5.715560456862855965e-01
3.086361218770110604e+00
5.671812399065623289e-01
3.094770856006516802e+00
5.726517858775019842e-01
3.086798202280370607e+00
5.662901263393610440e-01
3.092602820977540468e+00
5.724073566315019956e-01
3.088514504926617388e+00
5.680316467363252242e-01
3.093255136420220541e+00
5.714405146048440187e-01
3.085284748712988634e+00
5.671398004644133684e-01
3.094758830576338049e+00
5.732594077421673262e-01
3.087000707656142318e+00
5.668221516370083313e-01
3.091739805524649665e+00
5.722918551968130263e-01
3.087437785633305065e+00
5.679902249715519380e-01
3.093243120850722949e+00
5.720475708778316459e-01
3.085487308517573801e+00
5.676722415204653593e-01
3.093895510078318978e+00
5.731439372854878478e-01
3.085924164029461014e+00
5.667807050488611331e-01
3.091727799919232744e+00
5.728993090651722797e-01
3.087640267951063944e+00
5.664631977511890293e-01
3.092380014883207906e+00
5.719320567428916036e-01
3.088077439540802160e+00
5.676308124593995030e-01
3.093883490328812158e+00
5.716879175787377143e-01
3.086126700517571653e+00
5.673129703122049561e-01
3.094535953218636948e+00
5.727838255528543421e-01
3.086563650274828152e+00
5.664217436387900539e-01
3.092368005079520366e+00
5.725393426512983552e-01
3.088279899402408990e+00
5.681634941156679108e-01
3.093020293681509880e+00
5.715723906173004742e-01
3.085050257704119225e+00
5.672715339389523548e-01
3.094523929263381490e+00
5.733915088989174347e-01
3.086766163647831185e+00
5.669538331983788870e-01
3.091505023162637755e+00
5.724238461836105296e-01
3.087203207358575785e+00
5.681220748107230767e-01
3.093008279679879458e+00
5.721795085433022399e-01
3.085252826348453770e+00
5.678040395766948967e-01
3.093660641924717680e+00
5.712128568315990584e-01
3.085689647153553761e+00
5.669123894115843942e-01
3.095164437626744203e+00
5.730313616267943555e-01
3.087405697907604107e+00
5.665948301825133315e-01
3.092145207025312370e+00
5.720639991679501435e-01
3.087842835257096574e+00
5.677626131402452314e-01
3.093648623719385871e+00
5.718198067435983356e-01
3.085892192233536058e+00
5.674447191616873720e-01
3.094301059607519111e+00
5.729158828563797323e-01
3.086329107441254216e+00
5.665533788691271555e-01
3.092133198756548573e+00
5.726713466730279922e-01
3.088045303288003307e+00
5.682953593799278114e-01
3.092785460347690307e+00
5.717042844999853379e-01
3.084815776365259943e+00
5.674032854725419295e-01
3.094289037196456871e+00
5.735236277733686272e-01
3.086531629268083332e+00
5.670855328587630639e-01
3.091270250119401375e+00
5.725558549460506574e-01
3.086968638553219790e+00
5.661945023034812285e-01
3.092773447886195903e+00
5.723114640383403229e-01
3.088684979773802297e+00
5.679358556490062826e-01
3.093425783120042016e+00
5.713447021771027590e-01
3.085455139828618965e+00
5.670440918031630639e-01
3.094929520101175946e+00
5.731634319737068939e-01
3.087171137439238322e+00
5.667264806601323146e-01
3.091910408505914809e+00
5.721959593906800201e-01
3.087608240482099475e+00
5.678944318418754911e-01
3.093413766459423897e+00
5.719517137135028406e-01
3.085657693513346178e+00
5.675764860441424586e-01
3.094066175337337743e+00
5.730479579641423182e-01
3.086094574139787383e+00
5.666850321227284715e-01
3.091898401773798710e+00
5.728033684905933232e-01
3.087810716738013994e+00
5.684272426864671601e-01
3.092550636354472804e+00
5.718361961838414054e-01
3.088247913212616602e+00
5.675350550299650410e-01
3.094054154470443851e+00
5.715920956987488033e-01
3.086297104455704599e+00
5.672172505568863210e-01
3.094706636987747395e+00
5.726878815117022459e-01
3.086734079276800990e+00
5.663261064203973794e-01
3.092538625431760391e+00
5.724434373285487432e-01
3.088450367147483000e+00
5.680676897632698230e-01
3.093190933656504882e+00
5.714765653228472964e-01
3.085220642032020510e+00
5.671758122161117965e-01
3.094694611912592208e+00
5.732955201179721350e-01
3.086936586539924310e+00
5.668581491765141145e-01
3.091675619329985469e+00
5.723279374148290133e-01
3.087373655237735992e+00
5.680262685710520953e-01
3.093178918534333910e+00
5.720836384766989635e-01
3.085423204369071914e+00
5.677082709710874475e-01
3.093831300406458151e+00
5.731800508749433920e-01
3.085860050362105422e+00
5.668167033961355461e-01
3.095335138774365724e+00
5.729354081065842763e-01
3.087576139754149462e+00
5.664991818974683957e-01
3.092315821703692791e+00
5.719681256689637117e-01
3.088013302000478966e+00
5.676668426116904254e-01
3.093819281081144013e+00
5.717239719384529240e-01
3.086062589213633522e+00
5.673489862939141704e-01
3.094471736591468680e+00
5.728199258790280801e-01
3.086499529523438756e+00
5.664577285571704701e-01
3.092303812318962120e+00
5.725754284162272167e-01
3.088215764085121329e+00
5.681995419194965091e-01
3.092956093534507289e+00
5.716084462695186774e-01
3.084986153767068195e+00
5.673075506534543955e-01
3.094459713060565331e+00
5.734276260601126607e-01
3.086702045205715450e+00
5.669898357288004620e-01
3.091440839498424076e+00
5.724599332421784759e-01
3.087139079513494977e+00
5.681581233253873986e-01
3.092944079952753889e+00
5.722155810385695096e-01
3.088855459518543789e+00
5.678400739338211878e-01
3.093596434814467333e+00
5.712488992142844557e-01
3.085625536115215617e+00
5.669483926926347506e-01
3.095100214463536226e+00
5.730674655203331636e-01
3.087341572335371431e+00
5.666308192689603063e-01
3.092081016395587412e+00
5.721000729558370912e-01
3.087778700306563984e+00
5.677986482158046133e-01
3.093584417033580891e+00
5.718558659759775953e-01
3.085828083540382849e+00
5.674807400697577942e-01
3.094236845535836888e+00
5.729519880518363362e-01
3.086264989299501771e+00
5.665893687161208669e-01
3.092069008547692288e+00
5.727074373012107644e-01
3.087981170585948121e+00
5.683314121171549882e-01
3.092721262754322353e+00
5.717403450185699620e-01
3.084751675035491303e+00
5.674393071150893864e-01
3.094224823546132708e+00
5.735597498015092555e-01
3.086467513444309141e+00
5.671215403226104179e-01
3.094877325689151970e+00
5.725919468703841719e-01
3.086904513317290100e+00
5.662304787201155598e-01
3.092709250709460900e+00
5.723475413955279034e-01
3.088620839942788798e+00
5.679718949393275373e-01
3.093361578564544079e+00
5.713807494270679577e-01
3.085391031392512140e+00
5.670801000089640276e-01
3.094865299489837795e+00
5.731995407331451631e-01
3.087107014483351897e+00
5.667624746784345469e-01
3.091846220431184733e+00
5.722320380444214649e-01
3.087544108146476507e+00
5.679304718500929328e-01
3.093349562320824475e+00
5.719877778047985917e-01
3.085593587440669250e+00
5.676125118884176590e-01
3.094001963818249212e+00
5.730840680265636422e-01
3.086030458598743031e+00
5.667210268942157736e-01
3.091834214120217972e+00
5.728394639856611015e-01
3.087746586650612635e+00
5.684633003559459441e-01
3.092486441315314583e+00
5.718722615681515187e-01
3.088183773769990648e+00
5.675710815977099699e-01
3.093989943373840923e+00
5.716281465282246899e-01
3.086232991246081081e+00
5.672532629502937684e-01
3.094642418508799508e+00
5.727239783043974741e-01
3.086669956640093027e+00
5.663620877617794314e-01
3.092474430811952502e+00
5.724795195544953863e-01
3.088386229930047300e+00
5.681037339844368095e-01
3.093126731655917450e+00
5.715126174393421188e-01
3.085156536209789024e+00
5.672118253534729204e-01
3.094630393850248851e+00
5.733316337402698526e-01
3.086872466200734966e+00
5.668941481274791805e-01
3.091611433809522858e+00
5.723640209361890996e-01
3.087309525497693219e+00
5.680623135034514881e-01
3.093114716953456966e+00
5.721197074370580893e-01
3.085359100909235597e+00
5.677443017423499105e-01
3.093767091439918016e+00
5.732161658038215091e-01
3.085795937430082514e+00
5.668527030960462954e-01
3.095270913755262310e+00
5.729715084657787116e-01
3.087512012286077301e+00
5.665351674037956142e-01
3.092251629215585051e+00
5.720041959180002245e-01
3.087949165157685361e+00
5.677028741069487516e-01
3.093755072542325735e+00
5.717600276366785472e-01
3.085998478619548457e+00
5.673850036181806722e-01
3.094407520664327116e+00
5.728560275392782231e-01
3.086435409484589609e+00
5.664937148221267371e-01
3.092239620256670207e+00
5.726115155103874699e-01
3.088151629479597204e+00
5.682355910701150092e-01
3.092891894087721028e+00
5.716445032538537419e-01
3.084922050544767202e+00
5.673435687153849383e-01
3.094395497555171737e+00
5.734637445513022236e-01
3.086637927482311916e+00
5.670258396110932075e-01
3.091376656531494849e+00
5.724960216303535132e-01
3.087074952372353742e+00
5.681941731839484921e-01
3.092879880928974590e+00
5.722516548686653604e-01
3.088791317784345125e+00
5.678761096357439753e-01
3.093532228405304174e+00
5.712849429306755544e-01
3.085561425789404399e+00
5.669843973205797028e-01
3.095035991996283098e+00
5.731035707436359372e-01
3.087277447478269377e+00
5.666668097041910324e-01
3.092016826466055690e+00
5.721361480762954255e-01
3.087714566072836231e+00
5.678346846404168646e-01
3.093520211042579238e+00
5.718919265355605352e-01
3.085763975564739692e+00
5.675167623275310103e-01
3.094172632163054715e+00
5.729880945782295232e-01
3.086200871877688989e+00
5.666253599125083973e-01
3.092004819032834195e+00
5.727435292546383394e-01
3.087917038600261677e+00
5.683674662048265880e-01
3.092657065857968846e+00
5.717764068662749555e-01
3.084687574412471101e+00
5.674753301038287789e-01
