8.494315290110131755e+00
9.580270946887083916e-01
-8.562640804983909781e-01
1.203357139790032004e+00
9.595676987231360755e-01
4.932044115303063081e-01
6.321510260026976802e-01
7.254995051454764532e-01
6.679478241129317428e-01
6.601098235694018435e-01
6.791381043482354052e-01
6.748455574782423749e-01
6.697950984260242491e-01
6.667773934379790379e-01
6.733414361200609211e-01
6.691599382917301497e-01
6.782108989136139687e-01
6.750595228772026113e-01
6.714077893540655317e-01
6.706896023754895797e-01
6.730244569974379587e-01
6.780055858782297884e-01
6.672854136156800564e-01
6.722249324103388712e-01
6.754570559955100917e-01
6.733652499382114520e-01
6.704352230188455053e-01
6.736659150484974878e-01
6.715366994291968039e-01
6.694188163741716657e-01
6.739243728916790577e-01
6.761158884130049618e-01
6.728142335858922074e-01
6.710042155737575564e-01
6.705281928946770220e-01
6.772008879265001280e-01
6.722246092154070540e-01
6.816675824795095373e-01
6.790014059937224955e-01
6.646610427019123968e-01
6.706986663935489146e-01
6.730773685469746415e-01
6.771315105979535121e-01
6.738391022997158863e-01
6.699397348968039179e-01
6.719262226419773221e-01
6.643100255522255138e-01
6.706763710607986928e-01
6.713933635595799032e-01
6.714272741344028406e-01
6.805312109949537280e-01
6.761823304036764792e-01
6.687885011520005030e-01
6.692033506541406052e-01
6.731189673512151250e-01
6.698264496698093096e-01
6.732051551182091087e-01
6.709312302828296382e-01
6.742232416192112110e-01
6.717198469400662564e-01
6.692731134219017664e-01
6.726195293177186230e-01
6.701468173071226664e-01
6.734890476148193139e-01
6.710234088888460402e-01
6.743653699195893969e-01
6.718979211455330391e-01
6.694313094194815905e-01
6.727732608461363117e-01
6.703063165961903325e-01
6.736484403508412599e-01
6.711813940976523174e-01
6.745237229867365736e-01
6.720565116217425139e-01
6.695897349923848330e-01
6.729316888598042556e-01
6.704647577804812020e-01
6.738069189101527634e-01
6.713398350093600087e-01
6.688731829012287688e-01
6.722149664913655842e-01
6.697481611750890629e-01
6.730901523503693973e-01
6.706231938224622713e-01
6.739653925296360537e-01
6.714982808254386093e-01
6.690316009862592450e-01
6.723734221750456985e-01
6.699065891120674632e-01
6.732486178638724672e-01
6.707816316013208713e-01
6.741238678810376195e-01
6.716567284449603825e-01
6.691900208613330570e-01
6.725318796336551275e-01
6.700650188308665545e-01
6.734070851599771590e-01
6.709400711617893309e-01
6.742823450132936491e-01
6.718151778457491785e-01
6.693484425183816589e-01
6.726903388734291056e-01
6.702234503316798486e-01
6.735655542365132087e-01
6.710985125044549582e-01
6.744408239251691306e-01
6.719736290287241509e-01
6.695068659584815229e-01
6.728487998945645865e-01
6.703818836139753268e-01
6.737240250939591224e-01
6.712569556285116201e-01
6.687903180477894338e-01
6.721320819919412992e-01
6.696652911808010922e-01
6.730072626969599847e-01
6.705403186790936942e-01
6.738824977331159261e-01
6.714154005343226927e-01
6.689487352083481886e-01
6.722905367372564722e-01
6.698237181851597333e-01
6.731657272800574132e-01
6.706987555258832057e-01
6.740409721521336550e-01
6.715738472218650834e-01
6.691071541506452558e-01
6.724489932644922563e-01
6.699821469711605415e-01
6.733241936440763631e-01
6.708571941539407391e-01
6.741994483530370230e-01
6.717322956913989174e-01
6.692655748760913959e-01
6.726074515724211889e-01
6.701405775395105069e-01
6.734826617900898649e-01
6.710156345647768639e-01
6.743579263336703100e-01
6.718907459414518168e-01
6.694239973833966406e-01
6.727659116613877721e-01
6.702990098907446459e-01
6.736411317154044065e-01
6.711740767571849897e-01
6.745164060949726537e-01
6.720491979738706378e-01
6.695824216728775147e-01
6.729243735321770448e-01
6.704574440229051913e-01
6.737996034227397013e-01
6.713325207307455633e-01
6.688658699176903699e-01
6.722076517873238899e-01
6.697408477455230047e-01
6.730828371836650170e-01
6.706158799372754498e-01
6.739580769113707737e-01
6.714909664862422911e-01
6.690242879275901666e-01
6.723661073822364553e-01
6.698992755997004167e-01
6.732413026154678848e-01
6.707743176342746416e-01
6.741165521797070070e-01
6.716494140237959654e-01
6.691827077208049035e-01
6.725245647577465791e-01
6.700577052363276831e-01
6.733997698298711532e-01
6.709327571128076428e-01
6.742750292290893288e-01
6.718078633425856871e-01
6.693411292956900072e-01
6.726830239154997226e-01
6.702161366544751031e-01
6.735582388249375940e-01
6.710911983722884777e-01
6.744335080596679521e-01
6.719663144420335854e-01
6.694995526533510377e-01
6.728414848542535465e-01
6.703745698547253218e-01
6.737167096005458600e-01
6.712496414148361179e-01
6.687830051138919929e-01
6.721247673245670518e-01
6.696579777935518507e-01
6.729999475754181448e-01
6.705330048370699014e-01
6.738751821561831390e-01
6.714080862380028547e-01
6.689414221935146010e-01
6.722832219868184467e-01
6.698164047149817169e-01
6.731584120754280365e-01
6.706914416025822057e-01
6.740336564946989295e-01
6.715665328429926140e-01
6.690998410535273777e-01
6.724416784318841822e-01
6.699748334188456722e-01
6.733168783571773508e-01
6.708498801481302953e-01
6.741921326124932223e-01
6.717249812314468604e-01
6.692582616954552144e-01
6.726001366567061490e-01
6.701332639063666274e-01
6.734753464216102214e-01
6.710083204759024200e-01
6.743506105107484050e-01
6.718834313992264606e-01
6.694166841215598573e-01
6.727585966647064986e-01
6.702916961737623858e-01
6.736338162642286909e-01
6.711667625866933884e-01
6.745090901912210724e-01
6.720418833482636467e-01
6.695751083283877358e-01
6.729170584533963329e-01
6.704501302249136208e-01
6.737922878892216305e-01
6.713252064780095285e-01
6.688585569452065727e-01
6.722003370803248945e-01
6.697335343178681955e-01
6.730755220226503077e-01
6.706085660567586704e-01
6.739507612955025762e-01
6.714836521501241773e-01
6.690169748736398692e-01
6.723587925929296327e-01
6.698919620903833749e-01
6.732339873736457037e-01
6.707670036702200189e-01
6.741092364814232907e-01
6.716420996066406746e-01
6.691753945843113005e-01
6.725172498860942927e-01
6.700503916444803254e-01
6.733924545040159693e-01
6.709254430675831715e-01
6.742677134489762913e-01
6.718005488422545968e-01
6.693338160772749346e-01
6.726757089621772101e-01
6.702088229803755404e-01
6.735509234159083869e-01
6.710838842446686936e-01
6.744261921973760954e-01
6.719589998613167969e-01
6.694922393510729375e-01
6.728341698189879150e-01
6.703672560991585927e-01
6.737093941103644568e-01
6.712423272049221623e-01
6.687756921852781034e-01
6.721174526598103771e-01
6.696506644102468986e-01
6.729926324551699368e-01
6.705256909987572511e-01
6.738678665850463823e-01
6.714007719459698098e-01
6.689341091799890782e-01
6.722759072404556058e-01
6.698090912494597537e-01
6.731510968744145451e-01
6.706841276805521890e-01
6.740263408390151367e-01
6.715592184688281563e-01
6.690925279594330810e-01
6.724343636036725913e-01
6.699675198708175961e-01
6.733095630743690663e-01
6.708425661456122180e-01
6.741848168757282878e-01
6.717176667729856110e-01
6.692509485195342611e-01
6.725928217471736081e-01
6.701259502752975328e-01
6.734680310545949622e-01
6.710010063915078371e-01
6.743432946913444637e-01
6.718761168603155642e-01
6.694093708623567451e-01
6.727512816713264732e-01
6.702843824608423207e-01
6.736265008171071766e-01
6.711594484201029998e-01
6.745017742883666623e-01
6.720345687272533119e-01
6.695677949883576119e-01
6.729097433782431636e-01
6.704428164293042558e-01
6.737849723592884699e-01
6.713178922290869988e-01
6.688512439776596041e-01
6.721930223756344969e-01
6.697262208949892326e-01
6.730682068643896176e-01
6.706012521801012483e-01
6.739434456852410049e-01
6.714763378187942333e-01
6.690096618222842739e-01
6.723514778073107490e-01
6.698846485859552002e-01
6.732266721316843006e-01
6.707596897107690470e-01
6.741019207889518139e-01
6.716347851928835544e-01
6.691680814500401420e-01
6.725099350187820901e-01
6.700430780569350819e-01
6.733851391820545595e-01
6.709181290253202201e-01
6.742603976732438609e-01
6.717932343463058897e-01
6.693265028620452028e-01
6.726683940116992000e-01
6.702015093107638322e-01
6.735436080124846958e-01
6.710765701211465206e-01
6.744188763402633180e-01
6.719516852820408559e-01
6.694849260546544834e-01
6.728268547861425697e-01
6.703599423480265385e-01
6.737020786225382807e-01
6.712350129976849544e-01
6.687683792611255340e-01
6.721101379997223013e-01
6.696433510289636626e-01
6.729853173407488454e-01
6.705183771644303015e-01
6.738605510159273448e-01
6.713934576579164704e-01
6.689267961736898860e-01
6.722685924979246996e-01
6.698017777868430223e-01
6.731437816791074891e-01
6.706768137646701433e-01
6.740190251884063954e-01
6.715519040985442611e-01
6.690852148697348234e-01
6.724270487779349104e-01
6.699602063261688167e-01
6.733022477955569185e-01
6.708352521472519259e-01
6.741775011414316010e-01
6.717103523207975657e-01
6.692436353476789446e-01
6.725855068388171265e-01
6.701186366483792289e-01
6.734607156945410233e-01
6.709936923096366801e-01
6.743359788764657914e-01
6.718688023260133146e-01
