-1.113294866329869182e-01
4.419531440568193581e+00
3.625951764713640113e+00
4.299728367458130585e+00
4.423248111602858579e+00
3.292932891428320463e+00
4.028279211973000429e+00
2.565626762833138397e+00
3.788860720592845510e+00
2.444240102441758378e+00
3.773612679048725216e+00
2.508742379260366917e+00
3.793647332815064832e+00
2.539651980842329237e+00
3.814408004874948244e+00
2.546391973231878492e+00
3.813433453999691025e+00
2.541603760001434065e+00
3.813640693820343319e+00
2.539670705364913683e+00
3.810872388968796098e+00
2.537908713746158895e+00
3.809205710960636981e+00
2.539323390630161548e+00
3.812177764848962980e+00
2.540470166616646264e+00
3.810494773951304204e+00
2.538848175725875844e+00
3.813285587653762132e+00
2.539813103569176445e+00
3.811548336385124802e+00
2.538198664329791576e+00
3.809819768188818401e+00
2.539191754582384331e+00
3.812622417689547571e+00
2.540185037773467158e+00
3.810895651734662604e+00
2.538576780485098716e+00
3.809168667551443122e+00
2.539568030974234780e+00
3.811970096767963945e+00
2.537960087201251547e+00
3.810242895803759300e+00
2.538951135506603229e+00
3.813044679797682246e+00
2.539942775718598167e+00
3.811317333066511548e+00
2.538334557793414881e+00
3.809590263213447958e+00
2.539325825736037601e+00
3.812391872538931192e+00
2.540317673446327529e+00
3.810664627129622506e+00
2.538709096315263647e+00
3.808937662217048548e+00
2.539700583967104297e+00
3.811739100081839027e+00
2.538092592223279098e+00
3.810011960831576783e+00
2.539083719053859323e+00
3.812813681482896122e+00
2.540075425813189014e+00
3.811086367894959803e+00
2.538467078528958254e+00
3.809359334555911580e+00
2.539458424513922452e+00
3.812160883414917656e+00
2.540450350450130124e+00
3.810433675720223956e+00
2.538841647657263501e+00
3.813235507357798593e+00
2.539833212806200446e+00
3.811508125360895338e+00
2.538225095231410933e+00
3.809781023577270442e+00
2.539216299606886995e+00
3.812582683443117570e+00
2.540208083924421878e+00
3.810855407324659438e+00
2.538599610845409860e+00
3.809128411472841869e+00
2.539591034381383228e+00
3.811929899535037691e+00
2.537983146511296972e+00
3.810202729314704051e+00
2.538974209279798444e+00
3.813004500174224098e+00
2.539965851981056844e+00
3.811277155640138581e+00
2.538357608611637950e+00
3.809550091338311795e+00
2.539348890536811343e+00
3.812351690415086480e+00
2.540340752408871250e+00
3.810624451766634113e+00
2.538732153531501723e+00
3.808897493403287093e+00
2.539723654618776472e+00
3.811698920665051560e+00
2.538115640955827423e+00
3.809971787921489828e+00
2.539106781272606472e+00
3.812773497999263572e+00
2.540098501527012331e+00
3.811046190930778010e+00
2.538490132361632234e+00
3.809319164113193601e+00
2.539481491836995453e+00
3.812120702396526006e+00
2.540473431264038240e+00
3.810393501220440182e+00
2.538864706588014997e+00
3.813195322285467981e+00
2.539856285226944177e+00
3.811467946804979245e+00
2.538248145769835595e+00
3.809740851541683515e+00
2.539239363635838576e+00
3.812542500833303816e+00
2.540231161444335584e+00
3.810815231232672851e+00
2.538622666482027057e+00
3.809088241901778193e+00
2.539614103507882525e+00
3.811889719387608011e+00
2.538006193755548257e+00
3.810162555686540387e+00
2.538997270014235141e+00
3.812964315972954488e+00
2.539988926205872133e+00
3.811236977955853256e+00
2.538380660953815315e+00
3.809509920174491970e+00
2.539371956369314010e+00
3.812311508676231142e+00
2.540363831732318278e+00
3.810584276546153504e+00
2.538755210972110099e+00
3.813386147813739413e+00
2.539746725549351325e+00
3.811658741388802341e+00
2.538138690003899800e+00
3.809931615165092378e+00
2.539129843811055220e+00
3.812733314669840112e+00
2.540121577556498256e+00
3.811006014118875740e+00
2.538513186508123187e+00
3.809278993821445525e+00
2.539504559473383161e+00
3.812080521529413790e+00
2.540496512391434702e+00
3.810353326871891433e+00
2.538887765831586929e+00
3.813155137364707237e+00
2.539879357962010697e+00
3.811427768401397742e+00
2.538271196622524428e+00
3.809700679657685995e+00
2.539262427977737158e+00
3.812502318374874299e+00
2.540254239276794390e+00
3.810775055291879987e+00
2.538645722431636997e+00
3.809048072482373204e+00
2.539637172948416399e+00
3.811849539392198061e+00
2.538029241314495810e+00
3.810122382210325842e+00
2.539020331062619817e+00
3.812924131923888460e+00
2.540012000745618614e+00
3.811196800424081488e+00
2.538403713610606793e+00
3.809469749163258978e+00
2.539395022515811284e+00
3.812271327089467476e+00
2.540386911369185263e+00
3.810544101477402190e+00
2.538778268725890186e+00
3.813345962173281478e+00
2.539769796794257850e+00
3.811618562264877497e+00
2.538161739367087222e+00
3.809891442561564645e+00
2.539152906663714404e+00
3.812693131491506016e+00
2.540144653899092830e+00
3.810965837457424232e+00
2.538536240967111723e+00
3.809238823681257546e+00
2.539527627423436407e+00
3.812040340813548145e+00
2.540519593833244993e+00
3.810313152675340209e+00
2.538910825390523929e+00
3.813114952595356044e+00
2.539902431010666373e+00
3.811387590148310078e+00
2.538294247788436930e+00
3.809660507924816031e+00
2.539285492634383967e+00
3.812462136068063501e+00
2.540277317424521897e+00
3.810734879502918115e+00
2.538668778695321038e+00
3.809007903214506996e+00
2.539660242702636683e+00
3.811809359548308240e+00
2.538052289186460087e+00
3.810082208885942734e+00
2.539043392424390255e+00
3.812883948026098757e+00
2.540035075597545600e+00
3.811156623043325364e+00
2.538426766579990890e+00
3.809429578302985231e+00
2.539418088975500698e+00
3.812231145654203956e+00
2.540409991320333294e+00
3.810503926560714127e+00
2.538801326793708846e+00
3.813305776684814408e+00
2.539792868352495070e+00
3.811578383292756556e+00
2.538184789042313483e+00
3.809851270108784327e+00
2.539175969829053692e+00
3.812652948464482883e+00
2.540167730555586534e+00
3.810925660948802474e+00
2.538559295741970256e+00
3.809198653693977032e+00
2.539550695688051807e+00
3.812000160249826131e+00
2.537942846081767012e+00
3.810272978630130147e+00
2.538933885261606793e+00
3.813074767977717272e+00
2.539925504372605225e+00
3.811347412047640493e+00
2.538317299267967009e+00
3.809620336344577751e+00
2.539308557604431194e+00
3.812421953912777717e+00
2.540300395885027207e+00
3.810694703865820099e+00
2.538691835272863351e+00
3.808967734098969604e+00
2.539683312770664170e+00
3.811769179855646783e+00
2.538075337372280416e+00
3.810042035712238206e+00
2.539066454100186387e+00
3.812843764279125303e+00
2.540058150764203049e+00
3.811116445813928610e+00
2.538449819864099677e+00
3.809389407594200527e+00
2.539441155750497003e+00
3.812190964370246515e+00
2.540433071585936453e+00
3.810463751795144294e+00
2.538824385175654896e+00
3.813265591347124950e+00
2.539815940225280233e+00
3.811538204472422642e+00
2.538207839033093993e+00
3.809811097807437541e+00
2.539199033308354725e+00
3.812612765589046049e+00
2.540190807526717887e+00
3.810885484591093775e+00
2.538582350830232315e+00
3.809158483857491451e+00
2.539573764265958822e+00
3.811959979837069135e+00
2.537965892778123678e+00
3.810232804736616075e+00
2.538956945448179070e+00
3.813034583511621722e+00
2.539948578049556538e+00
3.811307234098249896e+00
2.538340351062547295e+00
3.809580164915258749e+00
2.539331622888575613e+00
3.812381771908822437e+00
2.540323474660952208e+00
3.810654528380346573e+00
2.538714892165653936e+00
3.808927565135020732e+00
2.539706383153539804e+00
3.811729000314556082e+00
2.538098385872160190e+00
3.810001862690838070e+00
2.539089516090541565e+00
3.812803580685731664e+00
2.540081226245502588e+00
3.811076268737475292e+00
2.538472873460889900e+00
3.809349237036565583e+00
2.539464222837039209e+00
3.812150783238550389e+00
2.540456152165412096e+00
3.810423577182441512e+00
2.538847443871374399e+00
3.813225406162459752e+00
2.539839012411647445e+00
3.811498025803572443e+00
2.538230889335815199e+00
3.809770925658795715e+00
2.539222097102433295e+00
3.812572582866400772e+00
2.540213884811500122e+00
3.810845308386691777e+00
2.538605406231537298e+00
3.809118314173625564e+00
2.539596833158221489e+00
3.811919799577221379e+00
2.537988939787660048e+00
3.810192630995460128e+00
2.538980005946829266e+00
3.812994399197482842e+00
2.539971652039233696e+00
3.811267056301506972e+00
2.538363403169861865e+00
3.809539993639001310e+00
2.539354688485027101e+00
3.812341590056837148e+00
2.540346553747381275e+00
3.810614353046827940e+00
2.538737949370588609e+00
3.808887396322992114e+00
2.539729453848547536e+00
3.811688820925976273e+00
2.538121434685148170e+00
3.809961689821134811e+00
2.539112578393239783e+00
3.812763397241666130e+00
2.540104302039374762e+00
3.811036091811834225e+00
2.538495927373582095e+00
3.809309066632908358e+00
2.539487290239039741e+00
3.812110602257152703e+00
2.540479233056001540e+00
3.810383402719643264e+00
2.538870502879769120e+00
3.813185221127014746e+00
2.539862084910770257e+00
3.811457847285572242e+00
2.538253939954258520e+00
3.809730753661238367e+00
2.539245161210600621e+00
3.812532400294649015e+00
2.540236962409577526e+00
3.810805132332159229e+00
2.538628461946374593e+00
3.809078144640719366e+00
2.539619902364509851e+00
3.811879619467665403e+00
2.538011987110591061e+00
3.810152457405509452e+00
2.539003066759679683e+00
3.812954215033396821e+00
2.539994726342477360e+00
3.811226878655628703e+00
2.538386455591274959e+00
3.809499822513713774e+00
2.539377754397600384e+00
3.812301408356751686e+00
2.540369633150761697e+00
3.810574177864958667e+00
2.538761006889475258e+00
3.813376046474569403e+00
2.539752524858113869e+00
3.811648641688409445e+00
2.538144483813248975e+00
3.809921517102713651e+00
2.539135641009784727e+00
3.812723213948153500e+00
2.540127378145630832e+00
3.810995915036337944e+00
2.538518981598790525e+00
3.809268896379882641e+00
2.539510357955637065e+00
3.812070421428563893e+00
2.540502314262842898e+00
3.810343228409005079e+00
2.538893562203281995e+00
3.813145036244657948e+00
2.539885157724659948e+00
3.811417668919178325e+00
2.538276990884441364e+00
3.809690581814459520e+00
2.539268225632223874e+00
3.812492217873738376e+00
2.540260040321779211e+00
3.810764956429528727e+00
2.538651517975481831e+00
3.809037975258643183e+00
2.539642971882994260e+00
3.811839439509739247e+00
2.538035034748407526e+00
3.810112283966130775e+00
2.539026127886748974e+00
3.812914031022715200e+00
2.540017800961814398e+00
3.811186701161316748e+00
2.538409508326952224e+00
3.809459651538931180e+00
2.539400820621915855e+00
3.812261226807183156e+00
2.540392712866712976e+00
3.810534002833708467e+00
2.538784064723230038e+00
3.813335860873514616e+00
2.539775596182273887e+00
3.811608462601543401e+00
2.538167533253357977e+00
3.809881344537781711e+00
2.539158703941747586e+00
3.812683030810481544e+00
2.540150454568711691e+00
3.810955738414035565e+00
2.538542036135461366e+00
3.809228726277467114e+00
2.539533425982663850e+00
3.812030240750724719e+00
2.540525395783085116e+00
3.810303054250877342e+00
2.538916621839607757e+00
3.813104851514453220e+00
2.539908230852285342e+00
3.811377490705797566e+00
2.538300042129170819e+00
3.809650410120974939e+00
2.539291290365764286e+00
3.812452035606231249e+00
2.540283118548364083e+00
3.810724780680489143e+00
2.538674574319335520e+00
3.808997806030642419e+00
2.539666041715629596e+00
3.811799259704718335e+00
2.538058082698543494e+00
3.810072110680351454e+00
2.539049189327271083e+00
3.812873847162369323e+00
2.540040875891120820e+00
3.811146523817982690e+00
2.538432561373547003e+00
3.809419480717417539e+00
2.539423887161962767e+00
3.812221045411424036e+00
2.540415792898907732e+00
3.810493827956141999e+00
2.538807122870309740e+00
3.813295675422069042e+00
2.539798667818017552e+00
3.811568283667255308e+00
2.538190583007055245e+00
3.809841172122758746e+00
2.539181767185817673e+00
3.812642847820979952e+00
2.540173531303435261e+00
3.810915561943334140e+00
2.538565090989114648e+00
3.809188556327734787e+00
2.539556494327317893e+00
3.811990060224789367e+00
2.537948639219262947e+00
3.810262880244037476e+00
2.538939681791073877e+00
3.813064666934326219e+00
2.539931304293364889e+00
3.811337312642500308e+00
2.538323093687435250e+00
3.809610238577546326e+00
2.539314355414154178e+00
3.812411853487886138e+00
2.540306197086696915e+00
3.810684605079172282e+00
2.538697630973504538e+00
3.808957636950966119e+00
2.539689111861657356e+00
3.811759080049047732e+00
2.538081130962575038e+00
3.810031937545457215e+00
2.539072251082543197e+00
3.812833663454772815e+00
2.540063951137615739e+00
3.811106346627394004e+00
2.538455614736415011e+00
3.809379310045425626e+00
2.539446954012168689e+00
3.812180864164083083e+00
