3.081838655050222364e+00
2.906630828448068193e+00
2.075349541663371156e+00
-3.533201098643423688e-01
-3.115461283761227773e-01
2.056023805712341446e+00
7.361762541764347301e-01
3.045556081095735834e+00
-6.387427862838517267e-01
-1.975705254941957645e-01
-1.907106598691485078e-01
-3.460645576296668691e-01
1.063756357142333075e-01
-3.378474618193674783e-01
1.953165279915361374e+00
7.082280780769907302e-01
3.156613537352984888e+00
-6.483380570324107639e-01
-1.331397399597569198e-01
-3.062255343691439036e-01
-1.187245974013637073e-01
-3.880706671829028398e-01
4.497595782372708628e-01
-2.663837675621210169e-02
3.673056459987071420e+00
5.298637814218301045e-01
4.049713720654131599e+00
-9.926851002876233010e-02
2.496506284275135101e+00
6.704231520419370316e-01
3.317333780066464843e+00
-6.523673490121904006e-01
1.253683558872278891e-02
-4.085424730929328452e-01
7.138458750313594336e-01
1.853952989610450075e-01
4.147433257563847953e+00
1.236748347421366689e-02
2.822336227626552230e+00
6.529416261352574136e-01
3.647158940236399527e+00
-6.090066063707568755e-01
4.371850506923568025e-01
-1.628081650358453314e-01
3.084229757430509533e+00
7.170428283240837253e-01
3.565414384149850680e+00
-6.241606888926491958e-01
3.326160276236108659e-01
-2.547829700580708234e-01
2.580221187758896306e+00
7.612501992324105515e-01
2.789397335964936886e+00
-6.049537593174042494e-01
-2.828456814040637979e-01
8.577767448474227230e-02
-3.446155064462684825e-01
1.884669153429714417e+00
6.958101396223826951e-01
3.232189101763941697e+00
-6.517709883838618268e-01
-8.384578597806176259e-02
-3.617056408181852922e-01
1.379565303005129140e-01
-3.180952612612466535e-01
2.124952000080059467e+00
7.373432625017296571e-01
2.961928858993011726e+00
-6.282040836617471813e-01
-2.287251512266664788e-01
-1.065190944468078493e-01
-3.966689635481059351e-01
6.208696787063856526e-01
1.134995523656303212e-01
4.058826684177450517e+00
2.113890028337240823e-01
3.449038460519285643e+00
5.097882922918820503e-01
4.071209164586787388e+00
-1.259544937522989461e-01
2.393145574719402813e+00
6.633614002627332695e-01
3.255797321419136470e+00
-6.519685936668777604e-01
-3.734457558768104757e-02
-3.929677637785311539e-01
4.003317920001731034e-01
-7.465523852835193042e-02
3.495479437671562106e+00
6.097256795209247127e-01
4.018847499745171525e+00
-3.282844574753193689e-01
1.669039799507741062e+00
5.435043156958381250e-01
3.483382013143423883e+00
-6.468002591589233630e-01
1.522400802808535347e-01
-3.816440431041160375e-01
1.523449342706823417e+00
5.920950106379146982e-01
3.554025424026320934e+00
-6.409938811356794552e-01
2.149694995071813608e-01
-3.425498023081327004e-01
1.938558424024012572e+00
7.026427373698007628e-01
3.173428233717460412e+00
-6.494164371964279425e-01
-1.233428584349299806e-01
-3.193581033190159291e-01
-6.840969808990432499e-02
-4.024975331311467786e-01
7.544756743717813130e-01
2.165031077748389432e-01
4.164062740387912243e+00
-7.815586117703381130e-02
2.521661475330599700e+00
6.689679882532728605e-01
3.335070703787673896e+00
-6.523206846943404580e-01
3.068071172040050254e-02
-4.100367254065038214e-01
8.074429101429132505e-01
2.506581744190676808e-01
4.155008603867394790e+00
-1.811910054717895124e-01
2.170902114649659431e+00
6.417579790789090799e-01
3.200885541956325131e+00
-6.500838300440663353e-01
-8.366965871439745184e-02
-3.619489865429286191e-01
1.422862785883527992e-01
-3.150768464628894150e-01
2.148643640416828759e+00
7.393451194440339158e-01
2.934287467942720440e+00
-6.237074432912794730e-01
-2.385507016528764512e-01
-7.799086493432645650e-02
-4.020616330798261751e-01
7.851949151213621914e-01
2.369548404512460404e-01
4.162262878023923030e+00
-1.425138926903423697e-01
2.305214366093234712e+00
6.551193449296981441e-01
3.237910869711666972e+00
-6.516234546519198423e-01
-5.734767463766554663e-02
-3.822560836495016434e-01
2.950586119239307359e-01
-1.782623250015703265e-01
3.020190254924359330e+00
7.323444220420952666e-01
3.440935572279094412e+00
-6.425975360147729853e-01
1.706371791356416090e-01
-3.687377926187767607e-01
1.684525890349551025e+00
6.415229150305317152e-01
3.421821979458515184e+00
-6.532063127519217582e-01
6.753739223789188839e-02
-4.079659497125292522e-01
1.023253559927900680e+00
3.720907576472869405e-01
3.972258682606716107e+00
-4.811588371418351606e-01
1.056331563352874703e+00
2.901764590984993175e-01
4.133928913410550798e+00
-2.535348464436403271e-01
1.927978859799124089e+00
6.065641770684192524e-01
3.262405475533561194e+00
-6.517597846429623587e-01
-3.779938897291939409e-02
-3.917984451486156150e-01
3.880990006938175307e-01
-8.939657831655446751e-02
3.435635226955625399e+00
6.298109899800057310e-01
3.981475174798970063e+00
-3.916220550959688684e-01
1.427646804448718054e+00
4.622831800890645493e-01
3.747789092842457315e+00
-5.943417956591002804e-01
5.260493527740762731e-01
-8.788833896056209849e-02
3.423615855507868844e+00
6.277141039192826177e-01
3.975002041918147988e+00
-3.954829450441928462e-01
1.408345660149700418e+00
4.559530917523262339e-01
3.766513046495466810e+00
-5.850116814814080302e-01
5.732972887659801842e-01
-4.520459698914229552e-02
3.587033168005132833e+00
5.655312746886989039e-01
4.053671177794928582e+00
-2.034715232732877688e-01
2.122376714469353054e+00
6.404037989817542575e-01
3.183410630355875348e+00
-6.489121184968791312e-01
-9.735631095957872350e-02
-3.503049160296834996e-01
6.833093615336346960e-02
-3.636736433405698965e-01
1.687824889634439884e+00
6.454666748683467459e-01
3.417180176585756790e+00
-6.539637294247918620e-01
6.004739513240343884e-02
-4.087864094647575830e-01
9.817398687089595732e-01
3.511393120319389327e-01
4.022334482976678949e+00
-4.373922416967715443e-01
1.222842056480170747e+00
3.685021163522713694e-01
4.013170113886979529e+00
-4.400969477874263625e-01
1.217401714348810726e+00
3.675556054483873902e-01
4.017730031120399836e+00
-4.365389481003129069e-01
1.228128849828217239e+00
3.720647154178792215e-01
4.003367450485367129e+00
-4.479105853472570287e-01
1.186915989844780750e+00
3.513439106631832121e-01
4.037682619011297547e+00
-4.050993300264179031e-01
1.361075860351342648e+00
4.349725237257106580e-01
3.839856303029353324e+00
-5.576138748857301097e-01
7.104451556421027547e-01
6.662523680128525083e-02
3.942563386110450985e+00
3.451481805791698498e-01
3.796039247610370815e+00
3.231639467318837555e-01
3.800549906145533008e+00
3.244217008602944263e-01
3.799994883024566228e+00
3.265920477215654705e-01
3.802617039771472918e+00
3.251751659218103940e-01
3.801250814910289044e+00
3.219446253813769143e-01
3.796344663335172509e+00
3.288332861609574720e-01
3.804429339403328392e+00
3.190901266067529551e-01
3.788554991351026136e+00
3.330715206466376421e-01
3.822258516798177741e+00
3.086227961515805029e-01
3.763168771915686328e+00
3.564769997155201042e-01
3.868708126388520352e+00
2.622762880545974618e-01
3.649212511312589946e+00
4.292834204773807727e-01
4.000777026698170147e+00
1.074463014897085733e-01
3.180591434247896032e+00
6.016084299195256779e-01
3.962256225288779188e+00
-4.247698425098317965e-01
1.288527618572560707e+00
4.003000487404648755e-01
3.934412915570334679e+00
-5.030828947616580171e-01
9.627046369124986347e-01
2.380324265949546048e-01
4.160920253819978321e+00
-1.086017742868941593e-01
2.423609550670947854e+00
6.635583258441029031e-01
3.281560157482161344e+00
-6.522396598982500571e-01
-1.487514689840394033e-02
-4.007587401031374452e-01
5.256634927793549794e-01
3.755727776371779736e-02
3.883489892325483250e+00
3.990482211782250266e-01
3.906690785266235810e+00
2.222537321432955792e-01
3.533317927017887161e+00
4.818798022987446084e-01
4.050677370544128131e+00
-4.240951885985211334e-02
2.687288002790800157e+00
6.674687265213050669e-01
3.483633896846197509e+00
-6.404089470281811858e-01
2.019727012552598455e-01
-3.493745441496877713e-01
1.879020044931652755e+00
6.909521902593405152e-01
3.239523630588116099e+00
-6.519145318451867732e-01
-7.868620333860401606e-02
-3.660519391905779352e-01
1.686727539252012020e-01
-2.945160337229300040e-01
2.305172606614964259e+00
7.508828332680541617e-01
2.731657026827245094e+00
-5.916141861173962457e-01
-3.004251531744355774e-01
1.714870226627273619e-01
-2.772223044298697259e-01
2.424714347419762106e+00
7.583300317209494823e-01
2.667012968556849106e+00
-5.803846611231251451e-01
-3.172692880166295137e-01
2.628658834071505024e-01
-1.920377413702694935e-01
2.947565283705020800e+00
7.417900650506099591e-01
3.339596109319796113e+00
-6.504064763048001963e-01
5.099101350285160927e-02
-4.090099645454726707e-01
9.184693460541948351e-01
3.191393073820551485e-01
4.080182831838379265e+00
-3.656013898151104780e-01
1.505441347999837864e+00
4.890714473272406160e-01
3.661351261107177457e+00
-6.166692817501162605e-01
3.921047542337847691e-01
-2.061757300024254502e-01
2.862536640572831192e+00
7.487838662488557340e-01
3.203731063528643563e+00
-6.494224684451039842e-01
-6.209195432031738848e-02
-3.783818847401926311e-01
2.604347456795839677e-01
-2.094101344450552959e-01
2.851959893638140286e+00
7.527485607784084598e-01
3.177255601818059993e+00
-6.487647758733338099e-01
-8.673995982338651711e-02
-3.598018243429341179e-01
1.361632578968954843e-01
-3.189615468787257435e-01
2.121354684351190123e+00
7.364569294516735143e-01
2.973295222705742091e+00
-6.293688860779341754e-01
-2.271338626827170692e-01
-1.159808177092103570e-01
-3.928332404814969259e-01
5.630335750784187798e-01
6.833868227431437459e-02
3.965381965580389245e+00
3.260604999744309840e-01
3.754169017019842514e+00
3.521022763946354828e-01
3.871762053664293823e+00
2.703512103155133461e-01
3.668697037453354515e+00
4.198667937330738398e-01
3.979902949255169631e+00
1.236334877678199051e-01
3.240211337190086915e+00
5.870899710582491160e-01
4.003382390898688747e+00
-3.734216204772674019e-01
1.498522621536667154e+00
4.902265180751982365e-01
3.655990742294644491e+00
-6.182430256415898384e-01
3.789827554912180152e-01
-2.142076249195648541e-01
2.823090551213260468e+00
7.559235116923659348e-01
3.131247292734466559e+00
-6.460110328996404583e-01
-1.178869770004375012e-01
-3.300812503521378671e-01
-2.277584316159146638e-02
-4.001127027059935282e-01
1.087108746937206716e+00
4.092142083451941748e-01
3.883529135430674906e+00
-5.398470968978985596e-01
7.967766182528526198e-01
1.295052083075972360e-01
4.060703519793785077e+00
1.877413879450285927e-01
3.383390913518543819e+00
5.354966276785173562e-01
4.060501039013918678e+00
-2.083394830040616319e-01
2.098407205654045704e+00
6.368400509641598539e-01
3.191148908519739091e+00
-6.499365306587967517e-01
-9.537280481620596939e-02
-3.528677013470255530e-01
8.398701224639906759e-02
-3.542051734218261694e-01
1.794690087883471730e+00
6.787088021671012772e-01
3.319733431496225684e+00
-6.546901932447637407e-01
-2.242244725743760755e-02
-3.987205402967720635e-01
4.897399313766110929e-01
6.736843692809846122e-03
3.787459063008028259e+00
4.636612936155304898e-01
4.001255356859767076e+00
7.550131705795828929e-02
3.085948041444576795e+00
6.217721175150031643e-01
3.878210859864103188e+00
-4.967974889696133434e-01
