-3.058825951469160143e-01
4.316775140126648758e+00
3.278881518629689129e+00
4.532063423737752395e+00
4.341034890210095476e+00
3.868720623997605745e+00
4.216689571795335212e+00
3.207797573844711536e+00
3.987056285496466401e+00
2.977842154377621231e+00
3.914292462116782279e+00
2.978069877849918612e+00
3.924232362736971069e+00
3.010523518523453124e+00
3.930432635772541872e+00
3.019968875410751430e+00
3.931537213474785908e+00
3.021124004353384240e+00
3.931820459892614750e+00
3.019668993925819667e+00
3.935367697233579154e+00
3.020001247204461947e+00
3.931800374397333542e+00
3.018979067489460988e+00
3.929727043500305328e+00
3.017225308879301071e+00
3.934188597169384405e+00
3.019328398901505395e+00
3.936520407702811752e+00
3.022970557938449598e+00
3.935499365224265134e+00
3.023050426556102455e+00
3.940208039224814218e+00
3.022040575739424639e+00
3.935790479087330151e+00
3.020020105216483230e+00
3.932165023503718437e+00
3.019889023114500137e+00
3.936606470185995299e+00
3.019504584934993296e+00
3.933681884538271056e+00
3.019175284176434548e+00
3.935078251063439225e+00
3.022737225690575347e+00
3.933167331548351520e+00
3.019728358180129746e+00
3.935198855257280748e+00
3.019397325091210504e+00
3.932324125732297837e+00
3.019627093648161509e+00
3.934011131670878125e+00
3.020786702076828423e+00
3.936583386910315951e+00
3.020153659724774453e+00
3.933594677788740057e+00
3.019841728116305024e+00
3.934745417251494182e+00
3.023258797794181163e+00
3.932725353498184084e+00
3.015641298159255523e+00
3.935232628764210538e+00
3.021885285533011167e+00
3.933927185655399228e+00
3.021886312616041792e+00
3.934314677585554421e+00
3.017430453934152546e+00
3.932043509016946103e+00
3.018434093024836784e+00
3.930723451342036157e+00
3.019718955461297316e+00
3.929328154506486204e+00
3.017979973970849716e+00
3.934366305431372890e+00
3.020222065022540647e+00
3.933546554949591822e+00
3.020999266287578866e+00
3.930085424433937824e+00
3.017340168913956955e+00
3.934610207383118841e+00
3.019698836749998172e+00
3.933669528621001277e+00
3.020689105695205878e+00
3.932105870477645482e+00
3.018567708172429587e+00
3.935534461920215055e+00
3.019458895765383399e+00
3.932181976086452480e+00
3.018731379146346150e+00
3.930185413976333919e+00
3.019731728703821449e+00
3.935151840681304414e+00
3.019485028104189173e+00
3.932405929168769632e+00
3.017996472517596285e+00
3.934854644632593157e+00
3.022998533115807795e+00
3.934918014100280637e+00
3.017540752791595615e+00
3.933725267133839409e+00
3.019431237727572714e+00
3.935574354503980743e+00
3.023009329705301340e+00
3.928962057703084820e+00
3.015275702200647778e+00
3.936202684012254149e+00
3.021403064076106038e+00
3.934836998979878153e+00
3.021355737815025755e+00
3.930464755738795724e+00
3.016912380366919777e+00
3.932939314697073030e+00
3.017923697287752560e+00
3.932863641365030194e+00
3.020303608025329378e+00
3.934381303943844888e+00
3.023100859972431387e+00
3.934425462259410367e+00
3.017777353072027768e+00
3.933699451163149785e+00
3.019998433028021623e+00
3.932537073838452635e+00
3.021017387130643606e+00
3.936132686712040751e+00
3.019196083873578740e+00
3.932729467492759312e+00
3.018461002213955080e+00
3.932615177509490856e+00
3.020919427258188072e+00
3.931499154631542758e+00
3.019049923627603604e+00
3.935027989453057096e+00
3.019841143702995279e+00
3.931595109765038565e+00
3.019096506443206263e+00
3.931507328648515376e+00
3.018869622439989797e+00
3.935080674428079739e+00
3.019657370735767010e+00
3.930374865436796483e+00
3.017037858538411221e+00
3.933457646376356198e+00
3.023233978997909688e+00
3.937025925118321723e+00
3.020399109616164424e+00
3.934134975182183247e+00
3.019828978151667176e+00
3.934220781996181415e+00
3.022264001548959911e+00
3.936193963858882761e+00
3.018922921667262393e+00
3.934269191182005798e+00
3.019715206785315242e+00
3.932762913486698153e+00
3.020712081335789279e+00
3.931462848957417933e+00
3.019000798208886671e+00
3.934547011483338075e+00
3.019669025102822424e+00
3.929813144199099550e+00
3.017187981481834758e+00
3.933072919794353695e+00
3.020859049216689129e+00
3.936638491927256567e+00
3.020707122171339964e+00
3.933847064227691703e+00
3.020170487559644013e+00
3.932075916231465129e+00
3.018369998752713723e+00
3.935117669587271383e+00
3.019190740154147790e+00
3.936205755374479587e+00
3.022222810684714212e+00
3.936636536688442156e+00
3.023883367644060183e+00
3.938640783893595732e+00
3.020317497703131959e+00
3.936272444418297489e+00
3.020749616013101324e+00
3.935676964591785509e+00
3.022600441098395319e+00
3.937430953362916153e+00
3.019227430965878867e+00
3.934387893375534517e+00
3.019196849960247064e+00
3.935267155596102739e+00
3.022459139146583151e+00
3.933933508033104154e+00
3.020051184836647806e+00
3.935197816982888064e+00
3.019121615464743336e+00
3.933375079941822783e+00
3.020215642045166238e+00
3.931564227430492053e+00
3.018315060850753184e+00
3.932895786467568211e+00
3.016777845076477949e+00
3.931657983672981249e+00
3.018423522977754292e+00
3.935128820814748352e+00
3.024099228053475308e+00
3.936505813820925237e+00
3.019183644800592425e+00
3.933145060376225022e+00
3.019037296708107387e+00
3.935102521977658974e+00
3.023258186901313316e+00
3.937932983524351727e+00
3.020125504078587042e+00
3.936746375762051997e+00
3.021193023495394314e+00
3.935177439416305045e+00
3.021874944032199917e+00
3.933938571309155030e+00
3.020205717191009498e+00
3.936890025936374826e+00
3.020705643707727095e+00
3.935977435573226657e+00
3.022085933725245699e+00
3.933105068646792546e+00
3.018855093465175887e+00
3.933430731847711748e+00
3.017590080575589528e+00
3.931301008867681634e+00
3.018875413697756027e+00
3.931914248673695322e+00
3.021693776597304648e+00
3.935474812201079864e+00
3.019540476505039983e+00
3.932425969026151158e+00
3.018152123100774187e+00
3.935640395684524506e+00
3.023961293266045125e+00
3.936452162436823166e+00
3.018678391327578758e+00
3.933251891654214294e+00
3.018877831196698391e+00
3.936382243569637840e+00
3.024010329124572127e+00
3.932965877407654354e+00
3.019268121021102314e+00
3.933010258159447048e+00
3.017772663921719722e+00
3.930813772505794113e+00
3.019078629894322408e+00
3.931369638911160092e+00
3.019180994756260450e+00
3.935113620671226276e+00
3.019877341100757562e+00
3.933810446561574636e+00
3.020560948514806832e+00
3.930338457301921107e+00
3.017075455958929453e+00
3.934925957034100641e+00
3.019514050541864059e+00
3.934001283438839813e+00
3.020505052950488878e+00
3.932459891927965856e+00
3.021103774354171101e+00
3.935881032141047786e+00
3.019286885585841684e+00
3.933617308621269792e+00
3.019518926877472698e+00
3.934971796943331768e+00
3.022900991015906591e+00
3.938891190335194636e+00
3.020795213855273165e+00
3.935996357277598445e+00
3.020149913514652784e+00
3.932990739701663685e+00
3.020083127817108970e+00
3.931263872865736531e+00
3.018349347788453763e+00
3.933860412626046799e+00
3.018993608676022955e+00
3.936149699003051339e+00
3.023105677944332825e+00
3.929051291476679086e+00
3.014705848178592884e+00
3.936573708267521177e+00
3.021092324617535851e+00
3.932525809642609449e+00
3.019011431345263841e+00
3.932046762719518362e+00
3.021221345491868160e+00
3.935386095698013786e+00
3.019250056732057708e+00
3.938021246882340787e+00
3.023405584998620999e+00
3.935601628425395848e+00
3.022334049968184111e+00
3.937160214847304829e+00
3.019046751752872737e+00
3.932611546142946501e+00
3.017907042809149232e+00
3.932002173443099657e+00
3.020444269773313817e+00
3.927926875382935279e+00
3.015317676906178246e+00
3.932352020691865846e+00
3.017929063320980987e+00
3.936521370463193836e+00
3.023970105224840665e+00
3.929533478767121224e+00
3.015302191354799266e+00
3.936474400436859256e+00
3.021197694615483265e+00
3.935044392918825906e+00
3.021177696229227383e+00
3.930639466567082962e+00
3.019474686123140295e+00
3.933201799819633138e+00
3.017806389563271185e+00
3.931781302420745305e+00
3.019062755182197577e+00
3.931968601523421203e+00
3.021334822924447661e+00
3.939083069627348888e+00
3.022139969072160870e+00
3.930510582270039688e+00
3.014997031139118988e+00
3.934419225622328042e+00
3.023004375836924051e+00
3.935383733287696195e+00
3.021954744393302139e+00
3.931338848102690076e+00
3.015000195684927053e+00
3.934506798867321464e+00
3.022463708977497276e+00
3.933187827187061281e+00
3.019703421541089394e+00
3.934962079449648709e+00
3.019122547972105330e+00
3.936070969604315906e+00
3.022464984345449857e+00
3.929323146596193084e+00
3.014899267170800812e+00
3.936526988343724831e+00
3.021068512642981929e+00
3.935279156278404855e+00
3.021126534766535698e+00
3.930893367949765072e+00
3.019375906213868532e+00
3.933433441245825612e+00
3.017676998003833155e+00
3.932006727783772249e+00
3.018927412933434251e+00
3.932067640504885553e+00
3.021101848840704207e+00
3.939844779071590253e+00
3.022464693632327393e+00
3.936900251050750477e+00
3.020798402343965350e+00
3.935541658745909999e+00
3.021947868125347103e+00
3.933729930924870999e+00
3.019804376853999273e+00
3.937527066953205868e+00
3.021145199800135739e+00
3.934676574392543813e+00
3.020657791244073298e+00
3.930215993386765305e+00
3.016678371561907657e+00
3.932859334141682428e+00
3.017934944992607615e+00
3.932964764706294858e+00
3.020426763341557574e+00
3.936250532302204785e+00
3.024748241773670188e+00
3.938521588845428134e+00
3.020658317841526053e+00
3.936217449238111232e+00
3.020911118724699307e+00
3.935471082399294662e+00
3.022586676781378046e+00
3.937249885513787184e+00
3.019256568616939695e+00
3.933902290537835800e+00
3.018987327327027348e+00
3.933686275565341894e+00
3.021269646640018625e+00
3.930748355410954797e+00
3.018164399942014686e+00
3.936835049868604663e+00
3.021659686029743774e+00
3.934899972323916195e+00
3.021355747481203835e+00
3.932212338354846182e+00
3.018428128305450375e+00
3.934644067670997281e+00
3.018972093120066980e+00
3.935903617896513218e+00
3.022335290703878741e+00
3.929416163577899468e+00
3.017629662709404137e+00
3.936710343134045331e+00
3.021081505878213669e+00
3.935397828448916169e+00
3.021059003504062979e+00
3.931030887499085136e+00
3.019314142771301501e+00
3.933501228842380293e+00
3.017605752967662980e+00
3.933403131732622349e+00
3.019968252823825861e+00
3.931650150067486749e+00
3.019532773308940765e+00
3.933586581166350626e+00
3.021185093276224087e+00
3.936274785402829934e+00
3.020563414843879357e+00
3.933407065879995557e+00
3.020243957410672753e+00
3.931589009528393852e+00
3.018487687139853382e+00
3.934938756600407039e+00
3.019531118463261610e+00
3.933553919763725482e+00
3.020448411444047299e+00
3.932054375467578744e+00
3.018538571585589914e+00
3.935465258538775046e+00
3.019459410690537915e+00
3.933726386053820523e+00
3.020100433146138741e+00
3.934425408172084637e+00
3.022780386227045923e+00
3.932850802032106241e+00
3.015615618839564416e+00
3.935453229687869481e+00
3.021818890307420791e+00
3.934154376483745885e+00
3.021785358059239091e+00
3.934568195205661034e+00
3.017323164114078526e+00
3.932258815334007451e+00
3.018330009505899358e+00
3.932508932931897849e+00
3.020951029156804690e+00
3.928356399786243180e+00
3.015729171129121866e+00
3.936422444387201125e+00
3.021904724352282745e+00
3.935198356558677002e+00
3.021715134703621519e+00
3.932347871163244690e+00
3.018297958752355292e+00
3.934210226333564542e+00
3.018519691680324524e+00
3.936099575541450957e+00
3.022554963851769028e+00
3.934259087013477263e+00
3.022214522841476736e+00
3.938113397158340412e+00
3.020758990134580824e+00
3.935360190145925863e+00
3.020309923448213585e+00
3.930893487401762254e+00
3.019013821633625749e+00
3.933546940324124552e+00
3.017540776986935125e+00
3.932337676884109179e+00
3.018873033216808999e+00
3.930943813297340661e+00
3.019837204347461501e+00
3.931422372313817526e+00
3.019451071449208879e+00
3.933264243138995919e+00
3.018546225662549265e+00
3.931186235325750289e+00
3.019269799975524471e+00
3.931066350004417842e+00
3.018771730051665880e+00
3.938571320013680488e+00
3.022663539491301510e+00
3.934759251614581288e+00
3.020237348839244440e+00
3.931213468425425184e+00
3.020047822554859263e+00
3.937880186276966565e+00
3.021587463881145297e+00
3.935957413741993705e+00
3.021210761824073998e+00
3.935095551273668057e+00
3.022539780713933144e+00
3.937071790741174304e+00
3.019340853461642826e+00
3.932622042437492027e+00
3.018050979311235338e+00
3.930483715689360835e+00
3.019307860276374100e+00
3.930857350876741485e+00
3.019271282855972682e+00
3.934792476237656711e+00
3.020032104568333597e+00
3.932380464180934787e+00
3.020055811600919515e+00
3.933586080765646642e+00
3.020598390823241441e+00
3.936461159332839799e+00
3.020307912885206836e+00
3.933414262735762001e+00
3.019880269382722471e+00
3.934407501809108254e+00
