2.276516383663689247e+00
3.635218030453807092e+00
4.210656573952951121e+00
-1.951284133164726819e-01
1.955123379129801053e+00
1.176009352365282146e+00
3.684716529592953815e+00
-1.175048622986028940e-01
2.418833253399909733e+00
1.260369733644560952e+00
3.371392564583029827e+00
-3.120082730838796836e-01
1.659808882777510819e+00
1.111395524295500259e+00
3.834189195519295268e+00
1.608311154316206804e-02
2.872495872707755638e+00
1.247820337511726052e+00
2.945736769828593005e+00
-4.595012034248194821e-01
9.202742712979447015e-01
7.320111775151528777e-01
4.010472338971402095e+00
3.462692350384402040e-01
3.705111359568897367e+00
8.440264479732924041e-01
2.373788148588524827e+00
-5.149454188047651870e-01
4.079532077133697365e-01
2.713801593967394288e-01
3.955670527982386275e+00
5.647208314808781493e-01
3.774216706934101051e+00
2.856820157121351955e-01
3.657003858612497105e+00
9.134517986486063723e-01
1.806317109333612114e+00
-5.020084251084568905e-01
-6.167701672151318371e-02
-3.343199802701773971e-01
1.282271742232989009e+00
1.022419873421597014e+00
3.971339997395090471e+00
1.828264482215160580e-01
3.361382198555448397e+00
1.108965819682750098e+00
2.278912822498860180e+00
-5.264650639009672561e-01
2.178152432282469131e-01
2.822629982055439857e-02
3.646994294129774161e+00
1.074643999865277921e+00
1.815943977190966452e+00
-5.020242424757185296e-01
-8.492369712408862070e-02
-3.487065444439468309e-01
1.026745125514402890e+00
8.828923147875702426e-01
4.018994667423728018e+00
2.955761805199396131e-01
3.615151056163610654e+00
9.411546998415684095e-01
1.800076489775366495e+00
-5.012468724397991515e-01
-7.402616266212710960e-02
-3.416231094348196606e-01
1.162256420765862996e+00
9.666729863031094938e-01
4.000103920150662518e+00
2.365312438006587636e-01
3.488581440308534898e+00
1.038507649628318319e+00
2.048898420027013056e+00
-5.209032343893890138e-01
5.963572942952252709e-02
-2.057905126507111881e-01
2.471933716984163976e+00
1.347351474231053059e+00
3.351550328844871807e+00
-3.310159438880083682e-01
1.571663242638691838e+00
1.076142505429829477e+00
3.865135740644015883e+00
5.481959869289090848e-02
3.002702018475615908e+00
1.226319627164042192e+00
2.789818867921908030e+00
-4.894715988436307841e-01
7.159861706593403374e-01
5.661662740278489148e-01
4.008644127094417975e+00
4.351105888032898994e-01
3.803271875066708052e+00
6.485191960970880798e-01
3.540799351075802015e+00
-4.194989130670107036e-02
2.752469281610120611e+00
1.267543891371620823e+00
3.078004378762340565e+00
-4.250604715762653085e-01
1.120603328857862291e+00
8.590442165317215828e-01
3.986827963348505754e+00
2.568977702505892413e-01
3.543315635598207169e+00
1.003247467251124680e+00
1.942091170303229974e+00
-5.140392800406229368e-01
-2.152341690096128135e-03
-2.804218214590902813e-01
1.889585821745223715e+00
1.259647830200267826e+00
3.743278097376528279e+00
-8.808328817188713911e-02
2.515368133094448400e+00
1.262099051853175613e+00
3.292435015830046829e+00
-3.489659409250552291e-01
1.494700781797505762e+00
1.045781046630024358e+00
3.893807594616670809e+00
8.906429804577487008e-02
3.103407237168919863e+00
1.203732103204889103e+00
2.661115372242112365e+00
-5.058211569327589752e-01
5.717917557492648850e-01
4.414568698461041052e-01
3.994257610939040415e+00
4.978188163987964376e-01
3.822399350651495720e+00
4.867152305810772406e-01
3.823465821201951442e+00
4.492187493540787946e-01
3.827914520701615420e+00
5.507362219729843300e-01
3.772765985865845106e+00
2.716357329632066442e-01
3.630587565272150208e+00
9.378392349188324761e-01
1.774469876321176143e+00
-4.986877643699006990e-01
-8.384247220285133417e-02
-3.488535478920931077e-01
1.024209516519536844e+00
8.808843891202107201e-01
4.017357668961445860e+00
2.969243908210794647e-01
3.619090438258921072e+00
9.387920614448604928e-01
1.798088949704412576e+00
-5.012755783155549150e-01
-7.420026797305842581e-02
-3.434971735251652336e-01
1.127552272453864912e+00
9.386489895652734283e-01
4.002947980392659311e+00
2.522501463261410115e-01
3.525841489643718685e+00
1.016033486278312026e+00
1.980151061398240042e+00
-5.164065355031201010e-01
1.797632536130562564e-02
-2.550640483287267002e-01
2.107181491323559364e+00
1.307494038087736454e+00
3.616325623255693955e+00
-1.842357686168810682e-01
2.170200596756437506e+00
1.235604608369856861e+00
3.554575057785325676e+00
-2.121498085814669810e-01
2.064839563980611192e+00
1.214166967629894511e+00
3.618674204503568248e+00
-1.672050774027739606e-01
2.237629609204253356e+00
1.241586452428067311e+00
3.510221747213218890e+00
-2.391944246823098918e-01
1.965917260869165961e+00
1.197766531044673233e+00
3.680477076365440858e+00
-1.242823117246299597e-01
2.392500499613059439e+00
1.260018410076654494e+00
3.392249776486728763e+00
-3.017792075916821970e-01
1.703326074197183626e+00
1.126314279005509178e+00
3.814493991223118829e+00
-3.508484601096373279e-03
2.804919107949553680e+00
1.253912587721893512e+00
3.022064615888138572e+00
-4.391402977068658564e-01
1.043346612959457964e+00
8.141124348070771788e-01
4.001958734663742412e+00
2.923702172490630358e-01
3.607918062651707558e+00
9.405329899033709751e-01
1.813670748989201886e+00
-5.037681463703689300e-01
-6.690136323013708142e-02
-3.398082946551393424e-01
1.194826421416706363e+00
9.825702647835283798e-01
3.990919180361308882e+00
2.214442710642620382e-01
3.457133342954948674e+00
1.060157078126687802e+00
2.114971623935799627e+00
-5.228075723757024118e-01
1.043040290661844116e-01
-1.397201757867748417e-01
2.880225990807814718e+00
1.336638984664430208e+00
2.964854697418343843e+00
-4.587117168076563223e-01
9.222487327231083665e-01
7.243759911549125796e-01
4.005186183035665870e+00
3.445510620425158432e-01
3.702833640451593133e+00
8.454230014240285973e-01
2.374894858269928744e+00
-5.149721089179887246e-01
4.057219425345707231e-01
2.702256209738937986e-01
3.962750398675562558e+00
5.673244973002239400e-01
3.775513145637637624e+00
2.825079887957364644e-01
3.651006997406318177e+00
9.162497120412623763e-01
1.783122318305103038e+00
-4.998670647620397367e-01
-7.529446263848048326e-02
-3.438647652883978778e-01
1.122840215051357227e+00
9.429642690789943327e-01
4.006075554308697662e+00
2.539340604881459296e-01
3.527800013155606429e+00
1.012614737637104190e+00
1.971426780179892146e+00
-5.163866897307429760e-01
1.297918209255175676e-02
-2.615547037220374293e-01
2.048685073837809956e+00
1.296993097540994899e+00
3.650248672371008585e+00
-1.598975698735840556e-01
2.255883908560194051e+00
1.248639509599476671e+00
3.500152730017387359e+00
-2.470022669253063574e-01
1.933284069218819123e+00
1.189526348975535441e+00
3.698388131854102312e+00
-1.096956033354663101e-01
2.444643203129249542e+00
1.259954446410285200e+00
3.349643928437496143e+00
-3.221925715432559789e-01
1.614008653522338133e+00
1.093087693117863468e+00
3.847167151789387063e+00
3.492893971268457021e-02
2.940170191538350686e+00
1.237256431491333020e+00
2.867972618910515248e+00
-4.749126983500532306e-01
8.205367359495655544e-01
6.582627666875908723e-01
4.012839512963641830e+00
3.895749255875554651e-01
3.761356677042209551e+00
7.543603877945151970e-01
3.051240621613528159e+00
-3.650566196789856166e-01
1.444806259383422553e+00
1.034451655012717186e+00
3.907012403413166357e+00
1.098967614885302813e-01
3.164441085622970107e+00
1.184365919610127715e+00
2.578030004564019428e+00
-5.141058462981575872e-01
4.854917172435465056e-01
3.507836644852024288e-01
3.978893776142763183e+00
5.342190636716632746e-01
3.809195685383586216e+00
3.824717227412554044e-01
3.786456662292243536e+00
7.070041438710483739e-01
3.306357326293404064e+00
-2.306813797891127948e-01
2.043373947453971162e+00
1.216639292531273675e+00
3.635835422239300119e+00
-1.585633848479495178e-01
2.271527119354757929e+00
1.248892319990548394e+00
3.484448032006408624e+00
-2.532283246089198636e-01
1.905741058489049511e+00
1.184762952551843052e+00
3.715621751684596852e+00
-9.584821625867834261e-02
2.488690233362866877e+00
1.261733092676339929e+00
3.312003394319086524e+00
-3.392737861837538116e-01
1.534474162155794241e+00
1.062209968673310412e+00
3.877737422887549190e+00
7.141223149560715910e-02
3.053048257544273003e+00
1.217029808727711382e+00
2.725009515562008211e+00
-4.981885991801655034e-01
6.423530908727802524e-01
5.063656160756540014e-01
4.004845953643150658e+00
4.676325651113187876e-01
3.819352769821069860e+00
5.660575920782124903e-01
3.738939248038827490e+00
2.138610128443875213e-01
3.511553731214462903e+00
1.032944492369194833e+00
2.013202866037159033e+00
-5.184143013443321957e-01
3.518593484784635073e-02
-2.337971005209682207e-01
2.273964697649094369e+00
1.331698351992523177e+00
3.504162008689005514e+00
-2.533047666379611984e-01
1.903797647891672717e+00
1.183970109491345957e+00
3.712219066589975913e+00
-9.722688368186904739e-02
2.487866493965548376e+00
1.262484779494132514e+00
3.313290358986769490e+00
-3.389119463963730094e-01
1.536635389337288604e+00
1.062943593604107395e+00
3.877227560916748583e+00
7.044266551632442919e-02
3.050910721606846288e+00
1.218030712996502452e+00
2.729072919801471819e+00
-4.991241625281869210e-01
6.404740445959868911e-01
5.011232890947683316e-01
4.003181590699464110e+00
4.682261035422845552e-01
3.819866218851536210e+00
5.635839260110127036e-01
3.750987540812184662e+00
2.251107358715096762e-01
3.539042458436878924e+00
1.015957960855668585e+00
1.955844056634382655e+00
-5.137372059679666814e-01
6.699030518745131835e-03
-2.677446751827662896e-01
1.997098372430522684e+00
1.283903357080999896e+00
3.680300651906048603e+00
-1.372325645421655638e-01
2.343303460201755950e+00
1.255828855594360416e+00
3.431346524381614138e+00
-2.825078236061662196e-01
1.786550552326371832e+00
1.155418384828696077e+00
3.773186228150834154e+00
-4.236485497752039142e-02
2.681092806410784402e+00
1.264164120118740797e+00
3.147056746403960492e+00
-4.025786367341656069e-01
1.238662679638456998e+00
9.231350382616576589e-01
3.965330918366644308e+00
2.040163867540861486e-01
3.420165704350473845e+00
1.079500921245812650e+00
2.177163754600373480e+00
-5.252773697925507967e-01
1.457543890885682758e-01
-8.127582633263193135e-02
3.192306729514633901e+00
1.282860815592098858e+00
2.578931739916604293e+00
-5.165149512623377070e-01
4.620168332439350545e-01
3.266575721402271704e-01
3.973460600690295053e+00
5.439553857347463328e-01
3.792546987831416416e+00
3.514824298069312292e-01
3.753904576464588860e+00
7.797826833026371141e-01
2.891742791563152615e+00
-4.237879961552516450e-01
1.133467577402941462e+00
8.705446822273836815e-01
3.985915326693350025e+00
2.515435269248017525e-01
3.533290287611204228e+00
1.012065421358714357e+00
1.966867851061053107e+00
-5.153876634372143162e-01
8.856213476979679644e-03
-2.647450566247377401e-01
2.028269873416761904e+00
1.294776176074400542e+00
3.666368341422122423e+00
-1.504925025098276525e-01
2.294727989568099424e+00
1.248354437773506076e+00
3.467953256611583601e+00
-2.632638053907635500e-01
1.858194607810867316e+00
1.168890308392443123e+00
3.735093144212844773e+00
-7.520268634924327789e-02
2.564395119598334105e+00
1.267796651453616086e+00
3.250009714341470346e+00
-3.660784746020625535e-01
1.418240220943036034e+00
1.017541120411356692e+00
3.918798836294916210e+00
1.226477526234764914e-01
3.198468040449148120e+00
1.172581286053065330e+00
2.526972701100186125e+00
-5.175900490466155413e-01
4.392719729487720715e-01
