-1.996765523740689496e-01
4.378458399035888959e+00
3.466195690292610987e+00
4.407069559121962854e+00
4.403519878354915207e+00
3.562920884157684043e+00
4.131363431121837237e+00
2.851786016249301614e+00
3.878026733610038690e+00
2.668542147756923999e+00
3.838781027974319304e+00
2.710737968571270251e+00
3.859815646957871493e+00
2.746199235338428579e+00
3.858810173704932289e+00
2.745049278125806680e+00
3.867500513787218708e+00
2.750857437819618667e+00
3.868330799477806892e+00
2.746806881022330060e+00
3.864471948564864867e+00
2.745202891162858538e+00
3.865865997678999300e+00
2.746940928304861362e+00
3.867599180066177755e+00
2.746239928174206923e+00
3.864573611092470884e+00
2.745215009676828188e+00
3.866273761297926992e+00
2.747050981510394063e+00
3.867823848517713436e+00
2.745973039391991666e+00
3.864895176622075823e+00
2.745187033003499977e+00
3.866441235836074242e+00
2.746749272091195238e+00
3.863522851767931421e+00
2.745976836762729079e+00
3.865063833863385589e+00
2.747528778705901065e+00
3.866782045134193435e+00
2.746764321400235520e+00
3.863688812537857675e+00
2.745660667735033922e+00
3.865410172627794516e+00
2.747550840952223350e+00
3.866946491068194103e+00
2.746442842434050124e+00
3.864038796071523230e+00
2.745687253254840865e+00
3.865574048988475564e+00
2.747226144061975628e+00
3.867299047298601966e+00
2.746431620038714883e+00
3.865001109126360301e+00
2.745832694983276756e+00
3.866392900805639243e+00
2.747095863184989994e+00
3.867095289665616775e+00
2.745586551764695571e+00
3.864071409120314549e+00
2.744872126814691171e+00
3.866331768683324288e+00
2.747063460311194749e+00
3.868159389409957516e+00
2.746089649690719003e+00
3.864522838586553100e+00
2.744641510237257442e+00
3.866531794836975067e+00
2.746780664234290459e+00
3.868349134317324634e+00
2.745891681036481291e+00
3.864911608217993066e+00
2.747243860557730066e+00
3.866846792425214563e+00
2.746629220438522090e+00
3.863857955539369726e+00
2.745646506493998995e+00
3.865584181664410757e+00
2.747408834078900242e+00
3.866750046172314548e+00
2.746129238703135300e+00
3.864090693941506061e+00
2.745553683135800505e+00
3.865801095098886364e+00
2.747256107085056964e+00
3.867480530139538963e+00
2.746317612300694933e+00
3.864026393984324237e+00
2.745056300538090799e+00
3.865984228383653853e+00
2.747118809276981821e+00
3.867678734583575917e+00
2.746168748118207770e+00
3.864744553161322482e+00
2.745245743863513610e+00
3.865870589177263117e+00
2.746593643681190411e+00
3.867857844363619346e+00
2.746040603629877008e+00
3.864956562403301099e+00
2.745099783085103606e+00
3.866596121210781334e+00
2.746778800442466473e+00
3.868100420275355500e+00
2.745758927277351713e+00
3.865217305780829893e+00
2.747585096649025616e+00
3.866474001854231179e+00
2.746369913514964622e+00
3.863780481647645093e+00
2.745745914030741641e+00
3.865369295126726445e+00
2.747371792760191056e+00
3.867127112097483277e+00
2.746521750027097752e+00
3.863703764323978440e+00
2.745264844146860561e+00
3.865657640838366049e+00
2.747313430869359863e+00
3.867322865667856213e+00
2.746341650407909007e+00
3.864403905851196086e+00
2.745437544317847589e+00
3.865550295091432886e+00
2.746796569062193161e+00
3.867529647845870056e+00
2.746231889211788957e+00
3.864616104707651711e+00
2.745285983780733741e+00
3.866278590980978702e+00
2.746983799253192249e+00
3.867589540863098474e+00
2.745820183131515879e+00
3.864835225416354714e+00
2.745141789478328320e+00
3.866297761917191878e+00
2.746692350436980234e+00
3.868131811174704726e+00
2.745934356751215333e+00
3.864828078556016955e+00
2.744745935935127168e+00
3.866727252770437495e+00
2.746720272405434038e+00
3.863575500244223360e+00
2.745625976176362393e+00
3.865395137211277810e+00
2.747501383180547485e+00
3.866700854875111393e+00
2.746299815352957641e+00
3.863979819295608298e+00
2.745639916352311527e+00
3.865488714198977771e+00
2.747213821528544209e+00
3.867291947361416238e+00
2.746419344044127797e+00
3.863938186399899166e+00
2.745201779786026641e+00
3.865861238644379139e+00
2.747208248770228067e+00
3.867412181559274575e+00
2.746160362874166427e+00
3.864560491399298581e+00
2.745337364737164165e+00
3.865799922650460907e+00
2.746746764719528500e+00
3.867740390500555847e+00
2.746127355218555444e+00
3.864719577814798690e+00
2.745119397679984363e+00
3.866464178190232026e+00
2.746902748168286834e+00
3.867654147506380813e+00
2.745636235047849372e+00
3.864984671385705006e+00
2.745046791696757804e+00
3.866681586569173934e+00
2.746745099325372141e+00
3.863743666673717936e+00
2.745817919441344124e+00
3.864866031435128857e+00
2.747164809596165824e+00
3.866854548945599657e+00
2.746613712668056984e+00
3.863955881673386550e+00
2.745673626730413375e+00
3.865590988275070750e+00
2.747349805854381266e+00
3.867135974023880429e+00
2.746360000996971529e+00
3.864225134369853709e+00
2.745505825840811820e+00
3.865447207384015371e+00
2.746921929018240061e+00
3.867399760107974149e+00
2.746318692782298232e+00
3.864414012255461550e+00
2.745333405847305563e+00
3.866138625329090139e+00
2.747092511687560190e+00
3.867300840966956255e+00
2.745810797218332766e+00
3.864642784223933702e+00
2.745237400171903097e+00
3.866351210408253358e+00
2.746936699816842520e+00
3.868029048047010754e+00
2.745998287423787154e+00
3.864607865035576850e+00
2.744760685982561732e+00
3.866547123399874053e+00
2.746800984975152904e+00
3.868174169654116312e+00
2.745806683327923992e+00
3.865281135831069470e+00
2.747581731197518362e+00
3.866460210674461884e+00
2.746308482735158929e+00
3.863795334893141309e+00
2.745724914185333709e+00
3.865512235002912966e+00
2.747437574936094418e+00
3.867192957128303465e+00
2.746495448857140698e+00
3.863669832643129798e+00
2.745185983966337950e+00
3.865663694137090989e+00
2.747292393973704172e+00
3.867405712481346569e+00
2.746356544184318960e+00
3.864392468868368180e+00
2.745370943200506897e+00
3.866001853324581017e+00
2.747069486353613144e+00
3.867630430873841174e+00
2.746140569382789831e+00
3.864623696390117047e+00
2.745207284740752485e+00
3.866272189080474320e+00
2.746935946194903888e+00
3.867842168747995135e+00
2.745967155251437308e+00
3.864931948725461641e+00
2.745107183644486248e+00
3.866144049880861022e+00
2.746514708202989929e+00
3.868100213383945718e+00
2.745916586263354109e+00
3.865130409868923866e+00
2.744942484309859765e+00
3.866845393279691567e+00
2.746689573222067526e+00
3.863364326031642815e+00
2.745401487694127063e+00
3.865341915622756641e+00
2.747484048199892559e+00
3.867057612809769562e+00
2.746536828458354229e+00
3.864092520214906123e+00
2.745588849376413787e+00
3.865379717940789828e+00
2.747056739030830474e+00
3.867271501077301110e+00
2.746394651182984425e+00
3.864136342701697036e+00
2.745317336435966649e+00
3.865951422734677401e+00
2.747185199006033862e+00
3.867245817299675092e+00
2.745976559920241922e+00
3.864529942495107395e+00
2.745323715608110504e+00
3.866055005905690400e+00
2.746907811547804279e+00
3.867849192362704080e+00
2.746102331303569066e+00
3.864480458412220543e+00
2.744876494340634743e+00
3.866410414479563240e+00
2.746891708895698780e+00
3.867984178672583262e+00
2.745858991635987678e+00
3.865119183160890426e+00
2.745020195009727271e+00
3.866339185334471296e+00
2.746418481467584716e+00
3.863657221896288352e+00
2.745810888317805620e+00
3.865300176086155837e+00
2.747473631722463949e+00
3.867025393573904957e+00
2.746584725357067658e+00
3.863558228012822671e+00
2.745304262929557648e+00
3.865530311248078554e+00
2.747378689658305451e+00
3.867238909048945850e+00
2.746429600793063752e+00
3.864286510850420520e+00
2.745491940365534678e+00
3.865486214650030394e+00
2.746895296282845234e+00
3.867431502492934214e+00
2.746293912706390117e+00
3.864447209153311302e+00
2.745312845221826947e+00
3.866173212002748549e+00
2.747072993164621835e+00
3.867336334087963401e+00
2.745791532173417426e+00
3.864677833763955572e+00
2.745217529556430058e+00
3.866385900974762091e+00
2.746916798987183661e+00
3.868064482390302317e+00
2.745978955587200510e+00
3.864637865034969089e+00
2.744737412742660698e+00
3.866580322610594589e+00
2.746781348514612198e+00
3.868218051680720304e+00
2.745794012049236343e+00
3.865318528152756450e+00
2.747561299277404778e+00
3.866488940553120202e+00
2.746283432639061939e+00
3.863827620153600151e+00
2.745704938197272238e+00
3.865541884253449467e+00
2.747412325125496046e+00
3.867222004572434368e+00
2.746472263435042471e+00
3.863730572027017196e+00
2.745184789252410162e+00
3.865708401910227021e+00
2.747271442784777307e+00
3.867426689119252803e+00
2.746326438815514859e+00
3.864459713669341490e+00
2.745376806316780272e+00
3.865763448100839383e+00
2.746856549768576627e+00
3.867644749549485450e+00
2.746182676263283717e+00
3.864485876254131203e+00
2.745091000482527743e+00
3.866314269066245757e+00
2.746974965371823174e+00
3.867632025030627752e+00
2.745780143897838421e+00
3.864904930694330165e+00
2.745112788876723275e+00
3.866397111983186363e+00
2.746675333411498166e+00
3.868209921598935619e+00
2.745892647786386309e+00
3.864871679433734553e+00
2.747333083185038660e+00
3.866787532232181857e+00
2.746680698995210612e+00
3.863684131872290539e+00
2.745617733208614908e+00
3.865476640194713376e+00
2.747459844390411465e+00
3.866736940188870708e+00
2.746232025881319760e+00
3.864037066522929553e+00
2.745600235287480650e+00
3.865613690224677601e+00
2.747218498351371441e+00
3.867378098336407000e+00
2.746376823950637203e+00
3.863964618331613643e+00
2.745125629171595527e+00
3.865914342241481449e+00
2.747168211708712171e+00
3.867562170621397843e+00
2.746184768177286184e+00
3.864653581674180494e+00
2.745293231101423981e+00
3.865813490336943659e+00
2.746659249693043758e+00
3.867787516596472575e+00
2.746086829204002377e+00
3.864866148002881197e+00
2.745138365786900181e+00
3.866541820154731468e+00
2.746846894741683975e+00
3.867763482372746697e+00
2.745617380684339359e+00
3.865064768793647687e+00
2.745001849854464826e+00
3.866669234558914425e+00
2.746641339627577505e+00
3.863790082928915570e+00
2.745783452028957239e+00
3.864987451918753258e+00
2.747169556010499836e+00
3.866945704190876576e+00
2.746574797658228206e+00
3.863997712820235186e+00
2.745615400710252008e+00
3.865698877750463502e+00
2.747347258352132116e+00
3.866831855336177348e+00
2.746050255231034409e+00
3.864185497144963843e+00
2.745493652130337470e+00
3.865910995283027063e+00
2.747199398494679201e+00
3.867558708770664211e+00
2.746236176751853719e+00
3.864359491519866907e+00
2.745162736350411414e+00
3.866156470374975562e+00
2.747043337102200056e+00
3.867480262570000438e+00
2.745864648792160523e+00
3.864755264678524149e+00
2.745198952161858497e+00
3.866246358734928279e+00
2.746760261699344063e+00
3.868060023314274343e+00
2.745978372194237238e+00
3.864722951878333479e+00
2.744770814334317244e+00
3.866638206416821433e+00
2.746766289628101543e+00
3.863533164505691175e+00
2.745702181050663437e+00
3.865326603456105570e+00
2.747545548212870781e+00
3.866588415766024411e+00
2.746318545798595689e+00
3.863887880472319125e+00
2.745685786437527032e+00
3.865462094933710624e+00
2.747302548186326465e+00
3.867227868841508709e+00
2.746462515609810584e+00
3.863816447926345710e+00
2.745212375489329837e+00
3.865765275231461295e+00
2.747253851906238609e+00
3.867409603835715082e+00
2.746268024440840616e+00
3.864503127489541612e+00
2.745378933579415204e+00
3.865665753624801138e+00
2.746746473352711604e+00
3.867638647880953240e+00
2.746172432953072562e+00
3.864715796078789900e+00
2.745223457641149611e+00
3.866393805486389113e+00
2.746934016507915022e+00
3.867601228222666609e+00
2.745693967747537378e+00
3.864911058756570483e+00
2.745088081658840551e+00
3.866542878950569140e+00
2.746745399067516136e+00
3.868278259767204297e+00
2.745867666831319998e+00
3.864822125525658070e+00
2.747241754515926893e+00
3.866789681926809052e+00
2.746660149461352951e+00
3.863877162136430066e+00
2.745723523254354426e+00
3.865556483213751893e+00
2.747430225609390320e+00
3.866670394465280491e+00
2.746124739327697739e+00
3.864030502823023294e+00
2.745578645124625794e+00
3.865767130612125069e+00
2.747289667702361271e+00
3.867394778429662061e+00
2.746310647414639927e+00
3.864359426285848276e+00
2.745356133949606647e+00
3.866039072551858080e+00
2.747110030277091663e+00
3.867268417894519139e+00
2.745891524735601497e+00
3.864580423150129285e+00
2.745281905925639698e+00
3.866198380192376050e+00
2.746928102970061847e+00
3.867941090765523615e+00
2.746059229797681578e+00
3.864495243364899579e+00
2.744790270212849048e+00
3.866458531219244321e+00
2.746851354981800775e+00
3.868164283843439577e+00
2.745907164716304028e+00
3.865220737530546735e+00
2.744974157852945851e+00
