-1.916556918876386462e-01
4.383403394802956932e+00
3.489914225145627213e+00
4.397903063568529447e+00
4.400994386939926173e+00
3.520918531676793251e+00
4.116189734865042915e+00
2.815242296873134986e+00
3.864187810427674119e+00
2.639665811536657358e+00
3.830176356093958123e+00
2.683999876651772976e+00
3.852644264129036156e+00
2.719180247766550096e+00
3.860534669974721833e+00
2.726168944951338879e+00
3.862695026263268439e+00
2.722404492214396843e+00
3.859081389639063442e+00
2.718538810937118466e+00
3.860726770594113066e+00
2.721601155562418661e+00
3.860782654992289231e+00
2.722568843289041141e+00
3.862486265737229640e+00
2.721042193071835147e+00
3.863606577730221758e+00
2.719888987624479171e+00
3.860225389684441399e+00
2.721754685644784733e+00
3.861430741742462036e+00
2.720941876554257899e+00
3.862821371462822562e+00
2.720299599342380859e+00
3.863988255201696642e+00
2.722061143127055161e+00
3.860808312383144258e+00
2.721459138268987665e+00
3.862077594615505038e+00
2.720639551003389833e+00
3.863443952493598399e+00
2.719952611010067134e+00
3.859982076289266484e+00
2.721710096328803452e+00
3.861416344094174669e+00
2.721107963595671198e+00
3.862684487969566760e+00
2.720289324752563243e+00
3.864052462663070120e+00
2.722247994449274788e+00
3.860599399163563206e+00
2.721367794496587500e+00
3.862027194622495330e+00
2.720758337471420152e+00
3.863291579732803793e+00
2.719938399723811351e+00
3.860041441750044378e+00
2.721898892192135655e+00
3.861217831550408874e+00
2.721026419456164636e+00
3.862638330853440660e+00
2.720408667039099893e+00
3.863894286550524804e+00
2.722227888962516218e+00
3.860648619991970953e+00
2.721550529780654593e+00
3.861836590938999780e+00
2.720685753902399195e+00
3.863249691608894754e+00
2.720059178479222517e+00
3.859874731406511383e+00
2.721870984147008787e+00
3.861255326088962825e+00
2.721202784676929554e+00
3.862453371599369856e+00
2.720343956938067631e+00
3.863860756542226049e+00
2.722353904805054015e+00
3.860477248566078767e+00
2.721516636525964650e+00
3.861862760999278610e+00
2.720854747845813826e+00
3.863067623967864517e+00
2.720000017506395640e+00
3.859852051484585544e+00
2.722004639025172867e+00
3.861081953944061951e+00
2.721164231912442499e+00
3.862470763628311321e+00
2.720506590224964327e+00
3.863680223225808952e+00
2.722298456829110869e+00
3.860461876549954319e+00
2.721655584544128814e+00
3.861688106492765282e+00
2.720813127673430643e+00
3.863079151310166104e+00
2.720158378143151090e+00
3.859672642739482296e+00
2.721951665802183840e+00
3.861071451826754597e+00
2.721306695524635888e+00
3.862295236494842410e+00
2.720462914557880918e+00
3.863687807259170270e+00
2.719810152607747611e+00
3.860283161071449420e+00
2.721604277392585480e+00
3.861680870004264410e+00
2.720957940734943126e+00
3.862903032460831554e+00
2.720113321432902520e+00
3.864296654077413962e+00
2.722105343301816749e+00
3.860893199653137042e+00
2.721256509338103147e+00
3.862290193365966573e+00
2.720609298935813047e+00
3.863511286334047057e+00
2.719764167091331064e+00
3.860286287993547116e+00
2.721756641643605423e+00
3.861502925988012258e+00
2.720908508205010623e+00
3.862899463822235813e+00
2.720260755751678694e+00
3.864119858769008875e+00
2.722058755094858284e+00
3.860895125004082384e+00
2.721407984084539322e+00
3.862112452984454158e+00
2.720560372699375229e+00
3.863508709590663059e+00
2.719912301464662008e+00
3.860109391361396636e+00
2.721709631919638550e+00
3.861504043204662562e+00
2.721059378739970391e+00
3.862721856707290957e+00
2.720212169278918957e+00
3.864117949665225815e+00
2.722207484170400704e+00
3.860718098118226305e+00
2.721360689957614820e+00
3.862113026941941030e+00
2.720710831051025291e+00
3.863331188351535328e+00
2.719863942655898370e+00
3.860107918627175838e+00
2.721858668299400374e+00
3.861326924887186429e+00
2.721011892388433218e+00
3.862722065689570883e+00
2.720362344673282973e+00
3.863940482384239150e+00
2.722159299362776785e+00
3.860716928151050276e+00
2.721509927377087745e+00
3.861935843316827377e+00
2.720663214469772218e+00
3.863331152371859201e+00
2.720013922059598688e+00
3.859930571740480154e+00
2.721810585014291739e+00
3.861325959188254497e+00
2.721161259394522247e+00
3.862544834323844878e+00
2.720314639548220725e+00
3.863940282222783740e+00
2.722309271930873908e+00
3.860539599413633560e+00
2.721461911440246517e+00
3.861935015628315870e+00
2.720812663001430654e+00
3.863153885084514183e+00
2.719966156437386928e+00
3.859930247859402197e+00
2.721960459399214383e+00
3.861148638865297134e+00
2.721113287804358016e+00
3.862544100085994359e+00
2.720464137286905171e+00
3.863762986936472021e+00
2.722261486625257909e+00
3.860539202138038473e+00
2.721611714152592398e+00
3.861757697197646610e+00
2.720764720309244211e+00
3.863153214326509044e+00
2.720115681634830196e+00
3.859753017560260346e+00
2.721912645131566943e+00
3.861148192816532987e+00
2.721263036686992098e+00
3.862366779130048222e+00
2.720416213083777901e+00
3.863762359524359535e+00
2.722411155076242650e+00
3.860361952952014342e+00
2.721563879454649282e+00
3.861757218916665568e+00
2.720914427339483410e+00
3.862975887845498502e+00
2.720067768909533612e+00
3.859752406262145996e+00
2.722062316599590304e+00
3.860970927158833721e+00
2.721215187313740902e+00
3.862366279778822964e+00
2.720565886333147887e+00
3.863585025516825144e+00
2.719719389682643929e+00
3.860361362137405550e+00
2.721713547319151161e+00
3.861579938378696397e+00
2.720866567140247660e+00
3.862975374950381013e+00
2.720217413820953389e+00
3.864194193577048964e+00
2.722014436185489661e+00
3.860970350697813025e+00
2.721364847110713470e+00
3.862188985433475441e+00
2.720518017908157393e+00
3.863584504131488462e+00
2.719869009904550161e+00
3.860184097269591774e+00
2.721665668398977278e+00
3.861579372180365066e+00
2.721016215887983591e+00
3.862798067485758047e+00
2.720169538895784278e+00
3.864193667110844110e+00
2.722164164620898053e+00
3.860793075581007372e+00
2.721316968256255908e+00
3.862188426743454084e+00
2.720667653590232327e+00
3.863407184046355969e+00
2.719821129668392512e+00
3.860183554171279674e+00
2.721815376228958527e+00
3.861402086388290300e+00
2.720968336134378163e+00
3.862797514488998107e+00
2.720319160179916373e+00
3.864016334707263578e+00
2.722116301788985560e+00
3.860792531063508282e+00
2.721466656589491606e+00
3.862011129961256728e+00
2.720619772278390691e+00
3.863406635481716922e+00
2.719970735630949044e+00
3.860006297427922561e+00
2.721767509424514397e+00
3.861401541506022550e+00
2.721118005718589306e+00
3.862620206504256526e+00
2.720271276866951915e+00
3.864015789766039433e+00
2.722266022267329166e+00
3.860615262511173817e+00
2.721418786157276060e+00
3.862010585446151278e+00
2.720769423629723072e+00
3.863229316149805470e+00
2.719922850019790062e+00
3.860005741760280884e+00
2.721917213536312552e+00
3.861224261246776202e+00
2.721070131919049118e+00
3.862619662858895797e+00
2.720420910328555042e+00
3.863838458964166556e+00
2.722218156073271889e+00
3.860614709365064900e+00
2.721568473638937835e+00
3.861833293531772515e+00
2.720721546626644116e+00
3.863228773713457187e+00
2.720072465820466689e+00
3.859828487137437314e+00
2.721869344721980166e+00
3.861223710365846440e+00
2.721219802566599455e+00
3.862442359244900203e+00
2.720373030185535779e+00
3.863837917978736325e+00
2.722367884838569285e+00
3.860437443376518285e+00
2.721520602152353696e+00
3.861832744774835291e+00
2.720871200307643623e+00
3.863051458410087236e+00
2.720024582607703856e+00
3.859827934024205209e+00
2.722019056081121047e+00
3.861046432926968919e+00
2.721171928321790556e+00
3.862441812574768374e+00
2.720522666866733275e+00
3.863660591051147009e+00
2.722320020565480725e+00
3.860436891758005640e+00
2.721670296125872746e+00
3.861655455814063664e+00
2.720823323246278402e+00
3.863050913766300720e+00
2.720174202237370498e+00
3.859650683107233249e+00
2.721971188858961721e+00
3.861045882923410222e+00
2.721321604985783793e+00
3.862264512059367050e+00
2.720474786953469337e+00
3.863660048349259579e+00
2.719825806417968117e+00
3.860259629332115416e+00
2.721622425975910531e+00
3.861654907512480861e+00
2.720972982658569350e+00
3.862873601716146243e+00
2.720126319486984467e+00
3.864269216329729861e+00
2.722120904644818484e+00
3.860868608956856907e+00
2.721273731898349535e+00
3.862263965514205033e+00
2.720624429139577138e+00
3.863482724716706951e+00
2.719777920802701754e+00
3.860259076686229029e+00
2.721772124589227460e+00
3.861477621999232834e+00
2.720925106647204661e+00
3.862873056926777071e+00
2.720275944428137915e+00
3.864091881093847380e+00
2.722073038111036070e+00
3.860868058115505264e+00
2.721423413345969600e+00
3.862086668440511072e+00
2.720576550213430256e+00
3.863482181743583155e+00
2.719927528520512450e+00
3.860081817572269092e+00
2.721724255169233331e+00
3.861477072957614443e+00
2.721074770922228048e+00
3.862695748279083574e+00
2.720228062599258312e+00
3.864091339959002891e+00
2.722222759043047446e+00
3.860690787481471986e+00
2.721375541033322687e+00
3.862086121212803480e+00
2.720726197311460925e+00
3.863304861524845535e+00
2.719879643814160364e+00
3.860081264537296608e+00
2.721873958893173739e+00
3.861299790838472745e+00
2.721026895743142493e+00
3.862695202886668344e+00
2.720377692499466704e+00
3.863914008065201688e+00
2.722174893325223888e+00
3.860690236187073854e+00
2.721525227567753724e+00
3.861908827544451750e+00
2.720678319237109122e+00
3.863304317956368195e+00
2.720029256502787707e+00
3.859904008760683070e+00
2.721826090316937563e+00
3.861299241276453742e+00
2.721176565046743434e+00
3.862517897631771557e+00
2.720329811525014296e+00
3.863913466419742981e+00
2.722324619311021543e+00
3.860512968930276845e+00
2.721477356101141165e+00
3.861908279778293984e+00
2.720827971340627371e+00
3.863127001080550738e+00
2.719981372608260894e+00
3.859903455218223201e+00
2.721975799074651370e+00
3.861121962533682339e+00
2.721128690721241306e+00
3.862517351698172341e+00
2.720479446438926363e+00
3.863736137929119963e+00
2.722276754443001767e+00
3.860512417115604222e+00
2.721627047650326148e+00
3.861730989522506263e+00
2.720780094142650096e+00
3.863126457021940574e+00
2.720130990346545818e+00
3.859726202747194357e+00
2.721927931293696812e+00
3.861121412432424460e+00
2.721278365042634206e+00
3.862340049902174055e+00
2.720431566376764643e+00
3.863735595743952977e+00
2.722426485440859967e+00
3.860335153147560483e+00
2.721579176967451996e+00
3.861730441174320738e+00
2.720929751244354211e+00
3.862949143615036274e+00
2.720083107378034271e+00
3.864344767846904283e+00
2.722077645108578636e+00
3.860944136990516640e+00
2.721230491488793923e+00
3.862339503337170132e+00
2.720581206252917994e+00
3.863558270677580619e+00
2.719734717162858306e+00
3.860334600906667468e+00
2.721728873596956699e+00
3.861553154239238062e+00
2.720881874829573555e+00
3.862948598909834885e+00
2.720232730069940263e+00
3.864167431132025765e+00
2.722029778233665098e+00
3.860943586468454924e+00
2.721380170894343475e+00
3.862162204844527214e+00
2.720533326951250608e+00
3.863557727873623282e+00
2.719884322693962631e+00
3.860157340375445223e+00
2.721681003840863866e+00
3.861552605457994503e+00
2.721031537000711875e+00
3.862771288808328318e+00
2.720184847858171384e+00
3.864166890226489848e+00
2.722179497029199258e+00
3.860766314438971225e+00
2.721332298250496162e+00
3.862161657859175978e+00
2.720682971919990756e+00
3.863380406199094175e+00
2.719836437608170954e+00
3.860156787527697198e+00
2.721830705412975782e+00
3.861375321898886437e+00
2.720983661463717063e+00
3.862770743667426121e+00
2.720334475647266714e+00
3.863989556902420297e+00
2.722131630957689286e+00
3.860765763327871358e+00
2.721481982621768214e+00
3.861984362751396560e+00
2.720635093492782541e+00
3.863379862881244797e+00
2.719986048183454130e+00
3.859979530340331255e+00
2.721782836485570733e+00
3.861374772562387037e+00
2.721133328632272974e+00
3.862593436994894880e+00
2.720286594324926366e+00
3.863989015488576317e+00
2.722281354801621589e+00
3.860588494607283483e+00
2.721434110768724768e+00
3.861983815199339976e+00
2.720784743467222100e+00
3.863202544608586919e+00
2.719938163966753031e+00
3.859978977012957113e+00
2.721932543100038515e+00
3.861197492337470560e+00
2.721085453908884233e+00
3.862592891258315841e+00
2.720436227099227722e+00
3.863811685630724302e+00
2.722233489642219784e+00
3.860587943063590988e+00
2.721583800204102843e+00
3.861806523398987778e+00
2.720736865809033844e+00
3.863202000708627182e+00
2.720087779548519435e+00
3.859801723222485936e+00
2.721884675060015635e+00
3.861196942534562027e+00
2.721235126127001358e+00
3.862415587929739491e+00
2.720388346579633687e+00
