3.040273515813815663e+00
2.946518272112900405e+00
2.237972199320054312e+00
-4.100929678081687846e-01
-3.322810079951467044e-01
1.783025279680655828e+00
7.074962486595725020e-01
3.357288963530460357e+00
-6.492108754098422363e-01
5.102166446223760365e-02
-4.060176494497627075e-01
9.773130103176984607e-01
3.713844408852428058e-01
3.957845172674807621e+00
-4.635309336922832646e-01
1.116068020659344517e+00
3.456741622124018254e-01
4.036853712887447543e+00
-3.803002771027566564e-01
1.446209231607955115e+00
4.966481369640065591e-01
3.633649736199825231e+00
-6.086415127806543701e-01
4.173147015791223158e-01
-1.605436220582023010e-01
3.086654745726382654e+00
7.460197307801359479e-01
3.390641883186749528e+00
-6.376735850187370547e-01
1.710384289660234203e-01
-3.606077707345000105e-01
1.733187385623488286e+00
6.870281955064472257e-01
3.401094495790613959e+00
-6.465526275058830485e-01
9.718797768833548067e-02
-3.956419809901455253e-01
1.269468192285222896e+00
5.243627519291940153e-01
3.749627802744612826e+00
-5.819702569506364220e-01
5.732750147906331417e-01
-2.072079291790880629e-02
3.672497023592535825e+00
5.561931794464232137e-01
4.042509595336053252e+00
-1.333567302930364074e-01
2.370955444041713989e+00
6.966362841189610577e-01
2.968797688424304582e+00
-6.296317570102158978e-01
-1.794135912085395024e-01
-2.387230848931089222e-01
-2.812207876167933107e-01
-1.526951119684371583e-01
-3.696735651111368037e-01
2.765054864308459370e-01
-1.756391158416270581e-01
3.016238727677753140e+00
7.613900860483030497e-01
3.234496393271081516e+00
-6.438499593253877995e-01
1.711859500104926518e-02
-4.071021425649424264e-01
7.931120327288609939e-01
2.636910013119041496e-01
4.138124442857933794e+00
-1.940942674237003396e-01
2.128179969172564689e+00
6.647662560535571030e-01
3.028063587669123091e+00
-6.352714700460080355e-01
-1.547938287022843085e-01
-2.780486747467137976e-01
-1.958416581283267122e-01
-3.256284583390593457e-01
-4.140432536914519235e-03
-3.889211763943051792e-01
1.277354149963601637e+00
5.336052292477627690e-01
3.743315996933934464e+00
-5.835723961146375149e-01
5.660410014849843741e-01
-2.803263761817621769e-02
3.642242407417081829e+00
5.666135491421785408e-01
4.041014641345593184e+00
-1.719247219460898479e-01
2.235258242678855201e+00
6.840475065994791048e-01
2.966310997983542475e+00
-6.291966974576486127e-01
-1.861567135959353581e-01
-2.265320792277891182e-01
-3.035585975426047245e-01
-8.611087946161179174e-02
-3.985049318942749941e-01
6.721484384243996413e-01
1.753560083241997858e-01
4.130926211314371876e+00
6.202734609894355877e-02
2.988085216278289380e+00
6.651112804109227117e-01
3.672207119375166862e+00
-5.808923488972862481e-01
5.784135413111484159e-01
-1.486111014819946341e-02
3.686703305353384863e+00
5.463962279515637288e-01
4.043408354026017726e+00
-1.109117189085818966e-01
2.450268159164931348e+00
6.976735608650725950e-01
3.049809006014978507e+00
-6.384111168487881516e-01
-1.387038233696468725e-01
-3.053933492822989426e-01
-1.170942389285336283e-01
-3.883188504785431983e-01
4.857444900394211063e-01
2.487125632546782761e-02
3.834720729465596722e+00
4.560650967718613558e-01
3.978244523989612258e+00
1.228797666826628998e-01
3.240601836893303833e+00
6.175617215427506856e-01
3.917964107527919904e+00
-4.267612943198302311e-01
1.281932249029209991e+00
4.256603905020370782e-01
3.837507821691304333e+00
-5.355044535920883142e-01
8.090662890752672309e-01
1.632695223821173935e-01
4.109160497508579368e+00
1.228782012846025701e-01
3.189066010869058054e+00
6.277812944026410769e-01
3.880746726483352838e+00
-4.624438691758953057e-01
1.130268159916817172e+00
3.543053969623072286e-01
4.014822750223411951e+00
-4.031041683818792354e-01
1.360141665019597212e+00
4.601227230286918379e-01
3.738270821107049002e+00
-5.783553212405875277e-01
5.910276910616969470e-01
-6.554494278607235491e-03
3.720343444724970361e+00
5.285462976590561412e-01
4.041863079430541461e+00
-5.698321786052309296e-02
2.634947952820187123e+00
6.994869043393630026e-01
3.219011444157425572e+00
-6.444637015467993280e-01
-8.626902765026783770e-03
-4.030792406336377587e-01
6.283333150500149955e-01
1.433491916217605189e-01
4.098206709437705264e+00
1.566839615942438868e-01
3.281582941478392357e+00
5.986184848882670773e-01
3.974595334654928536e+00
-3.679372564592061634e-01
1.510132155967759182e+00
5.214521503711286865e-01
3.582064296638381773e+00
-6.201745625808851026e-01
3.396549430552961435e-01
-2.317084336815447287e-01
2.696812363938523305e+00
7.878929317488923001e-01
2.671344219110675766e+00
-5.858723893049989639e-01
-2.881676815655253576e-01
9.363091164179371262e-02
-3.240571280672365773e-01
2.042290728699545532e+00
7.530568284384666633e-01
3.100679820644465678e+00
-6.409743166242214407e-01
-1.308798034188455028e-01
-3.153933731069157864e-01
-8.645946480674723822e-02
-3.977378184711772846e-01
6.616861928996178310e-01
1.719488124106800242e-01
4.131079961721906280e+00
7.427271366195829783e-02
3.024614677064009882e+00
6.605197380506636629e-01
3.708522950588023726e+00
-5.668014180861139506e-01
6.552369360092720196e-01
4.779537317369308980e-02
3.880690926389332329e+00
4.132129387782931262e-01
3.923093854331056729e+00
2.225588667284595923e-01
3.529961316987642928e+00
5.129263285972923692e-01
4.051813612711760548e+00
-9.424971609080302903e-02
2.504501424345165983e+00
6.996987906687075487e-01
3.083524242182668296e+00
-6.394885142077929574e-01
-1.088834819213421179e-01
-3.422381000732088729e-01
2.794657435807117174e-02
-3.764709350728059900e-01
1.489194615921457521e+00
6.114484460297271440e-01
3.603094376202162330e+00
-6.220154839780894784e-01
3.327626888522260407e-01
-2.389288298252443266e-01
2.653121725854321156e+00
7.892528845630509826e-01
2.609009760845879988e+00
-5.742241024665654114e-01
-3.090030133840683257e-01
1.948582230816138239e-01
-2.422481990073028224e-01
2.632732782374304747e+00
7.914820926862980999e-01
2.579782923976304154e+00
-5.696940429839104647e-01
-3.172958874024349174e-01
2.587602085875766456e-01
-1.802450025390722743e-01
2.995441951396990543e+00
7.669384456894383639e-01
3.189467604528211098e+00
-6.435477920686286657e-01
-2.140889482304553226e-02
-3.993474705024908089e-01
5.489791964569326055e-01
7.784030025883149906e-02
3.980150722583623679e+00
3.331892706585872777e-01
3.760792966451107056e+00
3.738351769186292750e-01
3.889884309353626612e+00
2.611063865054311650e-01
3.638069303367135632e+00
4.601598898170551344e-01
4.023867758745374168e+00
5.997215802201866230e-02
3.028147114589120559e+00
6.630839555615309910e-01
3.701023993629856346e+00
-5.690388870785575426e-01
6.449880520711483989e-01
4.014853403494732242e-02
3.862858525325198578e+00
4.338621962128058618e-01
3.952050811082183479e+00
1.793369344552659117e-01
3.404999153020178415e+00
5.633213347744898680e-01
4.032261784280298578e+00
-2.508216513304920015e-01
1.947792068194064807e+00
6.367854820020281137e-01
3.196819196544296915e+00
-6.465845796481638486e-01
-5.480932598334542494e-02
-3.866157399978126241e-01
3.378954435068737272e-01
-1.170156852663826463e-01
3.300457201619799719e+00
7.000390555696189843e-01
3.736332798549267586e+00
-5.507159558732863669e-01
7.379976139281119174e-01
1.137427434387845715e-01
4.037385094028772770e+00
2.587848223783099089e-01
3.579889359368860546e+00
4.852065720817914651e-01
4.039962256914814809e+00
-1.339780623328713782e-02
2.781980457744078095e+00
6.927439588548615079e-01
3.395283214829350804e+00
-6.388718630976936153e-01
1.622179693575184489e-01
-3.655600034184720570e-01
1.672561354391459254e+00
6.690095103048833147e-01
3.456222696505150793e+00
-6.427048820021167286e-01
1.505436065934155632e-01
-3.736579136126438883e-01
1.583696981169492091e+00
6.395629095665709141e-01
3.527189810861258934e+00
-6.341650796974088733e-01
2.378630388117495831e-01
-3.130629792176549131e-01
2.157616163663083952e+00
7.707645287025215453e-01
2.964306274517610973e+00
-6.274902268781035186e-01
-1.998508269531980019e-01
-1.957544428248311763e-01
-3.377621344272304094e-01
7.013511296215729773e-02
-3.507616500856071129e-01
1.795548787462100560e+00
7.075121901161649518e-01
3.345783079656159842e+00
-6.485912750986625452e-01
4.188724109966993070e-02
-4.070728607164723623e-01
9.277548391029901698e-01
3.443263521912606206e-01
4.019140097475773388e+00
-4.063826478889573934e-01
1.347131925125875096e+00
4.540555741285133839e-01
3.756283209689995406e+00
-5.716704492309941932e-01
6.258345513299082841e-01
2.161610784840123020e-02
3.809880528284208090e+00
4.704734245944646731e-01
3.992668122839497791e+00
8.931308806247306720e-02
3.128083947282187083e+00
6.460583220963568296e-01
3.815895306926312180e+00
-5.130329244078314366e-01
9.176217554738064219e-01
2.376059572283521770e-01
4.140050094129988700e+00
-9.187726558288630829e-02
2.491770607189518483e+00
7.001681917628397311e-01
3.067913297067695222e+00
-6.378353366585186590e-01
-1.194818029278837401e-01
-3.276453183107426170e-01
-2.739946400946548233e-02
-3.964227687334098693e-01
1.106264167155848410e+00
4.520643305446908622e-01
3.842587758061618342e+00
-5.390848215278976063e-01
7.838638362844285723e-01
1.432757884854135300e-01
4.084096090127960821e+00
1.779018847006858250e-01
3.355453019119123859e+00
5.764593499646445407e-01
4.015392492811081127e+00
-2.941661568965988627e-01
1.791944446797483437e+00
6.068687937817849321e-01
3.349896908591535105e+00
-6.458597698327440684e-01
6.991737489410573825e-02
-4.015479030877031619e-01
1.123514946404877701e+00
4.585921799405063837e-01
3.833501255126590124e+00
-5.447858381668605476e-01
7.620959803311790903e-01
1.279534158866151849e-01
4.052655874263605185e+00
2.157789022073058061e-01
3.463246235101911097e+00
5.379270866204864943e-01
4.050459881305318532e+00
-1.677120751570873036e-01
2.241280611371144538e+00
6.834746982606021426e-01
2.965040887365294253e+00
-6.293252609725660252e-01
-1.858822477770598613e-01
-2.260271001091438414e-01
-3.023646687853289161e-01
-9.012740544770644902e-02
-3.978188632953283954e-01
6.614146096849385925e-01
1.701576005909670730e-01
4.129546508523189274e+00
8.256634993215478113e-02
3.051795820478009347e+00
6.536116718680644588e-01
3.746161250755180028e+00
-5.489117386296127332e-01
7.481691688591534106e-01
1.192872752514114315e-01
4.048336782382964572e+00
2.456155529689409978e-01
3.539673842366317658e+00
5.040940726182957521e-01
4.051589593652714427e+00
-6.916867179707406055e-02
2.594166529709561519e+00
6.977681787603091657e-01
3.182361073674567997e+00
-6.455435122163071249e-01
-4.126659128213983063e-02
-3.914717597034790830e-01
4.180457321239550161e-01
-3.961956215657444491e-02
3.616637069424383011e+00
5.847690918642103330e-01
4.035396630250294159e+00
-2.155746327061559553e-01
2.081745538158189746e+00
6.641662844209625938e-01
3.051365024862475739e+00
-6.376129646288343222e-01
-1.488641503376370301e-01
-2.915863695760316232e-01
-1.603585482630745240e-01
-3.603100795053137406e-01
1.976570557493987634e-01
-2.526683975251707293e-01
2.568486785065176026e+00
7.923325211395748635e-01
2.510669287805025629e+00
-5.537040152042946861e-01
-3.298339239410078005e-01
3.551463735036925473e-01
