6.680223544969788207e+00
-1.271800163317379662e+00
-4.603829660712634997e-01
1.727056723723000342e+00
-5.315542087927536130e-01
1.610535849773684081e-01
1.730984490311890389e-01
-2.416569980449939647e-02
1.320847716355374180e-01
5.486326371732787310e-02
7.742188005169541032e-02
8.037333982462405157e-02
7.247761052525171499e-02
7.867577189966398765e-02
7.631767488536925215e-02
7.713544079794869279e-02
7.328226201977236509e-02
7.319275471886356466e-02
7.368780788246968860e-02
7.387489693916815536e-02
7.415543540975017001e-02
7.444280359906363387e-02
7.469947507849959700e-02
7.497932919464524171e-02
7.524859126796824838e-02
7.552026109405443610e-02
7.579284470829146525e-02
7.606405902313333189e-02
7.633616549317742694e-02
7.660793711094353309e-02
7.687976429113804744e-02
7.715165942013457734e-02
7.303519794318637237e-02
7.330691039680806154e-02
7.357862342118108578e-02
7.385034740716944768e-02
7.412208537368689121e-02
7.439383206391488035e-02
7.466559094501526439e-02
7.493736060760221307e-02
7.520914126526281884e-02
7.548093312259473997e-02
7.575273595402318150e-02
7.602454988791337853e-02
7.629637487904018800e-02
7.656821092889319613e-02
7.684005804732811640e-02
7.711191622508115073e-02
7.299550220866844741e-02
7.326720385268520319e-02
7.353891656462695214e-02
7.381064034537093699e-02
7.408237519340182820e-02
7.435412110850778133e-02
7.462587809088523649e-02
7.489764613904945079e-02
7.516942525323899726e-02
7.544121543292318932e-02
7.571301667733867924e-02
7.598482898617341108e-02
7.625665235938232367e-02
7.652848679570999069e-02
7.680033229546943951e-02
7.707218885739955394e-02
7.295579933258769523e-02
7.322749935860513315e-02
7.349921045373800088e-02
7.377093261670097935e-02
7.404266584740669399e-02
7.431441014574895199e-02
7.458616551059217559e-02
7.485793194177345344e-02
7.512970943905582233e-02
7.540149800144681225e-02
7.567329762928348691e-02
7.594510832125064836e-02
7.621693007761104477e-02
7.648876289743827828e-02
7.676060678031576545e-02
7.703246172588702756e-02
7.291609669253353021e-02
7.318779510134024169e-02
7.345950457906523512e-02
7.373122512407974394e-02
7.400295673856918666e-02
7.427469941862577252e-02
7.454645316659207210e-02
7.481821798103838184e-02
7.508999386097683915e-02
7.536178080648439637e-02
7.563357881751894829e-02
7.590538789239675843e-02
7.617720803227004400e-02
7.644903923519728861e-02
7.672088150151772090e-02
7.699273483071913948e-02
7.287639428912599804e-02
7.314809108059400211e-02
7.341979894011993468e-02
7.369151786893059219e-02
7.396324786513162886e-02
7.423498892842160524e-02
7.450674105917959311e-02
7.477850425625938435e-02
7.505027851928841587e-02
7.532206384800543830e-02
7.559386024190883901e-02
7.586566770008094929e-02
7.613748622277458078e-02
7.640931580946029589e-02
7.668115645884843179e-02
7.695300817166206286e-02
7.722487094613762759e-02
7.310838729578432449e-02
7.338009353833720161e-02
7.365181084954522395e-02
7.392353922809888345e-02
7.419527867451644609e-02
7.446702918805225835e-02
7.473879076771482166e-02
7.501056341406879546e-02
7.528234712550710417e-02
7.555414190247466966e-02
7.582594774402758031e-02
7.609776464998993517e-02
7.636959261959580525e-02
7.664143165243170186e-02
7.691328174883393931e-02
7.718514290649773624e-02
7.306868374776215314e-02
7.334038837231959818e-02
7.361210406633547643e-02
7.388383082740275498e-02
7.415556865711164791e-02
7.442731755264406224e-02
7.469907751610369018e-02
7.497084854474664328e-02
7.524263063968478216e-02
7.551442379904338420e-02
7.578622802462300911e-02
7.605804331280437147e-02
7.632986966647622995e-02
7.660170708240775228e-02
7.687355556177903615e-02
7.714541510362377119e-02
7.302898043557883023e-02
7.330068344315385231e-02
7.357239751917069026e-02
7.384412266400194880e-02
7.411585887487801005e-02
7.438760615477447991e-02
7.465936449976670608e-02
7.493113391200331708e-02
7.520291438955435670e-02
7.547470593267774364e-02
7.574650854057136951e-02
7.601832221263216116e-02
7.629014694889899029e-02
7.656198274882791699e-02
7.683382961113488507e-02
7.710568753697623345e-02
7.298927735945159867e-02
7.326097875051060249e-02
7.353269120906068268e-02
7.380441473566103083e-02
7.407614933025682968e-02
7.434789499222932418e-02
7.461965172037386684e-02
7.489141951538128006e-02
7.516319837618558319e-02
7.543498830168189617e-02
7.570678929343077623e-02
7.597860134864670156e-02
7.625042446772378746e-02
7.652225865076422995e-02
7.679410389740207177e-02
7.706596020591911789e-02
7.294957452057036773e-02
7.322127429376350249e-02
7.349298513457867832e-02
7.376470704446756732e-02
7.403644002177803274e-02
7.430818406537489929e-02
7.457993917784569438e-02
7.485170535540737469e-02
7.512348259827987540e-02
7.539527090854017399e-02
7.566707028170718830e-02
7.593888072032184411e-02
7.621070222360952495e-02
7.648253478971328567e-02
7.675437841929144689e-02
7.702623311117062777e-02
7.290987191843031900e-02
7.318157007266461178e-02
7.345327929721910676e-02
7.372499958866639280e-02
7.399673094898656656e-02
7.426847337617331624e-02
7.454022687073096065e-02
7.481199143178751676e-02
7.508376705869095058e-02
7.535555374871900913e-02
7.562735150794717975e-02
7.589916032839720550e-02
7.617098021546733766e-02
7.644281116455793612e-02
7.671465317787971860e-02
7.698650625289338301e-02
7.287016955099973048e-02
7.314186608975557780e-02
7.341357369576646807e-02
7.368529237031300194e-02
7.395702211458693442e-02
7.422876292180735636e-02
7.450051480028511974e-02
7.477227774327085963e-02
7.504405175351194779e-02
7.531583682822502734e-02
7.558763296959278288e-02
7.585944017323484334e-02
7.613125844240838103e-02
7.640308777557948405e-02
7.667492817265539329e-02
7.694677963051270442e-02
7.721864215315334123e-02
7.310216234115786416e-02
7.337386833088353766e-02
7.364558538747541239e-02
7.391731351381572446e-02
7.418905270644504668e-02
7.446080296607870963e-02
7.473256429266400547e-02
7.500433668389862307e-02
7.527612014329869428e-02
7.554791466643016873e-02
7.581972025441133245e-02
7.609153690809844495e-02
7.636336462104914569e-02
7.663520340431838329e-02
7.690705324367358431e-02
7.717891415065650240e-02
7.306245883057763124e-02
7.333416320212429729e-02
7.360587864172406236e-02
7.387760515020475038e-02
7.414934272495843359e-02
7.442109136804246627e-02
7.469285107814564728e-02
7.496462185253488508e-02
7.523640369397460725e-02
7.550819660035172631e-02
7.578000057123668309e-02
7.605181560761370418e-02
7.632364170656397162e-02
7.659547887032523705e-02
7.686732709463728330e-02
7.713918638397394834e-02
7.302275555563567111e-02
7.329445830950608032e-02
7.356617213257971022e-02
7.383789702356655105e-02
7.410963297988845677e-02
7.438138000710646514e-02
7.465313809810658618e-02
7.492490725643879967e-02
7.519668748253235946e-02
7.546847876996548576e-02
7.574028112525772738e-02
7.601209454363135054e-02
7.628391902611431075e-02
7.655575457328593625e-02
7.682760118177170416e-02
7.709945885373620245e-02
7.298305251745172695e-02
7.325475365329725541e-02
7.352646585859569373e-02
7.379818913212397857e-02
7.406992347355115247e-02
7.434166888140408824e-02
7.461342535554214839e-02
7.488519289778659827e-02
7.515697150399122672e-02
7.542876117765662247e-02
7.570056191451553229e-02
7.597237371775356074e-02
7.624419658172565395e-02
7.651603051205696504e-02
7.678787550513012372e-02
7.705973155983995848e-02
7.294334971494992326e-02
7.321504923460690761e-02
7.348675982155573883e-02
7.375848147683901346e-02
7.403021420203236003e-02
7.430195799181975314e-02
7.457371285045304166e-02
7.484547877481650957e-02
7.511725576418364081e-02
7.538904381952946099e-02
7.566084294113505082e-02
7.593265312522254340e-02
7.620447437540509017e-02
7.647630668829487333e-02
7.674815006306673348e-02
7.702000450230581108e-02
7.290364714964664428e-02
7.317534505050493632e-02
7.344705402151494034e-02
7.371877406010481082e-02
7.399050516525991494e-02
7.426224733945165080e-02
7.453400058041680099e-02
7.480576488759436982e-02
7.507754026051549623e-02
7.534932669966823426e-02
7.562112420252745104e-02
7.589293277073694277e-02
7.616475240328242358e-02
7.643658310027229286e-02
7.670842485874820871e-02
7.698027768220548628e-02
7.286394481933454459e-02
7.313564110363704462e-02
7.340734845648579088e-02
7.367906687819973655e-02
7.395079636755601260e-02
7.422253692365880784e-02
7.449428854636488961e-02
7.476605123629230520e-02
7.503782499315078680e-02
7.530960981431078505e-02
7.558140570216814735e-02
7.585321265249414524e-02
7.612503066825754283e-02
7.639685974845387972e-02
7.666869989014947484e-02
7.694055109580663632e-02
7.721241336426813706e-02
7.309593739449779526e-02
7.336764312716140268e-02
7.363935993282599846e-02
7.391108780383956467e-02
7.418282674394133247e-02
7.445457674909858325e-02
7.472633782371335132e-02
7.499810996102812544e-02
7.526989316558047038e-02
7.554168743686945353e-02
7.581349276992478681e-02
7.608530917074125821e-02
7.635713663130214157e-02
7.662897515955074956e-02
7.690082474708563598e-02
7.717268539908297975e-02
7.305623391869932315e-02
7.332793803775025654e-02
7.359965322384671993e-02
7.387137947715237407e-02
7.414311679979233849e-02
7.441486518859430355e-02
7.468662464419759117e-02
7.495839516850531792e-02
7.523017675322951625e-02
7.550196940701171811e-02
7.577377312481134441e-02
7.604558790675386426e-02
7.631741375300678254e-02
7.658925066262808889e-02
7.686109863491215333e-02
7.713295767048908291e-02
7.301653068175144312e-02
7.328823318130969766e-02
7.355994675048863063e-02
7.383167138873605873e-02
7.410340709153251382e-02
7.437515386489434999e-02
7.464691170265061460e-02
7.491868060789215467e-02
7.519046057918853110e-02
7.546225161404075676e-02
7.573405371634329974e-02
