7.667227952830277360e+00
-5.384797290882146203e-01
-7.730848252363291540e-01
2.047504788969531475e+00
1.239963083713732511e-01
-6.206899099583468304e-03
5.779642549598915657e-01
3.056740644886110081e-01
2.788724308884146241e-01
3.629850839816941011e-01
3.270899033921129684e-01
3.280896349119489797e-01
3.323105955363459540e-01
3.284119098435250295e-01
3.397513138078376849e-01
3.342738665394133224e-01
3.297034732949216118e-01
3.360483377414280048e-01
3.355405227407876056e-01
3.310075008027715260e-01
3.361935109146697576e-01
3.361864250826790412e-01
3.317657810475721503e-01
3.367575365096814322e-01
3.368130517902483412e-01
3.324154407597614269e-01
3.322876994075145696e-01
3.374422272647229493e-01
3.330480229499442890e-01
3.329160280631848767e-01
3.380722218727236772e-01
3.336781782621252579e-01
3.335453824435250514e-01
3.336078317820935779e-01
3.343080357208338960e-01
3.341749038949620720e-01
3.342377421929125236e-01
3.349378887850258946e-01
3.348044820215908546e-01
3.348676962734096207e-01
3.304757552596397918e-01
3.354341027726968627e-01
3.354976913565924090e-01
3.311053543892631401e-01
3.360637643698606292e-01
3.361277270733556977e-01
3.317349940716751711e-01
3.366934665862822973e-01
3.367578033707728236e-01
3.323646743873118203e-01
3.322323525312836923e-01
3.373879202388735399e-01
3.329943953404977952e-01
3.328618076737304698e-01
3.380180776707017443e-01
3.336241569296533038e-01
3.334913034265116205e-01
3.335537375593179421e-01
3.342539591493747797e-01
3.341208397849212419e-01
3.341836480499432716e-01
3.348838019963873980e-01
3.347504167440965572e-01
3.348135991295491110e-01
3.304216923342869761e-01
3.353800343002531492e-01
3.354435907920708115e-01
3.310512878629627842e-01
3.360096924486172254e-01
3.360736230319583129e-01
3.316809240413906013e-01
3.366393911840290798e-01
3.367036958475434494e-01
3.323106008646750098e-01
3.321783018333137050e-01
3.373338092309051128e-01
3.329403183282989565e-01
3.328077534887018407e-01
3.379639631800525068e-01
3.335700764284075248e-01
3.334372457539832024e-01
3.334996477583053731e-01
3.341998751600944173e-01
3.340667786253445071e-01
3.341295547652954889e-01
3.348297145164244593e-01
3.346963520986883656e-01
3.347595023591027896e-01
3.303676295823753106e-01
3.353259661685873416e-01
3.353894905357908685e-01
3.309972216196954697e-01
3.359556208319383619e-01
3.360195192913124629e-01
3.316268543084547327e-01
3.365853160827694812e-01
3.366495886212640398e-01
3.322565276431991288e-01
3.321242514343795693e-01
3.372796985247547563e-01
3.328862416160012216e-01
3.327536996020788451e-01
3.379098489888892054e-01
3.335159962271795342e-01
3.333831883804504459e-01
3.334455582578711996e-01
3.341457914688661934e-01
3.340127177650143442e-01
3.340754617785176017e-01
3.347756273378788561e-01
3.346422877526645245e-01
3.347054058860085002e-01
3.354055038297873437e-01
3.352718983365036154e-01
3.353353905788921119e-01
3.309431556790980444e-01
3.359015495128531703e-01
3.359654158508274535e-01
3.315727848755221085e-01
3.365312412788258323e-01
3.365954816977165254e-01
3.322024547183751730e-01
3.320702013361221949e-01
3.372255881149407997e-01
3.328321652034751943e-01
3.326996460158900271e-01
3.378557350977796081e-01
3.334619163226865135e-01
3.333291313075245621e-01
3.333914690558168470e-01
3.340917080780138049e-01
3.339586572048731106e-01
3.340213690899848653e-01
3.347215404589348742e-01
3.345882237051709951e-01
3.346513097137293058e-01
3.353514134620709242e-01
3.352178308033398335e-01
3.352812909209937908e-01
3.308890900361437515e-01
3.358474784949810887e-01
3.359113127100502583e-01
3.315187157414069552e-01
3.364771667753657658e-01
3.365413750708388663e-01
3.321483820965727696e-01
3.320161515360580684e-01
3.371714780032889491e-01
3.327780890912525602e-01
3.326455927287465530e-01
3.378016215023889046e-01
3.334078367221135486e-01
3.332750745330680942e-01
3.333373801536715364e-01
3.340376249868973746e-01
3.339045969434305539e-01
3.339672767024330913e-01
3.346674538777532626e-01
3.345341599581770353e-01
3.345972138391023476e-01
3.352973233936697994e-01
3.351637635703528240e-01
3.352271915625659737e-01
3.308350246932879046e-01
3.357934077754362034e-01
3.358572098655362992e-01
3.314646469108998850e-01
3.364230925705040121e-01
3.364872687451728184e-01
3.320943097720553405e-01
3.319621020362003572e-01
3.371173681958977708e-01
3.327240132761346558e-01
3.325915397410501018e-01
3.377475082084143709e-01
3.333537574198962017e-01
3.332210180577838132e-01
3.332832915535326457e-01
3.339835421934533866e-01
3.338505369820091717e-01
3.339131846107746271e-01
3.346133675975895838e-01
3.344800965104430812e-01
3.345431182672666814e-01
3.352432336237575750e-01
3.351096966361168938e-01
3.351730925046683129e-01
3.307809596487783499e-01
3.357393373560034755e-01
3.358031073229242325e-01
3.314105783725841414e-01
3.363690186661040804e-01
3.364331627134743430e-01
3.320402377467732702e-01
3.319080528377700290e-01
3.370632586782901230e-01
3.326699377647462375e-01
3.325374870535966476e-01
3.376933952135021122e-01
3.332996784191066264e-01
3.331669618821090917e-01
3.383235723084279667e-01
3.339294597038036105e-01
3.337964773191958168e-01
3.338590928194785645e-01
3.345592816189512653e-01
3.344260333613989777e-01
3.344890229885132960e-01
3.351891441555376883e-01
3.350556300022725642e-01
3.351189937458696200e-01
3.307268949042436734e-01
3.356852672358671130e-01
3.357490050745047805e-01
3.313565101416910408e-01
3.363149450597001100e-01
3.363790569867297631e-01
3.319861660247165336e-01
3.318540039356966953e-01
3.370091494681760613e-01
3.326158625500199029e-01
3.324834346638300131e-01
3.376392825194161618e-01
3.332455997103030421e-01
3.331129060070653902e-01
3.382694561310566894e-01
3.338753775075524177e-01
3.337424179581910955e-01
3.338050013348403677e-01
3.345051959345198833e-01
3.343719705128247455e-01
3.344349280119441881e-01
3.351350549862593398e-01
3.350015636660136353e-01
3.350648952793876534e-01
3.306728304633484994e-01
3.356311974141247267e-01
3.356949031314432896e-01
3.313024422078963971e-01
3.362608717535207625e-01
3.363249515579118665e-01
3.319320945999559846e-01
3.317999553332888762e-01
3.369550405558330297e-01
3.325617876349681867e-01
3.324293825748275699e-01
3.375851701216185941e-01
3.331915213085851479e-01
3.330588504308464870e-01
3.382153402479753934e-01
3.338212956177186164e-01
3.336883588951995439e-01
3.337509101407161727e-01
3.344511105504502924e-01
3.343179079632138673e-01
3.343808333373754493e-01
3.350809661135781270e-01
3.349474976310946595e-01
3.350107971203842849e-01
3.306187663214434913e-01
3.355771278922459189e-01
3.356408014849533439e-01
3.312483745731613083e-01
3.362067987457993401e-01
3.362708464229707261e-01
3.318780234747010782e-01
3.317459070326595483e-01
3.369009319407471059e-01
3.325077130188778818e-01
3.323753307863271389e-01
3.375310580273837013e-01
3.331374432052572332e-01
3.330047951532862927e-01
3.381612246659282950e-01
3.337672140222556205e-01
3.336343001308426648e-01
3.336968192471128636e-01
3.343970254717585910e-01
3.342638457115399420e-01
3.343267389605351081e-01
3.350268775467898363e-01
3.348934318933300402e-01
3.349566992587376668e-01
3.305647024737237150e-01
3.355230586705003626e-01
3.355867001351559575e-01
3.311943072403988886e-01
3.361527260376810378e-01
3.362167415945323534e-01
3.318239526501754466e-01
3.367824339929220701e-01
3.368468236258153059e-01
3.324536387051917341e-01
3.323212792950953620e-01
3.374769462258294106e-01
3.330833653982453457e-01
3.329507401758359797e-01
3.381071093876923395e-01
3.337131327305778994e-01
3.335802416654674585e-01
3.336427286547084536e-01
3.343429406911406221e-01
3.342097837609021571e-01
3.342726448816019102e-01
3.349727892735270829e-01
3.348393664556353899e-01
3.349026016930479743e-01
3.305106389303891778e-01
3.354689897476389460e-01
3.355325990889979626e-01
3.311402402011762169e-01
3.360986536309130690e-01
3.361626370646221273e-01
3.317698821214023486e-01
3.367283581006452198e-01
3.367927156103902586e-01
3.323995646901289902e-01
3.322672281047651666e-01
3.374228347243035664e-01
3.330292878939596912e-01
3.328966854983737012e-01
3.380529944059253999e-01
3.336590517337375550e-01
3.335261835017673815e-01
3.335886383623100637e-01
3.342888562020570054e-01
3.341557221100713848e-01
3.342185511087352179e-01
3.349187013003531721e-01
3.347853013172964465e-01
3.348485044306818703e-01
3.304565756867778870e-01
3.354149211237668071e-01
3.354784983439411672e-01
3.310861734653821609e-01
3.360445815205962417e-01
3.361085328262112815e-01
3.317158118972012293e-01
3.366742825056340260e-01
3.367386078927470106e-01
3.323454909744000818e-01
3.322131772139810812e-01
3.373687235253599592e-01
3.329752106900883968e-01
3.328426311195566978e-01
3.379988797205422113e-01
3.336049710380349365e-01
3.334721256358902375e-01
3.335345483677898404e-01
3.342347720218947216e-01
3.341016607567587338e-01
3.341644576234212849e-01
3.348646136314277766e-01
3.347312364791615313e-01
3.347944074670281545e-01
3.304025127390232131e-01
3.353608527987384513e-01
3.354243978946006011e-01
3.310321070293630874e-01
3.359905097099523674e-01
3.360544288994603002e-01
3.316617419743644879e-01
3.366202072076908691e-01
3.366845004809525532e-01
3.322914175561101358e-01
3.321591266213225202e-01
3.373146126272156264e-01
3.329211337857477249e-01
3.327885770363574469e-01
