3.890397511146379550e+00
2.025649953866578201e+00
1.772758419023597654e+00
-9.306077868179105095e-02
-3.512583597142433511e-01
2.350519731039979021e+00
1.701596896221850563e-01
3.969857821422889899e+00
-2.520165785142354786e-01
2.107829122719883763e+00
5.206783267594098513e-02
3.730813800375533340e+00
-1.205622168818365619e-01
2.617636360108130500e+00
7.093136797465826593e-02
3.620799587505008077e+00
-8.916292303163975141e-02
2.762097747996653752e+00
7.124231863025975997e-02
3.568837132537895585e+00
-7.401698127316200249e-02
2.825165069531377693e+00
6.491411763190380046e-02
3.532514059025786413e+00
-6.606709070448195387e-02
2.864325865882030531e+00
6.225854542836417593e-02
3.510102607063038782e+00
-6.086206841112185018e-02
2.901909727929922855e+00
5.874769391728473789e-02
3.486166823666904779e+00
-5.150331273916546743e-02
2.930272432915288938e+00
5.695385863258440456e-02
3.464642751618051353e+00
-4.402537331324557490e-02
2.958126554390379415e+00
5.203315699234448144e-02
3.443331987771213409e+00
-3.857617024371878811e-02
2.987360199813962947e+00
4.837139742632378531e-02
3.424047400162415045e+00
-3.726322859938623056e-02
3.000018114558495874e+00
4.729418456288459610e-02
3.418591802855471151e+00
-3.412313156917942680e-02
3.015201155411958656e+00
4.357545840306382284e-02
3.407277142359673050e+00
-2.912290511156877260e-02
3.025148346355980067e+00
4.231990599920677082e-02
3.395138977655145496e+00
-2.748169226842012147e-02
3.037684983441431008e+00
4.187471692226392428e-02
3.388622564411643889e+00
-2.605135281723111595e-02
3.045056097328148859e+00
4.091374491485425674e-02
3.377830426411582376e+00
-2.335089995132736199e-02
3.057565317103756897e+00
3.681252570549975456e-02
3.364200379585212453e+00
-1.990534247456837713e-02
3.069009409322157378e+00
3.596910293028315192e-02
3.352411510356804403e+00
-1.613868112440414171e-02
3.084284797928065203e+00
3.462538720608430987e-02
3.340460793134619966e+00
-1.590298128911149522e-02
3.092541087984173043e+00
3.209419862896078363e-02
3.331591408773222351e+00
-1.217156960446953706e-02
3.106191685698853178e+00
2.833921434723681715e-02
3.318343531332270224e+00
-9.264186413745989501e-03
3.120772325618407006e+00
2.630800216378095802e-02
3.315261391950693248e+00
-7.079024581150505924e-03
3.127647216610466074e+00
2.604541137453549732e-02
3.296526209901647242e+00
-6.727266144314250629e-03
3.140680627283049198e+00
2.649668390754436609e-02
3.295983622425710191e+00
-4.171930023198211490e-03
3.146204202320741938e+00
2.241891559998684946e-02
3.286497408421092281e+00
-1.595043124739389806e-03
3.157716357134105145e+00
2.089099617996964531e-02
3.276751737475632531e+00
1.020078695604831331e-03
3.165242051839684212e+00
1.960271360854817790e-02
3.262921183138442593e+00
1.522187620118770068e-03
3.175965718731206699e+00
1.892137840500196511e-02
3.260846056963963235e+00
3.465696323337499885e-03
3.180309387921036901e+00
1.586314784369500380e-02
3.255634193077507454e+00
5.075369448885258539e-03
3.187850212378007697e+00
1.588691415368728710e-02
3.249228904446858301e+00
3.675600861738834157e-03
3.189590206694791874e+00
1.601055417312413631e-02
3.245059532899400523e+00
5.013164766215064128e-03
3.191356194595101670e+00
1.611822962077754523e-02
3.247985979471847084e+00
6.281438445356585243e-03
3.192603291975930624e+00
1.380435965724507996e-02
3.244522342886717592e+00
7.032981844054028708e-03
3.197065823606482837e+00
1.428203095826463542e-02
3.241027074538884278e+00
5.370413296127168890e-03
3.197501417805481250e+00
1.477331934920481094e-02
3.237902603834193371e+00
6.133995500930675138e-03
3.196715491263235620e+00
1.536558992588582528e-02
3.241413613270115679e+00
6.905869913711198960e-03
3.195737742216479660e+00
1.329325266963105046e-02
3.239562412447883233e+00
7.690181760153694257e-03
3.200210327370005992e+00
1.389570444868457044e-02
3.237584068607775478e+00
5.799310493006887279e-03
3.199408427299973656e+00
1.447605670988989790e-02
3.240795455565475436e+00
6.636841209280874843e-03
3.198779069950536069e+00
1.502383377226944317e-02
3.238285138613883340e+00
7.532500626660401655e-03
3.198457903880969511e+00
1.282366856734278027e-02
3.234770910640223374e+00
8.643811044500959717e-03
3.204656955033797772e+00
1.308280610580880854e-02
3.230342309454270033e+00
7.024770438716285148e-03
3.205387634298102473e+00
1.335877042549162008e-02
3.232028835538201861e+00
8.105613482746229503e-03
3.206002256293872144e+00
1.364379822495044581e-02
3.228635056794678881e+00
9.145525379885971473e-03
3.206398601618747790e+00
1.131119848242899406e-02
3.225159353807586005e+00
1.016590727126961968e-02
3.212170957687885853e+00
1.170645853813361004e-02
3.222149581409971209e+00
8.437655669570651162e-03
3.212230396964634416e+00
1.215486260542995856e-02
3.224883337492782331e+00
9.347725879259971560e-03
3.211993900787676992e+00
9.962674143511526803e-03
3.222480619653831369e+00
1.021336391716837211e-02
3.211522423229167700e+00
1.049913864122833940e-02
3.220284226921130699e+00
1.104376249441609004e-02
3.216258418863908730e+00
1.106737121581163885e-02
3.218252317582072308e+00
9.153351432286654932e-03
3.215451679243872984e+00
1.166096954378205430e-02
3.221746305792144938e+00
9.932566172517295899e-03
3.214527012321895860e+00
9.583657186114383220e-03
3.219949622257044286e+00
1.069417859925451963e-02
3.213508525812394989e+00
1.021243660672316311e-02
3.218236346236404977e+00
1.144184363744141231e-02
3.217809548786606300e+00
1.085421345358429657e-02
3.216589585455166045e+00
9.485875172882976547e-03
3.216656533988015987e+00
1.150640804697981856e-02
3.220390446092912917e+00
1.021262350294285803e-02
3.215456214900602738e+00
9.475370110760925058e-03
3.218838554254870310e+00
1.093247405801861527e-02
3.219612886996978673e+00
1.014141026005041524e-02
3.217320410961464816e+00
1.164689446037599219e-02
3.218344490333953978e+00
1.081287844601840076e-02
3.215829190131884285e+00
9.664490933774971815e-03
3.217052241725586015e+00
1.148873362330521397e-02
3.219753926486998097e+00
1.037013751825321961e-02
3.215741015344188547e+00
9.476306706474382779e-03
3.218300856237557017e+00
1.107318945017479739e-02
3.219809321927371570e+00
1.015739776256720239e-02
3.216861474215862771e+00
1.177423770240861034e-02
3.218470534729023225e+00
1.084086246599105796e-02
3.215433024945345331e+00
9.781125433046378159e-03
3.217122207847548321e+00
1.152628084943164988e-02
3.219407718224944759e+00
1.047828844699130735e-02
3.215766304437928103e+00
9.521302335881887124e-03
3.217994521803178465e+00
1.117459010758230231e-02
3.219798980268360644e+00
1.020848321129484704e-02
3.216586917738222695e+00
9.178735588315417582e-03
3.218431832369238244e+00
1.089680569707766888e-02
3.215183794474463674e+00
9.872782082239739410e-03
3.217060910695022535e+00
1.158610042050502165e-02
3.219178613510254472e+00
1.056654528793861403e-02
3.215687006476740883e+00
9.584067687490288590e-03
3.217781505511922546e+00
1.126014573338532387e-02
3.219705296866088418e+00
1.027372409837583322e-02
3.216386724308399003e+00
9.262029529886597889e-03
3.218326723814935342e+00
1.096402528321689662e-02
3.214993821651238370e+00
9.954371783644305749e-03
3.216946701038365219e+00
1.165490294375520763e-02
3.218996733834998736e+00
1.064678431262230940e-02
3.215565547529756874e+00
9.654000252173944308e-03
3.217606120991682417e+00
1.133931570366872310e-02
3.219578015837437412e+00
1.034467475336588171e-02
3.216216518064245911e+00
9.340229963270482716e-03
3.218194844287264544e+00
1.103579369699950186e-02
3.220222453878705871e+00
1.003190508460827246e-02
3.216811159946863619e+00
1.172732954200535194e-02
3.218833897348019502e+00
1.072379302184971184e-02
3.215427091443152641e+00
9.726824758958668715e-03
3.217445911180770945e+00
1.141591335948183294e-02
3.219437189957030654e+00
1.041792970028367071e-02
3.216058403942332333e+00
9.416379013589756819e-03
3.218052172113992082e+00
1.110939830993570854e-02
3.220065961072402061e+00
1.010780512388392838e-02
3.216667019244267678e+00
1.180121948079451699e-02
3.218678740066627242e+00
1.079950151635067357e-02
3.215281783211243027e+00
9.800817415762150264e-03
3.217291820738577446e+00
1.149147608404189891e-02
3.219290903809990390e+00
1.049211586045510625e-02
3.215905166237738477e+00
9.491703160014186569e-03
3.217905149321889091e+00
1.118374540471714362e-02
3.219913354643924919e+00
1.018304883080824175e-02
3.216519412106992881e+00
9.184207031467578330e-03
3.218526679877666830e+00
1.087468795472652794e-02
3.215133713096559820e+00
9.875283207377516526e-03
3.217140198454557343e+00
1.156662370808628215e-02
3.219142416966142672e+00
1.056667962574785180e-02
3.215753895538211893e+00
9.566696882425437809e-03
3.217756373229226696e+00
1.125839401285100294e-02
3.219762316036321792e+00
1.025803008026847374e-02
3.216370408172813722e+00
9.258799636164077862e-03
3.218375869269932465e+00
1.094966607069391973e-02
3.214984530248050199e+00
9.949941915703738871e-03
3.216989572163771349e+00
1.164160613438548764e-02
3.218993043668996190e+00
1.064139779162615040e-02
3.215603418755520693e+00
9.641559544725328279e-03
3.217606891058622409e+00
1.133316634459037575e-02
3.219611910405645538e+00
1.033290767097584661e-02
3.216220841896181959e+00
9.333491673712931980e-03
3.218225563317104410e+00
1.102456235474190416e-02
3.220229614205100344e+00
1.002468056528890705e-02
3.216839348297110046e+00
1.171652410902464247e-02
3.218843313771076353e+00
1.071618037184435268e-02
3.215453262940793255e+00
9.716371522045144649e-03
3.217457125024109743e+00
1.140799072090954713e-02
3.219461760839753328e+00
1.040774562474165721e-02
3.216071049712398988e+00
9.408225964467775704e-03
3.218075461704443363e+00
1.109942780301832743e-02
3.220079753242256704e+00
1.009945360464771513e-02
3.216689287528796903e+00
1.179141826137869442e-02
3.218693440946938544e+00
1.079099107940381663e-02
3.215303237368580369e+00
9.791165226416542744e-03
3.217307245388153270e+00
1.148283823477845578e-02
3.219311715340264612e+00
1.048256975984807049e-02
3.215921167292133731e+00
9.482979445626552040e-03
3.217925443298788490e+00
1.117428297980017915e-02
3.219929820658772979e+00
1.017424266736678684e-02
3.216539293356175833e+00
9.174825857942242591e-03
3.218543511332039309e+00
1.086581528730763690e-02
3.215153265150935358e+00
9.865953720639322744e-03
3.217157320785601016e+00
1.155769723952361494e-02
3.219161712652334639e+00
1.055739048021787918e-02
3.215771249325453329e+00
9.557742825421322586e-03
3.217775459289649920e+00
1.124913617432243829e-02
3.219779860035642649e+00
1.024904034914497775e-02
3.216389326874362187e+00
9.249581587421784601e-03
3.218393559669038950e+00
1.094064709498290822e-02
3.215003315274866491e+00
9.940742276263445087e-03
