-4.606706060674052861e-01
4.233768357409268823e+00
2.981777159382363429e+00
4.666912934174840544e+00
4.198337060545333621e+00
4.294145028575276690e+00
4.280239094921171272e+00
3.748372215362028914e+00
4.112732674178198877e+00
3.470175018106756326e+00
4.027125227693765908e+00
3.420818624655630025e+00
4.005917448666729719e+00
3.431939380428853159e+00
4.009026474907631865e+00
3.445088698473599553e+00
4.010049781502639021e+00
3.443845353443648172e+00
4.009166270501562934e+00
3.441455421420194227e+00
4.008937214063587717e+00
3.441423029967536351e+00
4.014795329245701261e+00
3.449383059073208191e+00
4.013814298719785789e+00
3.448728905468489536e+00
4.011847396719797842e+00
3.444330272223392608e+00
4.015972954042952736e+00
3.449394585033162208e+00
4.015387775478752808e+00
3.449397820760224054e+00
4.010982706793564390e+00
3.442611604357287192e+00
4.010112455446645185e+00
3.441283198643241281e+00
4.015523964400129486e+00
3.448906617759947224e+00
4.014410551850028597e+00
3.448264025996904625e+00
4.017705321119757755e+00
3.451385340564834703e+00
4.016697163148751137e+00
3.448879242889160146e+00
4.018502017352844291e+00
3.450185635807720974e+00
4.013917363282079265e+00
3.443529005101846341e+00
4.011228247434901029e+00
3.440565381140924028e+00
4.016048450933199732e+00
3.448173339608281207e+00
4.014901331923148575e+00
3.447723447187532209e+00
4.014825309742753312e+00
3.445223686903563287e+00
4.012071084017761358e+00
3.440878722201144324e+00
4.016609922955939105e+00
3.448025355917016199e+00
4.015300406146419476e+00
3.447487620218859128e+00
4.018600149637272523e+00
3.450716284951914403e+00
4.014164732279696501e+00
3.443177941333650516e+00
4.016730422368748776e+00
3.447144867442677452e+00
4.015279324304172448e+00
3.444093001700999856e+00
4.012588730378908508e+00
3.440360045433471292e+00
4.017199027034969561e+00
3.447645230713074938e+00
4.015935872195744771e+00
3.447143461999370828e+00
4.015660057129498028e+00
3.444474832944000475e+00
4.013052387637300988e+00
3.440334866321611340e+00
4.017623798519024625e+00
3.447479547225485774e+00
4.016315259437113205e+00
3.446929195892904474e+00
4.019567334739728715e+00
3.450107522838573804e+00
4.015652109690469374e+00
3.443158849469847738e+00
4.017554878639516325e+00
3.446273855609918613e+00
4.017625221851482742e+00
3.446878335521498027e+00
4.021056010699223471e+00
3.449645412213082629e+00
4.020753723457165307e+00
3.449341209101894457e+00
4.014675191212564442e+00
3.440891366768276782e+00
4.013053553897434789e+00
3.439307777763916274e+00
4.018322298297878348e+00
3.447075818733373431e+00
4.017249837759567122e+00
3.446526134003517594e+00
4.017194891398490952e+00
3.444014220074320232e+00
4.014304077535630455e+00
3.439517888019491654e+00
4.013886789847820324e+00
3.449531522743677137e+00
4.012599429731824152e+00
3.449011043802702403e+00
4.015830102708372706e+00
3.452166628390112901e+00
4.010120480354077976e+00
3.443200902117359075e+00
4.008865599936422441e+00
3.441785453728225974e+00
4.014233461468998954e+00
3.449521934804573586e+00
4.013153389772967650e+00
3.448946795246253139e+00
4.016397922218484240e+00
3.452012682384977271e+00
4.015295250150051842e+00
3.450234428665838404e+00
4.014943665909325610e+00
3.449264191260634327e+00
4.010833237799785067e+00
3.442378225828581328e+00
4.014257592473491343e+00
3.448170503368663820e+00
4.013062220543802461e+00
3.445229549412305747e+00
4.010516334833090113e+00
3.441553003529254973e+00
4.015152498484244603e+00
3.448823241964959596e+00
4.013883704159892929e+00
3.448299321256401040e+00
4.017218692542339653e+00
3.451548930089399558e+00
4.018416716651202591e+00
3.451803319657435587e+00
4.013459399553895857e+00
3.443842511648369520e+00
4.010742950294302389e+00
3.440846767050891319e+00
4.015546492205428031e+00
3.448445164325498524e+00
4.015248648684581312e+00
3.448868675150581709e+00
4.014629630159331164e+00
3.448332061478426525e+00
4.013724018672827576e+00
3.444703515318294773e+00
4.011494414594154456e+00
3.441106694812692712e+00
4.016195653944677701e+00
3.448320946002577436e+00
4.014910942400866212e+00
3.447744099713970556e+00
4.018319354057088511e+00
3.451065791600085753e+00
4.015488140444166909e+00
3.444933899558791257e+00
4.012076870518721528e+00
3.440504656444866249e+00
4.016534055527021252e+00
3.447842920265611344e+00
4.016138425604289353e+00
3.448284563412609582e+00
4.015521788987096663e+00
3.447792395535687060e+00
4.015431794887674322e+00
3.445063896002624748e+00
4.012464730123390666e+00
3.440461154886165662e+00
4.017074715232881843e+00
3.447727985677217166e+00
4.015805841365578388e+00
3.447217984293609039e+00
4.015565367201818781e+00
3.444592238339634793e+00
4.012897938711526002e+00
3.440379609560346275e+00
4.017481318486743724e+00
3.447549810929302794e+00
4.016181290897724132e+00
3.447006504157966944e+00
4.019404976758903736e+00
3.450154116582619501e+00
4.013723830208506982e+00
3.441226492704847928e+00
4.012448800683339201e+00
3.439782043358390329e+00
4.017808169780675343e+00
3.447510759032747174e+00
4.016725314387962875e+00
3.446936891201770159e+00
4.020040212972036286e+00
3.450071756424582858e+00
4.019000079180893081e+00
3.447530755081207321e+00
4.020904907478570323e+00
3.448896209407602775e+00
4.016546253627859109e+00
3.442351530302074192e+00
4.013617326109633510e+00
3.439192512586705774e+00
4.018365628255814670e+00
3.446804786110489349e+00
4.018116751554262400e+00
3.447298943177523611e+00
4.017481885201863889e+00
3.446743630423755977e+00
4.015928557407611343e+00
3.445276567427669523e+00
4.009158584700952765e+00
3.442323631015109520e+00
4.014045363932657651e+00
3.449610207002786755e+00
4.012793779340236178e+00
3.448999931693540688e+00
4.011679505964590220e+00
3.445424261158183565e+00
4.009631337991913291e+00
3.442104561853937650e+00
4.014410647706617929e+00
3.449354679731569284e+00
4.013141322183039428e+00
3.448765639994340493e+00
4.016357575748153330e+00
3.451889916504607747e+00
4.010488089457667549e+00
3.442762899271000876e+00
4.009322013112751826e+00
3.441488927262149389e+00
4.014737252110083254e+00
3.449252384921060788e+00
4.013668765361466662e+00
3.448672956917262056e+00
4.013274740976571664e+00
3.445795098715816795e+00
4.010584331353383547e+00
3.441580321732297776e+00
4.015221505565057747e+00
3.448813407338402914e+00
4.013943531457140779e+00
3.448277503171119474e+00
4.013530714323121806e+00
3.445456289949262008e+00
4.011070609805236664e+00
3.441509324979664441e+00
4.015632806532039467e+00
3.448618103566232218e+00
4.014312404748409335e+00
3.448053662774116290e+00
4.017606518981149399e+00
3.451278917281816572e+00
4.013094575171108680e+00
3.443654970339814270e+00
4.015766546092257805e+00
3.447758338228835928e+00
4.014187259767702187e+00
3.444528399849303035e+00
4.011545053538492667e+00
3.440886495580929516e+00
4.016187920475515760e+00
3.448208558237594090e+00
4.014935611484151678e+00
3.447706096208612347e+00
4.018243091264432465e+00
3.450923071500673789e+00
4.013924142337788936e+00
3.443511870647369744e+00
4.016304650836479695e+00
3.447247378239651994e+00
4.018412707061897571e+00
3.450143867324033220e+00
4.013943311302686112e+00
3.443056203735861409e+00
4.016458666789514353e+00
3.447041257722804897e+00
4.014542152467907243e+00
3.443536190489034698e+00
4.012280782164909354e+00
3.440368167238151642e+00
4.017097249362651112e+00
3.447764810629232457e+00
4.015875495202007706e+00
3.447229567423141461e+00
4.015427420749842824e+00
3.444342797140103496e+00
4.012994837417184435e+00
3.440434944706553644e+00
4.017558792351303865e+00
3.447539375000911122e+00
4.016237076058262190e+00
3.446972874127621100e+00
4.019543318386834763e+00
3.450208542509135334e+00
4.014771677518091941e+00
3.442290411449296705e+00
4.018332867726949864e+00
3.447399519129870082e+00
4.014888334050845664e+00
3.442469316712316374e+00
4.013716685494603809e+00
3.440252322089713211e+00
4.012432148143165733e+00
3.439309325898648240e+00
4.017966816453673928e+00
3.447269209105044752e+00
4.018061242333482497e+00
3.447791816100114204e+00
4.017311768241680348e+00
3.447020096019927315e+00
4.020294375801654496e+00
3.449854898545777093e+00
4.016440145440329346e+00
3.442825961952677982e+00
4.014912014314369948e+00
3.440196587223551372e+00
4.012649679977752903e+00
3.438345684302096306e+00
4.013349983150223288e+00
3.449543412034097756e+00
4.013899834721321724e+00
3.450419591268823361e+00
4.011314149523153461e+00
3.445012028153016104e+00
4.009360710344460621e+00
3.442082291484907408e+00
4.014244536967345844e+00
3.449443140689456566e+00
4.013016295671683054e+00
3.448868335464417623e+00
4.011735641989837120e+00
3.445122153630642003e+00
4.009814538281291085e+00
3.441979134191933909e+00
4.014644878331410816e+00
3.449246587325101476e+00
4.013383952938797350e+00
3.448647644362905940e+00
4.012870012498549244e+00
3.445698926921489047e+00
4.010465266759790204e+00
3.441838435002146923e+00
4.015040509951869119e+00
3.448954663892561001e+00
4.013722426067013238e+00
3.448387107236614568e+00
4.017052156095987314e+00
3.451646974593640227e+00
4.018162503854768808e+00
3.451811559104618787e+00
4.016561957034407548e+00
3.448939193844479778e+00
4.016934341424608590e+00
3.449311761896177053e+00
4.015798969362220916e+00
3.448272639915198390e+00
4.017977443945380145e+00
3.450250734805575092e+00
4.013561702684055987e+00
3.443602420107895412e+00
4.010892431242158551e+00
3.440717168235314816e+00
4.015726765995194292e+00
3.448340240736878393e+00
4.015471467670197470e+00
3.448792903167368529e+00
4.014835726221957835e+00
3.448231502555464179e+00
4.013373781694292930e+00
3.444053984556066261e+00
4.011528361130029197e+00
3.441009420318685841e+00
4.016387474221516207e+00
3.448282611234925188e+00
4.015130205318321543e+00
3.447677164877297251e+00
4.014214748882127815e+00
3.444300259128663111e+00
4.012024778951325032e+00
3.440782196336283683e+00
4.016750804898284066e+00
3.448013768323497263e+00
4.015472658344934054e+00
3.447435787943157859e+00
4.018839749264093264e+00
3.450712820743768283e+00
4.019650202263187921e+00
3.450547447948566049e+00
4.018258942953450763e+00
3.447986792380504539e+00
4.018682712544650926e+00
3.448363301707331630e+00
4.017548681951752521e+00
3.447303594903711410e+00
4.019719739800432734e+00
3.449271261250785869e+00
4.015155728743194707e+00
3.442476459643085906e+00
4.012584110448228714e+00
3.439736819697796211e+00
4.017461076824627497e+00
3.447376281555440070e+00
4.017241328140623402e+00
3.447845639601344825e+00
4.016589726079682343e+00
3.447261070083417422e+00
4.014476695893393732e+00
3.442434605735216646e+00
4.013059610685673739e+00
3.440018747535103394e+00
4.018118446769531005e+00
3.447384105129475351e+00
4.016901592764019924e+00
3.446749882084291006e+00
4.014409997070818470e+00
3.441777165565494290e+00
4.013274409637154427e+00
3.439790948998231901e+00
4.018473818351129268e+00
3.447230242377950837e+00
4.017288491431411757e+00
3.446579395165124904e+00
4.016532231580652201e+00
3.443557044792721733e+00
4.018604527087786593e+00
3.446165036992606900e+00
4.018276529889059034e+00
3.449855166807134221e+00
4.013914634131253933e+00
3.449863893182391728e+00
4.012762499892135182e+00
3.445305952133983940e+00
4.009437300579840269e+00
3.441606190933330200e+00
4.014043533500652572e+00
3.449187237152670615e+00
4.012872271009642944e+00
3.448806479993729912e+00
4.012856570791009325e+00
3.446394550508140142e+00
4.010017715632991475e+00
3.441940934086792581e+00
4.014593320914924490e+00
3.449144660685983244e+00
4.013303166905796360e+00
3.448618062433323139e+00
4.016529184526079987e+00
3.451768743120604555e+00
4.010889802929484382e+00
3.442880217605752691e+00
4.009591740906788715e+00
3.441396830104649140e+00
4.014937167088521441e+00
3.449119808141368537e+00
4.013851448384904153e+00
3.448546851751248532e+00
4.017203013578230397e+00
3.451723311675385819e+00
4.016527890217730601e+00
3.449351892930909713e+00
4.017029777799479007e+00
3.449514259555442219e+00
4.012127004957712018e+00
3.442792597331675974e+00
4.010341268862452679e+00
3.440920597904054468e+00
4.015524399777884668e+00
3.448641593177165454e+00
4.014426028390996493e+00
3.448104522298264474e+00
4.017789816674182113e+00
3.451309613581191371e+00
4.013171519443949009e+00
3.443542723353393509e+00
4.015897555564965415e+00
3.447733342999969253e+00
4.014276506834367986e+00
3.444446084508268058e+00
4.011628728903920305e+00
3.440811495875577553e+00
4.016282648742760308e+00
3.448150457664468593e+00
4.015035505493877110e+00
3.447650119178208517e+00
4.018383320978050399e+00
3.450905158431156305e+00
4.019552283331901954e+00
3.451123834078177133e+00
4.017375495708276567e+00
3.448661041017272666e+00
4.016963708442091274e+00
3.447985089412501480e+00
4.015552582419572580e+00
3.443448737741540810e+00
4.012219140228085124e+00
3.439947692903043919e+00
4.016822139038563222e+00
3.447544833074070336e+00
4.016798024798459821e+00
3.448301449313405875e+00
