3.158536096147674943e+00
2.826117786514452224e+00
1.741704710159576841e+00
-2.280159401977317479e-01
-2.654522231079004535e-01
2.514167914499933598e+00
7.139812161487127939e-01
3.163495672088210142e+00
-6.528099402174182275e-01
-1.805593352468356227e-01
-2.067342425625245672e-01
-3.197303441238300015e-01
-2.466378628871345943e-02
-4.076773944765105795e-01
1.002851842925281289e+00
3.136520115586619029e-01
4.126062563358707358e+00
-3.806744080351697757e-01
1.453088457000045297e+00
4.149259257701369830e-01
3.968263480384163433e+00
-5.357742775735498952e-01
8.401887192563191054e-01
1.097486664864451567e-01
4.038397137487843125e+00
1.847532050978065166e-01
3.390486571110732150e+00
4.793954140972204181e-01
4.083330508500822909e+00
-1.183517219284750122e-01
2.420531275511280001e+00
6.052637096385675708e-01
3.670116149350510337e+00
-6.395296427516817817e-01
2.892231230248167861e-01
-3.176666881421261746e-01
2.202539961526922774e+00
6.863782037211324516e-01
3.033739435367276638e+00
-6.355279768059587386e-01
-2.471947610649182780e-01
-4.008226732934262737e-02
-4.066151974007658487e-01
9.755325318264840284e-01
3.082554440508190607e-01
4.134508807927709029e+00
-3.677692219007526742e-01
1.504419365239157091e+00
4.331759764716840988e-01
3.927486780282275713e+00
-5.614312340410495539e-01
7.186982047751062641e-01
2.295177531007241978e-02
3.830766757853332649e+00
3.768273890443492036e-01
3.892547771983050353e+00
1.949526000743890819e-01
3.466047955502810307e+00
4.515981933013220595e-01
4.060998761083844499e+00
-4.136707200634036352e-02
2.693002174544731897e+00
6.075405162050343533e-01
3.815693112562423384e+00
-5.925569398431449475e-01
5.752738386061736486e-01
-8.869905897861915522e-02
3.435355299891154068e+00
5.665350887991232876e-01
4.078169851292440029e+00
-2.913520069932123979e-01
1.821039850530108861e+00
5.261946089270693738e-01
3.679315680827493384e+00
-6.422360431054553453e-01
2.764976249323200519e-01
-3.275070508139091285e-01
2.123830181370182757e+00
6.777008579478890349e-01
3.038805971845079501e+00
-6.365054107813102879e-01
-2.468188231422611123e-01
-3.023338377676169919e-02
-4.059441153464290464e-01
1.031208102104430147e+00
3.348487038778419356e-01
4.097796984392434894e+00
-4.292592285439669753e-01
1.275796723573433322e+00
3.386312643630734476e-01
4.114494828950879146e+00
-3.894238443252021065e-01
1.425256998506047257e+00
4.028343038823531952e-01
3.995435545914938658e+00
-5.161099461257699916e-01
9.215047668685033555e-01
1.572140517432528695e-01
4.117470047604208538e+00
6.610743877925998047e-02
3.018585821836944127e+00
5.722346657398345027e-01
4.018182599368175900e+00
-4.432325331807744351e-01
1.233154121202595155e+00
3.221049660828185779e-01
4.135031976375953988e+00
-3.516014938972907289e-01
1.564374208146620093e+00
4.517272072258136095e-01
3.883884546568756591e+00
-5.826151535468169218e-01
6.181091553680710948e-01
-5.514804717501149700e-02
3.570544533079975213e+00
5.173623888720771946e-01
4.079652688947059680e+00
-1.449307598587258328e-01
2.334275307577654779e+00
6.038167421761860831e-01
3.618906724117893603e+00
-6.495759986351661297e-01
2.131909590662284526e-01
-3.691724209095425535e-01
1.749547813008948571e+00
6.055053216780234004e-01
3.308653116647352288e+00
-6.621078722117537119e-01
-1.110821366713602848e-01
-3.272036095501723585e-01
-3.947078829349143225e-02
-4.086926890444230187e-01
8.872516576700875124e-01
2.531683865329434902e-01
4.174101869471036785e+00
-2.238644887747020251e-01
2.025137896506864266e+00
5.633895430547393168e-01
3.611859293739880350e+00
-6.524328750435127722e-01
1.896618467584714751e-01
-3.813627951606038402e-01
1.616576344974238300e+00
5.664950031770283889e-01
3.432581949483660022e+00
-6.673430336128638451e-01
-1.920580271511767786e-02
-3.991254605418584345e-01
4.307642546657501348e-01
-9.239520097831598056e-02
3.441549762330826212e+00
5.677193542291818495e-01
4.077327622047087985e+00
-2.899303401986881856e-01
1.825782504361012304e+00
5.274358170860345973e-01
3.677475620220100883e+00
-6.427005686680173913e-01
2.729309260798330472e-01
-3.297975616089653395e-01
2.109158071083499841e+00
6.749060495121885772e-01
3.049003930133817430e+00
-6.375798163253086903e-01
-2.446304096540554140e-01
-4.501343010888665674e-02
-4.067304365613643169e-01
9.350500106019608015e-01
2.840007016242330762e-01
4.159698779351713505e+00
-3.085205811452796931e-01
1.723772878182914248e+00
5.001613830907758462e-01
3.750057635687009672e+00
-6.259455245854232963e-01
3.929405963809219360e-01
-2.403970474464308116e-01
2.714135067537509549e+00
7.020441978651117410e-01
3.429258078362590556e+00
-6.628965623682181452e-01
2.448422818913860433e-02
-4.125848990375579062e-01
6.693915380346252553e-01
1.075701567622912164e-01
4.062205938273701022e+00
1.730868486116017291e-01
3.346346217977584026e+00
4.923093820283603317e-01
4.091926304940777470e+00
-1.670631129123623382e-01
2.247924877705186120e+00
5.952850333315578002e-01
3.600034961642762710e+00
-6.527660315458360119e-01
1.849660852782144815e-01
-3.816744243088021071e-01
1.615799042250040340e+00
5.659669676468319643e-01
3.437863599170388085e+00
-6.673593292059860627e-01
-1.791396717888865675e-02
-3.999765941938383529e-01
4.408648900384103952e-01
-8.275619539356796062e-02
3.485474255608615568e+00
5.546344941390188854e-01
4.075841477050434314e+00
-2.517561470192365425e-01
1.958228167253576624e+00
5.524250727081952972e-01
3.622500494376789781e+00
-6.513843489611065296e-01
2.024971049656708599e-01
-3.729571396673647121e-01
1.716353273488639530e+00
5.941818660005676600e-01
3.341422513621944645e+00
-6.661899521227659937e-01
-9.314010745903529565e-02
-3.425096131858051951e-01
2.888343376445447197e-02
-3.955011109599707586e-01
1.337427780095702623e+00
4.790769151485860800e-01
3.712019804224829134e+00
-6.400791210287161137e-01
2.972128678729787921e-01
-3.164271882086623355e-01
2.208368787447379855e+00
6.874423758429677456e-01
3.040481026786908458e+00
-6.353518632655682508e-01
-2.463937159274391386e-01
-3.925161666950365003e-02
-4.066331212372945036e-01
9.894559971203793491e-01
3.157889659644931291e-01
4.127274898109589252e+00
-3.874219652921640500e-01
1.425081872964963470e+00
4.041100123263976496e-01
3.997061696502995698e+00
-5.173613200833313552e-01
9.223531753308238379e-01
1.563259936062064981e-01
4.118442834872634073e+00
7.321553138196021382e-02
3.034993336743639247e+00
5.679613983956904866e-01
4.016690796228919780e+00
-4.351034372604593026e-01
1.258504142021828809e+00
3.331310359097894302e-01
4.122259811579025879e+00
-3.810360009481418841e-01
1.458092714944375201e+00
4.181384901565319279e-01
3.962764990641250762e+00
-5.404947804530225719e-01
8.187566991325510024e-01
9.325770297700101963e-02
4.007530502599772504e+00
2.271463532008506370e-01
3.509998606002077803e+00
4.334640665753702882e-01
4.039150425337528105e+00
5.389518769763596007e-03
2.848345358156176843e+00
5.968133410449364407e-01
3.909698187085500543e+00
-5.412375436394913919e-01
8.182896812448714474e-01
9.689351894993525338e-02
4.016337744195324966e+00
2.176708172051106116e-01
3.487364453184614188e+00
4.440506652250600927e-01
4.047951003478979182e+00
-2.291877819265001129e-02
2.754465605080866020e+00
6.039055145912860523e-01
3.853411837376060856e+00
-5.756011858716091334e-01
6.590619082167239462e-01
-2.184741316412867548e-02
3.688597347278360861e+00
4.627893145950088272e-01
4.037032875276643118e+00
2.108149952106189162e-03
2.836294930539970949e+00
5.981411625099121165e-01
3.904101392408244386e+00
-5.453346119047385310e-01
8.041125519117185982e-01
8.391694253761881883e-02
3.986525348125874668e+00
2.475359339917787560e-01
3.570873582888098419e+00
4.087110240964469954e-01
3.996678434265521496e+00
7.212615697959393057e-02
3.075383443029592101e+00
5.653141343960231824e-01
4.034690626114542766e+00
-4.148840520710833646e-01
1.344277047924372415e+00
3.728104939354394687e-01
4.056281808190830063e+00
-4.621236437673965081e-01
1.145726631637868032e+00
2.774305854004608385e-01
4.170229898900001508e+00
-2.421773744813583151e-01
1.956108682379705588e+00
5.478127007053013031e-01
3.647070784065171711e+00
-6.478690366354312724e-01
2.313062668196653460e-01
-3.551117206532474202e-01
1.891426447125111432e+00
6.361599102966906116e-01
3.179729654292507313e+00
-6.541574045491340694e-01
-1.911837498899506826e-01
-1.856850976781863061e-01
-3.468962291564475775e-01
1.139384310245178666e-01
-3.530569991616950287e-01
1.872591160829654822e+00
6.367490598790488399e-01
3.186831949487498594e+00
-6.540105133218112599e-01
-1.850856921150231538e-01
-1.977053438337565139e-01
-3.359086426462446484e-01
5.221097449036933569e-02
-3.848275262513496386e-01
1.513459965036886068e+00
5.395364857238156286e-01
3.527862134388121351e+00
-6.629811297774031997e-01
7.483720511368177619e-02
-4.153350051782718766e-01
9.377464458715536466e-01
2.810071099033651931e-01
4.156335345061490827e+00
-2.989934739998207913e-01
1.761578714518670097e+00
5.099505600984738374e-01
3.717252994019511814e+00
-6.341410987814907196e-01
3.305195443309632553e-01
-2.904928519746166060e-01
2.395892587109795357e+00
6.959390711137686258e-01
3.144419685772652961e+00
-6.510599370553119547e-01
-1.948267598970979675e-01
-1.826364160142006365e-01
-3.489984997832276115e-01
1.276827026977303547e-01
-3.461253651539868970e-01
1.940475654677087602e+00
6.489102075688202298e-01
3.130603844399271640e+00
-6.475607057240081454e-01
-2.152923775523967187e-01
-1.347674495242897619e-01
-3.866811134675571804e-01
4.013222973645146352e-01
-1.157733569295133352e-01
3.347087446608441930e+00
6.015039809341161670e-01
4.040436653558957758e+00
-3.920993430285019121e-01
1.432379310908669989e+00
4.077839893288400797e-01
3.981843689467812197e+00
-5.260106979816034922e-01
8.780316046848486433e-01
1.327837392632674474e-01
4.089052457491479942e+00
1.292021037036491793e-01
3.215101894110741654e+00
5.325558794740118396e-01
4.086118297783517761e+00
-2.940628144505417763e-01
1.803459474428021458e+00
5.242141635149994983e-01
3.678298269482285221e+00
-6.430108177515193590e-01
2.726074559627262861e-01
-3.316639261825567453e-01
2.095006466477573159e+00
6.726914080154714481e-01
3.056854238768418774e+00
-6.378176635069187084e-01
-2.395561165586730656e-01
-5.494748073748692563e-02
-4.070843160735049260e-01
8.873083917225623729e-01
2.544103775561652458e-01
4.174209569486006188e+00
-2.295006134187338176e-01
2.008930093205149703e+00
5.609878891317050531e-01
3.618436721687156243e+00
-6.518418063946506136e-01
1.998321516962654198e-01
-3.746232681772541651e-01
1.699482351404969727e+00
5.908402762125090080e-01
3.358820919918075631e+00
-6.663781685837937285e-01
-8.024204913182907128e-02
-3.557017741555942303e-01
9.554560737054532127e-02
-3.653708117751541251e-01
1.753259011728092176e+00
6.083989204967682474e-01
3.306258061395765058e+00
-6.623066703203273065e-01
-1.151700945756809757e-01
-3.214521213923277609e-01
-6.137648501073934837e-02
-4.067744302986077698e-01
7.306372370593818832e-01
1.518269315346814918e-01
4.130118287565781365e+00
5.806774928686228576e-02
2.984042641041838362e+00
