-3.674778666776717939e-01
4.286547364537646843e+00
3.163415983719423341e+00
4.597908940247210197e+00
4.294945223682755220e+00
4.041320354096266776e+00
4.253163262031556258e+00
3.428460740758710212e+00
4.041007064622524680e+00
3.169011762079218641e+00
3.962635205104020564e+00
3.147864664655972700e+00
3.951725401691910555e+00
3.170259341337369197e+00
3.961379757181903383e+00
3.181283058238519423e+00
3.963761229805560671e+00
3.185633131101373028e+00
3.963352897393163765e+00
3.183770833443578585e+00
3.968829662330265684e+00
3.188374395742786582e+00
3.971141446632232785e+00
3.193207132532598358e+00
3.975930796807891632e+00
3.191941574810062132e+00
3.973107230768176290e+00
3.191061617348931456e+00
3.968249155424231844e+00
3.187154524997102278e+00
3.972771738916647699e+00
3.190440960890496669e+00
3.969091220887288607e+00
3.189876696630324027e+00
3.973368570771962816e+00
3.189769309109902196e+00
3.969960049174741545e+00
3.189458609841346437e+00
3.970403991582438508e+00
3.190698314795151536e+00
3.975236145434028145e+00
3.193005806560821114e+00
3.971662412000138698e+00
3.189376552236740103e+00
3.973981262037140638e+00
3.189794755003731996e+00
3.969591572162789017e+00
3.189129194997948336e+00
3.970705854898602727e+00
3.185601385102368344e+00
3.971378925127153181e+00
3.190390585980889870e+00
3.970772549924884487e+00
3.189468476098227256e+00
3.971597843563384522e+00
3.188499298874799770e+00
3.971331689169547374e+00
3.191528185329750578e+00
3.972404117127282142e+00
3.188050866445942155e+00
3.972107630249278820e+00
3.190978173934837070e+00
3.968389715418553898e+00
3.187564073128794639e+00
3.972671859108675818e+00
3.190216856630405662e+00
3.969211107075736322e+00
3.189861169645138439e+00
3.974226463484491489e+00
3.190378321411225127e+00
3.970378634141405350e+00
3.189417960619499670e+00
3.971488948249656481e+00
3.191400557697001705e+00
3.973587212240237143e+00
3.191091265014324385e+00
3.973040864545877682e+00
3.193591545414005584e+00
3.974414554386892284e+00
3.190255464729442547e+00
3.973750767511213589e+00
3.192928036974562733e+00
3.975279790943352154e+00
3.189816423786979271e+00
3.974294910972958839e+00
3.192135379789048155e+00
3.965729004582172035e+00
3.182786180665382769e+00
3.968702976733154753e+00
3.186921719337390435e+00
3.970589467348586865e+00
3.192321939638885997e+00
3.975255059082302367e+00
3.190693017921758745e+00
3.970889862556426841e+00
3.189132559780309073e+00
3.971466369252667938e+00
3.190754834225179692e+00
3.967774885025233012e+00
3.183776932941860593e+00
3.966181026205681359e+00
3.188174267292091635e+00
3.973286011061264222e+00
3.191071534759686301e+00
3.973319524728814223e+00
3.192843775634986780e+00
3.965415987932294772e+00
3.183488756194092772e+00
3.970365461360955361e+00
3.188369293726788456e+00
3.968320735187620851e+00
3.189932842225560616e+00
3.974015491173879866e+00
3.191275659002615228e+00
3.968890104391233908e+00
3.187294497412212824e+00
3.960847977345559823e+00
3.180202711740273358e+00
3.964407226072737433e+00
3.183668514818885686e+00
3.965713475557794077e+00
3.186913357050954243e+00
3.968809760702810330e+00
3.186428640941183055e+00
3.965416022749132630e+00
3.185271286852505934e+00
3.969730976654665788e+00
3.187050755025745641e+00
3.967686202153841712e+00
3.186936230073456944e+00
3.969462263424537340e+00
3.189272017966804817e+00
3.974349337066465093e+00
3.191747269906772821e+00
3.973728187336861950e+00
3.193495703655277129e+00
3.975028896886801721e+00
3.190031602099766772e+00
3.973968749791474409e+00
3.192331725780610974e+00
3.964953324056719630e+00
3.182590969156212868e+00
3.967999388865375732e+00
3.186986691229871660e+00
3.970220360594559850e+00
3.192690970874417999e+00
3.969975298663109609e+00
3.185666390298951267e+00
3.966089435446183309e+00
3.184829604683055759e+00
3.967238820607035699e+00
3.187622617706534545e+00
3.970343325560263814e+00
3.189094718194009026e+00
3.964581874464786715e+00
3.185459968647057494e+00
3.968821294896495377e+00
3.187279444923825533e+00
3.971076206709601486e+00
3.192552808688801758e+00
3.975883580910349657e+00
3.191443807994304827e+00
3.967618226725008856e+00
3.184521300601853344e+00
3.965938968393673658e+00
3.185923452495200259e+00
3.972632434505175780e+00
3.191201060826959868e+00
3.972551677707075513e+00
3.192434502343349578e+00
3.972961478589755568e+00
3.187998534921391958e+00
3.973793346334274279e+00
3.192643178523272951e+00
3.971081021093645802e+00
3.189730032791761261e+00
3.975091777380746372e+00
3.191949214481393682e+00
3.965419857840782214e+00
3.184240332295902309e+00
3.968949701441491396e+00
3.186553961133181012e+00
3.970464033458988684e+00
3.190926556081411736e+00
3.968267803885413336e+00
3.188239634739273853e+00
3.969309981550306787e+00
3.186537818598403238e+00
3.969371019494180253e+00
3.190171687494422148e+00
3.971512547763961010e+00
3.188235899104676641e+00
3.967903880876892941e+00
3.187019136497177829e+00
3.962233929833539836e+00
3.181966476175558611e+00
3.966305825010099539e+00
3.185054669371798042e+00
3.961678160933264969e+00
3.180722134271507073e+00
3.968666968909048354e+00
3.188048599395655991e+00
3.971161230865316139e+00
3.192878604143317034e+00
3.971468713977149179e+00
3.186043151848137800e+00
3.968966704834872239e+00
3.188261252236046506e+00
3.964014710608815495e+00
3.183021352528802250e+00
3.968501216555366362e+00
3.187622704490326697e+00
3.970755362173830960e+00
3.192799782301652289e+00
3.975524814596743894e+00
3.191642876190424971e+00
3.967366180101042694e+00
3.184829724488534630e+00
3.965653699011849831e+00
3.186142960709166694e+00
3.972654686872982843e+00
3.191714146506568817e+00
3.973131372233159375e+00
3.193879803059477052e+00
3.968945760691389602e+00
3.183448789141469337e+00
3.967037687979519944e+00
3.187649093070588968e+00
3.969118243526374989e+00
3.190491574956202392e+00
3.969122967462562546e+00
3.186332384996926503e+00
3.963966143182157342e+00
3.184666785231736075e+00
3.964894064946092200e+00
3.181933400910341270e+00
3.967073473077914691e+00
3.188841487010522613e+00
3.968194222696999951e+00
3.183393290478363280e+00
3.969871036758144456e+00
3.189111330797944177e+00
3.968224737780118083e+00
3.187722193952980732e+00
3.968439866117009718e+00
3.185086767384078144e+00
3.969443965487990944e+00
3.190471884550020398e+00
3.975724307252974654e+00
3.191839003026409216e+00
3.973138653910495588e+00
3.191446719983692670e+00
3.972435866715668062e+00
3.190991011152912282e+00
3.973916145508404441e+00
3.190540962580986406e+00
3.973363243344757212e+00
3.193277342296710231e+00
3.974810366910443094e+00
3.190051866606918196e+00
3.974236011700526650e+00
3.192774344996191616e+00
3.970807867087549070e+00
3.189533087416265733e+00
3.975059042960537692e+00
3.192239533051334011e+00
3.971666340535214612e+00
3.191794911702709125e+00
3.975927879887550809e+00
3.191748486285493236e+00
3.972545242593703563e+00
3.191310380765980170e+00
3.972022038540678590e+00
3.191322447725573497e+00
3.973464098729114546e+00
3.190842847028574347e+00
3.972697959549854829e+00
3.190635769688377366e+00
3.974638048375180865e+00
3.190666668037906106e+00
3.973856737298874453e+00
3.193070157061797865e+00
3.975191448598126787e+00
3.189794472913426215e+00
3.974579970800795614e+00
3.192522553435268584e+00
3.971163072794931637e+00
3.189303925662417605e+00
3.975362097654085325e+00
3.191972179174360491e+00
3.972055696193602436e+00
3.191626140147019175e+00
3.976201918966019822e+00
3.191442025777063485e+00
3.972859749133421658e+00
3.190577308733581141e+00
3.968409537129709008e+00
3.187144590832092117e+00
3.974411443582922310e+00
3.192213637228215717e+00
3.971876773546041406e+00
3.192146238637295852e+00
3.975257625656852589e+00
3.190944596763855667e+00
3.974330337310412631e+00
3.192912458595178471e+00
3.970738690074944621e+00
3.189574019730934573e+00
3.974853209139680210e+00
3.192203121001587540e+00
3.971483932344526124e+00
3.191339493084632828e+00
3.971882467758090840e+00
3.187898540160611027e+00
3.972822004227906767e+00
3.192790342857469987e+00
3.975220216674312468e+00
3.190069395654496986e+00
3.974654847318759288e+00
3.192495734203692592e+00
3.971323012726466928e+00
3.189292886037474517e+00
3.975656960493637371e+00
3.192036365206744275e+00
3.972233599836449081e+00
3.191546875399132510e+00
3.976266403490655410e+00
3.191287271212623011e+00
3.973586171952793400e+00
3.191574652500160258e+00
3.970807164976443371e+00
3.188811807174782853e+00
3.971263995442845474e+00
3.188175539811566317e+00
3.971065236282340649e+00
3.191459881474768334e+00
3.972271438323727644e+00
3.188115850188288913e+00
3.971680277585628360e+00
3.190731858355049688e+00
3.968267951625712442e+00
3.187666208907018461e+00
3.973598660635939250e+00
3.191690612406521854e+00
3.973408209332654373e+00
3.193839255729447935e+00
3.974700105562685160e+00
3.190233802647913119e+00
3.974020417482987177e+00
3.192879553194089226e+00
3.970577753134124421e+00
3.189664234296717193e+00
3.974896213997157979e+00
3.192435593587297227e+00
3.971469465509281704e+00
3.189194226924784825e+00
3.975731038415148078e+00
3.191902137035629305e+00
3.972305027714778003e+00
3.191421135027237455e+00
3.976520526885009676e+00
3.191350529129075575e+00
3.973207909280782602e+00
3.190998597075785703e+00
3.972218510319004636e+00
3.190554134380724882e+00
3.968579546224654919e+00
3.184022867845341498e+00
3.966733064085259386e+00
3.188157968388042107e+00
3.973364301392855680e+00
3.190692461983946515e+00
3.973988440703926983e+00
3.193097746325474606e+00
3.966987202851430361e+00
3.184545839144369950e+00
3.971096339709029976e+00
3.188390828297891666e+00
3.968584413559794744e+00
3.189682737807514101e+00
3.969024730843634163e+00
3.184854658424757012e+00
3.970068931677516400e+00
3.190273491829552555e+00
3.971862690769020432e+00
3.191938291041503284e+00
3.973896137540632978e+00
3.191265270326190784e+00
3.971223662177500113e+00
3.191274254979443725e+00
3.971805311925990623e+00
3.187948916224232931e+00
3.972251529473906473e+00
3.192270932918310322e+00
3.976918978628700696e+00
3.191717069112410599e+00
3.973414389778795019e+00
3.190914862880377179e+00
3.972540812566749402e+00
3.190631827231283690e+00
3.974100105811936068e+00
3.190339071603335519e+00
3.973430153506320117e+00
3.192974125642645156e+00
3.975014358805383008e+00
3.189893716477937957e+00
3.974440761281535117e+00
3.192592252045512780e+00
3.971104848867311521e+00
3.189437804415938160e+00
3.975128133224407279e+00
3.191898076476215707e+00
3.972551644521757019e+00
3.192287154856969789e+00
3.970694305054331963e+00
3.184999082045510743e+00
3.968151337906712151e+00
3.188041799729009806e+00
3.969734393562563302e+00
3.190445994467694391e+00
3.975311190473258982e+00
3.193020652864509756e+00
3.971943245829920421e+00
3.192018676093447027e+00
3.976003074394246717e+00
3.191711987661398631e+00
3.972595530284799281e+00
3.191306873102299768e+00
3.971682925774135953e+00
3.190967629822663465e+00
3.966865402645989747e+00
3.183311830716843982e+00
3.965642262561591913e+00
3.185726607502054275e+00
3.972034363967203774e+00
3.190092328941416699e+00
3.969819310390905187e+00
3.190126807404239262e+00
3.970970347769084974e+00
3.185795948503832520e+00
3.966963063068541739e+00
3.184754154865578002e+00
3.962566204370500778e+00
3.181725819048962567e+00
3.964505122720415997e+00
3.182470173550777215e+00
3.966835324651894368e+00
3.189227240280288367e+00
3.970105284182720240e+00
3.187542617391041944e+00
3.967454470768381647e+00
3.186606890601213937e+00
3.968661361028347656e+00
3.188864159287399414e+00
3.969958534140750395e+00
3.186920318320160650e+00
3.970177575580887464e+00
3.191078025387470873e+00
3.970795907256239765e+00
3.186119142586472996e+00
3.971018586759490709e+00
3.190535043502740642e+00
3.965960407444933722e+00
3.184745701022913877e+00
3.970641634817842380e+00
3.188628458382108288e+00
3.968363497149695718e+00
3.189942723672763325e+00
3.967712094526735012e+00
3.183999829243870039e+00
3.967038595324278383e+00
3.188436608711784359e+00
3.973992191138833174e+00
3.190824820827852903e+00
3.968253845584320594e+00
3.185770836666396377e+00
3.968763941170161402e+00
3.188112713273413945e+00
3.975302700409091727e+00
3.192605117417461891e+00
3.972507371533009479e+00
3.192013331469895299e+00
3.974870114080476746e+00
3.189432832509328630e+00
3.970456220062944297e+00
3.188689705051407586e+00
3.970054470598066487e+00
3.189026031668880101e+00
3.971363994007159004e+00
3.188590179418019588e+00
3.967631571606510033e+00
3.187491769302123856e+00
3.973122139596092062e+00
3.189474398245522480e+00
3.967471342183230831e+00
3.185730947207290775e+00
3.968086598212142491e+00
3.188284954330532717e+00
3.974348918130861996e+00
3.192538631794956228e+00
3.971791178696698399e+00
3.192197254652330063e+00
3.975965488029002515e+00
3.191754525249578922e+00
3.972591083953174174e+00
