9.451028838887463035e-01
4.375861476961571128e+00
4.761644097775777240e+00
2.468567878372002866e+00
2.982641825050811768e+00
4.044053606637175169e-01
3.279416330912494182e+00
1.027035709147148701e+00
3.230541729073229895e+00
8.188311621277550856e-01
3.165767065362814492e+00
7.986658406651859776e-01
3.193625624350779901e+00
8.309750855687515481e-01
3.191437677534239903e+00
8.212461936884285496e-01
3.187974617368877883e+00
8.197031541550515721e-01
3.188900456803676065e+00
8.213074979727355007e-01
3.186738472600255001e+00
8.206187294802138599e-01
3.191929562363729822e+00
8.225400362060404369e-01
3.189830984699518091e+00
8.212518497121056305e-01
3.189331763022184685e+00
8.220708876629465589e-01
3.190060982779542087e+00
8.209889612542532467e-01
3.189212039437522073e+00
8.204770187394175851e-01
3.187512879252828668e+00
8.203442343248557034e-01
3.187324343227729617e+00
8.212579564793626163e-01
3.191663003216940186e+00
8.221469237433459698e-01
3.189403350853080799e+00
8.212489278001809945e-01
3.189526028214200615e+00
8.218281419568983504e-01
3.189331974306877981e+00
8.202004526296765574e-01
3.190818584024126103e+00
8.225040041877900165e-01
3.189727772783114368e+00
8.218208521940137956e-01
3.187507650415148941e+00
8.206447140801891305e-01
3.193201178879927493e+00
8.235568422491785778e-01
3.190222933476406286e+00
8.213789121142504035e-01
3.188432962179160057e+00
8.204151883752062169e-01
3.190416624216746655e+00
8.215274603088480454e-01
3.189404646817022293e+00
8.205206925628673043e-01
3.190036592935473259e+00
8.224800220845641663e-01
3.187951290823444417e+00
8.211284812426339341e-01
3.190451687836890926e+00
8.209025079307876727e-01
3.190034107275569131e+00
8.218093628798697203e-01
3.191047539122163990e+00
8.230055769628547013e-01
3.188825359662509129e+00
8.196118939915351120e-01
3.188366821272602625e+00
8.204917689900901312e-01
3.189114915221810342e+00
8.215457706106877867e-01
3.187663573541158257e+00
8.210007387411003554e-01
3.193098691797768840e+00
8.234342189151687696e-01
3.191951413284705108e+00
8.226698742432120293e-01
3.189724378186963527e+00
8.215075768559954028e-01
3.191681311888846739e+00
8.222983568478228200e-01
3.188694230371297955e+00
8.201085801934401287e-01
3.186903145043066488e+00
8.191422625160795778e-01
3.190206919736501501e+00
8.231919726728855746e-01
3.190718191975494111e+00
8.216027009121389391e-01
3.191226274607064983e+00
8.223002213245066416e-01
3.189053856089186123e+00
8.222771446033999565e-01
3.190864447960751527e+00
8.211128353178890338e-01
3.187933054219518780e+00
8.196740341237531702e-01
3.189235691176800280e+00
8.216964704625812077e-01
3.188435232495714367e+00
8.209985197326272743e-01
3.190008887329611298e+00
8.207542936066145600e-01
3.191748028938061310e+00
8.228528762222794279e-01
3.189322996643389807e+00
8.214144963850462666e-01
3.190222770614413061e+00
8.209272645887560893e-01
3.189358115018586126e+00
8.204912987670911484e-01
3.188666590914116750e+00
8.209488042465179491e-01
3.188302158121450347e+00
8.214677621091165394e-01
3.191101265581460567e+00
8.212940059436955043e-01
3.191264941013750356e+00
8.222631269091884576e-01
3.189361354621720324e+00
8.221907970657625908e-01
3.190734865281814159e+00
8.209189352431259801e-01
3.188072150856477993e+00
8.197232600683107551e-01
3.189264241083473728e+00
8.216066500192742428e-01
3.188307455929183298e+00
8.210485756167226201e-01
3.191471240012981436e+00
8.216081383763310653e-01
3.191007918182138248e+00
8.217844110540112323e-01
3.190532879508607866e+00
8.222981827895776696e-01
3.189556721141602935e+00
8.201084389482601322e-01
3.191046478858011515e+00
8.223774570473539880e-01
3.188391565574498987e+00
8.204447727658292777e-01
3.188825130649743045e+00
8.219531478310093675e-01
3.191341624693483148e+00
8.211602119090946061e-01
3.192622978309936688e+00
8.234923391040859242e-01
3.191629074352814399e+00
8.229253675778559485e-01
3.189407541202496255e+00
8.195865824961880985e-01
3.191298889664147875e+00
8.224789251065268703e-01
3.188337552094490768e+00
8.203189073416773391e-01
3.186523509759345174e+00
8.193108181936914480e-01
3.190850375042451059e+00
8.212319661924453174e-01
3.190725651055677403e+00
8.218266580776402153e-01
3.189840972948400744e+00
8.227160455614027645e-01
3.192349612550312798e+00
8.225670162969482835e-01
3.188693826900930617e+00
8.204342097422403501e-01
3.190215071045185091e+00
8.217269916886283943e-01
3.189756705896582112e+00
8.222835375330757035e-01
3.191488500058447642e+00
8.208542734770246652e-01
3.192631123456997067e+00
8.233901353580929117e-01
3.190118798485237495e+00
8.216692427015509503e-01
3.188444388492714499e+00
8.194283083203085516e-01
3.189786029500832676e+00
8.209127185535745053e-01
3.188820818451847394e+00
8.207270372483904675e-01
3.190004343633180195e+00
8.228125594213158145e-01
3.191221106203431468e+00
8.210399038415812090e-01
3.188973886276076364e+00
8.205170714079053074e-01
3.193235006449227864e+00
8.247716184770702563e-01
3.189834499862475248e+00
8.200347860749064299e-01
3.189250481256975078e+00
8.204175912890970812e-01
3.189113708313385587e+00
8.208857570777354784e-01
3.188380060018870754e+00
8.211281264090071197e-01
3.190078064964907867e+00
8.207486106894886779e-01
3.191823462083066332e+00
8.225890869703016417e-01
3.192057375274193198e+00
8.232570029727769301e-01
3.187267170181983467e+00
8.185829383528793191e-01
3.190674412293625473e+00
8.219569623764466648e-01
3.189134129572422260e+00
8.203507894944963574e-01
3.187097788388231212e+00
8.203426441255823320e-01
3.188665130597073905e+00
8.222906868761005184e-01
3.191078077298964200e+00
8.212361972681873068e-01
3.189317764774873165e+00
8.213377897365179425e-01
3.190955814067692131e+00
8.232720946895623060e-01
3.188552753622353464e+00
8.197356400543475141e-01
3.189389385295208434e+00
8.213321090606944264e-01
3.188816778009845976e+00
8.210861779303366692e-01
3.189338869570179202e+00
8.228411963717375821e-01
3.190581070944214837e+00
8.218358605218193391e-01
3.191258346625568620e+00
8.225921033293198681e-01
3.188925406051422939e+00
8.210885068654756314e-01
3.189149300873625137e+00
8.203297655651243803e-01
3.190865848482974165e+00
8.226251292523142356e-01
3.188175949405296805e+00
8.206392493530294541e-01
3.187508296307775879e+00
8.210039878308350580e-01
3.190960035936733163e+00
8.207508737773890894e-01
3.189285632953662741e+00
8.211728893184797595e-01
3.189942719253703096e+00
8.222755596466581052e-01
3.190003389758873986e+00
8.204332014125348405e-01
3.187735993626379827e+00
8.199240148020047192e-01
3.189403931275672566e+00
8.220064501313500971e-01
3.187004420279344608e+00
8.206002246483125040e-01
3.191689995319845430e+00
8.222583031459902436e-01
3.190892909841609892e+00
8.217178815934351732e-01
3.188955986505135787e+00
8.215497379246917697e-01
3.190273458685594754e+00
8.211892118786707773e-01
3.188412803050447497e+00
8.201790178448837842e-01
3.190363583592921159e+00
8.229583513233316161e-01
3.187503509749552766e+00
8.214267607192384801e-01
3.191873619545502638e+00
8.221346109163213400e-01
3.189637793709688474e+00
8.205121019637484636e-01
3.190622092746374872e+00
8.229866894660619048e-01
3.189753668986327728e+00
8.202049961373384379e-01
3.190680402308877728e+00
8.222718169921655607e-01
3.188586634888788129e+00
8.211972807648590944e-01
3.187968705469186759e+00
8.212317891420807259e-01
3.191549102925580250e+00
8.215397602050806825e-01
3.189581506626704588e+00
8.212071227016679575e-01
3.190886626391975955e+00
8.229886348425129450e-01
3.189319973648111262e+00
8.200185957885750554e-01
3.190897654482482526e+00
8.224764264129471592e-01
3.189736042308912722e+00
8.217228051959989399e-01
3.187530546378878782e+00
8.205913544124925352e-01
3.193326862397166899e+00
8.235416573561720188e-01
3.190315974500931961e+00
8.213220423011216020e-01
3.190986873492799969e+00
8.230519701642213803e-01
3.189747429756239150e+00
8.200450862682885367e-01
3.190795607450891413e+00
8.222686653828024106e-01
3.189799359521781952e+00
8.217557553253019842e-01
3.187598678164591526e+00
8.205777382106974605e-01
3.193341619671481446e+00
8.235028684017923206e-01
3.190353774574241630e+00
8.213090618092455664e-01
3.191069813172373149e+00
8.230587569614460364e-01
3.189839179741928987e+00
8.200382391792844228e-01
3.190801081181386500e+00
8.222187368139743935e-01
3.189804746291779125e+00
8.217263373624297262e-01
3.187619609727876835e+00
8.205626234938128150e-01
3.193381852845649682e+00
8.234900268956557579e-01
3.190391434381510738e+00
8.212908640777764058e-01
3.189472580281134562e+00
8.217936175390539999e-01
3.189579019750349076e+00
8.201928111574960933e-01
3.189326016946774978e+00
8.204723852132363993e-01
3.187984098327670157e+00
8.204667400848071335e-01
3.187521680602913854e+00
8.203738038641736896e-01
3.189418818623516394e+00
8.203611304548527050e-01
3.191675270635539352e+00
8.229116585407509898e-01
3.189785193361629467e+00
8.216158085257909693e-01
3.191588535564604090e+00
8.221740980908752716e-01
3.188921238636530209e+00
8.208657681861462052e-01
3.188861993191888011e+00
8.211599069193511458e-01
3.187337918160308092e+00
8.199970312468667366e-01
3.190526326758461373e+00
8.208750340822117408e-01
3.191537353019215040e+00
8.220999446609167371e-01
3.189231765078174963e+00
8.213149616600702307e-01
3.190378693711792391e+00
8.209493571119420574e-01
3.189276507754654766e+00
8.203490890684959069e-01
3.190368797844870041e+00
8.225366489831188455e-01
3.187608681659002130e+00
8.212129259992480002e-01
3.192546948748468782e+00
8.224440639319389179e-01
3.189947517411931166e+00
8.208900665435101551e-01
3.189733462579457335e+00
8.219743737870341960e-01
3.190369770399623217e+00
8.207590767699390888e-01
3.190616151709527504e+00
8.216374311296400501e-01
3.187248057521772981e+00
8.199044077837653877e-01
3.187259886563510225e+00
8.210672977977082621e-01
3.191235273881463108e+00
8.215689995312879246e-01
3.191282428319235365e+00
8.220465086144130851e-01
3.192094678519382001e+00
8.236392531130166672e-01
3.189544530684830903e+00
8.198293596748833512e-01
3.187373946787001255e+00
8.193529298018433771e-01
3.191589022227748540e+00
8.235580905692982956e-01
3.188065467141925069e+00
8.205357793360295027e-01
3.190685674163410201e+00
8.207544459471143306e-01
3.191519424843226815e+00
8.222724816647714041e-01
3.192211662041131603e+00
8.235956814990375019e-01
3.189890713382858678e+00
8.203411384980775489e-01
3.189323563259311545e+00
8.204501751819153199e-01
3.188981049425779091e+00
8.208160188804897173e-01
3.188769167066101140e+00
8.214737029222480835e-01
3.190502350793162467e+00
8.207650017149772381e-01
3.191885154199686436e+00
8.226049822308642012e-01
3.189502244267065745e+00
8.212867156895027332e-01
3.190576207431846001e+00
8.208998748881851659e-01
3.188923942592575056e+00
8.200369809908296670e-01
3.189207427956558316e+00
8.208575344670762108e-01
3.188291678864658252e+00
8.207983672142520337e-01
3.190647721750301091e+00
8.209048561791654208e-01
3.191620388999551139e+00
8.223293820107180352e-01
3.190763480971837041e+00
8.219013243316033446e-01
3.191505370981706502e+00
8.238449576321188461e-01
3.188955136020299896e+00
8.206391183404462275e-01
3.189572279898348572e+00
8.213476190234114682e-01
3.187312562704843089e+00
8.199310804675307152e-01
3.187504722701788751e+00
8.212775687940384595e-01
3.193282331887119518e+00
8.236456403101407586e-01
3.189482049633407534e+00
8.217165189843613771e-01
3.191006493121347987e+00
8.221807480044344141e-01
3.187217851742484065e+00
8.188312275323020861e-01
3.188650903498126521e+00
8.212012395241171658e-01
3.189166874069671920e+00
8.216515448825337797e-01
3.187265019501154484e+00
8.208032196620255183e-01
3.191530815039979707e+00
8.210742362175676989e-01
3.190992428308544682e+00
8.223287350698909037e-01
3.190376638980191082e+00
8.221281431108191651e-01
3.191004054913321397e+00
8.219140661616846089e-01
3.188711386946169846e+00
8.204073996642591293e-01
3.187816720718358088e+00
8.211084309848617480e-01
