6.852092747018544650e+00
-1.266331147816895708e+00
-5.389213951557999538e-01
2.025650381258398802e+00
-4.907487037874658231e-01
5.711722966116705019e-02
3.314472660249035418e-01
-2.650205474652170268e-02
1.555142666039159849e-01
1.111824825312709708e-01
9.252932250393859637e-02
1.233267998734467463e-01
1.005225277093186043e-01
1.117315859302856762e-01
1.109003470137583103e-01
1.086008752832687552e-01
1.096244454228883503e-01
1.099794820069978224e-01
1.105097878360464247e-01
1.075917143895298023e-01
1.103489668227647658e-01
1.101776424429811302e-01
1.073101480634596205e-01
1.103497095586890714e-01
1.096618625744252284e-01
1.071734583429267834e-01
1.099826647875126739e-01
1.093944080100812399e-01
1.068587849807301204e-01
1.097328628581438759e-01
1.090817080950450130e-01
1.065968214916985374e-01
1.094189281708836670e-01
1.133091479198193169e-01
1.062945955187268032e-01
1.091452465764370522e-01
1.130120780752735810e-01
1.060146621378225407e-01
1.088480527339271559e-01
1.127277432736508711e-01
1.057212136156250176e-01
1.085648195476327516e-01
1.124359636094497406e-01
1.054356891881003400e-01
1.082733097463058347e-01
1.121486602387632148e-01
1.051454416375107170e-01
1.124836882555170503e-01
1.118587343470669321e-01
1.048580003777073444e-01
1.121940145264816169e-01
1.115703885804492645e-01
1.045689073714429207e-01
1.119060844070230293e-01
1.112811257513999369e-01
1.042808113087525246e-01
1.116171381213611064e-01
1.109924264509281611e-01
1.039921417119211294e-01
1.113288134438799870e-01
1.107034117053145583e-01
1.037038308981620693e-01
1.110401385547884756e-01
1.104146029344805074e-01
1.079124824003861033e-01
1.107516901508182050e-01
1.101256906866128760e-01
1.076239285405534846e-01
1.104631260226924261e-01
1.098368585681997467e-01
1.073353137702507676e-01
1.101746492417483292e-01
1.095479976249062321e-01
1.070467538171333277e-01
1.098861393072698978e-01
1.092591725060797353e-01
1.067581800141723797e-01
1.095976677239523522e-01
1.134736440398377150e-01
1.064696331083526959e-01
1.093091920622038249e-01
1.131846535379414792e-01
1.061810889214351017e-01
1.090207375022004266e-01
1.128956697385148505e-01
1.058925618031553301e-01
1.087322891003258962e-01
1.126067006710167462e-01
1.056040432387186229e-01
1.084438557255484326e-01
1.123177415714990551e-01
1.053155382796823886e-01
1.081554321179518663e-01
1.120287952663881342e-01
1.050270439322543992e-01
1.123639087564182182e-01
1.117398600815461690e-01
1.047385619717848687e-01
1.120753263495874452e-01
1.114509370103943103e-01
1.044500913448052209e-01
1.117867560720162412e-01
1.111620254633563787e-01
1.041616326798453646e-01
1.114981972677294986e-01
1.108731257935519771e-01
1.038731856016118504e-01
1.112096503315332663e-01
1.105842377891500528e-01
1.080820143204349604e-01
1.109211150253487932e-01
1.102953615805499360e-01
1.077934079694353453e-01
1.106325914953917855e-01
1.100064970893007837e-01
1.075048133711264814e-01
1.103440796538310842e-01
1.097176443631362047e-01
1.072162304764495422e-01
1.100555795538467330e-01
1.094288033750705352e-01
1.069276593161260502e-01
1.097670911640665353e-01
1.091399741420612940e-01
1.066390998707760357e-01
1.094786145051447057e-01
1.133543802929966732e-01
1.063505521539939019e-01
1.091901495644371223e-01
1.130653914758875528e-01
1.060620161575100973e-01
1.089016963519231496e-01
1.127764143971019400e-01
1.057734918890507886e-01
1.086132548596646097e-01
1.124874490629018398e-01
1.054849793420912646e-01
1.083248250964305437e-01
1.121984954682536395e-01
1.051964785244181161e-01
1.125334017262859809e-01
1.119095536194962826e-01
1.049079894279773828e-01
1.122448126967817011e-01
1.116206235110263206e-01
1.046195120640592002e-01
1.119562353785847342e-01
1.113317051509629257e-01
1.043310464205436938e-01
1.116676697871685636e-01
1.110427985312487098e-01
1.040425925096090110e-01
1.113791159101267941e-01
1.107539036599827359e-01
1.037541503250970221e-01
1.110905737540094640e-01
1.104650205346854319e-01
1.079629084253350968e-01
1.108020433217873635e-01
1.101761491538132687e-01
1.076743069331468489e-01
1.105135246066847737e-01
1.098872895224951157e-01
1.073857171597276672e-01
1.102250176163914186e-01
1.095984416371768994e-01
1.070971391112028603e-01
1.099365223451701512e-01
1.093096055025186697e-01
1.068085727839847288e-01
1.096480387972983694e-01
1.135241122765032057e-01
1.065200181783277772e-01
1.093595669753438665e-01
1.132351165616029970e-01
1.062314753000007522e-01
1.090711068732687500e-01
1.129461325895161072e-01
1.059429441427739010e-01
1.087826584983452444e-01
1.126571603571693836e-01
1.056544247125969921e-01
1.084942218452130958e-01
1.123681998693615153e-01
1.053659170028571901e-01
1.082057969228269190e-01
1.120792511199025510e-01
1.050774210255826513e-01
1.124143029850025732e-01
1.117903141181992716e-01
1.047889367685174156e-01
1.121257187915363357e-01
1.115013888560339450e-01
1.045004642443208842e-01
1.118371463091949319e-01
1.112124753440280334e-01
1.042120034397639172e-01
1.115485855544910976e-01
1.109235735713819671e-01
1.039235543669187189e-01
1.112600365172130568e-01
1.106346835454274924e-01
1.081324129230736703e-01
1.109714991944933393e-01
1.103458052683254781e-01
1.078438045422996094e-01
1.106829735987790997e-01
1.100569387365055996e-01
1.075552078856148591e-01
1.103944597227330404e-01
1.097680839522629515e-01
1.072666229489023376e-01
1.101059575718811023e-01
1.094792409134530686e-01
1.069780497415489806e-01
1.098174671341257819e-01
1.091904096301487825e-01
1.066894882470387773e-01
1.095289884294290972e-01
1.134048456981058134e-01
1.064009384852019624e-01
1.092405214396505730e-01
1.131158548320544133e-01
1.061124004397168974e-01
1.089520661810103874e-01
1.128268757014057044e-01
1.058238741249699216e-01
1.086636226400808092e-01
1.125379083179314232e-01
1.055353595297350011e-01
1.083751908301383154e-01
1.122489526723853548e-01
1.052468566659498367e-01
1.125837973169535461e-01
1.119600087733016031e-01
1.049583655222894873e-01
1.122952062402137047e-01
1.116710766156851498e-01
1.046698861068440789e-01
1.120066268793186159e-01
1.113821562027001721e-01
1.043814184180513055e-01
1.117180592396663924e-01
1.110932475324931529e-01
1.040929624599044173e-01
1.114295033146301128e-01
1.108043506109816501e-01
1.038045182249401621e-01
1.111409591149483955e-01
1.105154654329220804e-01
1.080133061944745093e-01
1.108524266325521118e-01
1.102265920025558704e-01
1.077247026534430691e-01
1.105639058729642465e-01
1.099377303184392168e-01
1.074361108341068544e-01
1.102753968348513941e-01
1.096488803822387031e-01
1.071475307368363883e-01
1.099868995194261401e-01
1.093600421935099487e-01
1.068589623663270538e-01
1.096984139209008918e-01
1.135745788862682210e-01
1.065704057123322140e-01
1.094099400520928966e-01
1.132855811216537806e-01
1.062818607844948776e-01
1.091214779053940459e-01
1.129965950978200767e-01
1.059933275814947951e-01
1.088330274809585635e-01
1.127076208173711375e-01
1.057048061020215562e-01
1.085445887819325439e-01
1.124186582768530451e-01
1.054162963499621491e-01
1.082561618061078784e-01
1.121297074805749361e-01
1.051277983186095083e-01
1.124646977352481564e-01
1.118407684234790367e-01
1.048393120198546219e-01
1.121761114882640353e-01
1.115518411148907346e-01
1.045508374418454706e-01
1.118875369667535480e-01
1.112629255473708834e-01
1.042623745936283597e-01
1.115989741621689763e-01
1.109740217254925609e-01
1.039739234729969014e-01
1.113104230765193103e-01
1.106851296496856457e-01
1.036854840792481441e-01
1.110218837131210223e-01
1.103962493192367222e-01
1.078942014668730354e-01
1.107333560647556503e-01
1.101073807389645748e-01
1.076056027603537885e-01
1.104448401450000700e-01
1.098185239014244780e-01
1.073170157823132853e-01
1.101563359402681908e-01
1.095296788157072015e-01
1.070284405203862227e-01
1.098678434642968715e-01
1.092408454756009228e-01
1.067398769846798628e-01
1.095793627078140153e-01
1.134553114628017861e-01
1.064513251722949139e-01
1.092908936741505410e-01
1.131663185452373432e-01
1.061627850819769764e-01
1.090024363651207195e-01
1.128773373672954800e-01
1.058742567166805898e-01
1.087139907811858208e-01
1.125883679303002344e-01
1.055857400806790719e-01
1.084255569145507192e-01
1.122994102396386307e-01
1.052972351595722472e-01
1.081371347877214395e-01
1.120104642838842951e-01
1.050087419785006998e-01
1.123456001362710538e-01
1.117215300816388895e-01
1.047202605051413826e-01
1.120570187433244658e-01
1.114326076089147827e-01
1.044317907783634536e-01
1.117684490451195944e-01
1.111436968953293525e-01
1.041433327634964795e-01
1.114798910832123097e-01
1.108547979175524834e-01
1.038548864868364258e-01
1.111913448306062480e-01
1.105659106900798438e-01
1.080637043212952786e-01
1.109028103031771545e-01
1.102770352088068562e-01
1.077750987320686554e-01
1.106142874977415202e-01
1.099881714727682369e-01
1.074865048689974539e-01
1.103257764076116393e-01
1.096993194882823902e-01
1.071979227214342190e-01
1.100372770485370383e-01
1.094104792469704629e-01
1.069093523036456078e-01
1.097487894038784717e-01
1.091216507584196610e-01
1.066207936020818342e-01
1.094603134886747986e-01
1.133360460393595254e-01
1.063322466310893943e-01
1.091718492891326081e-01
1.130470579694135003e-01
1.060437113747227517e-01
1.088833968250445400e-01
1.127580816335046615e-01
1.057551878502682036e-01
1.085949560775160139e-01
1.124691170428771952e-01
1.054666760525664465e-01
1.083065270509999678e-01
1.121801641971020835e-01
1.051781759736202249e-01
1.125150928385806048e-01
1.118912230904934857e-01
1.048896876245320187e-01
1.122265045491876445e-01
1.116022937286534622e-01
1.046012110009014590e-01
