4.433412387961276901e-01
4.479060778424115874e+00
4.373015563662959515e+00
3.434953575696828132e+00
4.050634881295937184e+00
1.694109168305945712e+00
3.272445137247805391e+00
1.236690776866393726e+00
3.411515469480002505e+00
1.528273692489579894e+00
3.488228253458939498e+00
1.546700427261420208e+00
3.465695561867929264e+00
1.509516258410894540e+00
3.459432767095438344e+00
1.509512261184742909e+00
3.461189960017399869e+00
1.511007781294084529e+00
3.465525950042941616e+00
1.514387186047126521e+00
3.464287109040275148e+00
1.512873379054027634e+00
3.459853480294659889e+00
1.511688428948403384e+00
3.466552188920945188e+00
1.517639579763827351e+00
3.464517653847660750e+00
1.513362858666843280e+00
3.463547040907849262e+00
1.512646716806541169e+00
3.462100498954368000e+00
1.510827040191910831e+00
3.457437279498588367e+00
1.509747077132207682e+00
3.462111533067606217e+00
1.514041766885538598e+00
3.465184928359509975e+00
1.515312939299220174e+00
3.462440216950582794e+00
1.511509729604525010e+00
3.461368933757753563e+00
1.511075138015564256e+00
3.459185348123839265e+00
1.510386714383645801e+00
3.458137694171779852e+00
1.511598083567895490e+00
3.464802993794977581e+00
1.513438917874679213e+00
3.467786290097105706e+00
1.513509736840686237e+00
3.463047545779155190e+00
1.511110210630299155e+00
3.465358599168460785e+00
1.513621399657567812e+00
3.461053136847686673e+00
1.511274564951941235e+00
3.463087090823692815e+00
1.514630937876478622e+00
3.458892137817545009e+00
1.512212571332351985e+00
3.459935742137860260e+00
1.514336275290718348e+00
3.463592221778831970e+00
1.512762827479225747e+00
3.465157509781986001e+00
1.512012152683235078e+00
3.458690388790822468e+00
1.508999205334035754e+00
3.463233928130725392e+00
1.513216191936845423e+00
3.459162204743185587e+00
1.510322488717323219e+00
3.461918488192063492e+00
1.513113262522088664e+00
3.461721304453443615e+00
1.511525636308040710e+00
3.458461287177050814e+00
1.510944814503407230e+00
3.462922014850477126e+00
1.513265957737812917e+00
3.466596924311980743e+00
1.514278562875150724e+00
3.461162071417171138e+00
1.510670237135079308e+00
3.465743210975797517e+00
1.514738342187001319e+00
3.466081384476175309e+00
1.513210448260109864e+00
3.459226904228829724e+00
1.510335025670644260e+00
3.462772908527635085e+00
1.514434694855380847e+00
3.464659140336533660e+00
1.511456246584683250e+00
3.463201324872430042e+00
1.511874799988274010e+00
3.462699724345143615e+00
1.511596928862174005e+00
3.463248959023666806e+00
1.511427343814538027e+00
3.463606796650139596e+00
1.511628451771658721e+00
3.461974479647448089e+00
1.512336463829411670e+00
3.461677235355317794e+00
1.512254987093150982e+00
3.462224994465531225e+00
1.511804067592789069e+00
3.458213598241766551e+00
1.509886990756233338e+00
3.462885403772788973e+00
1.511688208663390931e+00
3.465381189294656217e+00
1.513159209611014688e+00
3.463764159165311440e+00
1.512566677051934594e+00
3.459059837317061792e+00
1.511439706305282016e+00
3.463936773596453467e+00
1.514926222487246399e+00
3.465159251735023815e+00
1.513381061183261878e+00
3.463561399828954723e+00
1.512322821522241956e+00
3.463366331063766346e+00
1.510634903402172657e+00
3.463167472062024022e+00
1.510568263331139249e+00
3.459517938147017801e+00
1.509964523369544898e+00
3.459918896815452172e+00
1.512404036903517213e+00
3.461766770629898016e+00
1.512760054738875759e+00
3.461713203248778736e+00
1.512415347598506710e+00
3.459256538333073117e+00
1.511907884614734243e+00
3.463170909358568750e+00
1.513919523271848755e+00
3.464106276558658770e+00
1.511581677033173587e+00
3.465943126606344293e+00
1.513274196736500432e+00
3.461703931850600657e+00
1.511051184416368764e+00
3.458989845882750380e+00
1.511909376783733938e+00
3.461375777427924127e+00
1.514578344025418133e+00
3.466081428577274970e+00
1.517380952075753742e+00
3.460561714362973884e+00
1.512419779347713211e+00
3.461146669376408358e+00
1.514375049365988435e+00
3.462699454722048209e+00
1.512133166847800858e+00
3.462661574332861480e+00
1.511877105821117340e+00
3.458907861843476983e+00
1.510755986408641505e+00
3.463440371280530616e+00
1.513796999905707708e+00
3.462176911107285981e+00
1.510976170834037013e+00
3.457801731714729598e+00
1.510053435382668230e+00
3.462310547918898251e+00
1.513754062123832345e+00
3.462217852409335883e+00
1.511965995471022506e+00
3.466347823515911308e+00
1.512223868118337533e+00
3.464607853141218996e+00
1.511106038394148143e+00
3.461806980052826166e+00
1.510638519400838709e+00
3.465124074947140365e+00
1.515190958031444435e+00
3.464442565714562328e+00
1.513398549866165954e+00
3.464442374103076094e+00
1.514491083642455660e+00
3.463415056879779907e+00
1.513410589075907087e+00
3.462948740042918416e+00
1.510617615651810075e+00
3.460394470808582756e+00
1.509529570769877260e+00
3.463627782824806989e+00
1.513767605727859511e+00
3.462827747013968338e+00
1.511920745839615332e+00
3.462912966021364891e+00
1.511520395541577910e+00
3.462087026281495117e+00
1.510943901904237663e+00
3.458928642912921347e+00
1.509859528987315569e+00
3.461979867624529916e+00
1.514346514746321315e+00
3.465577666896474618e+00
1.512784939339355983e+00
3.464908938532520466e+00
1.511950514518812572e+00
3.464690377643497854e+00
1.512050203448739083e+00
3.465952266508664170e+00
1.513005388879009372e+00
3.459705396537040123e+00
1.510355909595768376e+00
3.463319652191872322e+00
1.515039942778105608e+00
3.463655114256353418e+00
1.514596493106978636e+00
3.464069887859732244e+00
1.514055578947422376e+00
3.462770900488415737e+00
1.510431567988933299e+00
3.460434255813661153e+00
1.509651047755041775e+00
3.462137715268650329e+00
1.511545973104577056e+00
3.460690975793609958e+00
1.510446002562302992e+00
3.462779965093916612e+00
1.511848583378375244e+00
3.454855793646726347e+00
1.508293108240402525e+00
3.456348661219175167e+00
1.512469789285023403e+00
3.464144540685426765e+00
1.515879099289749066e+00
3.467307955883465187e+00
1.512380682181759584e+00
3.464502471092850477e+00
1.512552206836067503e+00
3.464371902670763781e+00
1.512937669722483225e+00
3.465223026659427497e+00
1.512916640996692541e+00
3.464236326272844835e+00
1.512034907076297507e+00
3.456585111727304316e+00
1.509474529449091218e+00
3.465263183069367869e+00
1.518411790823299246e+00
3.460081184801114595e+00
1.510423831214613433e+00
3.464268648071318069e+00
1.512952860143698341e+00
3.462950917542682028e+00
1.510689829053984523e+00
3.460151061882299928e+00
1.509685067769008793e+00
3.464362587591102827e+00
1.512764593733492813e+00
3.457737577119855743e+00
1.509264599298244303e+00
3.460940350734226456e+00
1.513044842062466255e+00
3.462811970240964765e+00
1.512476146724565318e+00
3.457034258363042234e+00
1.509956449631543851e+00
3.464038700686235650e+00
1.513422156574398381e+00
3.465886785292074723e+00
1.513171289057727575e+00
3.464338194127492443e+00
1.511893695274701743e+00
3.464558258043074712e+00
1.514149400202025930e+00
3.464033648552240940e+00
1.513329021794302953e+00
3.464134096293449705e+00
1.512967412054223804e+00
3.462785045913884030e+00
1.512423953606911731e+00
3.460771860726544524e+00
1.509575293904953153e+00
3.462455030775315024e+00
1.512127235013792426e+00
3.461264075434272947e+00
1.511952813296615128e+00
3.461283902902515308e+00
1.511783033703061330e+00
3.460440644564996671e+00
1.510805264209190257e+00
3.461779809237530259e+00
1.511952978068030085e+00
3.459575096330598232e+00
1.510538666564473553e+00
3.461511285632846491e+00
1.512424351803847822e+00
3.461359810032226481e+00
1.510749466728099399e+00
3.464455178575964744e+00
1.514408875727896842e+00
3.464600252783326617e+00
1.513948748587759630e+00
3.465203439612710046e+00
1.513555017721593732e+00
3.466183535351659017e+00
1.513131206501156401e+00
3.461497607185600511e+00
1.510520040469906622e+00
3.464089286039743421e+00
1.514344894607570158e+00
3.462470463293133793e+00
1.513853111477319491e+00
3.463388299120055080e+00
1.511956127013132534e+00
3.463703819463442191e+00
1.512907799439191958e+00
3.462563796211563627e+00
1.511602220311605294e+00
3.462754855716790203e+00
1.511452153673900511e+00
3.461918278265858628e+00
1.511135107126949872e+00
3.457765383388081482e+00
1.510252897496377145e+00
3.461001668953207933e+00
1.513307421253736074e+00
3.462602181020411063e+00
1.512497978391439624e+00
3.465271497568015668e+00
1.511491389365038351e+00
3.466376509090316471e+00
1.512537318137048281e+00
3.464392407219173187e+00
1.511410060035005554e+00
3.465502557735213429e+00
1.512920736180982662e+00
3.459468413729410941e+00
1.510483684114180880e+00
3.464606957132396303e+00
1.514964342255511021e+00
3.462934691212967486e+00
1.513130065386801615e+00
3.464339448014200684e+00
1.511827363743151631e+00
3.456208383067413958e+00
1.507707189915300727e+00
3.462690825151237384e+00
1.513526514701992509e+00
3.465193391142646906e+00
1.512702024329480421e+00
3.458848807156619909e+00
1.509423508572183215e+00
3.463697689921631184e+00
1.515603101963039601e+00
3.462365430806052302e+00
1.512366417438782085e+00
3.462003683973165824e+00
1.511787981121506252e+00
3.465361232589466933e+00
1.511408020143468756e+00
3.461550038865213175e+00
1.510858883807144837e+00
3.466785420699862730e+00
1.516611027780418786e+00
3.465103195181047369e+00
1.513013391145095365e+00
3.464676987585256551e+00
1.512492922937558770e+00
3.464119864597579923e+00
1.512184419088542509e+00
3.458122531415948941e+00
1.510449975950059587e+00
3.465778581635380107e+00
1.518156291926267887e+00
3.464062555503756524e+00
1.511538905411981881e+00
3.463370415250843326e+00
1.510821998164427082e+00
3.462749623973728763e+00
1.510576057258616878e+00
3.459477269193656390e+00
1.510302562798260695e+00
3.462647423553640635e+00
1.513276715561443053e+00
3.461956979953469293e+00
1.511225353476695510e+00
3.458565395048780466e+00
1.510704601209700737e+00
3.458973335864139464e+00
1.513069153804854405e+00
3.465113835401852693e+00
1.513505294698713532e+00
3.465938318828383657e+00
1.512446254768979204e+00
3.464354441873045864e+00
1.511612640256838169e+00
3.460068281700068749e+00
1.510990018970989501e+00
3.464973347191943720e+00
1.514790001181826495e+00
3.464769531238595768e+00
1.512820662075410771e+00
3.464776409994112072e+00
1.513045660246105539e+00
3.463205222262424776e+00
1.509924595642844647e+00
3.464342074412075867e+00
1.511344080828546765e+00
3.462837698911787054e+00
1.511957170480562773e+00
3.462404222484453342e+00
1.511762787669769903e+00
3.464394648415554556e+00
1.512195008738157487e+00
3.459248027122197922e+00
1.509108185734570728e+00
3.462228077173432617e+00
1.514075183795389190e+00
3.461873063942998208e+00
1.512625000177965084e+00
3.461771309055404977e+00
1.512024761908287829e+00
3.465292989039411964e+00
1.511897348586968892e+00
3.465025434646380020e+00
1.512018169062502082e+00
3.465894946377241936e+00
1.512816526691949104e+00
3.464250517974829968e+00
1.513393935445343841e+00
3.463884140143410395e+00
1.513272245311501729e+00
3.464511691213097322e+00
1.514741998361659459e+00
3.463380641076259092e+00
1.513431964383764372e+00
3.462488976700762944e+00
1.511194426564080207e+00
3.458152096702587830e+00
1.510080496734831801e+00
3.462490647248699815e+00
1.513152722886216051e+00
3.465385129255011520e+00
1.512692358789563984e+00
3.458577952143450318e+00
1.509247524218571668e+00
3.463606331529228921e+00
1.515668749228420431e+00
3.462347723404530342e+00
1.512430367229350647e+00
3.461961816727585628e+00
1.511812715383124672e+00
3.465300698638288601e+00
1.511430457006534223e+00
3.461075394105082914e+00
1.510663745201964447e+00
3.466020810937029850e+00
1.514727922891503376e+00
3.466534725498972236e+00
1.513128562450662518e+00
3.459555167764702954e+00
1.510120039512605095e+00
3.463045687732261513e+00
1.514223254023909337e+00
3.465016372685789214e+00
1.513621277350521099e+00
3.463228704491608134e+00
1.512318371140222606e+00
3.458948030007470642e+00
1.509404593822777585e+00
3.462208562890429331e+00
1.512549678577471246e+00
3.464045870641666802e+00
1.513710615664519032e+00
3.462334475032957215e+00
1.511623133036000377e+00
3.461785171652279836e+00
1.511254234823089959e+00
3.460994767692281204e+00
1.510893311472871314e+00
3.454555178137570071e+00
1.508856318118226403e+00
3.459562536633429719e+00
