9.999999999999990008e-01
5.212210061797829530e-01
6.175467529371794773e-02
1.312559364809365694e-03
6.498945568304016921e-06
1.697133890048346794e-08
4.805589619755227186e-11
6.276290327842680384e-12
3.324490488202923934e-09
1.770800919269460556e-06
4.355972812523786698e-04
2.591481758830848844e-02
3.107373815807111805e-01
9.196094385083126710e-01
7.466263821168908077e-01
1.324236227033596669e-01
4.065717437063796555e-03
2.709432852945042457e-05
9.841091438855435422e-08
7.041463619951971823e-11
1.356824832631037759e-10
7.204705573243755421e-10
5.326426969676402442e-07
1.492015183365258109e-04
1.003331611427698070e-02
1.588536501849647231e-01
7.085161959033255963e-01
8.968698305300086826e-01
2.481014307113866835e-01
1.248229928447382002e-02
1.316996852305827388e-04
6.365994177266809729e-07
5.620104109132302393e-09
8.728970847449748364e-10
3.920589934530661777e-10
1.739712909396518804e-07
5.218239396707171675e-05
3.590556245500428102e-03
6.874274789047048195e-02
4.488392357094300178e-01
8.928979758807230604e-01
4.035788436125370970e-01
3.633684586791784132e-02
7.063805058911140980e-04
4.169774004127270526e-06
2.015672606096427501e-08
2.325492616364209600e-09
6.483348674929054729e-10
6.151541606662380547e-08
1.817884908738269054e-05
1.165109194076520806e-03
2.489815208117851161e-02
2.320214957863478977e-01
7.460186241467735568e-01
5.808655667172049064e-01
9.692006966062746698e-02
3.616939416261820590e-03
2.714847420117773641e-05
1.454174498101530519e-07
5.230944427857601198e-09
1.451987503936447790e-09
2.459664474125276047e-08
5.975738732955708670e-06
3.343867400294907506e-04
7.655684629676737241e-03
1.004125296207014351e-01
5.442617719349149841e-01
7.521874481770505216e-01
2.272905239466778415e-01
1.565703029058998497e-02
1.717612602343683537e-04
6.944466937149025268e-07
1.066419091965708041e-08
3.722404780299788536e-09
2.714860623060324478e-08
1.741427727268886014e-06
8.421603642752394222e-05
2.097690145355179427e-03
3.895017642339115849e-02
3.614594368945079350e-01
8.637769142742734996e-01
4.466598438888679801e-01
5.383147551219040483e-02
9.763427831830591474e-04
3.674901579459725089e-06
3.972834145787720187e-08
1.375593018179961337e-09
3.102377095947528709e-08
4.948840475300327309e-07
1.891172259278248684e-05
5.480061918577129555e-04
1.482660277828418659e-02
2.223282031697755012e-01
8.526332299518011304e-01
7.133094610159063098e-01
1.441932750567098964e-01
4.596854440790229882e-03
2.015433159884656703e-05
1.097525663909286321e-07
3.285820935129940335e-08
2.395631357492005286e-08
1.238465610340057585e-07
3.993005900119936844e-06
1.475353709793913743e-04
5.891160827987932010e-03
1.265138015546600769e-01
7.118035417286175948e-01
9.257796182254581785e-01
3.065798448075912064e-01
1.762154625090644328e-02
8.162116456647979760e-05
6.628884610734354316e-07
1.374178365246897225e-07
1.929191765665259017e-07
1.203280885028286076e-07
7.636338847124516642e-07
4.351829370825923039e-05
2.451575304500881649e-03
6.669403646299623678e-02
5.075792663530330762e-01
9.976202184681869367e-01
5.338637442247968767e-01
5.501999129775569236e-02
5.067464830735849074e-04
3.642127021257933718e-06
4.976520431723851928e-07
6.031343452348997727e-07
3.975612779138348305e-07
2.804610738615160321e-07
1.430179108961187562e-05
1.040910399489905058e-03
3.275818109009887708e-02
3.158119404769059724e-01
9.103267531837007098e-01
7.734955993104305483e-01
1.381498569303897250e-01
3.059635242552260180e-03
2.465169387453211650e-05
1.786460659197179826e-06
1.717019204021400952e-06
8.897555078388441520e-07
1.814903807837061383e-07
5.153651643612994692e-06
4.396591861172712934e-04
1.505670170777812476e-02
1.737313385926795573e-01
7.047248705222702858e-01
9.273171925334768861e-01
2.768986598446804281e-01
1.272871479195702114e-02
1.648172575408137527e-04
6.474757517091386580e-06
4.807562017726308837e-06
1.792184842906728269e-06
3.221328639634661452e-07
1.940651628974173208e-06
1.815965506991562399e-04
6.465986061717362947e-03
8.432107756144338606e-02
4.570985486668792119e-01
9.113780313005145350e-01
4.505350728791244208e-01
4.005541383998048599e-02
7.816066524585916142e-04
2.697226561890191950e-05
1.268172384807468137e-05
3.331686704644557191e-06
4.112612090829627310e-07
7.146276334287196686e-07
7.270902223350527729e-05
2.566936335858483950e-03
3.584119653315720466e-02
2.465440884335025062e-01
7.406408351652277178e-01
6.201272249330297415e-01
1.039221015365670020e-01
3.572866391105503515e-03
8.474219940587666739e-05
3.030305476103577119e-05
5.529241867764276003e-06
4.831893492898646224e-07
2.228004868883664074e-07
2.797157512064120177e-05
9.256500309298635720e-04
1.336415806598164127e-02
1.128577740039003324e-01
5.177435846079468940e-01
7.552546362603040908e-01
2.334143277637396874e-01
1.252773345076537391e-02
2.608320959754129053e-04
6.625652880625808381e-05
8.111615591429889436e-06
5.767340038325383265e-07
3.770140621985149596e-07
9.457679531594848860e-06
2.999566185358678552e-04
4.445571830256673899e-03
4.647700245967149174e-02
3.305539289083293530e-01
8.262742944875735018e-01
4.505830237235773916e-01
4.224923520573981711e-02
1.513243090110130782e-03
1.336757687650469114e-04
1.072784498935365029e-05
8.219626934362175320e-07
9.663770369674237484e-07
3.338735660256286419e-06
8.557233044942144759e-05
1.362676234685049987e-03
1.868644227433292546e-02
2.024091222858177552e-01
7.984341087800015391e-01
7.171649766607719467e-01
1.305564143010781719e-01
2.438407353075772253e-03
1.767196534326851711e-04
1.247324714344407722e-05
1.532286272941471080e-06
2.599996339454302782e-06
4.236432998190504758e-06
2.332988451587584294e-05
4.044022106347967631e-04
7.855843936531445651e-03
1.206727152447861079e-01
6.701760410588644135e-01
9.264250956829244155e-01
3.034672015229487596e-01
8.383884831179796299e-03
3.699419869598187635e-04
1.367367950563573691e-05
3.659145348047236492e-06
6.868940243237701134e-06
6.737499997815937695e-06
8.423997505304214314e-06
1.257295044884181512e-04
3.526266424705744220e-03
6.935056547793840009e-02
4.908867822115121626e-01
9.903080499215068944e-01
5.451802162149191888e-01
4.657196473022529037e-02
1.761832838968863200e-03
4.067744591440451230e-05
1.098018934453175438e-05
1.700671459634717610e-05
1.291328251006032311e-05
3.906626333133177000e-06
4.257203340056690393e-05
1.653343165062748452e-03
3.783613040255972421e-02
3.192271874007173715e-01
8.994995503523374181e-01
7.930281641270553461e-01
1.428276968769083000e-01
5.317710881799088407e-03
9.667902943973974970e-05
3.403855595024088279e-05
3.909770912103875304e-05
2.281416875157699786e-05
6.920851714089683909e-06
1.504973372624425109e-05
7.825359302964508780e-04
1.942815265934091581e-02
1.869749812009640078e-01
7.023480707577995918e-01
9.466919555201809278e-01
3.060960199404467730e-01
1.709382693519346727e-02
5.188606448373841214e-04
1.015161781561295872e-04
8.315231335318444366e-05
3.702060011531866626e-05
8.188692892981435154e-06
6.690154429643749793e-06
3.635603647450902191e-04
9.356187804416883982e-03
9.893054181411001236e-02
4.691552064037907699e-01
9.237540171218407981e-01
4.989702815042199591e-01
5.028755405143042062e-02
1.688639240143479129e-03
2.474070932326945119e-04
1.641121842928885434e-04
5.484887104960218499e-05
8.711298631935632318e-06
3.681152426679303923e-06
1.620631626114749546e-04
4.207555878199029965e-03
4.702103219064629469e-02
2.666439982995527092e-01
7.405695917418655405e-01
6.603397665826854501e-01
1.210978062436179892e-01
6.407532955904505362e-03
7.514962167526496178e-04
2.975464202955170720e-04
7.351919445962055099e-05
8.610813172382539272e-06
2.179313431351313006e-06
6.888115448447763942e-05
1.746383286879971608e-03
1.999206192752996797e-02
1.306936300577210552e-01
5.050292146495177770e-01
7.569515669329348606e-01
2.509850535574766339e-01
1.951988357159072096e-02
9.510761884095999055e-04
4.935258616047800105e-04
8.890542850526388173e-05
8.075772440723951240e-06
2.184839463992877124e-06
3.350863641279005307e-05
6.549449446591095857e-04
7.630718226086055135e-03
5.743634605867588283e-02
3.131115216960766445e-01
7.846130877423752592e-01
4.608889109176390608e-01
4.110802754461911901e-02
4.004180442929855532e-03
7.888579756444474064e-04
9.835432024100096773e-05
7.701919337467696077e-06
5.963076547203859944e-06
2.004123658305621239e-05
2.345271851437456031e-04
2.647418060931790770e-03
2.399728161214393155e-02
1.894313821913506390e-01
7.386795392515898007e-01
7.186539268064062735e-01
1.206829277007824414e-01
9.906701693008694229e-03
1.043590247212785021e-03
9.842408963285810683e-05
8.216191757734237654e-06
1.635588811253633072e-05
2.243635841877676792e-05
8.454181636930015252e-05
8.728565287170064616e-04
1.019989712581541828e-02
1.155202008812480780e-01
6.234024453783783004e-01
9.198000382230412386e-01
3.019916300454584257e-01
9.636615678715343761e-03
7.915329377564507898e-04
8.063862884864302202e-05
1.483764253177395883e-05
4.059487672563172740e-05
4.682051833002133534e-05
1.341771513564973254e-05
2.827466923361328204e-04
4.634238012592200445e-03
7.009110463352299925e-02
4.701508255994024665e-01
9.774644082930996625e-01
5.551721897777988080e-01
3.780662263429088177e-02
3.680049781976056297e-03
1.558268999793303129e-04
4.558210812953348288e-05
9.134415555621830884e-05
8.201942395496807114e-05
3.874476448093347301e-05
8.545185286402344179e-05
2.253968559391051132e-03
4.117233973137904290e-02
3.194895668755261542e-01
8.871191846181679663e-01
8.061261604550596926e-01
1.460739604842845041e-01
1.059924722987441552e-02
3.297055366809128335e-04
1.361067513306163347e-04
1.877278494833798251e-04
1.305957621925191473e-04
4.967499647746029912e-05
3.852159922198804129e-05
1.134609911620211792e-03
2.297264482083575740e-02
1.976744474826702402e-01
7.005281230054882791e-01
9.567569892721721203e-01
3.330734868209303534e-01
2.579254973661373324e-02
1.250774962450574819e-03
3.686394311158550704e-04
3.548482441904520402e-04
1.927240174720254201e-04
5.371401320759085836e-05
2.162510635067393098e-05
5.699949089100248174e-04
1.207135171785764759e-02
1.119194960463528454e-01
4.824585813344887675e-01
9.313996487036622085e-01
5.449142527534065472e-01
6.587194093915896276e-02
3.424114298503479984e-03
7.477011777070638292e-04
6.248333357878109538e-04
2.623150717513925861e-04
5.437569646888917331e-05
8.716939793774577919e-06
2.817461546664384929e-04
5.938736230394248833e-03
5.784861014449935168e-02
2.888560113344065261e-01
7.462993978221542646e-01
6.989492774678568443e-01
1.460059400884345382e-01
1.039905310961557194e-02
2.103499857341447395e-03
1.018972594279062959e-03
3.271583874730568144e-04
5.034544750502834069e-05
2.713127146472815399e-06
1.392905816976974191e-04
2.717758143606841936e-03
2.713127903194858040e-02
1.513554627928553054e-01
5.062251727515361122e-01
7.587170930953054393e-01
2.779492352496716334e-01
3.139294060335648395e-02
2.732517518129299293e-03
1.528545691615627693e-03
3.727427808746134686e-04
4.297974534736716230e-05
6.466878468502218649e-06
5.825054076840993639e-05
1.183500547601897511e-03
1.149662316136605168e-02
7.097708183917184055e-02
3.092538867415238202e-01
7.438853423273117382e-01
4.764622074372657501e-01
5.430343265345504572e-02
6.636241639892672024e-03
2.244826788750961793e-03
3.913806933874649954e-04
3.434999085135152178e-05
1.728062879242834332e-05
2.051197482262285870e-05
4.875121052032298122e-04
4.470832537169941445e-03
3.093553120984274263e-02
1.838997246447600653e-01
6.787939343222436639e-01
7.167530302991573787e-01
1.184446820945865009e-01
1.894795785208290215e-02
2.896713904239853546e-03
3.727635989131168224e-04
2.409305469201686374e-05
4.571175521836292732e-05
8.368820025031989570e-05
1.084830169103318025e-04
1.625187174254790444e-03
1.326892706037764366e-02
1.119540474530857227e-01
5.741468473404489625e-01
9.048519822100178356e-01
3.027098120837761197e-01
2.330374891516684421e-02
2.115008160179132797e-03
2.872658654529386792e-04
2.346046973072399229e-05
1.108486054011234584e-04
1.569550389690498472e-04
9.261846509911572829e-05
5.099098432303901486e-04
5.950952538769167972e-03
6.967828447531276836e-02
4.453375962128101606e-01
9.581872846491110707e-01
5.637205040912866005e-01
3.165041820061601646e-02
6.257642926972072778e-03
4.420520610655415280e-04
8.939022794826747631e-05
2.408263035514986085e-04
2.549600117301087853e-04
1.589809616054519488e-04
1.771955822249378853e-04
2.874386488864935554e-03
4.301583798257168495e-02
3.156810360401331450e-01
8.725131539336834496e-01
8.138673213532673367e-01
1.478151563782195421e-01
1.832816839715090476e-02
8.915538854029981045e-04
2.873521975888366727e-04
4.747726790343048458e-04
3.894097178962350374e-04
1.772386100089542104e-04
1.056869447411931445e-04
1.482062902217991425e-03
2.559821696556603687e-02
2.052499174949006522e-01
6.983467578456075131e-01
9.595171288891108929e-01
3.558286753161638560e-01
3.820160434171063907e-02
2.517194392738093291e-03
7.637148021216733085e-04
8.558930745698463231e-04
5.555067908386311171e-04
1.917080232673356102e-04
4.587748040927188098e-05
7.890509682519738404e-04
1.442684059107765711e-02
1.230050868501390421e-01
4.952333067698703184e-01
9.353073723818993157e-01
5.851540465612284914e-01
8.521158784398286112e-02
6.339592718404839754e-03
1.360152635388496480e-03
1.437743660398555726e-03
7.353408578175575638e-04
1.941148276615422804e-04
1.391754726302938715e-05
4.165589967965212790e-04
7.651208291185062661e-03
6.793117422531173843e-02
3.109431931511437153e-01
7.565389078282821478e-01
7.341365483689471505e-01
1.757634118105438625e-01
1.640120040365194640e-02
3.951602549314475223e-03
2.235657988652253649e-03
8.974348434064142749e-04
1.786882760766795371e-04
1.359077628207171712e-05
1.967271788446514115e-04
3.850853033012361509e-03
3.437768927493131677e-02
1.731360678092399852e-01
5.188226096013391908e-01
7.621842747490291670e-01
3.107765762162069123e-01
4.586113170343066037e-02
5.202242614898007662e-03
3.193488329398338869e-03
1.006747797168471535e-03
1.502226563847555620e-04
1.447004182039957766e-05
5.790163798324199389e-05
1.828175348038812422e-03
1.595906692532225724e-02
8.638523884449623991e-02
3.173407404561428558e-01
7.088158566723949949e-01
4.949817819035725042e-01
7.667529453026304676e-02
8.874128617388350737e-03
4.556111822369386839e-03
1.046478341082371323e-03
1.158914525036457789e-04
2.743546229539371560e-05
1.010931177682194277e-04
6.846130805313217771e-04
6.853329415138813968e-03
3.958645995806028134e-02
1.858550617146178530e-01
6.238964623761970030e-01
7.105161797710033422e-01
1.271960526761530264e-01
2.906003095570582409e-02
5.805126815943391708e-03
9.858063392541008187e-04
7.585177473856468625e-05
8.035511548428364743e-05
2.066114606719783651e-04
1.640075216027695793e-04
2.600664558154655668e-03
1.736782915043754219e-02
1.109987701178765662e-01
5.255470649014332141e-01
8.809413679858805191e-01
3.064950362895027536e-01
3.973136539273231654e-02
4.378917719743225488e-03
7.633543587287892375e-04
1.788466827590983648e-05
2.028617538731573486e-04
3.442048666784657289e-04
3.444784051201225657e-04
8.468108732609505628e-04
7.661086880233878085e-03
6.905990912698663220e-02
4.172183691117564153e-01
9.315611606489693219e-01
5.707524632623270922e-01
3.224185336347047681e-02
9.801762175807766236e-03
1.082168952866539684e-03
1.038234129211475362e-04
4.417478476297073469e-04
5.501094601100419866e-04
4.059403560488959663e-04
4.209099281882524592e-04
3.593393968945725152e-03
4.378298549062369094e-02
3.074553955788023596e-01
8.545654214356535050e-01
8.172130479405073089e-01
1.484013968079278267e-01
2.852228827141459200e-02
1.991755491902852220e-03
4.406868373960234290e-04
8.605556479641345404e-04
8.302142090478657321e-04
4.450046579331889789e-04
2.347633552548484355e-04
1.852202016833348576e-03
2.730984019783040326e-02
2.093079899518409392e-01
6.946507449828988046e-01
9.568848221127533860e-01
3.732180430324062992e-01
5.356668816920545639e-02
4.454433070103302333e-03
1.177761567215586391e-03
1.516246277738168575e-03
1.166114812363156124e-03
4.921541782943611183e-04
8.809632677212269843e-05
1.009992366703895469e-03
1.633738441686518120e-02
1.318434050629853360e-01
5.063367277591689364e-01
9.359579128566503092e-01
6.173909153437820985e-01
1.064548334470298563e-01
1.074072924063427734e-02
1.797455773763855609e-03
2.496849108965454919e-03
1.523949946286048138e-03
5.034967800494312765e-04
5.802482457692829547e-05
5.427998108507221288e-04
9.287590207399455330e-03
7.690154358588763284e-02
3.315470132206372877e-01
7.690918147703442731e-01
7.646100229579255725e-01
2.075229305370656918e-01
2.538042209753174627e-02
6.069668940935375040e-03
3.806539413122343903e-03
1.850124150270031744e-03
4.684460827822770393e-04
5.349305735734543330e-05
2.685064524346449859e-04
4.987912152555431557e-03
4.156461932797539394e-02
1.947104131838153229e-01
5.392724700673914295e-01
7.690409833196111267e-01
3.458243688069410626e-01
6.296023752181804933e-02
8.140696103366889050e-03
5.311545684473217670e-03
2.085359176510425371e-03
3.990600703397371996e-04
3.362397914434667705e-05
1.701661285850376880e-04
2.385286127473296592e-03
2.089028921154485741e-02
1.030095888246252145e-01
3.348750190271507221e-01
6.836058763674898175e-01
5.137499536811024337e-01
1.036485057415083566e-01
1.012488647416382066e-02
7.622142024534870816e-03
2.197155389902250792e-03
3.133064035250773512e-04
2.371604576897840143e-05
2.312068637542890356e-04
8.811842240243447817e-04
9.566888775817711243e-03
4.989883564601970550e-02
1.949727678837493428e-01
5.786381073338738856e-01
6.994837866016936356e-01
1.472411235254964812e-01
4.002388376602256104e-02
9.691121826397419703e-03
2.091074557375869041e-03
2.177506315627997593e-04
1.035252840882872868e-04
3.545182689087721041e-04
6.217784868057186966e-04
3.743319650106068097e-03
2.263101863033016234e-02
1.135961961310191920e-01
4.809376083837781923e-01
8.484004078201062837e-01
3.140717544731030930e-01
5.781774472051708774e-02
7.380653813092402475e-03
1.671566481130305065e-03
9.906931883484320755e-05
2.847847664194490128e-04
5.773041753079815111e-04
7.600487257648553705e-04
1.490250438625855510e-03
9.924806559666515815e-03
6.921348255093792701e-02
3.873786678367612257e-01
8.970536187646348525e-01
5.760234000587516334e-01
4.079330348712039561e-02
1.460901686869738383e-02
2.329198527666101557e-03
5.917915099469932554e-05
6.330818994781527327e-04
9.306367069216034882e-04
7.802225874139211191e-04
8.875277210657312550e-04
4.547543716416279844e-03
4.401652423633154593e-02
2.950859535399169009e-01
8.319181247960705239e-01
8.168892677647441314e-01
1.483884276500369581e-01
4.106825626296828347e-02
3.824959808009660220e-03
5.807313997433190874e-04
1.247005208588026440e-03
1.403846198713561925e-03
8.767014864848383287e-04
4.349275261073843202e-04
2.307894240901724788e-03
2.827554739582583548e-02
2.095121646556098449e-01
6.883860817513236530e-01
9.503212651205704686e-01
3.850806032000152479e-01
7.096832472489313093e-02
7.148657041774229143e-03
1.526783257025577127e-03
2.198828286030938411e-03
1.973129028825613453e-03
9.952400161327714344e-04
1.909811805389739141e-04
1.238274416005104642e-03
1.775467070009011106e-02
1.380924630215633331e-01
5.150212938623059955e-01
9.337610685111336073e-01
6.406486596672108513e-01
1.275400876662837191e-01
1.697293645771684456e-02
1.832498675305984422e-03
3.653936604370147667e-03
2.597527223501744104e-03
1.041037590918070417e-03
1.799790196162343156e-04
6.698624242237243096e-04
1.065862953999874470e-02
8.466004153765828433e-02
3.496799076249275662e-01
7.818596555180193919e-01
7.895636624948387805e-01
2.385748616171105563e-01
3.788568046202658163e-02
8.434378778965049769e-03
5.578911134048706796e-03
3.196747182708701684e-03
9.984452204584656505e-04
1.504038651318541928e-04
3.829202657882621944e-04
5.941176098418940801e-03
4.854065443990663448e-02
2.151459290347124964e-01
5.638151336583870910e-01
7.800862756811434151e-01
3.800453485928408925e-01
8.297279096612140969e-02
1.155437678090206165e-02
7.666700464310184301e-03
3.671318943331135665e-03
8.809964956476044407e-04
9.380014631820160367e-05
2.957590747394384188e-04
2.918072124386693073e-03
2.588855301426906674e-02
1.203069682865998274e-01
3.589741384466774154e-01
6.708758287639049467e-01
5.306730564005278650e-01
1.330534508230953594e-01
1.022385868798990002e-02
1.126896383981908570e-02
3.951602082632196464e-03
7.181118692843965366e-04
2.218342452905695917e-05
3.175460320451384461e-04
1.464289540556782407e-03
1.233739856309274893e-02
6.159268258566613641e-02
2.105202261271350572e-01
5.463357494655490809e-01
6.839650421603140629e-01
1.757126423482765765e-01
5.167735403794628674e-02
1.428451040867956268e-02
3.807866669610066642e-03
5.274202123612714869e-04
9.586303777616002146e-05
4.570919595120084399e-04
1.290135723669347517e-03
5.215068967494814953e-03
2.898901592186465051e-02
1.204098069265213122e-01
4.433640068170273119e-01
8.085365030174530565e-01
3.256920672243239223e-01
7.735715769003845277e-02
1.070092068275237812e-02
3.175371035532971713e-03
3.237179266049656124e-04
3.262458941339124903e-04
7.942212037189386479e-04
1.229934933600629115e-03
2.630484540527841010e-03
1.289473858296623539e-02
7.104696862287618320e-02
3.579351163239429257e-01
8.547513169950368139e-01
5.793423565268367437e-01
5.474908917198972880e-02
2.079685522678938539e-02
4.448522415043097873e-03
2.270830914784695688e-04
7.710658816596157889e-04
1.333424887114426343e-03
1.226647590328176296e-03
1.561728879651589057e-03
5.925764434322264816e-03
4.434823357617836276e-02
2.794314467159733639e-01
8.035687726680004195e-01
8.129665658186961963e-01
1.484402207098196591e-01
5.561745946821852749e-02
6.514577734381663682e-03
7.753420653421214071e-04
1.579069065492812347e-03
2.058177627853436352e-03
1.468952499161670045e-03
7.017573653785409097e-04
2.929586664095502196e-03
2.876020550282347432e-02
2.058940035012388203e-01
6.784664282063155305e-01
9.406824133980844493e-01
3.921005937500642857e-01
8.928667401520368196e-02
1.056917234895776540e-02
1.773015346232954814e-03
2.815527515325579478e-03
2.944517939052464055e-03
1.737344798626620388e-03
4.124620398474355141e-04
1.482780400215192749e-03
1.865202799865270031e-02
1.416791470851806178e-01
5.204693036109044879e-01
9.292260230541067312e-01
6.549170282229908047e-01
1.462030359798073831e-01
2.532502436656049183e-02
1.483247429492528168e-03
4.782435069575941174e-03
3.934705424332212743e-03
1.878092958029251676e-03
4.298823675686840149e-04
7.850808439083745626e-04
1.165142607675021154e-02
9.110847403926042309e-02
3.647978117961159228e-01
7.932426734522022294e-01
8.083016131900598866e-01
2.662314921962311010e-01
5.396118092726347182e-02
1.117280865755248924e-02
7.332809509484134597e-03
4.903937757166237400e-03
1.863351933170674917e-03
3.543807585241327243e-04
4.785812144479053469e-04
6.771084493195104678e-03
5.488057036659538951e-02
2.340577013740940959e-01
5.892265976011221706e-01
7.949133414065588932e-01
4.110840754509636485e-01
1.056832234422342004e-01
1.562966694357091971e-02
9.877491522166763349e-03
5.724594143977589783e-03
1.701413781602648849e-03
2.364667716852330843e-04
3.476455114998012238e-04
3.695514345477901932e-03
3.050209056016977074e-02
1.377417002789711187e-01
3.869560190674170563e-01
6.711032726717306440e-01
5.446039139996428080e-01
1.633244249195543174e-01
1.050151025468915381e-02
1.519625159794971148e-02
6.284629820629764572e-03
1.434487720921142143e-03
1.159330933259327865e-04
3.057372988290608246e-04
2.356151151910612033e-03
1.519737678923572047e-02
7.411543126948247351e-02
2.314441818360097602e-01
5.286750426967439243e-01
6.652756290901348235e-01
2.085157861755037034e-01
6.419590759869923946e-02
1.925711589397461482e-02
6.134348742056702948e-03
1.094434594613704877e-03
5.738772786921394830e-05
4.956471758845744759e-04
1.953597403238375042e-03
7.283279079155738529e-03
3.629905264211102239e-02
1.316783759656102726e-01
4.153102857789144342e-01
7.636520588106431306e-01
3.408474411928768544e-01
9.847280466803176591e-02
1.389205103607246174e-02
5.401430746838063214e-03
7.675679566843725959e-04
3.202939542587365145e-04
9.852843031907575558e-04
1.659941457447881505e-03
4.219207161678842181e-03
1.674379061544587280e-02
7.529636152133710458e-02
3.312084091121141327e-01
8.058173798426228052e-01
5.802975220461548123e-01
7.215109376576339661e-02
2.839908947391915975e-02
7.673226025357374191e-03
6.843079526211145796e-04
8.386354717935582239e-04
1.737873786738322731e-03
1.740119047480136617e-03
2.410640722159245949e-03
7.906356598381904591e-03
4.541606695135565197e-02
2.618476699413800901e-01
7.689121720005951399e-01
8.051064886003814758e-01
1.495947151913331885e-01
7.179265933236249342e-02
1.008855498670295156e-02
1.092468041221935455e-03
1.801188190437960331e-03
2.740322258318716141e-03
2.244929593418307657e-03
1.045746631124002193e-03
3.799060510595510254e-03
2.906358189539409026e-02
1.987282943938387392e-01
6.631841684040213902e-01
9.286810718790481367e-01
3.958444780675183794e-01
1.077004591833278235e-01
1.459108769837080127e-02
1.912275055951169651e-03
3.213932669238276415e-03
3.966929132118008489e-03
2.735011411729554396e-03
8.166526697173007816e-04
1.743698553115517703e-03
1.907378889410858702e-02
1.421959357124430723e-01
5.210576586548290035e-01
9.228248354585170121e-01
6.621415954954757987e-01
1.614837345390039147e-01
3.609439617396974914e-02
2.056588764628584226e-03
5.651420443424819313e-03
5.346340593881579971e-03
3.017611302188727938e-03
8.765501742508244104e-04
8.536902467797778671e-04
1.227440526959890088e-02
9.540935575523330769e-02
3.760013602349855932e-01
8.019736023457837426e-01
8.223529651776667615e-01
2.900288137623721063e-01
7.354506907602781363e-02
1.455438283966642085e-02
8.723103069121926345e-03
6.706758482519931293e-03
3.061109455266765051e-03
7.244407108972826873e-04
5.259016133888522486e-04
7.534323575233157870e-03
5.977532471255118246e-02
2.505913463135212571e-01
6.132487561809224497e-01
8.142782602714183637e-01
4.404358721911234564e-01
1.311190450889500869e-01
2.098120143584260647e-02
1.136917100987520392e-02
7.954520308837193313e-03
2.875312354863207055e-03
5.064650795050008869e-04
3.341968997790293705e-04
4.602861166588395614e-03
3.444389736698445781e-02
1.541503777593377089e-01
4.168519293957477223e-01
6.850808269490391567e-01
5.598303487384306276e-01
1.949012778836688720e-01
1.475455590189661548e-02
1.895358039183666493e-02
8.931457343857536479e-03
2.502773066273826074e-03
3.046346488628699800e-04
1.933811686787461389e-04
3.198469425827828519e-03
1.822413345745607649e-02
8.663142177912215580e-02
2.566208850244961481e-01
5.275759561593323932e-01
6.498989777613054519e-01
2.457164267271117475e-01
7.784824988773131338e-02
2.426531578857588772e-02
8.849055486008802415e-03
1.977886037280505386e-03
1.230395988421387990e-04
4.791860456426104485e-04
2.427520257610706056e-03
9.904371311233502867e-03
4.428274866182195513e-02
1.472488686868660968e-01
3.997886745599353309e-01
7.205150556379508187e-01
3.621668587059947431e-01
1.217116481229946617e-01
1.595932786273818182e-02
8.243528490481535562e-03
1.517936908566124357e-03
2.569111066845497244e-04
1.105503982867703325e-03
1.906185281308345018e-03
6.101316442593401022e-03
2.150693201138139179e-02
8.244091629090694040e-02
3.101801404626126080e-01
7.546386572615806365e-01
5.810157126668014094e-01
9.534880133614387354e-02
3.667518835011973621e-02
1.209447080384060992e-02
1.467651003584871921e-03
7.991279361864390886e-04
2.021519462183161368e-03
2.218528089547116243e-03
3.285375237128452825e-03
1.057730330716432493e-02
4.777958379695262936e-02
2.443588137656058645e-01
7.287445322395840197e-01
7.943216611794640114e-01
1.551496343113979437e-01
8.936426743501081627e-02
1.475946118884529160e-02
1.550245434523507678e-03
1.833194074636385843e-03
3.246082427348647749e-03
3.075080549493712252e-03
1.386612004576524664e-03
4.952382074948193449e-03
2.964316875258236200e-02
1.891897563278825134e-01
6.418324958763622634e-01
9.145422217286827138e-01
3.981558324311330055e-01
1.272491630412995733e-01
1.970372160388168814e-02
2.308554657251006212e-03
3.229532276670156205e-03
4.769992146656909515e-03
3.827971106761673611e-03
1.419540383481188378e-03
2.008368309767910066e-03
1.932776669974000869e-02
1.400420669786491545e-01
5.168301310167644491e-01
9.141125881285833144e-01
6.644973193426028102e-01
1.755285589474786800e-01
5.031117158732172773e-02
4.894471643719547349e-03
6.122810660689062719e-03
6.529158464469992165e-03
4.298674664937614243e-03
1.550006108061217566e-03
8.887412247178872772e-04
1.270034162608849569e-02
9.761338459955852531e-02
3.837635995130292965e-01
8.068950783751548395e-01
8.318732821546535039e-01
3.111544753564751131e-01
9.768645474604409351e-02
1.940370954114529339e-02
9.678150868998515455e-03
8.315089935741284272e-03
4.469426917044048639e-03
1.300373427344996046e-03
5.950558087095578035e-04
8.220287431023015623e-03
6.337501088560769380e-02
2.645952741358981730e-01
6.336499837086240206e-01
8.343352510708120784e-01
4.686997713081356709e-01
1.603403748308976084e-01
2.873751618996654017e-02
1.191817984392865189e-02
1.016470315347684124e-02
4.345575026743036563e-03
9.491919938860216054e-04
3.544567546364277917e-04
5.419880774331586014e-03
3.797159281461311153e-02
1.689394519681402529e-01
4.457532896764420105e-01
7.072411909106983696e-01
5.766398485670217733e-01
2.277156482778647795e-01
2.603612409408767245e-02
2.278803615753555514e-02
1.180591669771713717e-02
3.941749422524893146e-03
6.312581183677178553e-04
2.393604185210936955e-05
3.788700674982005065e-03
2.157613218070372069e-02
9.865309054851721660e-02
2.836756641269755352e-01
5.391998921232624697e-01
6.382141426141206830e-01
2.833681076313521729e-01
9.420886412109519270e-02
2.948550129215719157e-02
1.190139674180114120e-02
3.258123965360145476e-03
3.557402213349094449e-04
4.562848155127013656e-04
2.567501979320922344e-03
1.295104863579638575e-02
5.280933269437370486e-02
1.660029435329939962e-01
3.959962904389807137e-01
6.802833027601515870e-01
3.859220671959052718e-01
1.468506052785111538e-01
1.641335015266642133e-02
1.185587649844945662e-02
2.717295534992753871e-03
2.318552277385530001e-04
1.150179137873103431e-03
1.883616031476379946e-03
8.070659132011888393e-03
2.728574038815846647e-02
9.250165675101505725e-02
2.961908398509571771e-01
7.023993830342523115e-01
5.800124211084324299e-01
1.220695863879907583e-01
4.605871919164302580e-02
1.783018425623678072e-02
2.677207761488172022e-03
7.059775255627907635e-04
2.149308671489063953e-03
2.626994863854825030e-03
4.019512124185625583e-03
1.402471820012582762e-02
5.202297218081969321e-02
2.290082462774571392e-01
6.837964408694997553e-01
7.796422082432581391e-01
1.643711338450142556e-01
1.073440703056462858e-01
2.011554006272140913e-02
2.049414409604250528e-03
1.727282015715503891e-03
3.513341326752496274e-03
3.865003086721926617e-03
1.677339312657446504e-03
6.411066602998091550e-03
3.101189853726559267e-02
1.785366104972414547e-01
6.146181860294277488e-01
8.974117154946614772e-01
3.987347996313803100e-01
1.454980285383738747e-01
2.526926191083416970e-02
3.555204293073148825e-03
2.912273679300314728e-03
5.287625100668975550e-03
4.886656479665486656e-03
2.212879497697047698e-03
2.281632116512672358e-03
1.969510767157987494e-02
1.355789455902030038e-01
5.077716465394751522e-01
9.026467862729667946e-01
6.616928751962105615e-01
1.847157721813141862e-01
6.705949339278702293e-02
9.646052195986531269e-03
6.417035150027178801e-03
7.461312938772551341e-03
5.604659143984787317e-03
2.445751490291287519e-03
9.699014365586879722e-04
1.298892443444065944e-02
9.771615346968587357e-02
3.879660928392802410e-01
8.081002209250238710e-01
8.348626346919681973e-01
3.245416339813136375e-01
1.244237940808028131e-01
2.626186821307521443e-02
1.043955508255381241e-02
9.756200509157575071e-03
6.031305687533994840e-03
2.105892447091504277e-03
7.887862755502826574e-04
8.708896363150336883e-03
6.572932784581252130e-02
2.758207320778872651e-01
6.502892987302854033e-01
8.513003735077047107e-01
4.912080095562033066e-01
1.902791312984693783e-01
3.900497203570614524e-02
1.144221734925067457e-02
1.243949253163474135e-02
6.137043001713642261e-03
1.617915186551871758e-03
5.106135700921648124e-04
5.950607941959493163e-03
4.121478577059420334e-02
1.817589570661729548e-01
4.727574029164789415e-01
7.335327517861172097e-01
5.930122431985753728e-01
2.583898243649151993e-01
4.325982831540943485e-02
2.686943972729555555e-02
1.491348181583901540e-02
5.831548834594618008e-03
1.161600979875216169e-03
2.120890968461889951e-04
4.003466761582662181e-03
2.520310146234179538e-02
1.099359587765417756e-01
3.113676785289849480e-01
5.611251704888426950e-01
6.313014111800907546e-01
3.172344333316726717e-01
1.137295694687892600e-01
3.479460271888217687e-02
1.509208950301926810e-02
5.044839030878029915e-03
7.603360931559456507e-04
4.565353284096820906e-04
2.292434152519738904e-03
1.608294125114933387e-02
6.185761426973255400e-02
1.871133807130578031e-01
4.039183261429789562e-01
6.459674911768404915e-01
4.082779230592797348e-01
1.735360462951922866e-01
1.438418664041308560e-02
1.617217127201124593e-02
4.520494766105834922e-03
4.746246101236189325e-04
1.107428141887928852e-03
1.561739264653305486e-03
9.786951496297055866e-03
3.407366691177400597e-02
1.053759296304426912e-01
2.907961307100341841e-01
6.523809807472429334e-01
5.766306049391212163e-01
1.520717007748826066e-01
5.631465568650718956e-02
2.467375498564821495e-02
4.377672953074545487e-03
6.705127016818013741e-04
2.108272424610407175e-03
2.904152592787643313e-03
4.387211758496436034e-03
1.814058886464452180e-02
5.851397136260310522e-02
2.175780448657583244e-01
6.361325276077384183e-01
7.607649703713617040e-01
1.777003928514682141e-01
1.253234747312160502e-01
2.573694197181507909e-02
2.409340671069683595e-03
1.533927536627388609e-03
3.556295284638850366e-03
4.504347134671651126e-03
1.858338335562138800e-03
8.114192943511091410e-03
3.359406400067754123e-02
1.681087161374827388e-01
5.821220360236700753e-01
8.764193453286394098e-01
3.986428301326289114e-01
1.622111714862003451e-01
3.098018573357214089e-02
6.144781002869297883e-03
2.311023883888274361e-03
5.588800449393020731e-03
5.852971223746706274e-03
3.127775735124783702e-03
2.594318061407851865e-03
2.042543049674184347e-02
1.294848596129998808e-01
4.935620226171369418e-01
8.879954023996833312e-01
6.555823076369385882e-01
1.891777837587126088e-01
8.566482696144767095e-02
1.635562890989868470e-02
6.776973182446553896e-03
8.237623460221069061e-03
6.953838209129715661e-03
3.552022833662614367e-03
1.211755109843356756e-03
1.321025673056392194e-02
9.596337628096528183e-02
3.880591785369996716e-01
8.058111293730041425e-01
8.322464436740515392e-01
3.296709321815519123e-01
1.524358579123713253e-01
3.536220427511999748e-02
1.105588453865784422e-02
1.101648395599259464e-02
7.801019113758620761e-03
3.193671357948522308e-03
1.160135333985689221e-03
8.947311244705465419e-03
6.694938750341833389e-02
2.837688263092987273e-01
6.631236694080039351e-01
8.635491147703858728e-01
5.073560663729854703e-01
2.191705299765738524e-01
5.209351517463384901e-02
9.575861565842719650e-03
1.466015951411554080e-02
8.287698820919323431e-03
2.597501104697586428e-03
8.026305978460402833e-04
6.137139853029887834e-03
4.417283453698753887e-02
1.922472304241486518e-01
4.968753452675818694e-01
7.604554746560510115e-01
6.095422691956994266e-01
2.854850959828509338e-01
6.540548713591967656e-02
3.130725237348328666e-02
1.794364514538526398e-02
8.170246984859725822e-03
1.983021824884910553e-03
4.412544109395968319e-04
3.896090514431277147e-03
2.874398822268907361e-02
1.203946463379263893e-01
3.381459320335877816e-01
5.901608424275457399e-01
6.312776595577299643e-01
3.454326308165017734e-01
1.366725269460969949e-01
4.039677787489672628e-02
1.793439330757196776e-02
7.352569896792005878e-03
1.408726253059544792e-03
4.692821839476261307e-04
1.759289522063121067e-03
1.877970986371349862e-02
7.140930859919841778e-02
2.094304247550922427e-01
4.222159418531996611e-01
6.207569809318234100e-01
4.268813933850553188e-01
2.015006978160151230e-01
9.397715149225329204e-03
2.096791567669618883e-02
7.008586541186907597e-03
9.946935316378921824e-04
1.004605506552988786e-03
1.136718995973897642e-03
1.100848913946950343e-02
4.156630610764604217e-02
1.207233414398476007e-01
2.945827420411047393e-01
6.081408418967566565e-01
5.705372869527226554e-01
1.845896420828602447e-01
6.743832536262116262e-02
3.226242375564566250e-02
6.551506660479433641e-03
8.402208197283002420e-04
1.973234770802542379e-03
3.126112779038664642e-03
4.404956379689795899e-03
2.267659211991893478e-02
6.740475373414704652e-02
2.115771321983430098e-01
5.886020187722466046e-01
7.375105370166020746e-01
1.953246519629007194e-01
1.433162932921180910e-01
3.120811106813238187e-02
2.398334991180531978e-03
1.231355916721038873e-03
3.459542207993028095e-03
5.072966658899713370e-03
2.037689549101760669e-03
1.005761627866370682e-02
3.769365808070844481e-02
1.593692037690435659e-01
5.456658712264332856e-01
8.507074042668933966e-01
3.987118001758078178e-01
1.775409520017705578e-01
3.652306404826784203e-02
1.037283146234273257e-02
1.510587961163241963e-03
5.716367954202123541e-03
6.809644840603418584e-03
4.208786006307865639e-03
2.998516817555300484e-03
2.177092545214405830e-02
1.227356130303491333e-01
4.741726770366612720e-01
8.695261787831305433e-01
6.475579064561879372e-01
1.897764208197841862e-01
1.051533769059912471e-01
2.511237452430128969e-02
7.470051402138556951e-03
8.790884023000865646e-03
8.365936289397905845e-03
4.939285946390059925e-03
1.676218439702285368e-03
1.348845917342395354e-02
9.284058923801916108e-02
3.834276671126580771e-01
8.001875038416044195e-01
8.250717847738252564e-01
3.270822785057919124e-01
1.802188265651122889e-01
4.666492611103886107e-02
1.162638125485012872e-02
1.184019074085064516e-02
9.708413680423097145e-03
4.635304934381185085e-03
1.755487342489440907e-03
8.991986155976759709e-03
6.715834302478211615e-02
2.879235601042637316e-01
6.723247845637108089e-01
8.702466086793112510e-01
5.168491883173202961e-01
2.453376005904702173e-01
6.814069882207893225e-02
6.517364616806928766e-03
1.656134897652091625e-02
1.065689855352504496e-02
3.957503256931978533e-03
1.241833713758455247e-03
6.101219293953854053e-03
4.653040341802545943e-02
2.003979369824723800e-01
5.173031943004589017e-01
7.852306306199012820e-01
6.259402785133435509e-01
3.078682011745217939e-01
9.146809119938341393e-02
3.656478180843633630e-02
2.052659825810906891e-02
1.078014045356280592e-02
3.167797010996263336e-03
7.028284178909730874e-04
3.727108495623406709e-03
3.160311603942896758e-02
1.301858621956795414e-01
3.626874002617802017e-01
6.229550551978328965e-01
6.389084828402594729e-01
3.672007782980542534e-01
1.626999384297662665e-01
4.703678633855413321e-02
1.994073535489190169e-02
1.007322519972286834e-02
2.383719574350522293e-03
4.933463648803845629e-04
1.379829028131244681e-03
2.079618029364927595e-02
8.110802935033811778e-02
2.320033156650412043e-01
4.486416422572233609e-01
6.068685834803245749e-01
4.405284000662299526e-01
2.300047658478173163e-01
4.651299159546938393e-03
2.607123100676349628e-02
1.015233342810646817e-02
1.810216573789256034e-03
8.690461749479867076e-04
1.031288621637031127e-03
1.184535280814767721e-02
4.927773406791251948e-02
1.380471361315205869e-01
3.072474528808840089e-01
5.729746256001692073e-01
5.616610516570784695e-01
2.182910605289355432e-01
7.969731040424332669e-02
4.026701611537080588e-02
9.083584314087815234e-03
1.221197695680494803e-03
1.777672225025330073e-03
3.390222815987858039e-03
4.195705153710401272e-03
2.750636389375412869e-02
7.856579246200318112e-02
2.120883271968150852e-01
5.444577257765143008e-01
7.100962754038042668e-01
2.169151961029913700e-01
1.615875815851877118e-01
3.619850432921883909e-02
1.890996916978047787e-03
6.983709310753836996e-04
3.211844968859979815e-03
5.602896933298312336e-03
2.406996320607193793e-03
1.224925595202740712e-02
4.348781857007456148e-02
1.537368575706186680e-01
5.072808675315918503e-01
8.196772423221211357e-01
3.995652001489906069e-01
1.919214206877288553e-01
4.165392501339995612e-02
1.642641222980185250e-02
1.600124241154755964e-03
5.615184123403331451e-03
7.698309942660421477e-03
5.526126389070354188e-03
3.479892667212831046e-03
2.397596237981908587e-02
1.164763640748467111e-01
4.500264812341767673e-01
