9.999999999999990008e-01
5.319268831364980521e-01
8.160231565017582456e-02
3.833714620338778828e-03
6.145539465866534036e-05
3.964897978094777069e-07
1.292806548856181413e-09
5.975219791581997723e-12
4.127521917666507055e-09
1.442614561525124375e-06
2.287742677189166178e-04
1.330867335106340928e-02
2.195436049088410613e-01
7.936326803714816025e-01
5.664317369931927137e-01
8.376131728906500984e-02
2.948819226695353121e-03
2.803275779627231192e-05
9.879826824668993022e-08
3.067858507272128401e-10
1.132986092785640870e-10
2.683082982830105410e-08
3.671705601528596653e-06
2.615481910873254439e-04
8.959577152227744118e-03
1.299467646242806196e-01
6.590143330920287257e-01
9.668668151548051037e-01
3.580436193501594366e-01
3.070200128024846639e-02
5.688796771436236159e-04
2.418580759328410551e-06
5.577632226381884816e-09
3.822386184982334496e-12
5.425512159889338040e-10
2.074029896152423887e-07
3.551766749980356447e-05
2.575690647275432742e-03
6.952647477626262840e-02
5.336483937616213202e-01
9.590282178848256178e-01
3.958088052141215951e-01
4.024509919197610808e-02
1.034683714570433207e-03
5.152972759779130141e-06
2.919552608144352809e-08
1.947848387386688098e-10
7.088146363875909536e-10
1.099690119547007581e-07
1.022454171023953076e-05
5.479356478813966888e-04
1.573732243134370531e-02
1.985714666280361529e-01
7.900515257056233143e-01
7.436463249933850106e-01
1.405620305003539849e-01
4.712187064206400239e-03
1.519857001242043890e-05
3.126107925447629195e-08
4.034388074552947570e-11
1.373326025872653499e-10
4.497238368562105872e-08
6.774094295381564865e-06
4.779628101860654960e-04
1.525283574143631443e-02
1.928005511081720691e-01
7.862865547408275368e-01
9.028740995132688019e-01
2.797289157112846647e-01
2.226401170783241443e-02
3.323437684906411583e-04
1.846979835129143377e-06
2.148032108371201226e-08
1.886369943195244036e-10
3.404936947672177158e-09
3.568903595546150387e-07
2.864587846856079072e-05
1.371227925718030045e-03
3.466689609462672572e-02
3.364264635083822341e-01
8.201773849410105566e-01
3.949763366859819214e-01
3.431570800987959052e-02
4.311382985350736873e-04
1.466389434536545029e-06
3.600222297259116062e-09
4.290364316725144982e-10
6.818329699466192511e-09
8.922134775417229720e-07
5.857047850954428820e-05
2.058474655569696426e-03
3.716835592183973663e-02
3.023898857562958842e-01
8.975202676483803321e-01
7.997059872438073702e-01
1.817957656590866999e-01
7.762490378891228650e-03
2.150465922040568982e-05
5.733685129572990682e-07
3.884737062395478598e-08
7.093545681643443229e-09
2.056960678420146105e-08
2.535631184099367508e-06
1.762908494625023002e-04
6.717585315178555005e-03
1.169772850336391057e-01
6.445984866435684468e-01
8.025615181101029005e-01
1.997199624281676134e-01
8.842488422872300455e-03
6.743844683594643163e-05
4.303983413918081723e-07
4.512149720348567674e-08
2.190660093219956282e-08
6.825619835554447790e-08
3.859524195916527610e-06
1.589757393223557521e-04
4.023461247404481328e-03
5.825938937515420801e-02
4.011528498047549074e-01
9.637053932185624117e-01
5.956830199302078910e-01
7.134911849106082005e-02
7.970345466825839260e-04
4.238748699895287051e-06
1.134173696074345416e-07
1.000748762556303725e-08
4.538312050867342763e-09
4.816751172054697892e-07
3.882986584079655871e-05
1.704259455104636554e-03
3.725690090751376804e-02
3.359964158390553735e-01
9.392855701236852983e-01
6.671620012781391829e-01
1.076849648164128204e-01
2.620408634931806636e-03
3.590741977792699831e-05
2.063310659373641506e-06
3.962541130690265235e-07
1.070410406581155345e-07
1.566874488963907641e-07
8.171456304936740853e-06
2.933226744526173935e-04
6.824856995321163834e-03
9.167102160769675934e-02
5.314994519669051787e-01
8.572323150926967061e-01
2.775503294290319056e-01
1.394180968696278125e-02
1.567223097643692740e-04
1.131256432794952287e-06
2.068908968564745814e-08
4.128929933851654468e-09
1.072340607936696980e-07
7.907823529045027454e-06
3.422222795409150375e-04
8.183704438797205147e-03
1.004447672114290174e-01
5.378003516838294473e-01
9.972918137377988490e-01
5.267483029630528613e-01
6.191092971160401526e-02
4.941035217916148756e-04
2.648269966075295361e-05
4.820497235440450437e-06
1.038781760500592892e-06
2.736734638506052593e-07
3.404514868005852588e-07
2.111948029268893347e-05
7.385300815249820150e-04
1.618687811538255944e-02
1.837333198163169368e-01
7.139207333214456774e-01
6.163276730171590723e-01
9.457443181098422469e-02
2.533150279031928277e-03
2.746119935142222099e-05
1.014268091328520405e-06
4.314366128688660646e-07
2.164314382090092856e-07
1.091809928532210161e-06
4.144083730443358127e-05
1.090497914184782079e-03
1.747255336988065566e-02
1.573628131383360551e-01
6.615419847932112463e-01
9.760098365602386528e-01
3.730546246855618309e-01
2.129134841017796959e-02
5.071637713281594746e-04
2.426753248662556650e-05
2.713957024831170285e-06
3.776533808198574062e-07
8.876038247951413086e-08
2.736334165990319277e-06
1.342694550420434724e-04
4.044572002873295102e-03
6.610414175009562965e-02
4.598353501482381755e-01
9.289421426557983308e-01
4.100682429262372253e-01
3.069989363051295675e-02
7.833145129435776025e-04
3.593039742343603519e-05
7.730865468822417804e-06
2.402279046302688781e-06
8.108984383337748022e-07
2.855452616815204919e-06
8.875152490235196218e-05
1.898314635021074257e-03
2.658947132556905082e-02
2.162027552602189817e-01
7.769387985316362766e-01
8.197392545205232084e-01
1.702132283759426878e-01
4.869845523248021550e-03
4.515683602773097052e-05
2.016983993379110538e-06
2.948472554392481701e-07
4.750483725120721992e-08
6.354492885000709413e-07
3.498816585348196723e-05
1.144771984905749345e-03
2.122382754172326760e-02
1.990199475916243632e-01
7.627873174298746006e-01
9.072355233506599337e-01
2.627714817000690317e-01
1.038382356528612209e-02
4.794178374000919170e-04
6.509053870054507061e-05
1.559393903094737524e-05
4.775455016790493221e-06
1.760823271471441989e-06
4.941779668913088174e-06
1.562380129418681758e-04
3.192329816044960598e-03
4.260623139390219000e-02
3.093237993355715809e-01
8.088078579720445749e-01
4.742620169747764902e-01
4.632796929234852396e-02
1.263840241491125940e-03
1.961909092994098874e-05
1.514089128355549690e-06
7.560826376977936447e-07
4.309526319508947964e-07
7.246231209186911579e-06
2.237237327665510765e-04
4.442939705492587009e-03
5.212197832747514359e-02
3.266754186542294991e-01
8.926421856247613862e-01
8.049633441066521566e-01
1.683128037092789520e-01
3.633400673524333265e-03
2.805010692741555342e-04
7.251294144467957867e-05
1.659534793136328531e-05
3.884803239013999815e-06
1.241500618809088424e-06
1.434465262147824501e-05
4.312291954738505266e-04
8.665376297868511782e-03
1.028073518943925929e-01
5.444749300971037931e-01
8.017341233507999654e-01
2.265466741280986185e-01
1.214413257834096038e-02
2.107446953936538067e-04
3.300477673983731656e-05
1.463514345535980567e-05
6.414979652181843444e-06
2.414760998163598404e-06
2.625861014164832059e-05
5.676126447757776907e-04
8.392080703880427581e-03
7.922940710268376596e-02
4.200363519413415347e-01
9.577244887139241269e-01
6.388160040374083470e-01
7.074363714344306109e-02
3.123430670847849883e-03
1.553474905020467368e-04
1.822231319800017769e-05
2.759876342612806718e-06
4.229410862822158894e-07
2.678805067811756079e-06
1.026690699583378855e-04
2.635773030233402696e-03
3.996845476653305279e-02
3.057639920718610016e-01
8.868726152797903328e-01
6.834190052905587676e-01
9.645901934720974014e-02
5.126899574227875185e-03
3.423264256132787261e-04
9.652881577524566239e-05
3.198670575820691640e-05
1.179308970588485131e-05
5.030263779625379609e-06
4.737406173225266890e-05
9.194149033633271934e-04
1.247745723541500949e-02
1.099774660468981341e-01
5.223011564710757781e-01
9.012912598476243708e-01
3.469554039431436143e-01
2.199403726272739293e-02
5.405891333959582986e-04
7.465780525507837047e-06
2.831479710146357765e-06
8.970278077089602425e-07
1.049938001346969039e-06
2.844485919975889418e-05
7.532663740582301853e-04
1.230735659475696089e-02
1.151741446194337049e-01
5.389599763056158732e-01
9.886801894787184963e-01
5.221504029137666869e-01
4.385898152834406122e-02
3.640744139277487992e-03
4.871212507167836788e-04
1.336721020396316171e-04
4.405849483145677232e-05
1.540853907083161568e-05
7.905454938443575661e-06
8.218309060621320169e-05
1.583314859414527119e-03
2.094553471172564893e-02
1.710536264976814935e-01
6.453879817479027947e-01
6.694281190583885044e-01
1.267972818857021899e-01
6.700765316654004253e-03
2.205410817417302073e-04
3.023600580120632371e-05
1.504517217783040118e-05
9.055062364662249514e-06
3.329267841218886187e-06
1.395042883630458555e-04
2.388481735324610687e-03
2.697392647707062482e-02
1.853446571611455373e-01
6.709890029638166942e-01
9.743136801785089451e-01
3.804700436618791426e-01
1.492884030901155991e-02
1.508754878674740561e-03
3.412155832947866220e-04
7.680138178582475504e-05
1.738489905592297607e-05
3.592364141919020532e-06
1.086151219533385844e-05
2.708076033171566747e-04
5.160041326486179865e-03
6.196441027023300713e-02
3.872320923576457741e-01
8.701331738992751363e-01
4.441668191567399449e-01
4.002855605686375662e-02
1.180481093981003687e-03
3.101301651537951404e-04
1.226614453087230660e-04
5.144416835157643092e-05
2.294759767898994069e-05
1.316238742188589352e-05
2.918312523570019859e-04
4.070450264308573922e-03
3.951048076884466215e-02
2.425419938464465353e-01
7.719332151200556380e-01
8.673565259589298693e-01
1.986439653101675917e-01
1.225756796800948206e-02
4.071838919971287559e-04
5.367201651611279493e-05
1.009074830655324074e-05
2.196708978929438910e-06
2.868680487072419413e-06
7.764440502148498241e-05
1.760805785994292057e-03
2.483996224275119777e-02
1.966150363717235616e-01
7.246228284296215572e-01
9.074465987067081851e-01
2.558207799435437413e-01
1.651777249265788672e-02
9.783827468941327758e-04
4.966236962528995918e-04
1.794853683485195803e-04
7.135820024181804421e-05
3.176824436117280115e-05
2.732107102943225264e-05
4.477061444794145696e-04
5.953320192519873100e-03
5.492102070950473369e-02
3.105518047703640372e-01
8.021945105690638789e-01
5.616555032827271754e-01
7.183068091505802333e-02
3.558324174015067409e-03
1.011964232632135387e-04
2.002245951318708939e-05
1.007844570861327402e-05
7.272847140148191340e-06
1.778063521341168872e-05
4.783632116746990774e-04
7.032789866132672756e-03
6.520361333175321572e-02
3.465042408507735261e-01
8.857154010566394842e-01
8.038421186328786883e-01
1.539287579464491407e-01
1.349684917158553918e-02
1.571684772042732754e-03
5.312630095161767181e-04
1.786968053178494050e-04
5.952458772643339950e-05
1.878911848292618071e-05
4.934531690222173852e-05
8.231682663388139492e-04
1.099081381843475952e-02
9.721471815302093478e-02
4.666930428224375649e-01
7.895140339964199505e-01
2.787649697389057990e-01
2.532685200883939836e-02
1.117635219938969884e-03
1.997290993892592991e-04
1.076532057933395981e-04
5.923813972798632008e-05
3.601885929286516806e-05
6.427779145189315324e-05
1.255605391108154242e-03
1.372841647424220997e-02
1.005732299090695558e-01
4.436638749154862005e-01
9.495374968452764408e-01
6.638380464465003516e-01
6.917127116887070160e-02
7.902177806140846597e-03
9.856388579922617087e-04
1.925839154410596225e-04
4.298709795382954355e-05
9.768790301530181467e-06
7.245134333445393026e-06
1.788872439278647744e-04
3.280872735373767737e-03
3.938967532445619008e-02
2.687996194068688061e-01
8.100783242314383292e-01
7.055047917577784711e-01
1.078961108608124386e-01
1.043777210509364874e-02
1.528859293725031744e-03
5.148114220415127415e-04
2.177610041727642029e-04
9.705508259874781314e-05
5.413473522466487526e-05
1.299119944364360529e-04
1.977343978674636019e-03
1.952677496875111773e-02
1.322393284354407006e-01
5.315553280832163718e-01
9.305383737691947932e-01
4.157060838850737405e-01
3.880825961458457540e-02
1.323163108004100485e-03
7.499814715795707367e-05
2.828054542706796872e-05
9.242801143276783537e-06
4.242557192430591295e-06
5.733910529425763477e-05
1.163731002496769164e-03
1.532781975453331898e-02
1.228045772006791797e-01
5.289304655699041957e-01
9.730605914341403651e-01
5.217752952961174362e-01
3.965293944088033734e-02
6.336582908770620713e-03
1.742904206777967343e-03
6.237452951419826704e-04
2.589821408059120094e-04
1.124752979345196893e-04
5.989139460434935201e-05
2.161922776510015888e-04
2.886075063645709461e-03
2.757444264485616955e-02
1.752496981905696805e-01
6.066821291291732976e-01
7.255314198315306884e-01
1.789881391644540798e-01
1.543649275250796350e-02
8.116989768987849761e-04
1.227437836202645706e-04
6.508387062636295482e-05
4.380038169695833609e-05
4.529413529635508285e-05
2.659261652531973988e-04
3.944930732615941141e-03
3.606083234223524114e-02
2.091459875538060065e-01
6.796101898184039314e-01
9.665591143072573832e-01
3.813886163318391254e-01
2.675255897697922935e-02
2.936958018532894767e-03
1.365500721700983657e-03
4.454535539634924880e-04
1.403301067905181939e-04
4.088055113153620939e-05
3.016951931438969711e-05
4.577135371702548377e-04
6.225842281145093846e-03
5.866736168187313555e-02
3.276827958557982368e-01
7.970747728317999492e-01
4.975403576556012841e-01
6.849268981012260338e-02
2.452387948117783819e-03
7.823063642508518937e-04
4.406841680749825317e-04
2.303099204974949253e-04
1.197367387514804469e-04
1.051845425581142141e-04
6.072336866050561137e-04
6.947769972027620193e-03
5.324897707533204211e-02
2.701161701572220020e-01
7.726719547216004402e-01
8.918175569085372567e-01
2.217799550561452837e-01
2.576458303480841719e-02
1.807924991166949547e-03
3.297561269269866130e-04
7.993964514427576488e-05
2.066804304428269980e-05
1.334341822049381559e-06
1.266123542402991357e-04
2.183807695339178446e-03
2.578747195603857748e-02
1.839179627791266425e-01
6.681485052078095510e-01
9.010950111907195526e-01
2.679030830470254809e-01
3.392042207052308606e-02
2.792493571318782272e-03
1.442357915730302581e-03
6.477651915649117360e-04
3.012172589288959561e-04
1.462150238639810989e-04
1.493439127976796150e-04
9.220744176091407850e-04
9.677610813231091527e-03
6.992921930220409588e-02
3.287250109732812176e-01
8.069731820868190075e-01
6.464509918048972903e-01
1.083696650220030283e-01
8.475822520461747528e-03
4.253308715382741350e-04
8.179796509337838536e-05
3.733730824991034328e-05
2.223120297407586520e-05
6.006005397692993822e-05
7.347864917148518547e-04
9.318049098639443958e-03
7.465571121202756177e-02
3.574283547126526628e-01
8.731794615426810013e-01
8.000755623246469384e-01
1.441438510634248660e-01
2.524449864476498856e-02
4.034229703028443907e-03
1.561726093814991842e-03
6.642104599263388065e-04
2.818638776878160156e-04
1.087524958849589278e-04
1.513830818798107900e-04
1.429906890154552601e-03
1.426185787479735713e-02
9.944592588675334188e-02
4.209633949089921501e-01
7.736612158861552180e-01
3.501712198248130847e-01
4.797772383852630385e-02
3.163705671172201313e-03
4.478707003981919786e-04
2.748768828326415880e-04
1.803710588385812222e-04
1.181830487017532997e-04
2.176179372145798697e-04
2.111626076248220973e-03
1.957580417587330077e-02
1.209105380029917853e-01
4.671531388342173852e-01
9.405412679926782316e-01
6.745665187461774570e-01
7.185478987373331017e-02
1.439383679004145253e-02
3.014638661051373403e-03
8.165748262767547321e-04
2.420946944709907137e-04
7.047029819426894079e-05
4.758522515918255594e-06
2.798120691021190975e-04
3.806800546735882203e-03
3.762268329815849494e-02
2.319794184880445975e-01
7.168794015066742853e-01
7.266774772904387447e-01
1.479980214640604919e-01
1.719074745434822846e-02
3.290954827998080270e-03
1.275846742336131335e-03
6.419456122125141847e-04
3.313937481354673983e-04
1.772994474890557501e-04
3.935714426357353056e-04
3.430176629872710471e-03
2.782253301416212285e-02
1.560769790257444667e-01
5.491695581645021917e-01
9.436466501911301430e-01
4.713333340300271401e-01
6.217601293185864159e-02
2.670224707446732827e-03
3.405856203972136022e-04
1.304072571969608048e-04
4.210505929075546931e-05
1.519372477844220689e-05
9.695566951423461634e-05
1.471002151076032443e-03
1.694348354791317540e-02
1.231072672298019754e-01
5.056150990866075112e-01
9.468894349385044151e-01
5.311260949288273414e-01
5.970547456861197144e-02
7.782309199162396919e-03
3.664720998786437454e-03
1.546895462334403138e-03
7.389875256189050402e-04
3.710024817130147968e-04
1.854316952862670716e-04
5.512116477060933139e-04
4.745284214413971607e-03
3.645586810437113912e-02
1.915367774193736106e-01
5.972636937572519678e-01
7.748939579106635112e-01
2.435284594111988277e-01
3.142351519991998937e-02
2.303884206476539825e-03
2.963249946491760016e-04
1.393086758268444810e-04
9.858061810306700150e-05
8.527764848128775558e-05
4.867751058917821057e-04
5.498435235089882758e-03
4.417722869106612688e-02
2.283831507027710428e-01
6.853497971804266564e-01
9.541135697029138329e-01
3.795582064325291327e-01
4.827810990573937200e-02
4.509303623255995520e-03
3.149765300536054493e-03
1.312135249207559400e-03
5.269833413739414500e-04
2.000306405718737233e-04
4.834765907237627427e-05
7.719537079513531666e-04
7.739714170835274715e-03
5.875700886391524436e-02
2.886588670585927829e-01
7.206903516988671932e-01
5.550337645276487430e-01
1.112628742720380842e-01
7.518767894722481852e-03
1.071530447081335286e-03
8.525247558918547632e-04
5.317215737006112958e-04
3.211209663554261151e-04
2.647493867645658991e-04
1.148158903088065735e-03
1.038432995894623609e-02
6.777883350522577455e-02
2.980824836938280598e-01
7.766415545626627059e-01
8.966478565993595273e-01
2.383213132382739352e-01
4.395618115239061097e-02
4.654020064806065060e-03
1.124498985040932970e-03
3.421930809237845139e-04
1.015349330469136511e-04
3.132584161929920452e-05
1.775318941914491350e-04
2.481132612719450740e-03
2.521664394020682945e-02
1.653578580072141702e-01
5.966431256808186756e-01
8.791623384897713223e-01
3.055145689450807223e-01
5.575600770733678269e-02
5.739820254218179138e-03
2.716466962070076228e-03
1.437007765089261604e-03
7.505730043361178751e-04
3.948220505226316193e-04
3.452794999606730530e-04
1.750917842946273601e-03
1.433336067975497785e-02
8.708385059396181460e-02
3.551545569621327170e-01
8.171359662353996356e-01
7.119891646269117524e-01
1.481628405352861944e-01
1.755465675141404391e-02
1.475593382846521065e-03
2.501614650659528087e-04
9.386185332764972655e-05
5.275893345876818673e-05
6.474715428005018336e-05
1.002037521350894640e-03
1.094675742839860792e-02
8.003600754158524122e-02
3.586508452504458266e-01
8.527310037998717673e-01
7.959692458354804545e-01
1.462828461541820224e-01
3.761497880697071972e-02
7.434052224290261732e-03
3.059872536641915740e-03
1.509148947950509191e-03
7.531787262109105978e-04
3.533891767494893536e-04
3.190057298678637644e-04
2.418671192257978043e-03
1.897129787494633568e-02
1.093507647261693638e-01
4.065073427776811910e-01
7.602919808021314507e-01
4.270557819089819684e-01
8.200566101285518272e-02
7.164401761069519835e-03
6.655595122568634756e-04
4.329490638651367759e-04
3.208164546366862888e-04
2.227909571540963242e-04
4.541374806966618567e-04
3.097075300740176600e-03
2.547113672601885800e-02
1.396007366776687852e-01
4.886390576983432599e-01
9.307377582902951474e-01
6.745765783144591632e-01
8.261599149834146505e-02
2.215657769064418789e-02
6.353856224935621085e-03
2.142616431986002056e-03
7.956825966906928707e-04
2.849558605974934810e-04
8.135239430604841390e-05
4.172653741942168419e-04
4.489776498661294558e-03
3.674902354282582467e-02
2.026060125002958345e-01
6.233159939917106707e-01
7.342306088601732172e-01
2.092669585111631425e-01
2.983310936969523625e-02
5.442795768120202264e-03
2.156711743490863885e-03
1.235742958124412452e-03
7.270100865777043633e-04
3.839822148503400446e-04
8.502019248705733291e-04
5.342036487853931391e-03
3.716833750945902626e-02
1.806459941560465687e-01
5.697330910211316768e-01
9.439355355346700227e-01
5.072701431252307769e-01
8.817534819370359545e-02
4.319661379162174561e-03
1.141783733781094644e-03
4.369943089823625474e-04
1.421758578945542511e-04
5.821268059038139280e-05
9.993390673261567426e-05
1.699638120531293340e-03
1.723393003827332348e-02
1.168535186818329130e-01
4.681030761456418943e-01
9.049402389878158370e-01
5.523707942811092453e-01
9.441145044639881467e-02
7.821953649836817582e-03
5.962062481072834957e-03
2.839354861004052006e-03
1.484160828271797496e-03
8.171201311904102704e-04
3.909448883305629749e-04
1.122802946918420195e-03
7.274369972638698896e-03
4.738272624645014502e-02
2.154703904648420931e-01
6.105091219553548942e-01
8.149199554185466710e-01
3.088653853819240958e-01
5.662647225219230585e-02
5.512891535049838435e-03
6.227317371871032023e-04
2.317302374261020050e-04
1.565672380685352973e-04
8.193515640297514618e-05
7.617035443871392848e-04
6.802705132966173698e-03
5.047797301363804445e-02
2.412573367165367355e-01
6.850813015875991674e-01
9.381013476783587324e-01
3.781509584408375702e-01
7.341842525049184498e-02
5.439036457366787196e-03
5.382099508700503160e-03
2.667769988832674986e-03
1.276119684034840527e-03
5.907957978475236955e-04
1.361568174821222669e-04
1.291336922096392864e-03
1.006470177472647970e-02
6.323907268667132431e-02
2.714753281992737244e-01
6.607010639180361800e-01
6.035535339897584173e-01
1.660058770002490192e-01
1.803632399419268298e-02
1.080260572445085896e-03
1.170572402509617799e-03
8.359376918156565493e-04
5.825799733222252873e-04
3.729010902638047581e-04
2.022110753466038399e-03
1.409893649891188518e-02
8.246971505183751938e-02
3.248763872848791645e-01
7.821336902062562269e-01
8.890786736181653938e-01
2.494367629871324099e-01
6.513627428463238112e-02
8.803461501492349656e-03
2.681612035881872445e-03
1.017328884381668878e-03
3.516786889518935984e-04
1.316801255819341065e-04
2.039222592308659570e-04
2.808280132150264060e-03
2.430073120615994231e-02
1.459193434274290158e-01
5.192548190503135652e-01
8.356554840273423546e-01
3.645978398810059695e-01
8.465290479793939615e-02
9.861928895411216367e-03
3.896180751543576459e-03
2.429871349249334862e-03
1.406656850590639858e-03
8.036707989394321168e-04
4.854889447268979593e-04
3.088043889813188794e-03
1.980161166010292045e-02
1.056175328529250779e-01
3.839284607386110326e-01
8.281784563614840167e-01
7.522152553199623615e-01
1.820897651611637358e-01
3.182514547511536285e-02
4.074090035124131731e-03
6.922800173818521212e-04
2.174499631460908883e-04
1.056067439407472130e-04
3.052189675671774654e-05
1.216109405330406765e-03
1.169370239821796234e-02
8.073531813309035854e-02
3.479726508419428987e-01
8.206978847536177124e-01
7.922629569945028871e-01
1.656958495703106937e-01
5.106569903093591961e-02
1.166901857891235704e-02
4.829095090744375818e-03
2.641376782301039887e-03
1.467926951233682791e-03
7.958296135223934384e-04
4.511352512895541842e-04
3.970640801660841115e-03
2.522563896616976734e-02
1.258089770570591237e-01
4.170652082102336289e-01
7.601877761291939706e-01
4.981550501181091772e-01
1.268297507148380965e-01
1.442791579305605434e-02
7.933512229371277166e-04
5.315514702541872683e-04
4.237915513784035150e-04
3.295453056879537267e-04
5.126842561397559027e-04
4.303793503461973702e-03
3.063805242135318047e-02
1.553510870368409180e-01
5.053272201076496328e-01
9.193464651358227435e-01
6.674838017737321216e-01
1.017686407464575837e-01
3.054578503897426370e-02
1.064938423466733203e-02
4.131489190429982021e-03
1.847576825210381878e-03
7.986370831180961095e-04
3.209523683502463545e-04
5.587649746133976957e-04
5.612954400519885347e-03
3.802503630269515877e-02
1.849567016522460083e-01
5.474127715033406671e-01
7.231533523661530793e-01
2.807849495501247850e-01
5.324417718856088583e-02
8.580188908598079464e-03
2.909684652405650392e-03
1.819116844512926566e-03
1.214754979708656179e-03
6.946237819640710843e-04
1.280372097038206137e-03
7.890992777864971539e-03
4.709074575014537967e-02
2.053501528874578930e-01
5.905212525939321777e-01
9.366322648285059227e-01
5.248838205773664889e-01
1.136932027710877979e-01
6.350175647567954558e-03
3.060452158438199590e-03
1.196303336948419810e-03
4.103058810000952735e-04
1.591081999328077044e-04
1.192382682298453978e-04
1.869426942873370729e-03
1.673075314144288617e-02
1.063580010057386255e-01
4.188367064639934023e-01
8.435685335036134935e-01
5.824949621960745505e-01
1.392992373545635654e-01
9.438578621913547989e-03
8.250693414613092039e-03
4.354053314926328161e-03
2.454534953993099764e-03
1.453867216605283803e-03
7.200071361903310867e-04
1.753168329678849368e-03
1.069021482966744062e-02
5.973837839058458027e-02
2.431164121584448445e-01
6.351244258640924567e-01
8.449164964650618392e-01
3.627638476747594987e-01
9.047560263811371684e-02
1.121564573432124769e-02
1.168369325216884720e-03
3.685693469818379165e-04
2.184713047754537649e-04
1.519132461835969393e-04
8.289481185036287093e-04
7.840229568210449820e-03
5.394912231577716349e-02
2.460857242589488680e-01
6.754220211061553458e-01
9.187779740216696078e-01
3.811568867035398656e-01
1.012696135050637353e-01
5.711030204946580292e-03
7.647271434279774224e-03
4.311269897618155537e-03
2.341824961018058263e-03
1.269466835356710581e-03
4.555840977023019041e-04
2.003343229242070950e-03
1.353335368504988458e-02
7.239362691337385136e-02
2.741558321990552605e-01
6.300430610443723545e-01
6.391997179987997102e-01
2.276209722514426492e-01
3.632174444643301858e-02
2.776734367509653238e-03
1.340364696698230062e-03
1.030423679435468753e-03
8.202959828522191727e-04
3.869656133265749853e-04
2.925116308680367032e-03
1.799155467800508598e-02
9.619553896972127260e-02
3.490620506441078352e-01
7.870129847969535852e-01
8.740930277297320750e-01
2.570939901862944188e-01
8.781039653841017645e-02
1.364418489730412874e-02
4.912024166907448877e-03
2.293555840275574888e-03
9.384342103712512697e-04
3.906972649916968425e-04
2.510549320939400755e-04
3.294959007100175131e-03
2.415884178832500978e-02
1.305783252833190300e-01
4.488260206987281786e-01
7.735008256498089318e-01
4.308649110960451334e-01
1.243472412538451088e-01
1.636372619405303958e-02
4.363665128564698029e-03
3.352454801596735541e-03
2.174622028308328091e-03
1.379067733307174628e-03
4.922106243162544881e-04
4.757487707531095691e-03
2.619150693911182631e-02
1.248109387957651445e-01
4.124290714531303470e-01
8.365563294526047189e-01
7.687087136265606802e-01
2.044606008502473649e-01
5.114054576744914149e-02
9.087222517457934842e-03
1.675526733476311253e-03
4.967754915817887027e-04
2.053997664002382652e-04
1.541638006159612982e-04
1.262263289164344392e-03
1.176303493139527027e-02
7.692789430815058505e-02
3.249245140178811386e-01
7.731367662902870475e-01
7.867708991470778734e-01
2.036776072986682118e-01
6.736232887656011525e-02
1.687167150496530696e-02
6.653553014316887504e-03
3.926403054570077808e-03
2.358335530624347878e-03
1.436687324909290521e-03
4.037149795780460701e-04
6.073095316095155835e-03
3.297242449065853481e-02
1.468410356209336742e-01
4.437153740642590383e-01
7.760244978723838116e-01
5.558002177050220816e-01
1.776237233497790224e-01
2.619636271562884172e-02
1.289772523252274853e-03
5.587663478411191180e-04
4.827604846317461846e-04
4.273358060475358332e-04
2.952577023567572222e-04
5.386328597294080638e-03
3.457929633594479524e-02
1.664842551504941703e-01
5.146479533666797890e-01
9.050134085137536699e-01
6.566505330839699228e-01
1.275198467773460964e-01
3.945010404866911707e-02
1.559334254604876312e-02
6.457709259402836730e-03
3.308556654201580752e-03
1.685213461084471677e-03
8.439360728590269631e-04
6.515764697166130008e-04
7.408115766837424995e-03
4.221388490273064731e-02
1.805969287078909857e-01
5.000834167176845257e-01
7.012184251695705584e-01
3.505343358076249416e-01
8.962562767255240204e-02
1.440818920648152465e-02
3.501109644767900174e-03
2.166189886229032222e-03
1.634870215274530046e-03
1.105926630939441449e-03
1.446676914668570089e-03
1.093421792874815605e-02
5.718272610841663300e-02
2.292730056191426835e-01
6.101686093973491820e-01
9.253370771075137835e-01
5.286234032482752809e-01
1.376719471488759006e-01
9.925831690796959109e-03
6.630225196635378127e-03
2.723334173172129846e-03
1.019125574631551826e-03
3.974416998724982853e-04
2.802663452207220071e-04
2.010035701677306396e-03
1.625364600369905849e-02
9.513659648158566406e-02
3.654255202158366300e-01
7.653156952712266703e-01
6.115986570612005346e-01
1.938632610665114442e-01
2.042320528202600655e-02
1.034587418110691215e-02
5.863130400180929444e-03
3.514672963009957303e-03
2.232589262669173406e-03
1.246397534896952252e-03
2.243996908381684814e-03
1.502547509061490615e-02
7.308512461233729329e-02
2.716268601323156284e-01
6.613350018173029810e-01
8.633732466665327010e-01
3.969133959109264476e-01
1.290017645421012160e-01
1.947502864041716561e-02
1.812454236229989364e-03
5.794241998652096019e-04
3.105719227065758506e-04
2.643329334401725312e-04
7.455383106283906477e-04
8.368266975131082724e-03
5.417841204878853095e-02
2.413402670143124373e-01
6.528108787753578168e-01
8.950525860989321236e-01
3.925083493818782299e-01
1.320328173843340891e-01
7.148931105010019639e-03
9.724213334732872277e-03
6.059633966163050639e-03
3.548555862949392611e-03
2.154733149498875341e-03
1.058923289720016233e-03
2.785357080807933285e-03
1.834071644433066597e-02
8.576783552139718991e-02
2.929064428304223866e-01
6.302230979424047197e-01
6.669172466463243465e-01
2.878826925584020424e-01
6.407200420997313794e-02
7.709952157572716111e-03
1.636459291311390205e-03
1.088086997537808043e-03
9.392220950343936310e-04
5.268493734072652018e-04
3.452773241720963684e-03
2.182781182822386701e-02
1.076856270160634205e-01
3.688272255955377665e-01
7.889839668226951153e-01
8.548594496198412829e-01
2.630206264644219805e-01
1.110568487743383570e-01
1.865612942410690631e-02
7.419174248430836401e-03
4.158587149718288162e-03
1.982451739333605280e-03
9.353511975930527697e-04
5.150407735691650253e-04
4.023566870389966819e-03
2.564224490851517435e-02
1.225523691269637810e-01
3.963803212259627284e-01
7.065187250701905342e-01
4.869480494968185247e-01
1.757536863973775398e-01
2.763371789775490375e-02
3.531447182259210386e-03
3.883986667664228020e-03
2.833983891227061756e-03
2.020165983158434420e-03
5.490842013780610669e-04
6.471408290738134630e-03
3.351035038909016411e-02
1.440766820114420810e-01
4.398329615026774220e-01
8.413308976687329244e-01
7.676838250181121648e-01
2.160685333229799832e-01
7.406776994179449514e-02
1.684403908229338206e-02
3.449552954195803794e-03
1.080857752814163610e-03
4.215449689479055140e-04
3.152249738862709059e-04
1.252008215067730102e-03
1.145328202669623936e-02
7.030451496484459162e-02
2.922783687379348905e-01
7.085787035526031064e-01
7.743140347211613372e-01
2.574119070073324078e-01
8.962911185328663322e-02
2.341341227913133760e-02
8.394512182313313559e-03
5.263885818904621462e-03
3.329172353488815076e-03
2.211443519683688012e-03
2.213270208146739357e-04
8.504209010579636546e-03
4.213642695430416807e-02
1.700725778181418346e-01
4.774246534334357084e-01
8.008942374312997270e-01
5.959613450354552810e-01
2.257427043465723704e-01
4.280276622000694919e-02
3.677768055363943127e-03
6.593531395892388231e-04
5.399706355989225288e-04
4.810736023157714705e-04
3.296934250765366759e-04
5.865881251338305943e-03
3.696510013305587955e-02
1.712262500938590837e-01
5.141030290510221201e-01
8.857105067275317101e-01
6.455864216837313707e-01
1.583179759163381439e-01
4.936458571725022698e-02
2.120038932516534955e-02
8.894855771565341254e-03
4.965433216260132197e-03
2.842747823669348074e-03
1.684695023051694393e-03
7.584277369090058158e-04
9.970994075451745930e-03
4.970227249302947015e-02
1.890538028880263677e-01
4.837545322156586725e-01
6.841207887462018578e-01
4.085234155770763875e-01
1.376996678379759087e-01
2.494729334916231944e-02
4.274425211655091990e-03
2.206495920018168577e-03
1.817611755497541923e-03
1.501964835220267027e-03
1.189888745335398708e-03
1.399330231744757430e-02
6.697796443619165319e-02
2.509990591882305666e-01
6.274869114515304602e-01
9.114625001452968389e-01
5.229633077476101288e-01
1.609946151288095539e-01
1.617739909816013136e-02
1.195834317086962723e-02
5.241077930964829767e-03
2.173509288794592525e-03
9.079138566368401232e-04
6.147709551753988968e-04
2.228720758414536474e-03
1.646322075772584798e-02
8.663789514105851852e-02
3.178788672626645662e-01
6.809714038378015255e-01
6.272510106819991771e-01
2.556419869114662791e-01
4.362227720316793483e-02
1.295166282829252925e-02
7.233489750179947740e-03
4.515528350522336407e-03
3.046532880101029180e-03
1.966875427629944783e-03
2.493644559148708393e-03
2.004261802468577588e-02
8.732214833506332652e-02
2.994372695315423161e-01
6.843267736576273963e-01
8.695520701788420626e-01
4.103265460556043687e-01
1.662455156365519604e-01
2.896242417597282015e-02
2.015289495084521092e-03
9.248345755254374495e-04
4.936039756518078355e-04
3.624417062756462248e-04
8.032868467910341632e-04
8.245552175932657074e-03
5.164786692392397266e-02
2.266166786138124334e-01
6.145247409549109419e-01
8.636008068692352380e-01
4.145902618663841466e-01
1.667435881045919721e-01
1.242684088462760704e-02
1.145610504634473475e-02
7.929277062924060260e-03
4.831216663780422277e-03
3.119522988489246192e-03
1.901443352958616818e-03
3.506727072373517617e-03
2.439973876872426894e-02
1.022899796618934321e-01
3.222993173243046683e-01
6.535860498619833203e-01
6.932200503063921104e-01
3.377644992898405918e-01
1.010092935140467635e-01
1.681304867315402268e-02
2.679804834038318050e-03
1.129434965234252892e-03
9.241765248417338442e-04
8.545212872623885857e-04
3.453319349564027731e-03
2.498755050892481969e-02
1.158149753154515821e-01
3.818589209459671285e-01
7.859066929544800129e-01
8.333708596237913158e-01
2.690244449292201745e-01
1.346192559530780819e-01
2.381711543622194380e-02
9.625609846769300759e-03
6.435061215274426490e-03
3.486759824593712621e-03
1.852515751438449116e-03
1.149741815214816356e-03
5.044418972041850822e-03
2.929454935809729099e-02
1.232311315953051878e-01
3.677298066704788315e-01
6.523731330434022757e-01
5.227123004547612473e-01
2.343754752351266124e-01
4.647239706105839308e-02
1.458991768160650734e-03
3.868374516209761946e-03
3.221455644257846963e-03
2.555549153016217160e-03
1.093316841020463984e-03
7.917020932747528827e-03
4.143707488946315326e-02
1.628336817481153831e-01
4.654851272720770261e-01
8.430436288762018782e-01
7.556443091165077064e-01
2.218062604738085530e-01
9.829049423237876115e-02
2.660337815315232807e-02
5.995342120606280030e-03
2.172045136024934424e-03
8.870844173689570013e-04
5.476207237312275813e-04
1.383938310799259514e-03
1.114295605828212465e-02
6.349775570133835145e-02
2.563062616343662059e-01
6.319288754864305080e-01
7.488264276049106938e-01
3.199654280346228008e-01
1.216641653946657908e-01
3.192747078077588785e-02
9.725573118146332505e-03
6.583231777256088636e-03
4.381239107013469580e-03
3.083809986337983800e-03
9.206983962673342264e-04
1.100909188947604353e-02
5.259975354730387492e-02
1.937132252023834877e-01
5.112629755448936386e-01
8.244390807165573598e-01
6.176399854207527129e-01
2.620384332396566429e-01
6.304563784508326885e-02
9.196778163932274944e-03
1.542318297298049231e-03
7.042117839335230740e-04
5.034152996477518193e-04
7.338190944375828917e-04
5.708549743460466196e-03
3.738994201572298087e-02
1.684173305960635636e-01
5.009362349113960500e-01
8.586366114004043704e-01
6.372544562677260327e-01
1.934772638653804722e-01
6.139549520885987516e-02
2.758993996525891182e-02
1.128405344091921135e-02
6.682377444184052148e-03
4.160236585094136651e-03
2.776626851186742972e-03
1.273399186265945088e-03
1.319673278764556257e-02
6.042273733448962764e-02
2.082685878337601215e-01
4.948670325532779635e-01
6.841545776330680839e-01
4.505668326739316054e-01
1.926655756446071233e-01
4.155859338480605986e-02
5.731229303574834552e-03
2.007551395007443201e-03
1.767118205533962927e-03
1.749587693523171981e-03
1.044759760692164346e-03
1.637175692924430423e-02
7.583557769611955213e-02
2.687561196924899143e-01
6.408386133566746912e-01
8.952418486274442699e-01
5.115378586614763856e-01
1.848992093126812508e-01
2.482490420438087514e-02
1.850992760472379081e-02
8.593641366121189742e-03
3.995142993018276252e-03
1.859819815051995482e-03
1.225555330324881080e-03
2.677389123887555233e-03
1.779043052227223531e-02
8.320103891722194223e-02
2.842325760258089251e-01
6.059201473670904337e-01
6.237727018419557679e-01
3.172001463926434894e-01
8.005224847083483586e-02
1.855269302329869141e-02
8.408234757352353247e-03
5.307357861206201365e-03
3.822583984765272856e-03
2.835193845827042695e-03
2.738573601518222173e-03
2.530798233356796462e-02
1.024077374778312594e-01
3.258460460622911725e-01
7.033226513771916322e-01
8.649897426999275662e-01
4.084083504695445455e-01
1.976987525190978534e-01
3.747930892147397636e-02
9.113689125890586488e-04
1.721538060693680004e-03
8.964870583335509454e-04
4.956068264758275521e-04
1.054556383846413318e-03
7.777167354821992729e-03
4.753556630418125095e-02
2.043531065331231633e-01
5.607978244886064889e-01
8.199491002757768321e-01
4.460055940272437125e-01
2.069186770620827232e-01
2.343911707551193935e-02
1.256844846298872317e-02
9.853175098921571062e-03
6.213556472318481488e-03
4.176494392958668422e-03
2.957282407636638733e-03
4.317355432284910276e-03
3.130547190492526111e-02
1.207794951669424466e-01
3.561052072217560371e-01
6.881321042377545050e-01
7.189940583994991474e-01
3.699937440118112320e-01
1.438813080121978671e-01
3.094717468047173195e-02
4.849569297449087685e-03
1.306206585517208580e-03
8.663680861254151322e-04
1.114373918087913301e-03
3.352488336003204249e-03
2.656600016281500387e-02
1.197134733630390302e-01
3.855174229612012837e-01
7.755400509707817136e-01
8.109589446449166905e-01
2.775974117646070605e-01
1.589013012587268958e-01
3.003381006385596325e-02
1.093783749869316722e-02
8.756722638783066143e-03
5.304074991548385701e-03
3.158023446480799634e-03
2.221417820446679181e-03
6.395731012157999419e-03
3.533022734045247748e-02
1.327192239173607402e-01
3.635689252211796174e-01
6.234551531896518339e-01
5.409235168088218915e-01
2.915135861617547675e-01
7.482552721127751216e-02
6.685750620674405821e-03
3.348783154045507828e-03
3.276203129199703121e-03
2.880380395471406150e-03
1.970219944351328956e-03
9.001131696876727220e-03
4.918015309458249884e-02
1.803585987368802601e-01
4.881703068400481405e-01
8.421737274958274178e-01
7.369456763125331600e-01
2.265428951312248307e-01
1.218718189652247125e-01
3.702086479065404973e-02
8.786013492633420671e-03
3.901437942450852823e-03
1.798926628639752620e-03
9.823924560676661720e-04
1.793734170921170617e-03
1.125910685027606099e-02
5.883974021471338051e-02
2.247171132019309403e-01
5.546668700597131574e-01
7.084551658315650924e-01
3.801090336420902549e-01
1.659674797273360258e-01
4.403988171666680523e-02
1.010029208689478507e-02
7.546423484270942811e-03
5.455176804917353205e-03
4.092586358849397733e-03
2.095248647038502280e-03
1.360926570421415113e-02
6.397289834301113365e-02
2.171429505512502967e-01
5.416137125962624532e-01
8.399668954264217779e-01
6.225422894702566934e-01
2.816227310293110131e-01
8.441687397066176268e-02
1.880536917948781583e-02
3.777867090524197370e-03
1.153696079359343811e-03
5.756246055168966636e-04
1.024317187989442221e-03
5.353054386098510253e-03
3.570636901302072508e-02
1.583828869840477327e-01
4.729131217665058506e-01
8.201883762989541360e-01
6.326746924221203772e-01
2.329161764195302742e-01
7.762322562297428730e-02
3.518075277033605452e-02
1.350159324855809868e-02
8.271241389006605063e-03
5.522390781516630341e-03
4.069038079414067852e-03
2.370255304945192293e-03
1.692234257673484732e-02
7.372544999703306567e-02
2.347915417441247543e-01
5.256476748490479523e-01
7.031276890162422299e-01
4.781258778776877882e-01
2.473456225488627480e-01
6.442965891145142898e-02
8.692169645209184281e-03
1.476282262886883904e-03
1.566715422014594702e-03
1.801940135497562745e-03
1.809193534230863929e-03
1.765666410387825222e-02
8.266774454398119476e-02
2.807484757545536391e-01
6.479999775845759480e-01
8.765949491687142769e-01
4.974884456871468408e-01
2.097333315686947253e-01
3.524919068829106966e-02
2.567262049733362583e-02
1.221311530349578935e-02
6.277716730300620350e-03
3.330499289239328021e-03
2.280145808609650073e-03
3.505198882929274565e-03
2.051000808671952017e-02
8.594512698314721311e-02
2.684981472678307779e-01
