9.999999999999990008e-01
5.227735857076766246e-01
6.403539010074013604e-02
1.459898215768045630e-03
7.275784221175063193e-06
1.607437908771129790e-08
3.528346339124783048e-11
6.970452672044637939e-12
2.722563124801622153e-09
1.084496598615804491e-06
2.743617628289801431e-04
2.204042780605960580e-02
3.350650243443277776e-01
9.605249460838146680e-01
6.869149317832382584e-01
1.316748846351972202e-01
5.432614673206894416e-03
4.003522863487104410e-05
9.442925294047851434e-08
1.708926653632040963e-10
1.315054085356580525e-10
5.426570037179921241e-10
1.657011082834132576e-07
4.009786022326263660e-05
4.926883376547959437e-03
1.547278993490522891e-01
8.061606752644492335e-01
8.280118775462419478e-01
2.213904145857134298e-01
1.471207646541035190e-02
1.722128608947484847e-04
4.321524755007667188e-07
2.189895968560785654e-09
2.194940751345978886e-09
1.029671440182689690e-09
3.199802291006610852e-08
5.843841487783719879e-06
7.871616589164567510e-04
4.510441785295674771e-02
5.127520974588718472e-01
9.007512296217587977e-01
3.365365450040720963e-01
3.228997396933454278e-02
6.112841181412648076e-04
1.200007151843117059e-06
9.796066615784492283e-09
1.618164482954798817e-08
9.123487659193180247e-09
8.587163643187366401e-09
1.053340038279743549e-06
1.184846248989682908e-04
8.638528644919945057e-03
2.100597373556441216e-01
7.934304200028682308e-01
4.705022305409082839e-01
6.293058990479320769e-02
1.811879245143628017e-03
2.265721610466389899e-06
1.283383051099418975e-08
5.785676132448135475e-08
6.130779215952169709e-08
2.093519732755602016e-08
2.475504920331055957e-07
2.124348637446691579e-05
1.450189976256431330e-03
5.313019735274494143e-02
4.806076295932323883e-01
5.681892387077716045e-01
1.131166879162953665e-01
4.686638595239689918e-03
1.292697817661465337e-05
9.606316050465681959e-08
8.988569683292260659e-08
2.513617054394777902e-07
1.512966180566817760e-07
3.492538846385507572e-08
4.824150409335543960e-06
2.783960996520988378e-04
1.082694831816334059e-02
1.767273035762244315e-01
5.198863638354618288e-01
1.845697100823646131e-01
1.107640352392349342e-02
5.580828159648138783e-05
4.634098874888654945e-07
6.096275142186655739e-08
5.418089021276679224e-07
6.967546089223978380e-07
2.411223752261625786e-07
1.293682673892370316e-06
6.419094905656264744e-05
2.442856639962881059e-03
4.668675776806818778e-02
3.064313568926805287e-01
2.535641230921555911e-01
2.459926897987887648e-02
1.939950300954478913e-04
2.204270747406699998e-06
3.824167945648728354e-08
5.310744772336176603e-07
1.949019527848726268e-06
1.254410473694889514e-06
3.444062889691185385e-07
1.741546488182782175e-05
6.151312761037251589e-04
1.402712711313444660e-02
1.131256146371864696e-01
2.547356345109108577e-01
5.104718714322291351e-02
6.729972376133599174e-04
1.190883295098736228e-05
2.303884880357510718e-07
2.488527763706775192e-07
2.816077727433213957e-06
4.339771871954963228e-06
1.512850640039853790e-06
5.197789707588191174e-06
1.706998720601131273e-04
4.330767850279855329e-03
4.616591365373984984e-02
1.603665445053276961e-01
9.030385310896929529e-02
2.885353992664350681e-03
5.173371402282923946e-05
1.432562247620953510e-06
7.504923713815428845e-09
1.937595800505596822e-06
8.785092436160418778e-06
6.366921417279703889e-06
1.415748984510890968e-06
5.210641647471629168e-05
1.296040035289624994e-03
2.204667857489490609e-02
8.004279573830010153e-02
1.131968714912745255e-01
1.155302820757694512e-02
1.666770980958673159e-04
6.764647030764791263e-06
3.476831789269159770e-07
6.933248010716741965e-07
9.079173462023249269e-06
1.726118315975819656e-05
6.121550874146891038e-06
1.669362975160430947e-05
4.092042678073470798e-04
7.958965034707004768e-03
6.565148655799213362e-02
9.038408438964569414e-02
3.296247591227360191e-02
6.023572111955124465e-04
2.958409147589776588e-05
1.667426850305878319e-06
2.189068744625229585e-07
4.771153571616174522e-06
2.621431572365230035e-05
2.269742835357530688e-05
1.594535886826731991e-06
1.365956999585675772e-04
2.484762733114445187e-03
4.162696138630169601e-02
9.417889742143240039e-02
5.781121949455339526e-02
3.863320701926110934e-03
1.318758808392848057e-04
7.923390080384065741e-06
5.158819040948968160e-07
1.475076569979743203e-06
2.052613480706637819e-05
4.898441946693268904e-05
1.994049730617993531e-05
4.685294555062219336e-05
8.716874621861546955e-04
1.635128124546761028e-02
1.226995586549718686e-01
7.786086365221751848e-02
1.614271687376709827e-02
5.257670229771465621e-04
3.580570539120875534e-05
2.388546888129301615e-06
5.079147121846510051e-07
8.860895082502567407e-06
5.717621883914694085e-05
6.362143839497000407e-05
2.008390731984679501e-05
3.371790298667793023e-04
4.339810920207863403e-03
9.702320643257558719e-02
1.645130363088895820e-01
4.104618978446114563e-02
2.372823228739975344e-03
1.507367238897325008e-04
1.101833406366699994e-05
7.076327848833286581e-07
2.618189630494977310e-06
3.571072031421924339e-05
1.071977348191934052e-04
7.031999679140771764e-05
1.439859602890002934e-04
1.025863113205237624e-03
5.052621218555532201e-02
2.605226707406832487e-01
1.108173106896947480e-01
1.092991874285503123e-02
5.531253148386783627e-04
4.769162477865002066e-05
3.572282880536551142e-06
6.143156058329598685e-07
1.352016930499338774e-05
9.781750047105591643e-05
1.515136279962841636e-04
1.323630047778652844e-04
5.163079007015835501e-04
2.066589032670458626e-02
2.503667344082747270e-01
3.073666911680558722e-01
4.269143108091155714e-02
1.916909486336018610e-03
1.881100605365038558e-04
1.598567918186693639e-05
1.066565889149282269e-06
3.850576714064116210e-06
5.104410318426902556e-05
1.890826133603472434e-04
2.217838534650437012e-04
4.276810399180382355e-04
7.452797722501475902e-03
1.722329133708281612e-01
5.181334991291263181e-01
1.720259886104850977e-01
9.020828946692632105e-03
6.179382470708574306e-04
6.612353317277902911e-05
5.508603590593022774e-06
5.384677470261920686e-07
1.774767787456826712e-05
1.375974397636564161e-04
2.885391581856330324e-04
4.865037958289095002e-04
2.221125301454969503e-03
9.889863247883010078e-02
5.559244330079514684e-01
4.778684568879187911e-01
4.859075863575790244e-02
1.604993861537174805e-03
2.400611168876778858e-04
2.372102798515509232e-05
1.865698911333253206e-06
4.799741552365437895e-06
6.242604453480950341e-05
2.671530321571221884e-04
4.795208851734835461e-04
1.247221842062888836e-04
5.132597460369452830e-02
4.496164989645250465e-01
7.909014233603731681e-01
2.045867225280644242e-01
6.547688314217933216e-03
6.888112264492666755e-04
9.220982326525034838e-05
8.643219709143822724e-06
9.580813035775841719e-07
2.032163169474836669e-05
1.632260325998389106e-04
3.607116668491252317e-04
1.095084248717640742e-03
2.426113815927858144e-02
3.129489862866810523e-01
8.935066784946834595e-01
5.140222790115710483e-01
4.008784807719228960e-02
1.262133876093486737e-03
2.999679044789930007e-04
3.536481754570242346e-05
3.277501527163666770e-06
5.270116509028270797e-06
6.653008919315069676e-05
2.889966606908657551e-04
9.394648647746870699e-04
1.058230788341738698e-02
2.001102125869961834e-01
8.147562788122723054e-01
8.132158189238690715e-01
1.540572556048671604e-01
1.830058113225614940e-03
7.412009914778860302e-04
1.258217827824675351e-04
1.377478663463597714e-05
1.903228934720187620e-06
2.033677235309418988e-05
1.642195134399714550e-04
2.341262863669442103e-04
6.184273634204576556e-03
1.180139496467873944e-01
6.691090359231671725e-01
9.651137574064868607e-01
3.476301031747121573e-01
1.977919313218271316e-02
1.255009005418066242e-03
3.543287383415577065e-04
5.250491667607898089e-05
5.702894674175251133e-06
5.268980913423050161e-06
6.183514410068053225e-05
2.144345810836352571e-04
3.224328467540346545e-03
6.194928572936536648e-02
5.057113816695629760e-01
9.990382079108647284e-01
5.436068820900562537e-01
7.005141300420575368e-02
2.070077407028101356e-03
7.397021285568541405e-04
1.646956814310429076e-04
2.263053404208062656e-05
3.251897169467344867e-06
1.785129773670245535e-05
1.359688716627396106e-04
7.411161389614999645e-04
2.704222324349058598e-02
3.286178910081074545e-01
9.563345559196611001e-01
7.061745244060014803e-01
1.485154021925049195e-01
7.988755505527862788e-03
1.158024223175294336e-03
3.870921358160203901e-04
7.903153457930640891e-05
1.038448332865256851e-05
5.102474453055585937e-06
4.958453565719559287e-05
3.413796083313262974e-05
8.510698795811318454e-03
1.614600877182343353e-01
8.043348281364454122e-01
8.424445142570051726e-01
2.448921642063648652e-01
2.070906170755731565e-02
1.528196169584976599e-03
6.651081813204200253e-04
2.108025635650057300e-04
3.992466249216708809e-05
5.614110260900253417e-06
1.408663947972901384e-05
7.940537616490832078e-05
1.818885476319223550e-03
5.379359736036061490e-02
5.188530176641167335e-01
9.116631711520113424e-01
3.620018622846864487e-01
4.195990552045503891e-02
2.023371751549290186e-03
7.906492928481944097e-04
3.964475914942739918e-04
1.263880930920225991e-04
2.049206637288959916e-05
5.373586695820108535e-06
3.296956675873902285e-05
2.638673360492835469e-04
1.296339787349006824e-02
2.203164726634653792e-01
8.029850323217848640e-01
4.942018882604757857e-01
7.653784919132509967e-02
3.552347811027733657e-03
5.065996530810770032e-04
5.523780444296687818e-04
2.804576874719954703e-04
7.592132487605525047e-05
1.076771131169994091e-05
1.050205258320085718e-05
5.689777705280260384e-05
3.003019783556406825e-03
6.011031492670853432e-02
4.899536665301386096e-01
5.852842742417881938e-01
1.299295560867965160e-01
7.577710151373460296e-03
6.850133125141652849e-05
5.296830907745622144e-04
4.094402230987749785e-04
2.148331285925764145e-04
4.242303237611673124e-05
6.962384041309251365e-06
2.760655858140568440e-05
7.429132703029887527e-04
1.510533574969751339e-02
1.836344995889701570e-01
5.276677890348262512e-01
2.006142118040298017e-01
1.590854188413939885e-02
3.237366782663002535e-04
2.917505089831857481e-04
4.491152764468697212e-04
3.965810359561656876e-04
1.464551622160357492e-04
2.213829950456178716e-05
1.046110209585465558e-05
2.128407443328052457e-04
4.754494103589562010e-03
5.123942911004257528e-02
3.103010510372299358e-01
2.611019175527544145e-01
3.110438062056882641e-02
8.250936654760135380e-04
1.139520705475618339e-04
3.530018748694604904e-04
4.586486946479767035e-04
3.601045100013331368e-04
8.668925368394083428e-05
1.044370988182827562e-05
7.062380005709514993e-05
1.536953060803520612e-03
1.927103223442148960e-02
1.170285848954633195e-01
2.518865920416256676e-01
5.559983649448384246e-02
2.111327402585719184e-03
1.026408196157458036e-04
1.738525473135885222e-04
3.870680342732915223e-04
5.524858971857668890e-04
2.677843012675273872e-04
4.509765561630179969e-05
2.136929887830782624e-05
4.972788785515987447e-04
7.859328203578213809e-03
5.132590696220013654e-02
1.581989978705185540e-01
8.704279048024912702e-02
4.688136061303204566e-03
1.719998463665594560e-04
6.627150873781057546e-05
2.361873516075176853e-04
5.271143818481552768e-04
5.550016036679790562e-04
1.673586945082405691e-04
1.397293554368610214e-05
1.659831010298586866e-04
2.848531083241307143e-03
2.957957508627100801e-02
8.385549241302485413e-02
1.044414331585339362e-01
1.000294865082483782e-02
4.548157029477560087e-04
4.651277799897844380e-05
9.450729166112052930e-05
3.525164883363274141e-04
7.046577395840670837e-04
4.463555306734203593e-04
8.930599415413289003e-05
5.037227875584759262e-05
9.900003326753547064e-04
1.321365336297470119e-02
7.370626584651383817e-02
8.674461154215581948e-02
2.601975321823913820e-02
9.739264429995869504e-04
1.053122798526880447e-04
3.034179976755591564e-05
1.670678235152548948e-04
5.643219771742890830e-04
7.628578325973097048e-04
3.007828680039539046e-04
3.463339878056768880e-05
3.496539556394589587e-04
4.909274301384622050e-03
5.183703873282892449e-02
9.965917370290573729e-02
4.989161204878222317e-02
5.464849715055701855e-04
3.418301190111225157e-04
2.485078709458814254e-05
5.591018791597618083e-05
3.086756846564809318e-04
8.010689311109197523e-04
6.680460118593602213e-04
1.843234565446794115e-04
1.301157040694474751e-04
1.826737534068780455e-03
2.311571972298816224e-02
1.331555730762936929e-01
7.515325283005178103e-02
1.112641956952479909e-02
1.021763369559057586e-03
8.307167460712850532e-05
1.982363975054721189e-05
1.189247240960100011e-04
5.387636202782209761e-04
9.299123723375147393e-04
5.032416311626182383e-04
1.496788665124580719e-04
7.250596684802506579e-04
7.701889534710847605e-03
1.063250568072220265e-01
1.699408473860845592e-01
3.566313459807789188e-02
2.269269076175569298e-03
3.305494675073064907e-04
2.959942046336901594e-05
3.564840469426461245e-05
2.449712519282448361e-04
8.090688342931160642e-04
8.920015879622394559e-04
3.868858083147038059e-04
3.756375723119034977e-04
2.669377288616319767e-03
5.365665109204525302e-02
2.677777402335435042e-01
1.072118386859977762e-01
8.704594335890688053e-03
1.115901996136428858e-03
1.108799491002375633e-04
1.769136967526113680e-05
8.022794149896399901e-05
4.552995369030388389e-04
1.009047308667369337e-03
7.514632415698149987e-04
4.572319708141776374e-04
1.303187722483269313e-03
1.981489228051296764e-02
2.495975344059289391e-01
3.075715107811154425e-01
3.834506662290218526e-02
2.729287860970146251e-03
4.174192452379064076e-04
4.290043556961736066e-05
2.370149785019954786e-05
1.746727433955092511e-04
7.287799365352197467e-04
1.046329634921388608e-03
6.691760718050101305e-04
1.045420595195897372e-03
5.647439412729803217e-03
1.624718394553927858e-01
5.157785620764983037e-01
1.652599529315531002e-01
7.929304097674554075e-03
1.295252343342737046e-03
1.650371506314477572e-04
2.006209577635970830e-05
5.082568962360044853e-05
3.434822583072236354e-04
9.787434775547060838e-04
8.735261595221053893e-04
1.158528442510677438e-03
1.002411205539384268e-03
8.672185575772768662e-02
5.433085011170613043e-01
4.715317760919674472e-01
4.386458732444921405e-02
2.811761289231719599e-03
5.729957264615843275e-04
6.618177854015697993e-05
1.760608603800143090e-05
1.136004008761809883e-04
5.895892255850582924e-04
1.047767946566299097e-03
8.731365710209862971e-04
2.133573465640897955e-03
4.138519090479888390e-02
4.284788333578551378e-01
7.843864776399980254e-01
1.973134525479687817e-01
5.367522646089134888e-03
1.547232402551732130e-03
2.507176394433351064e-04
2.825988423934265061e-05
3.132274776110007854e-05
2.352676020223061883e-04
8.495557390055665870e-04
5.435614907300114450e-04
3.081917970196130455e-03
1.780309967493442017e-02
2.889456478444055176e-01
8.834227843121691404e-01
5.113639900383443182e-01
3.547963458674754933e-02
2.792139332930581447e-03
7.896987273089213413e-04
1.068626875164592987e-04
1.677692199857244330e-05
6.924959437515506525e-05
4.325395412968982686e-04
8.674245521844457319e-04
2.154685436686521079e-03
9.955493797028822436e-03
1.783631447574675066e-01
8.000523614012159390e-01
8.162173546677931046e-01
1.529851900432515066e-01
8.695496926519798858e-04
1.822884210091623228e-03
3.827428685231721531e-04
4.553275591184992337e-05
2.051392102429380380e-05
1.495464633649596774e-04
6.547400908192479649e-04
4.182095144511885788e-04
1.030637744951662729e-02
1.050121863106375231e-01
6.502513093826860491e-01
9.673503755457530939e-01
3.582813841762699791e-01
1.925002588811272619e-02
2.941065147140546794e-03
1.063228490891840244e-03
1.753607921533304273e-04
2.172486433064659629e-05
4.120225898141320847e-05
2.901387714206708377e-04
5.551566149234121120e-04
6.278414126231996600e-03
6.242103720318851329e-02
4.869077833115565412e-01
9.965214599390005423e-01
5.623873015960844102e-01
7.678632727134235281e-02
4.324676377219054124e-03
2.059927245257654922e-03
5.728098350610378664e-04
7.720532937313509308e-05
1.657816349527761862e-05
9.041311132963618694e-05
4.284292899424169999e-04
1.848285738731805837e-03
3.386374895656940609e-02
3.203763190728296517e-01
9.496656779154508676e-01
7.241313182223189093e-01
1.649615684471317789e-01
1.137135879661618429e-02
2.817084637518248343e-03
1.365626115978013427e-03
2.832700903541421540e-04
3.430000262677650923e-05
2.559810501701717831e-05
1.763295237469226476e-04
2.485851341787884746e-04
1.275264247155219292e-02
1.672029691263819395e-01
7.983348584415341787e-01
8.552300435100113063e-01
2.674908608548099975e-01
2.696419463654453272e-02
3.088311704741072191e-03
2.187133703725389119e-03
8.174502045301799578e-04
1.306862136890924646e-04
1.855915759064124355e-05
5.326785737467040890e-05
1.887580877966829260e-04
3.339654757518036206e-03
6.171281552351685212e-02
5.204470685549534847e-01
9.189707463250045283e-01
3.861790314926251688e-01
5.203954383125536376e-02
3.243717232613994601e-03
2.316256123301432476e-03
1.639317051400027191e-03
4.385511850871000750e-04
5.798442283919567685e-05
1.863098683927076108e-05
9.140920958082343140e-05
6.177060678843466742e-04
1.709616899765057166e-02
2.278369854396948280e-01
8.067713771813106449e-01
5.158976569692619307e-01
9.060308152826432315e-02
5.277239581727915380e-03
1.431546110769095406e-03
2.170451525874734274e-03
1.088024932753086510e-03
2.147051617017188942e-04
2.702103434969317208e-05
3.196254930200324634e-05
1.305060959583494076e-04
4.911443758284514752e-03
6.598450715010703571e-02
4.937318261061169888e-01
5.991488012827045351e-01
1.471038186807822612e-01
1.081323788469341907e-02
2.308026484982492177e-04
1.873354195724660472e-03
1.814641259770102214e-03
6.385101342784948010e-04
9.847503450159920426e-05
1.767203956397156797e-05
7.172953687243416776e-05
1.476457276277576584e-03
1.919286303338435182e-02
1.878208367732823181e-01
5.309993323323085601e-01
2.169046726576550344e-01
2.139756436409019288e-02
6.017215223898264315e-04
1.020345265913249946e-03
1.987608909786947251e-03
1.333196416040963650e-03
3.372772667967519847e-04
4.377083428746519200e-05
3.022184166279541878e-05
4.757453914979636791e-04
7.435097291345416429e-03
5.531623314742694503e-02
3.098159349164461562e-01
2.682777478558371897e-01
3.886104495036086376e-02
1.512242729071939119e-03
4.045587831242232501e-04
1.405025455402312499e-03
1.841020142590546211e-03
8.642126909544656796e-04
1.637658044508738769e-04
1.872793522082811293e-05
1.696964038246388991e-04
2.784752643563980033e-03
2.455999380936222526e-02
1.183876857613626599e-01
2.473045399931444732e-01
6.241811674490878314e-02
3.651932093852309266e-03
2.404584522736246733e-04
6.413084434254009373e-04
1.656848687086843628e-03
1.497954661198636116e-03
5.018144994794398539e-04
7.169031214986017241e-05
5.746348220613867506e-05
9.826290320239159087e-04
1.178704492278395688e-02
5.616454911333038785e-02
1.538331761338962433e-01
8.550207328794033612e-02
7.569997336680805815e-03
3.410679684566126670e-04
2.149914595341562672e-04
9.444478351115870394e-04
1.709517726310559463e-03
1.081549734018394035e-03
2.650559244727880245e-04
1.018145639343514576e-05
3.482933554453164710e-04
4.754599900208372233e-03
3.718073102579947525e-02
8.537642906881226512e-02
9.502489017865910215e-02
1.201424694434415422e-02
8.763918532267096816e-04
9.227161516175910879e-05
3.494770348244496407e-04
1.255164625100495908e-03
1.546543496365904592e-03
7.037492965564668161e-04
1.254704515685603255e-04
1.182968279099963987e-04
1.757669990069374473e-03
1.883290035350678945e-02
8.096754228254852970e-02
8.225465498844213019e-02
2.060804189921174728e-02
2.172197155586726505e-03
1.503956098417129350e-04
9.567853216622367312e-05
5.831466727422822275e-04
1.453155355515893228e-03
1.251056969684103369e-03
4.251138497428514620e-04
6.213819752487279447e-05
6.526487104908710278e-04
7.672366895470826738e-03
6.202079990115753200e-02
1.027987635625679658e-01
4.130200195267740709e-02
2.351337500001937208e-03
4.839622452499803165e-04
3.983636767657967583e-05
1.852123535251094159e-04
8.681644492792407004e-04
1.472354595666203799e-03
9.290152287490750695e-04
2.694059104097685283e-04
2.598234728559681490e-04
2.986359401430914180e-03
3.045979368245248925e-02
1.420572673089049165e-01
7.195763617676717572e-02
6.425432365595602421e-03
1.520094140446912392e-03
1.020593610498900109e-04
5.389437074870724327e-05
3.361271553307387523e-04
1.131750010324229045e-03
1.339658725781413783e-03
6.785619344967748273e-04
2.772245287604259206e-04
1.210863040990202942e-03
1.160341111969050154e-02
1.159530561231230522e-01
1.729390849288799104e-01
2.959715038231872444e-02
3.110955789152273360e-03
4.271814552316835142e-04
4.896673919404622897e-05
9.699964432968384337e-05
5.529499182566099177e-04
1.294411152588710199e-03
1.140879486611244813e-03
5.974408498058411199e-04
6.578267029059873486e-04
4.474555731038142199e-03
5.884490033568647721e-02
2.728719979020177155e-01
1.027117612564257543e-01
6.920862735818203090e-03
1.510265674166648290e-03
1.613375684040429668e-04
3.700495349803343859e-05
1.834753444002242689e-04
8.102594617635727140e-04
1.327040901227900067e-03
9.912338094641276725e-04
8.344632314348320425e-04
2.140370860279342067e-03
2.151370371052258729e-02
2.488771673723389477e-01
3.055482411599425574e-01
3.339417886459628004e-02
3.606251456182352298e-03
5.926354040825381484e-04
6.743629629969006114e-05
5.198630551619916530e-05
3.286041432297512744e-04
1.051055381422940499e-03
1.257615455272702255e-03
1.124786882656503241e-03
1.845575796022377261e-03
6.141721730188646686e-03
1.543429199313359201e-01
5.109872905804919707e-01
1.572517986363231590e-01
7.234170014771240491e-03
1.823738985153228621e-03
2.477034333990699383e-04
3.399628777499557627e-05
9.709286637110763854e-05
5.376134996016410268e-04
1.212211379357793590e-03
1.139897638920352131e-03
2.256978645336873111e-03
3.021186675899308234e-03
7.673164988230515848e-02
5.293533460189827622e-01
4.633676215306928858e-01
3.922609508730464517e-02
3.918720905336481666e-03
8.450809755892938185e-04
9.990520126494432625e-05
3.161327780576086180e-05
1.855205965565249625e-04
7.911590669025397610e-04
1.186729425525066871e-03
1.980367005009124864e-03
4.733147850204851882e-03
3.403048078170004681e-02
4.069504369199002380e-01
7.758959615938380017e-01
1.898964379233668565e-01
4.932114554680805223e-03
2.255843503392771475e-03
3.707466221571551986e-04
4.272433718114801253e-05
5.186657591171117763e-05
3.358230761020990283e-04
1.018905987793512855e-03
8.747353851706984700e-04
5.984425229778321184e-03
1.485225725328049272e-02
2.650459702510744031e-01
8.717228913260371970e-01
5.081751135612935233e-01
3.186852478669751493e-02
4.147451647199886481e-03
1.157168195815762562e-03
1.543233129826662253e-04
2.559767866407560642e-05
1.022281993963741384e-04
5.584582198544008102e-04
9.107763233475914006e-04
4.341713242142993673e-03
1.415242611356213980e-02
1.572258651567688126e-01
7.842774685577368343e-01
8.183288902536914877e-01
1.532775587020092090e-01
3.216152463181927174e-03
2.665724231746558533e-03
5.445128621505550834e-04
6.391639935089674161e-05
3.045860481107217466e-05
2.028775214575640753e-04
7.840804300973307304e-04
1.150287539327272566e-03
1.606314221295854910e-02
9.444101039391379626e-02
6.309339540597934670e-01
9.683842855702493591e-01
3.694417818677837029e-01
2.045792834319917416e-02
4.370196191718422191e-03
1.506828469241742888e-03
2.396897822116419367e-04
2.982131658923367794e-05
5.767097712862209638e-05
3.768380371873637563e-04
4.838919093013250650e-04
9.581200359048476500e-03
6.618744669971651784e-02
4.681585067182122417e-01
9.925872101349000332e-01
5.808950357625456418e-01
8.458480150696112698e-02
6.510010997867901258e-03
2.943657452801222429e-03
7.728241055734934957e-04
1.016521330790326656e-04
2.292955104457847066e-05
1.236895981381353632e-04
5.386806465203673386e-04
2.692916372549590629e-03
4.151556197925041630e-02
3.128913841947288388e-01
9.415912540651083518e-01
7.415237281385401724e-01
1.818987660961859099e-01
1.478959507469134078e-02
4.028333373329691207e-03
1.844377003137340990e-03
3.652499076473858519e-04
4.410535258377934405e-05
3.627092473749584349e-05
2.486376593824185782e-04
2.305016655344777694e-04
1.662304605705166444e-02
1.737413533756146378e-01
7.913154545500136194e-01
8.672253939450814686e-01
2.902093072027553955e-01
3.337500047715299262e-02
4.090278302841329414e-03
3.015324476607198368e-03
1.042344812216677765e-03
1.628467183352445781e-04
2.477490976946763665e-05
8.072572679849019013e-05
3.369591194730159637e-04
4.485390451810172298e-03
6.960539690445392835e-02
5.215950905191207854e-01
9.251995607788823239e-01
4.102319145186009708e-01
6.267965727378824181e-02
3.906100394112966244e-03
3.270082434152676160e-03
2.103029485122623245e-03
5.366951287794846995e-04
7.116837490895516554e-05
2.840217855196077037e-05
1.738956225647444141e-04
1.066480755062472474e-03
2.094226957529658761e-02
2.352451016553066543e-01
8.093407571289703561e-01
5.374206638041406636e-01
1.054057086401585241e-01
7.100054557549479416e-03
2.027190718834658793e-03
2.875936014997216086e-03
1.319847113061024813e-03
2.562462462899319296e-04
3.482244269303671493e-05
6.250682478078392710e-05
4.373881994261513001e-04
6.687106389674794121e-03
7.186374095365366532e-02
4.965387150594523513e-01
6.129098333818979727e-01
1.651426814059601400e-01
1.451988861667859350e-02
5.412558512495084170e-04
2.604794660933380194e-03
2.225356073779238743e-03
7.513705299189654902e-04
1.161908769201488382e-04
2.903220093195126600e-05
1.935369004619319727e-04
2.391948980613301141e-03
2.332230679964763728e-02
1.917535355110619455e-01
5.338180346352574546e-01
2.345093343392210539e-01
2.756877470469350569e-02
1.057655198671590474e-03
1.511166593412289995e-03
2.533777141583835012e-03
1.560307634894894180e-03
3.905329665427819210e-04
5.240811603553045817e-05
7.252613350842797616e-05
9.063103982662212323e-04
1.029107335795570802e-02
5.956864349716287782e-02
3.080414329911430604e-01
2.773047185718416907e-01
4.767805329716453405e-02
2.347847354077045590e-03
6.600793622724551377e-04
1.878438439426988790e-03
2.186660684394272584e-03
9.943616630311575676e-04
1.855420978835272045e-04
3.240743974174261580e-05
3.370235826126993925e-04
4.307916219229250381e-03
3.006331035335778681e-02
1.193697320211469098e-01
2.437607709573645920e-01
7.130866922652800977e-02
5.361253134815130265e-03
3.718548882401003625e-04
8.889515921858503989e-04
2.046840400567776289e-03
1.722404979417294524e-03
5.704625983524557863e-04
7.382651695382895420e-05
1.225859615760059194e-04
1.635128585546844751e-03
1.609294068601328787e-02
6.132210698775154845e-02
1.482575789128141586e-01
8.682782465451684140e-02
1.077403405448146799e-02
4.672333372262329988e-04
2.974057765671605548e-04
1.215237003744755462e-03
1.998809761922138925e-03
1.237270600727603895e-03
2.896914460107229985e-04
2.680767341529835022e-05
6.024390486029406518e-04
7.001780074051984146e-03
4.502253519236644463e-02
8.633762517008609916e-02
8.727190558249017793e-02
1.615541064939344032e-02
1.186894260850920478e-03
1.120834377275239908e-04
4.601426832966498660e-04
1.520458553462810227e-03
1.777815302409019999e-03
7.964083420532896323e-04
1.199093280761517964e-04
2.375417255997829978e-04
2.710964878985194695e-03
2.487301831940063462e-02
8.857484443782950856e-02
7.697866356506309626e-02
1.788901048076552841e-02
3.103119022647966505e-03
1.517251422491100758e-04
1.215325658351475369e-04
7.308464729279504383e-04
1.697210937002478640e-03
1.441550324489236905e-03
4.720857348982253538e-04
1.053070035061446882e-04
1.076539999427061347e-03
1.079467122918233678e-02
7.251484224534276990e-02
1.049120174371474812e-01
3.391487480092091056e-02
4.871405385934187045e-03
4.784723041418190116e-04
3.734936947944578851e-05
2.366676487210684840e-04
1.042584585936597464e-03
1.710230137410303271e-03
1.066577283379965737e-03
3.295240819880085976e-04
4.813710412243502913e-04
4.425687036920268255e-03
3.832952244162429745e-02
1.511902740712334769e-01
6.839522230479898324e-02
1.614915503250059434e-03
1.637034075284902763e-03
8.215327798892236568e-05
6.683434182875348524e-05
4.137771345088518573e-04
1.330631023045137284e-03
1.562078795030597727e-03
8.116813700298933058e-04
4.339499418811827366e-04
1.919468076101279487e-03
1.599158222145749195e-02
1.265399124255243701e-01
1.741405607982874082e-01
2.453995008921199331e-02
3.615150672858343829e-03
3.691723683154015290e-04
5.437010706126668138e-05
1.203154730469794658e-04
6.620212933595732291e-04
1.518329125574964392e-03
1.335301133849536599e-03
8.426574370821202998e-04
1.023425764600018398e-03
6.604468189071678944e-03
6.578864626820864203e-02
2.777560409652821694e-01
9.867296427623332977e-02
4.944371125979259499e-03
1.404534161474849368e-03
1.651610734857207499e-04
4.331174237247814655e-05
2.226620258665293404e-04
9.562239671492048752e-04
1.551608006213413575e-03
1.250206036097455120e-03
1.338781921950581025e-03
3.017696789349700887e-03
2.492289276465958076e-02
2.496415065372379616e-01
3.019572303028986160e-01
2.868457520272148578e-02
3.473542282017819290e-03
5.727486979552300550e-04
7.187772291137234154e-05
6.252822808430037000e-05
3.907752947873610778e-04
1.229979063405197076e-03
1.452692945482919823e-03
1.784104099889810948e-03
2.816943887952837698e-03
7.833388122508560744e-03
1.488626074248195763e-01
5.051889694204706460e-01
1.503698028138276133e-01
5.353133616608316860e-03
1.696736755478082340e-03
2.531186340146966305e-04
3.775246162103410263e-05
1.156695483912859881e-04
6.281254740965511825e-04
1.388881978415974772e-03
1.548719072637240891e-03
3.804021031508949841e-03
5.552584372528233253e-03
7.005840448116379404e-02
5.153799662645384139e-01
4.550736579017149452e-01
3.346807757944374184e-02
3.594099574453314249e-03
8.282518151579680446e-04
1.045795151226289085e-04
3.682194263628978337e-05
2.159037583809922650e-04
9.065710761268031079e-04
1.278642175248423168e-03
3.703268686161902048e-03
7.943223248896706321e-03
3.082159968208537243e-02
3.858984277503479943e-01
7.664034023734975776e-01
1.824674267690955254e-01
3.170939894911049134e-03
2.110127770029709103e-03
3.772365096809905324e-04
4.632618721588975335e-05
5.967704384826448132e-05
3.810589668489810676e-04
1.114618357692350511e-03
1.881890438737014812e-03
9.809777835992098891e-03
1.690025519785054442e-02
2.418317995007101817e-01
8.587925828532912975e-01
5.048843773102621446e-01
2.869753617772751939e-02
3.791851991133967596e-03
1.137287144632135325e-03
1.617879199796739718e-04
2.872950360354018553e-05
1.140004088079165344e-04
6.187359783662953455e-04
9.079985150004641790e-04
7.610654140274838303e-03
2.078696882726281323e-02
1.372102741063070119e-01
7.674378218346858960e-01
8.196932957516082086e-01
1.543353964854808080e-01
4.022629739987336819e-03
2.508282077991818865e-03
5.572053042970471571e-04
6.895102180008842480e-05
3.286133053315599007e-05
2.221438242065862584e-04
8.201307247971563984e-04
2.945027352557319077e-03
2.290518544223819203e-02
8.715795951513792550e-02
6.110287076498567282e-01
9.683063437198824452e-01
3.807863899724295287e-01
2.379431548744056005e-02
4.026691477882969085e-03
1.495532298903100342e-03
2.526018716372770883e-04
3.238380096609850504e-05
6.145353335497769206e-05
4.126377746864869837e-04
7.722025197077780510e-04
1.370350042787314010e-02
7.270429054321593532e-02
4.494093856101210038e-01
9.873677466661762159e-01
5.989897067427407684e-01
9.348944638357700732e-02
6.716192482526415694e-03
2.810467071151494505e-03
7.982191133278703854e-04
1.090792814648745504e-04
2.269709251453950289e-05
1.371819055218786445e-04
6.208772730364896155e-04
4.462425127259397363e-03
4.940223000099221162e-02
3.060737631221461252e-01
9.322219740975573599e-01
7.582375211922540714e-01
1.992753726949372250e-01
1.694485071625061873e-02
3.731232002491880091e-03
1.858856114725192330e-03
3.848642358137241318e-04
4.662827742114036920e-05
3.984105037281076764e-05
3.027674488101734433e-04
1.269884539074897772e-03
2.020955867963030936e-02
1.805592879202286005e-01
7.833433977196675446e-01
8.783381537780295956e-01
3.130120177494070677e-01
3.949545040325522921e-02
3.765300919326413677e-03
2.949924835486817786e-03
1.082384428378969921e-03
1.717804347704969873e-04
2.355714617542414968e-05
1.047975139465733485e-04
6.660455054496723344e-04
6.111896124833892698e-03
7.662019722411261835e-02
5.224617799854848199e-01
9.302896425332557451e-01
4.341321700761170410e-01
7.372808209144390834e-02
4.344509191368420981e-03
3.125788979950862214e-03
2.151807336350361997e-03
5.573793463715288887e-04
7.302677041390645942e-05
3.654915154350151456e-05
2.978443920613903684e-04
2.283348463768755752e-03
2.372475089233633261e-02
2.429829299602169757e-01
8.105604060585845927e-01
5.587434031294121750e-01
1.208164183850504725e-01
9.370627321193113202e-03
1.880847279811268067e-03
2.898989559288992109e-03
1.360912926702939575e-03
2.602190670627706572e-04
3.378557438522728379e-05
1.101282411307191923e-04
1.010058986232043390e-03
8.618703981513072335e-03
7.777177620489952869e-02
4.980571617556485142e-01
6.266315354674449889e-01
1.838563920765738102e-01
1.879723807050397849e-02
7.680231209534124897e-04
2.635132906406926177e-03
2.294166008948878357e-03
7.511712692519470404e-04
1.137142863239658686e-04
4.272608454934033836e-05
4.028079539355093955e-04
3.867147066124165204e-03
2.653168457962066379e-02
1.956706734535054448e-01
5.363898977736748508e-01
2.531337361058142443e-01
3.440417250359738277e-02
1.629373363499779471e-03
1.605061013619418818e-03
2.618277671120824296e-03
1.565364461301282841e-03
3.707464138188496070e-04
5.084029324577295488e-05
1.423218975633594875e-04
1.616430190149812209e-03
1.314231950764095658e-02
6.487198647832934095e-02
3.047440294289593954e-01
2.879518718147210388e-01
5.734311853083768479e-02
3.379519559100950098e-03
7.804141163186104502e-04
1.969209160841731837e-03
2.237204938435693319e-03
9.298468072361740786e-04
1.659118787077980977e-04
4.871075567959920406e-05
5.999895997925504699e-04
6.208655583705194846e-03
3.522165005112065650e-02
1.190750083431418721e-01
2.416944063858249003e-01
8.172776038726194126e-02
7.314206917666202755e-03
4.658961981772357839e-04
9.616444370181720814e-04
2.135628596201058233e-03
1.641311130060841336e-03
4.914759446183954465e-04
6.085199986684414333e-05
1.883368604782678158e-04
2.499765732517394111e-03
2.044853078230023102e-02
6.770546629011932327e-02
1.424371973687396653e-01
9.063418048939902993e-02
1.419294555702776267e-02
5.767960020348762533e-04
3.322544022763877455e-04
1.292537466975241314e-03
1.988039773831519735e-03
1.058869061230423986e-03
2.213757596321169752e-04
6.516537345898243839e-05
8.828174739826946064e-04
9.520386720269499031e-03
5.315362115552085126e-02
8.557030350310655675e-02
8.082713476364293548e-02
2.113663803660294563e-02
1.444593434708314143e-03
1.291943208803892186e-04
4.978368831984894766e-04
1.567723986676830767e-03
1.579427237058420421e-03
6.213466088828765695e-04
3.902315992670102128e-05
3.342516623975358382e-04
3.761486166290649302e-03
3.116339260090239538e-02
9.687767966620096372e-02
7.216763168812884155e-02
1.894382218010340346e-02
3.792501973165176253e-03
1.477110827758797336e-04
1.259531942022412481e-04
7.733814028824158651e-04
1.607826222078509795e-03
1.135350530136905543e-03
3.335859074361463106e-04
1.999792840362546171e-04
1.499191222429391941e-03
1.415317264928531681e-02
8.359836914602521152e-02
1.051418150302189936e-01
2.674511508982261448e-02
6.886935534987379329e-03
3.839994532225876004e-04
2.718353638794253658e-05
2.543944116355717835e-04
1.037915806385682769e-03
1.414934518132891046e-03
8.176256683194432903e-04
2.963458437497264414e-04
8.079514929325274817e-04
6.053503984648898884e-03
4.667150591343209587e-02
1.600165436241153538e-01
6.543656370849398884e-02
3.100851508652853732e-03
1.481459894333685308e-03
6.781172563217318240e-05
6.837074588601041068e-05
4.249648245737779159e-04
1.188701395452332896e-03
1.188771531417476572e-03
7.524482750793245155e-04
6.457000440663379550e-04
2.926579519182131214e-03
2.088660121999058941e-02
1.378790783324502778e-01
1.737396347803659147e-01
1.954389897021192174e-02
3.816507302621097684e-03
2.604911721178605559e-04
5.235298235023744002e-05
1.242035152795981816e-04
6.271375184403499455e-04
1.199472360961919464e-03
1.172927401217800343e-03
1.151738362308682862e-03
1.598916262265062888e-03
9.271556165983763434e-03
7.392523411818677226e-02
2.817688773649595357e-01
9.512115955867028738e-02
4.126668627604484010e-03
1.096421327065437434e-03
1.547949654456140880e-04
4.103434738299761890e-05
2.181549766444965837e-04
8.142593826770637682e-04
1.236382721970288086e-03
1.673419764635022391e-03
2.085188790332765350e-03
4.105162241575814781e-03
2.916248544729806852e-02
2.515156615108063431e-01
2.976822486383078892e-01
2.377484383524090805e-02
3.054776032975840307e-03
4.944779357402334565e-04
6.502174403479549843e-05
6.020283324817411708e-05
3.538393706877574515e-04
9.746654877784688680e-04
1.649227534113890774e-03
3.060157022382852497e-03
3.992081636869506539e-03
9.644415107511863927e-03
1.460894590430309725e-01
4.985445773631601574e-01
1.435186794476986383e-01
3.817681102859033643e-03
1.376793208859221221e-03
2.218733139076368717e-04
3.343793377784298380e-05
1.081163088266770333e-04
5.265463976835553809e-04
1.260341007296675742e-03
2.984838040232410793e-03
5.986912555119254867e-03
8.297787889631483976e-03
6.741790029749059054e-02
5.013651888522843159e-01
4.465093591001152440e-01
2.770639204523671004e-02
2.962610735092157353e-03
6.902824624073774324e-04
9.086475905694555647e-05
3.273983976237731798e-05
1.911071526522573288e-04
7.668967540135027692e-04
2.060523413373724008e-03
6.401311098642589563e-03
1.174188432031316766e-02
3.259734094226664214e-02
3.653480929890191575e-01
7.560142188802676522e-01
1.752129134191248716e-01
2.022595118501460242e-03
1.666843817265983504e-03
3.154074477479171636e-04
3.988051716172325381e-05
5.404509038815179229e-05
3.277087283864042115e-04
1.248494412037592146e-03
4.271616661737371277e-03
1.422974824742099034e-02
2.231482076684167953e-02
2.194208543362857755e-01
8.447088320626143787e-01
5.014272511473539806e-01
2.716537337306798930e-02
3.018877946025300737e-03
9.010101086061803044e-04
1.384141664809484184e-04
2.433137943491878874e-05
1.012988428772065527e-04
6.001258967965438906e-04
2.287993107859924002e-03
1.124365113064061499e-02
2.819356457377306460e-02
1.187304939039911106e-01
7.495636190761862938e-01
8.202780140375912632e-01
1.565265940054105243e-01
4.883774681578217924e-03
1.880655583307228648e-03
4.550418165859247970e-04
6.003518748712187360e-05
3.034482912960790335e-05
2.054126575936925840e-04
1.233057291986621590e-03
5.218005286446294154e-03
2.989727549445407931e-02
8.379007898186921488e-02
5.905263105634325216e-01
9.671282336706256144e-01
3.923631131293199847e-01
2.752824274645955874e-02
3.067087461369072312e-03
1.142882201306106996e-03
2.193524627242749900e-04
2.835093976885859595e-05
5.774492028573575465e-05
5.028553009142146301e-04
2.445160930894273599e-03
1.744463023721075368e-02
8.129001393353045557e-02
4.307407009899464900e-01
9.809187036321828090e-01
6.166420534835106437e-01
1.027181168681537832e-01
6.276825755942016215e-03
2.009646002725042763e-03
6.576837980568132859e-04
1.007070214820578825e-04
2.532756934678193926e-05
1.518708149843111513e-04
1.275529144226371587e-03
6.067298885204616687e-03
5.767388310395236972e-02
3.002337810468769241e-01
9.215846740943097748e-01
7.742149682372444497e-01
2.168264887451357703e-01
1.851020737973291599e-02
2.634066819485085705e-03
1.413476992906308920e-03
3.524869318673407785e-04
4.556246641772180255e-05
4.929269852997739294e-05
4.908471579731184036e-04
2.817717520257617767e-03
2.361556110134310771e-02
1.883127721436403945e-01
7.742564585933675581e-01
8.885297936851325185e-01
3.358056816317492310e-01
4.559486622770109188e-02
2.693830761176521475e-03
2.072471953133838557e-03
9.354611152921503458e-04
1.748905180951856777e-04
3.486338869583384208e-05
1.575134967462376169e-04
1.439256516640116624e-03
7.511762294637820171e-03
8.434121994751567208e-02
5.224325094503632361e-01
9.342989723932056956e-01
4.578201981379050878e-01
8.521838730166828024e-02
4.897091117008531454e-03
2.153373489191164666e-03
1.694445789153483598e-03
5.582262850170959618e-04
8.269155068802293111e-05
6.912862342317342907e-05
5.592993368153549843e-04
3.742111748952278022e-03
2.699602660395439627e-02
2.499495762757502626e-01
8.106719207264950766e-01
5.797837557814445875e-01
1.367772351026269595e-01
1.207944274587121475e-02
1.278989276283693530e-03
2.100812779825411789e-03
1.278055683312259586e-03
2.999314985431607186e-04
5.860723759531468916e-05
2.105400721666299854e-04
1.808985241656555810e-03
1.062204334457238393e-02
