3.575551244810749374e+00
1.945176209012133839e-01
1.164841016476694691e+00
6.420276445348735983e-01
2.296933258749735418e-01
4.454231869915305231e-02
2.580084085536233363e-01
-4.233463293050838613e-04
-4.814940489590885386e-03
1.133987269029018558e-01
-7.112400102324525214e-03
6.176895144626293188e-02
1.604326107072073099e-02
4.249355337688891926e-02
2.714023453101494648e-02
3.394795262899156368e-02
3.136892374749111756e-02
3.271216838055183290e-02
3.054905018512366066e-02
3.297600201521361241e-02
3.141492498890469109e-02
3.334917547755043843e-02
3.225282388255641675e-02
3.126444643899923409e-02
3.331917178009642655e-02
3.179241915643887806e-02
3.125741706548505749e-02
3.278540696404741439e-02
3.177898850330865277e-02
3.093003217243518038e-02
3.234458561194084730e-02
3.185252688819196348e-02
3.289519133907937987e-02
3.261385772887513690e-02
3.105421937964955581e-02
3.331976242268957361e-02
3.174421658514194056e-02
3.137878287148317125e-02
3.244852161704554067e-02
3.201865316655285593e-02
3.056990189150915124e-02
3.284692211435317338e-02
3.121340570316410296e-02
3.337309496383782798e-02
3.214181112274966390e-02
3.128074210950476663e-02
3.284622028715144387e-02
3.194133879926581293e-02
3.086149912532732895e-02
3.285009067188715548e-02
3.151302749951942483e-02
3.360176909328586869e-02
3.212107252214918551e-02
3.160044203653992329e-02
3.296068971637764605e-02
3.220940950238854183e-02
3.122837401983431793e-02
3.283531342378411683e-02
3.182453246682755144e-02
3.119223408080336324e-02
3.239857028221047180e-02
3.199653638065340366e-02
3.302368597380099524e-02
3.239567483077143706e-02
3.138317443900266734e-02
3.296605283414368731e-02
3.214413048633887188e-02
3.112312639043614271e-02
3.298664961367836490e-02
3.169408280412423784e-02
3.105381231109766854e-02
3.240772474255015911e-02
3.180718221465980017e-02
3.301524882209452144e-02
3.229418995764921085e-02
3.140661472349535327e-02
3.301301003905462994e-02
3.190630465133827837e-02
3.119064528547121212e-02
3.276418096918534001e-02
3.170505990728923057e-02
3.087300894147816319e-02
3.255749425687338300e-02
3.135967540791902153e-02
3.326773304566234962e-02
3.217049091705451169e-02
3.117734583850084729e-02
3.300612055327174776e-02
3.182490303331501902e-02
3.113240331255336807e-02
3.247764431343524993e-02
3.191470619244597684e-02
3.318257107151461466e-02
3.247772631702593171e-02
3.135819919906646797e-02
3.310836332677989657e-02
3.210945254088268946e-02
3.126600384945737304e-02
3.278814902134198628e-02
3.189741715589318460e-02
3.094573779999115759e-02
3.262189934294821431e-02
3.144454208551116653e-02
3.349949466020706035e-02
3.210601663879671108e-02
3.149854264370502421e-02
3.300870891151599235e-02
3.206588229017284797e-02
3.123750399817835921e-02
3.263778583839277436e-02
3.202500278011599644e-02
3.060804118377512609e-02
3.289165038943082237e-02
3.125387830013082874e-02
3.356599642868294403e-02
3.197703628217531818e-02
3.151811774218563761e-02
3.273136406118234282e-02
3.226354332691150351e-02
3.091797061822225412e-02
3.295769072080477480e-02
3.159873997855443262e-02
3.103316015036399270e-02
3.226117872117868768e-02
3.169947662065372707e-02
3.294785305672549153e-02
3.238439665724793248e-02
3.112194870690940599e-02
3.289068648582391119e-02
3.197747892318551083e-02
3.109361090371043010e-02
3.254188205597133982e-02
3.182369852216406642e-02
3.314326879118685565e-02
3.247150236541405249e-02
3.147739865314872626e-02
3.300889565115655566e-02
3.219802794016382586e-02
3.113537970465012766e-02
3.293307035396077914e-02
3.200411189048287669e-02
3.093028774649966145e-02
3.275611904165928040e-02
3.145470391162715623e-02
3.340564605196188336e-02
3.205068578880178320e-02
3.174443876805190662e-02
3.267746576086491550e-02
3.228371668587100979e-02
3.114400992720269684e-02
3.285129908543489574e-02
3.178395320265137158e-02
3.087968878998991612e-02
3.240302725692714020e-02
3.179903491449104225e-02
3.288238605916369434e-02
3.237343414356072535e-02
3.140390840695807956e-02
3.282944583039204556e-02
3.208795014299613974e-02
3.103227257864356325e-02
3.279765638663917349e-02
3.181094746565497206e-02
3.079347253178559354e-02
3.284104452014643960e-02
3.107346801010551357e-02
3.347699388117376246e-02
3.188354063708090380e-02
3.154227488682877223e-02
3.263268791289762605e-02
3.210371544075493744e-02
3.106670813597765812e-02
3.272052997354754633e-02
3.160463857385194253e-02
3.344307421538127156e-02
3.237701767083836502e-02
3.150767304686011294e-02
3.306965334720882860e-02
3.217592568374438161e-02
3.126605377012968423e-02
3.265163787202815526e-02
3.202454452443735666e-02
3.096625557773267923e-02
3.248572225081518272e-02
3.174301895901150694e-02
3.314045507958840453e-02
3.243870868843669319e-02
3.145987795350739524e-02
3.291163336268022876e-02
3.215109080626388227e-02
3.108669848784462869e-02
3.278666506557578741e-02
3.261780374255871667e-02
3.002978019335192025e-02
3.336624888036565650e-02
3.079594902164500825e-02
3.387481681962627167e-02
3.175551657543505824e-02
3.174106671179433015e-02
3.265932868205893153e-02
3.219066086769278162e-02
3.091784549537146543e-02
3.283627116558735654e-02
3.180116801455364073e-02
3.083124921968375537e-02
3.247992260903847378e-02
3.157018290602447985e-02
3.305092804565185061e-02
3.229860172631447007e-02
3.124639074645079589e-02
3.294218543370268371e-02
3.186952780127609575e-02
3.109813636314131408e-02
3.262823885607042673e-02
3.170015585327080193e-02
3.336950043593980841e-02
3.234545614695880089e-02
3.164853381319856357e-02
3.286148221635269706e-02
3.241229391778543967e-02
3.103221298173418352e-02
3.295461820703336764e-02
3.181596571711428623e-02
3.118887733892736214e-02
3.236234716672783951e-02
3.180303955510203201e-02
3.323447310931924858e-02
3.221587121939335774e-02
3.161842320395635841e-02
3.274232283411060429e-02
3.228978494027383989e-02
3.104834161092692377e-02
3.286727168218895462e-02
3.170061380283314273e-02
3.104767340710604118e-02
3.233830894782589033e-02
3.178996221162215530e-02
3.306580389997802738e-02
3.230105463144873623e-02
3.133250780129558100e-02
3.275020012014098064e-02
3.229241278249306291e-02
3.095933775455413789e-02
3.268219977573182805e-02
3.185176933405226701e-02
3.075757814967892620e-02
3.262130912894727064e-02
3.138071994988349961e-02
3.340349722371720870e-02
3.199226933233896564e-02
3.145179274510802314e-02
3.277284824106927591e-02
3.201057769252145524e-02
3.101488531112406993e-02
3.269994839872766845e-02
3.177405086406227125e-02
3.325885908121846424e-02
3.238675407639027282e-02
3.143529169995541717e-02
3.304581516293024490e-02
3.223117572971515021e-02
3.134176290407950788e-02
3.272976157328204294e-02
3.217968903675811482e-02
3.081135858776373054e-02
3.282419177871221533e-02
3.148557048585327173e-02
3.321797324323537415e-02
3.245479346810441895e-02
3.133120121432989014e-02
3.298954641657757259e-02
3.205582563613226799e-02
3.122164158552707264e-02
3.258397843481143641e-02
3.188149404144723087e-02
3.083520125554276708e-02
3.256394958279130308e-02
3.157437955331392904e-02
3.322577353842142561e-02
3.225811831964005283e-02
3.130062197217149678e-02
3.312877588098710885e-02
3.185380828108794887e-02
3.119989264641341922e-02
3.277359931234649637e-02
3.170385837173731597e-02
3.086713743977274188e-02
3.261253781833183679e-02
3.137266447749780668e-02
3.326753729051790814e-02
3.203203755808973346e-02
3.146738788210146076e-02
3.271651514357234308e-02
3.218531087325107037e-02
3.081683675888713392e-02
3.286402645755834295e-02
3.132528315872142727e-02
3.372920838569978125e-02
3.211541158165936993e-02
3.166544011353256832e-02
3.284289946407747962e-02
3.233621138730338740e-02
3.107176375911189364e-02
3.306881699663569152e-02
3.165390363882564229e-02
3.118554378123261986e-02
3.228014483862939182e-02
3.191215483987727697e-02
3.312402641156178551e-02
3.230225140780558502e-02
3.156918190235308286e-02
3.283316923335004994e-02
3.221952079024351101e-02
3.108924023669023401e-02
3.280765035213979719e-02
3.179223648823636950e-02
3.095592967669622692e-02
3.248718775962862459e-02
3.153668429363684633e-02
3.325569642624206373e-02
3.216022826972372156e-02
3.145363432577136242e-02
3.286845122576562139e-02
3.204350288065745817e-02
3.122048661516627077e-02
3.255326640765345697e-02
3.204367464734576149e-02
3.062379950576209209e-02
3.255009706483086296e-02
3.156874581925336182e-02
3.304925642535907343e-02
3.220172585187400932e-02
3.128726564660292558e-02
3.304154660690825085e-02
3.176753480581212541e-02
3.123634165300860632e-02
3.236437258668411338e-02
3.200417646281395606e-02
3.308067262261550623e-02
3.267222474558074963e-02
3.119234781544083512e-02
3.328166884463477915e-02
3.204981347718572487e-02
3.127965501751626964e-02
3.279440139981727731e-02
3.193187639059549832e-02
3.088763998461859991e-02
3.274205193830496963e-02
3.150307095712917560e-02
3.340843727678600994e-02
3.219638512786973661e-02
3.150983383450983721e-02
3.292708911572444358e-02
3.211780191390090078e-02
3.119778332473537724e-02
3.265784688462647356e-02
3.215401906242567470e-02
3.071874679201930941e-02
3.279795172721491903e-02
3.130796942240845343e-02
3.347623047245296829e-02
3.211946109295400753e-02
3.155187602966840615e-02
3.280748299004990209e-02
3.202820450830103777e-02
3.128271093667391034e-02
3.253078775558745916e-02
3.191962812794990612e-02
3.090359825525381549e-02
3.250643091852005451e-02
3.158822422685235443e-02
3.318165296638107137e-02
3.210421241774560897e-02
3.141300140015240716e-02
3.282710423051542897e-02
3.196832910423227925e-02
3.100891218690828705e-02
3.267687811247495244e-02
3.171883884500146383e-02
3.327541581326935033e-02
3.251344708162262620e-02
3.119706779280540312e-02
3.339783501037478508e-02
3.193053598650684444e-02
3.130185478564018187e-02
3.277638840445597224e-02
3.202534701001465839e-02
3.084673632883703012e-02
3.270781273012544899e-02
3.159743020500527244e-02
3.319763914474767319e-02
3.242532408912986858e-02
3.131156830216710180e-02
3.308594301548932470e-02
3.211447460939970133e-02
3.126931714547768332e-02
3.271103972587750819e-02
3.183509781759363833e-02
3.102531626544815721e-02
3.237390037686432159e-02
3.178144397357560158e-02
3.304015290933942639e-02
3.240067472335404763e-02
3.124897077827492806e-02
3.298676354579020698e-02
3.212080861311096547e-02
3.102317878042980606e-02
3.273246044556349377e-02
3.177077059242421758e-02
3.081084010025172959e-02
3.246117996839821551e-02
3.152565445046776743e-02
3.303923017676727025e-02
3.227490225861712192e-02
3.128987712633474194e-02
3.288636041828987833e-02
3.193636686706605859e-02
3.119160307269183349e-02
3.248740459224836591e-02
3.186255497900621070e-02
3.313446659549192791e-02
3.251107249833017077e-02
3.134466244685583242e-02
