2.896295804125255113e+00
1.324046999283835957e+00
1.444055124839361159e+00
6.785019258256514973e-01
1.767014110200255672e-01
1.028815899735580214e-01
-1.016915436638397494e-02
1.719512677133972767e-01
2.638668557589112298e-02
2.773103725466782299e-01
-1.689437997212828169e-02
6.433944925384053881e-02
-8.803161924615906728e-03
1.964958925256909683e-01
2.590297825731557868e-02
2.712168129053726950e-01
-8.634055332629803764e-03
1.054516816852300587e-01
1.003706937439252656e-02
2.696611674097089129e-01
-2.751442077820369717e-03
1.320402741344479103e-01
1.726949978327349880e-02
2.785601082460740230e-01
-1.246034813093619721e-02
8.043240361799511295e-02
7.876689035644188642e-04
2.388123077406505979e-01
1.628433001613436432e-02
2.164500420099942368e-01
1.878639793753390796e-02
2.396506589027437850e-01
1.209049499848935394e-02
2.026477236743825516e-01
2.125584575054897951e-02
2.561227896987253172e-01
3.710664163460809361e-03
1.612640941010254347e-01
2.213660133785860101e-02
2.759993271714303864e-01
-1.326635737422672719e-02
8.341730486672324640e-02
7.114939609054679332e-04
2.434999488753419317e-01
1.413290376532502259e-02
2.138636493239700065e-01
1.879259657599235273e-02
2.480730481522832320e-01
8.223470348169226174e-03
1.870416686042202792e-01
2.320135068247091564e-02
2.653963273888162444e-01
-2.937068603621956816e-03
1.253743091121247155e-01
1.720985879931533416e-02
2.758606129305045673e-01
-1.196185189120183186e-02
8.537828012657944221e-02
2.498137056350240547e-03
2.471703955515421325e-01
1.244384737161289070e-02
2.005801129959537965e-01
2.119614092054154797e-02
2.584075605567069944e-01
2.461719106600005098e-03
1.567237364455408566e-01
2.146884905537213908e-02
2.771502754115364731e-01
-1.403574531443573317e-02
8.090028783179198379e-02
-9.006500024088114498e-04
2.382973614431303233e-01
1.602134931638082502e-02
2.218755704946415996e-01
1.778721428768530871e-02
2.310135966797600415e-01
1.528246930014821522e-02
2.176104673304968817e-01
1.889133689013103301e-02
2.389891217568985426e-01
1.240371614244699036e-02
2.037737692267935219e-01
2.125555379909283699e-02
2.553350652788968222e-01
4.395826595417992068e-03
1.641055394885147234e-01
2.243700648651721086e-02
2.754262803438344287e-01
-1.250750228209998767e-02
8.649696012614097040e-02
2.288763060985900006e-03
2.485517519954378862e-01
1.169898909063732569e-02
2.005744961564420448e-01
2.074918987786347757e-02
2.601254104562416014e-01
1.579119606431555285e-03
1.559575717850673893e-01
2.246266971907198359e-02
2.753422962639986427e-01
-1.354985672101327934e-02
7.681025086235254706e-02
-1.319930689435471795e-03
2.313031886150579142e-01
1.897371597246622424e-02
2.314180420621336498e-01
1.458628274196996713e-02
2.172846336694337632e-01
1.879873962576586455e-02
2.410778116759249023e-01
1.141064735061994573e-02
2.011910229398942151e-01
2.127228774032231817e-02
2.587105350679826943e-01
2.314223758171695365e-03
1.564355981889684055e-01
2.140124104302989355e-02
2.773507207141960307e-01
-1.416075309871407673e-02
8.077233645602578671e-02
-1.053968757517501379e-03
2.379653587922057612e-01
1.792159751492773678e-02
2.229499465436593775e-01
1.748701057476132609e-02
2.296009594222180039e-01
1.568989672084290798e-02
2.200681541479905523e-01
1.815364369223233798e-02
2.353641848887694232e-01
1.376139185451174911e-02
2.115988612999381291e-01
2.003422820866077037e-02
2.479493488549880942e-01
8.339820119117430722e-03
1.846470474378484328e-01
2.260528474189033021e-02
2.690406729205602754e-01
-5.785851447866505876e-03
1.177295107306063349e-01
1.416016562005210574e-02
2.755949303202878120e-01
-9.748007997926081553e-03
1.006332997697422793e-01
8.020391330034128477e-03
2.662397823539555120e-01
4.454984186998186407e-04
1.449689035117447677e-01
2.125581802215468358e-02
2.759317129275570823e-01
-1.380869116564289664e-02
7.556436324301320229e-02
-2.174974312403357181e-03
2.277258080591560985e-01
1.995443455102572511e-02
2.372167948700100171e-01
1.260021934976447711e-02
2.065967806687974972e-01
2.067401870729602270e-02
2.531395006588407770e-01
5.599598680062135847e-03
1.713226817022868997e-01
2.258697161743794882e-02
2.740746969952935208e-01
-1.086055125212014028e-02
9.498168172734652859e-02
5.850850207192330454e-03
2.601434227347716455e-01
5.025805563093005759e-03
1.685892638360923235e-01
2.188269502496658497e-02
2.728958330917023445e-01
-1.067452752765419774e-02
8.923096286287283962e-02
4.879043374274503325e-03
2.528838772030607140e-01
9.520335525449175051e-03
1.821972599101508994e-01
2.295442605755329546e-02
2.684470671583804591e-01
-5.453592058828585394e-03
1.163033318287160778e-01
1.431300243113524384e-02
2.743099848252646966e-01
-8.760719785151039815e-03
1.018963464211850023e-01
9.081205020418113560e-03
2.668313239890658384e-01
-2.303171503892826894e-04
1.412285297681492580e-01
1.928920764839994056e-02
2.782919436667899427e-01
-1.465600795261317278e-02
7.832023550926615896e-02
-2.377302008165721112e-03
2.326992233312365765e-01
1.976016957370590327e-02
2.325011866128258164e-01
1.454022263328680689e-02
2.132861833040469723e-01
1.971890306537578408e-02
2.436638949832202750e-01
1.043330712750811101e-02
1.927685867787086726e-01
2.247439034202730265e-02
2.634670777790125706e-01
-1.218910096450339601e-03
1.363242355348973089e-01
1.901521938781448873e-02
2.774808481072124633e-01
-1.416969090498767722e-02
7.797733837015043135e-02
-1.939556870388939574e-03
2.323531566387254110e-01
1.825047343555847787e-02
2.336950375234898569e-01
1.360784709900108962e-02
2.177388685429608450e-01
1.811937812381587964e-02
2.437341047899288515e-01
1.011605991234425586e-02
1.968172058882622921e-01
2.238106465561696956e-02
2.590420597402421365e-01
1.989112506333904837e-03
1.484653934045461754e-01
2.143839672002458008e-02
2.763231115695927720e-01
-1.399808178696689345e-02
7.670540212224621901e-02
-1.969132152680769677e-03
2.301431776963603903e-01
1.917653104205033210e-02
2.352232863873474356e-01
1.331173323271678255e-02
2.130644409062734113e-01
1.941433725008355482e-02
2.476197185823880154e-01
8.406108440315127051e-03
1.882273765892479855e-01
2.210124114501436574e-02
2.682900158860953566e-01
-4.931031801118647764e-03
1.242482398563228563e-01
1.536886089983786896e-02
2.744087837411082198e-01
-1.052519691609356094e-02
8.942878585155755733e-02
5.037310412899818207e-03
2.534882924202188637e-01
9.123722797086238068e-03
1.806479172670389099e-01
2.301503842038871150e-02
2.691328985762128645e-01
-6.328554117964711040e-03
1.125126355701313585e-01
1.316790203492736525e-02
2.729071006590389481e-01
-7.118905686113218348e-03
1.092394630206535711e-01
1.160310360714023915e-02
2.716289893116709542e-01
-4.876246948502224558e-03
1.204856435955048571e-01
1.469896675019028570e-02
2.761788417356226821e-01
-1.055235427830981260e-02
9.688141653399093278e-02
6.200483551143525472e-03
2.620497064484443861e-01
5.679390584146161436e-03
1.614674983772673711e-01
2.282593871185428086e-02
2.740203089848907148e-01
-1.173366531356537408e-02
8.609969431925561245e-02
3.178482168625144932e-03
2.485567095873842669e-01
1.177773820155344174e-02
1.957657388121085418e-01
2.191327271119538136e-02
2.615142305860278515e-01
4.149397514437757131e-04
1.451893340058869608e-01
2.031628901019855854e-02
2.777741691342262564e-01
-1.469277297872562289e-02
7.638479495861358326e-02
-3.096668792719663686e-03
2.280847410358526894e-01
1.939486562464250857e-02
2.410400547438422691e-01
1.090049861550782505e-02
2.041061803791333618e-01
2.208990736019264545e-02
2.555618542328658149e-01
4.110653736329300187e-03
1.582750467544778994e-01
2.267632966809729478e-02
2.750881537271852029e-01
-1.291205590077228009e-02
8.103907661599918377e-02
4.994949543372307265e-04
2.393645088591335179e-01
1.580054744969561914e-02
2.175210225602348946e-01
1.855008179903607987e-02
2.408286872070746765e-01
1.142223338786863690e-02
2.020862714977107732e-01
2.107664541476602163e-02
2.582978456803123324e-01
2.533728803006286747e-03
1.581710523459655682e-01
2.146545903587461501e-02
2.772837124482419591e-01
-1.410186871648654375e-02
8.154262299069242603e-02
-8.603678145480833997e-04
2.358716788210934445e-01
1.742774875564701703e-02
2.211396039289850179e-01
1.795459010026961844e-02
2.330230650811881965e-01
1.454737599469067139e-02
2.145692688662131642e-01
1.939207969748122512e-02
2.433009437008692155e-01
1.049561658144267107e-02
1.947471516343133868e-01
2.215664849644186779e-02
2.628431091795604968e-01
-6.674925698132404273e-04
1.404654313449588132e-01
1.951415800488198390e-02
2.778370451048514100e-01
-1.461998732807039472e-02
7.704590662251892264e-02
-2.801213599763480080e-03
2.297444407616146267e-01
1.896580757772844267e-02
2.391942776675969884e-01
1.167557023978655836e-02
2.054461586890268254e-01
2.136400844318262285e-02
2.514557295077306520e-01
6.497509608612631049e-03
1.706264560787517925e-01
2.324405761720375538e-02
2.725686974176727007e-01
-9.884683782211866471e-03
9.529737196469779958e-02
7.088176932365901350e-03
2.609678900472632845e-01
4.518470648476347398e-03
1.608031692781581035e-01
2.212948255449559420e-02
2.757108369629686084e-01
-1.291874959555413746e-02
8.444939623724836975e-02
1.352552424088138659e-03
2.453044815829515946e-01
1.325586691263319281e-02
2.082828325099417843e-01
1.981664504286517053e-02
2.534941566557911141e-01
5.448302092588313238e-03
1.750193332062545126e-01
2.354817457234070072e-02
2.715154408970571476e-01
-8.915943297242098081e-03
9.774368115850129435e-02
8.474326229973114244e-03
2.629621727479558579e-01
2.655107153075037321e-03
1.502008555207360874e-01
2.137329655124942454e-02
2.764025283886921702e-01
-1.394143079307166508e-02
7.772440106687716899e-02
-1.698210936897221824e-03
2.320915936085479747e-01
1.847260528506721594e-02
2.329934400773201464e-01
1.398755678542114994e-02
2.178400866927286683e-01
1.836756056934064907e-02
2.427183455793424927e-01
1.047945966709861593e-02
2.004103623933267131e-01
2.095083967525944446e-02
2.610707721807496995e-01
7.554357273145872933e-04
1.494175380239389506e-01
2.185096284791433752e-02
2.757623292368632240e-01
-1.366102408354424348e-02
7.659583015891843760e-02
-1.613570466093021318e-03
2.304591400129091250e-01
1.927311340796240141e-02
2.334982417833290358e-01
1.390014000220918949e-02
2.139996598676035255e-01
1.929456323172185073e-02
2.452073008958514655e-01
9.714243274700069125e-03
1.924509908608966757e-01
2.190768727785102205e-02
2.647478848820750130e-01
-2.031673104003120251e-03
1.360409160173200183e-01
1.836815596950780449e-02
2.783024234462903590e-01
-1.445482434915033691e-02
7.937582674765317203e-02
-2.015377925647824069e-03
2.310454811727904456e-01
1.913756970458582035e-02
2.297998327055828516e-01
1.541220437668600583e-02
2.186586219801682773e-01
1.861620971648809617e-02
2.378033005110374853e-01
1.292453512664087922e-02
2.064853093007346652e-01
2.076829235224314160e-02
2.524963733243797970e-01
5.996598592885281354e-03
1.721460822098267174e-01
2.258141679230865617e-02
2.731970948609240279e-01
-9.977427689098698760e-03
9.852880609118773447e-02
7.607459405356156203e-03
2.641843964313114745e-01
2.100433168538822296e-03
1.536113701712933932e-01
2.082263203787906511e-02
2.779253219964017974e-01
-1.447036741481725827e-02
8.003613280243447592e-02
-6.380020543027065724e-04
2.327896295003947791e-01
1.858967474743960374e-02
2.275184686990576188e-01
1.603475211918359289e-02
2.228512040270221317e-01
1.747567991924278696e-02
2.320810027270029385e-01
1.484347232695460567e-02
2.178370189047575955e-01
1.863822744845993612e-02
