2.069679093226426403e+00
2.469088983081306754e+00
1.736247623258233563e+00
-6.623547158541270852e-02
5.079033482573961367e-01
4.212883204207957810e-01
9.356537597713675269e-02
1.669690861621682121e-01
-7.625344731721312927e-03
1.317083516171999313e-01
1.003062253637073964e-01
1.879606654869439009e-01
-1.025038215247965276e-02
1.041315327561422310e-01
8.733088871906957706e-02
2.099071289025707387e-01
2.106632328914080643e-03
1.730465251894688083e-01
1.057884541089259833e-01
1.449803186623140616e-01
-1.393605680303271199e-02
1.955836834205913755e-02
1.759594564079980383e-03
2.409426461680270748e-01
8.733981232568815978e-02
9.089785182126972063e-02
-1.723795168250997741e-03
2.019921522421224691e-01
1.061798799419461092e-01
1.039284732199611816e-01
-2.460906276896240863e-03
-8.206896965229890789e-03
1.402448280582311302e-01
1.040841971049663722e-01
1.828793860073423261e-01
-1.182813785849849003e-02
8.924112845958670492e-02
7.803366016184133669e-02
2.198641293760542625e-01
8.840810229454952596e-03
2.015697390095434749e-01
1.037423891055815200e-01
1.015353322907030786e-01
-1.983507601574755960e-03
-7.814178376306685214e-03
1.520924246689481507e-01
1.076122425678039535e-01
1.715560642392047197e-01
-1.437225932158586565e-02
5.991709565191481734e-02
5.590734266862135149e-02
2.314786453121179532e-01
2.093686358933471645e-02
2.387676100455250472e-01
7.576276931585121388e-02
1.043861178220383129e-01
8.771009062443398943e-04
2.146684344504061204e-01
1.037529289663438603e-01
8.034354001850907423e-02
6.401330846141532055e-03
1.509688328531479497e-03
2.417580552090942136e-01
8.644026508704688583e-02
9.411809404958701442e-02
-4.431393305234843961e-04
2.090379770477249766e-01
1.043353883028560747e-01
9.095339341672026290e-02
2.200806526090595162e-03
-4.049009621818701679e-03
2.050066648490796173e-01
1.070010684599831396e-01
9.994833242790243655e-02
-9.034486223804807578e-04
-7.361508933835343368e-03
1.633606202354431491e-01
1.085343275965755805e-01
1.592215041510657292e-01
-1.502742686608724010e-02
3.939873742361903880e-02
3.198706279548083758e-02
2.347592412111264293e-01
3.180675105477534514e-02
2.277524271988227711e-01
3.255379579859913469e-02
2.134359124609002678e-01
1.807067668361994617e-02
2.368906404540875865e-01
8.163846005400304806e-02
9.420545865249203843e-02
-1.162539184059783667e-03
2.043419826867592382e-01
1.062019755193523429e-01
9.642883364048657202e-02
9.217794557509817249e-04
-6.258413933218289968e-03
1.798709648359819446e-01
1.106440430989613782e-01
1.364686043576971430e-01
-1.171711601824472655e-02
8.348140374046995188e-03
-6.154956894332343047e-03
4.921030589032936164e-02
4.793645289796739234e-02
2.356227151249226937e-01
2.596031559714455372e-02
2.394736106106678530e-01
5.650879893419873123e-02
1.054114948965815396e-01
-7.792786470980490182e-03
1.520345281562347217e-01
1.062876696102680180e-01
1.715638625046212173e-01
-1.432123958073121955e-02
6.390706880343191565e-02
5.797215337887351438e-02
2.293385600083279741e-01
2.028925517599965145e-02
2.382992870930215890e-01
7.909375017739878055e-02
9.629751697146046729e-02
4.024111497049488295e-04
2.105980874581645512e-01
1.040687019743880282e-01
8.689388135950892877e-02
3.498776881380879188e-03
-1.267891553290043279e-03
2.242487867412390479e-01
9.991588482378534197e-02
5.802081806488630644e-02
1.433948093924823468e-02
1.325354975589936729e-02
2.402080238965474401e-01
4.252149383942566141e-02
1.198527761119461549e-01
-1.194135421102100574e-02
1.641848398413871257e-02
-2.630206873974501227e-03
2.141914314097291827e-01
1.041261773073200170e-01
8.157412838473172834e-02
5.644915488257523303e-03
1.091459088675241981e-03
2.390033096934920387e-01
8.810760999598887810e-02
8.353180468157933580e-02
-4.864757242999995929e-03
1.796316046372086750e-01
1.087237040929023013e-01
1.387297350808419094e-01
-1.261629655643161686e-02
9.359932149580606209e-03
-8.134045255957237514e-03
8.124666876213396116e-02
7.522864502973383716e-02
2.233691847331974456e-01
1.253495892785155483e-02
2.171487605416135835e-01
9.820583572935834282e-02
7.102074701544149049e-02
9.504427226398442716e-03
6.460489742584328912e-03
2.430451369088344471e-01
4.974471486183260766e-02
9.626333233926843980e-02
-1.157082209155108239e-02
1.017618891146349069e-01
8.763481509247171564e-02
2.125063346307641821e-01
3.309674124036473229e-03
1.747444722824728902e-01
1.066716280374306186e-01
1.420189531717681586e-01
-1.284484228403862116e-02
1.420319727016350342e-02
-6.297066431169008952e-03
1.783310202643798026e-01
1.098600840602275419e-01
1.408367728332687030e-01
-1.306106112961319052e-02
1.144316697308450995e-02
-8.967831876774813235e-03
1.224264775165662539e-01
9.800394048324839735e-02
1.976576455331693627e-01
-5.604285103417034133e-03
1.303751298446859108e-01
9.817263503040513095e-02
1.909877126597718799e-01
-8.896218850007639803e-03
1.090041508261765657e-01
8.989131344032837145e-02
2.066975045539146127e-01
-1.280154204012597541e-03
1.573638481644467346e-01
1.053389981174624318e-01
1.628245770664978054e-01
-1.493645020378685413e-02
4.756754639972852333e-02
4.148348880779051395e-02
2.345609756425801329e-01
2.782182541544349699e-02
2.389566484353108089e-01
5.010932514140419014e-02
1.012210134752187102e-01
-9.794857634263557170e-03
1.290373118349306125e-01
9.922634171883309984e-02
1.913909174789212020e-01
-8.286123636184862876e-03
1.136109647418132029e-01
9.172552013085295830e-02
2.037806821088687381e-01
-2.089542078128702081e-03
1.474078012414623828e-01
1.033767559924400753e-01
1.738034861070255899e-01
-1.407964409738565216e-02
6.730901170075168083e-02
6.316475051916294048e-02
2.282961477321564514e-01
1.754110463179660989e-02
2.348874505939894664e-01
8.707847617510454385e-02
7.344106411196114903e-02
-9.883690821564702217e-03
1.302504637576222257e-01
9.982624417361245228e-02
1.910587526200014652e-01
-8.670724150123642129e-03
1.121951035609376757e-01
9.080652008444282941e-02
2.053477543250676329e-01
-1.434631351323387063e-03
1.518806929541514916e-01
1.040527964043595488e-01
1.697072091627363222e-01
-1.460584548716406181e-02
5.852839533782584758e-02
5.482553079757902792e-02
2.317356114507386211e-01
2.159066203333709702e-02
2.391169313460354828e-01
7.391638784150163233e-02
1.060983651426989083e-01
5.717522312796092035e-04
2.118102288437465064e-01
1.048474278787829284e-01
8.590386675921660165e-02
4.233986343946661429e-03
-1.440147762083986756e-03
2.258943038632632849e-01
1.007722744365581041e-01
5.634423577419934992e-02
1.545314620632469958e-02
1.334061118908103430e-02
2.413270441558261203e-01
4.329998187352733507e-02
1.215162618381023102e-01
-1.211816452241110120e-02
2.055259873216167335e-02
3.551733506446840688e-03
2.441521203557345532e-01
7.503632523606944271e-02
1.093527359122722226e-01
-7.775392874706959535e-04
2.035116840678340977e-01
1.069637348030164775e-01
1.022564479407814531e-01
-1.492377914070953937e-03
-7.973960151901717322e-03
1.491382367191064762e-01
1.071782680627196699e-01
1.752323982953022108e-01
-1.383705088692694166e-02
7.076444391765840392e-02
6.392812406224956945e-02
2.269262379102148508e-01
1.718278140291807157e-02
2.319340995605317923e-01
8.799813514234926248e-02
5.941537921650905107e-02
-9.990186265967799725e-03
4.873044521329308182e-02
4.616887496110795575e-02
2.356155065476262800e-01
2.754671561348669140e-02
2.394437169164643775e-01
5.489203223577052843e-02
1.047797330353485712e-01
-8.475131872091324833e-03
1.435510584477959484e-01
1.047916413612802883e-01
1.775866121588361712e-01
-1.335315659673579590e-02
7.722928482257343519e-02
6.987421799303326908e-02
2.244889389605284891e-01
1.419650251740929743e-02
2.241973657118401797e-01
9.442859089956470720e-02
5.313442387341913570e-02
1.594349497764889489e-02
1.419391631821199234e-02
2.407598726368931352e-01
4.158944394070653722e-02
1.279245414145327442e-01
-1.338794720454597464e-02
3.012758848991104604e-02
1.992777190746816002e-02
2.378366030930693098e-01
3.626056583255556076e-02
2.008557908318822915e-01
8.723107357514881324e-03
2.133704574751668637e-01
1.004176040260169461e-01
8.017359242118608786e-02
6.062396587034022365e-03
1.244740224360870199e-03
2.401008094023781847e-01
8.697024290135883795e-02
8.780011475932703036e-02
-2.895452666968447667e-03
1.935996880618837956e-01
1.075186274861256730e-01
1.170159699638673029e-01
-7.124951420052900476e-03
-6.188254934728012677e-03
6.630654008335884475e-02
6.406195865934304068e-02
2.292443397723233911e-01
1.937513843311937031e-02
2.356762208906215406e-01
8.319205245686510375e-02
8.700970382650620449e-02
-3.787069196351428284e-03
1.848910241149654965e-01
1.089177314084783799e-01
1.296448824272895817e-01
-9.753269746541367094e-03
9.197708172810762414e-04
1.347771299917177069e-02
-4.743602311892427224e-03
1.968304379864959097e-01
1.084023316815194565e-01
1.135234440751239221e-01
-5.725529097867131101e-03
-7.561303522887918849e-03
8.836084390092062424e-02
8.049309534287116263e-02
2.197830225764900725e-01
9.348821379797308401e-03
2.044731371822637866e-01
1.028483947096585360e-01
9.722351430706924202e-02
-1.264438465007240719e-04
-6.598291753140621968e-03
1.749155008863513272e-01
1.098338257948602847e-01
1.459717050270727956e-01
-1.382383583769359638e-02
1.756049523778325031e-02
-1.541925091356871700e-03
2.226493843605374390e-01
1.022628613791122798e-01
6.388206726438092065e-02
1.250892408395798752e-02
9.894923425578825565e-03
2.411742194616511847e-01
4.471269949696984880e-02
9.498563936129425511e-02
-4.471756276717493012e-03
-5.625668086061738800e-03
6.041984618003023999e-02
5.891802607823620058e-02
2.316801633301058538e-01
2.194921635576688179e-02
2.407229259915061037e-01
7.359580512636568206e-02
1.047562913945166846e-01
1.047072285821051959e-03
2.120039852930775126e-01
1.031988437697757277e-01
8.433700454858736317e-02
4.587942921698439161e-03
8.586119587886034254e-05
2.329959657613162038e-01
9.402949756464290543e-02
4.848330030291623377e-02
1.932014128050825712e-03
-8.021832598078816948e-03
8.480782505727713083e-02
7.846124653502054014e-02
2.230940667101145580e-01
1.098574741914013983e-02
2.094976732145232279e-01
1.013491044839612276e-01
8.588520270386326705e-02
5.244325844431782513e-03
-1.294386428089526735e-03
2.237458478259440608e-01
1.001982570888247104e-01
5.897487031403213231e-02
1.387920304189011952e-02
1.275626179141952504e-02
2.401760296086295488e-01
4.281507197201400716e-02
1.160579279933406649e-01
-1.113020867682478279e-02
1.170741580280802371e-02
-8.739385896823872665e-03
1.347509266393105698e-01
1.024659124655709075e-01
1.872101503817398815e-01
-1.019460420491321261e-02
1.008734291097720670e-01
8.536158259062702480e-02
2.124248913158994223e-01
3.573104787680953139e-03
1.765611891284524226e-01
1.066010138836151061e-01
1.397886543888670063e-01
-1.235650891991771187e-02
1.154004340440910326e-02
-8.877729060216684939e-03
1.292969682998782455e-01
1.010134775321341466e-01
1.932071003962854971e-01
-8.287637229279418843e-03
1.125815639107207999e-01
9.156678533634987627e-02
2.039715109728115205e-01
-2.872926998981492185e-03
1.488321474316219861e-01
1.038729173289102969e-01
1.718387340147795317e-01
-1.429911036000408933e-02
6.552821251463648855e-02
5.966206629701295561e-02
2.294357698697801762e-01
1.950459960763176875e-02
2.381974694247178947e-01
8.029693669431435532e-02
9.327239927135999586e-02
-8.549113794449098198e-04
2.056523251108904049e-01
1.053670796411796118e-01
9.649720758228660933e-02
-6.372944544227269331e-05
-6.379882392252224539e-03
1.784445214897792953e-01
1.099194998076976626e-01
1.401416005387239039e-01
-1.305339499409671408e-02
1.228369709055367534e-02
-8.782064247965857065e-03
1.333173933010232126e-01
1.029396754809059067e-01
1.894307150026313946e-01
-9.687823885056248696e-03
1.062821700956676774e-01
8.752479645962110699e-02
2.078488317009088704e-01
1.168323489704869945e-03
1.666693792920899142e-01
1.059797110382615787e-01
1.537603190170611644e-01
-1.481208992645064587e-02
2.994978026482834899e-02
1.981045580478360893e-02
2.372410630361489470e-01
3.500804594284428334e-02
2.011258189642927963e-01
9.425046717623172116e-03
2.143790934732220932e-01
9.999326695853863467e-02
7.762460979698673769e-02
7.036585982341822185e-03
3.272129754683914676e-03
2.454046222043567704e-01
7.523087970482621178e-02
1.100220152317185340e-01
1.901724353540128578e-04
2.049374694465980196e-01
1.055201651006350133e-01
9.751959547615249302e-02
-3.789584625188712787e-04
