1.605109944889608897e+00
2.986974957739581438e+00
1.801264845897827316e+00
2.989787546165517673e-01
4.003625843837667064e-01
2.386880561131247136e-01
2.567831044855241052e-01
2.416603368162436594e-01
3.981952018487355111e-02
7.166737108889856267e-02
1.519424748155013931e-02
2.174800408329481960e-01
7.359350743282365437e-02
1.160495592171803814e-01
-1.366987190140772331e-03
1.797659684687880899e-01
1.444785931495883580e-01
2.114493235568603025e-01
4.010192964163446921e-02
8.880578729310067976e-02
-8.010182378706546397e-03
1.244493682547123947e-01
1.338745265137878948e-01
2.404396238103536088e-01
6.514381262840002185e-02
6.816952972341125405e-02
-1.012547887343911469e-02
5.416952868596261461e-02
8.090034112125889243e-02
2.466833415327185364e-01
9.141557745809107682e-02
9.160722033262921893e-02
-9.699380408505247492e-03
9.822566987501245295e-02
1.198138552219170788e-01
2.462400619467809970e-01
7.582879095758382482e-02
7.163817992622355246e-02
-1.034491249223516533e-02
5.674022490047360423e-02
8.417160629162516450e-02
2.467341182475024375e-01
9.062218906048180589e-02
9.136226516995445135e-02
-9.868059494250505312e-03
9.428003906926890609e-02
1.175276168642137575e-01
2.464043210111090676e-01
7.735370085301274123e-02
7.391797192509109993e-02
-1.042117343611808841e-02
5.840839322792502897e-02
8.631987206117355815e-02
2.468684837323256165e-01
9.022990175064041218e-02
8.992165427531861877e-02
-1.000231739969403497e-02
9.089560485930667233e-02
1.154021613849074840e-01
2.465646159600585197e-01
7.869799743409160164e-02
7.483762435693488979e-02
-1.047006963043455377e-02
6.008126131235558276e-02
8.852026170556046014e-02
2.466094926561668566e-01
8.965557271158100527e-02
8.892822315056228555e-02
-1.015115395486065018e-02
8.889783385633759361e-02
1.143087325372373342e-01
2.464680622736280524e-01
7.950067795641434232e-02
7.543423580841773779e-02
-1.024170325562178373e-02
6.106705507162228652e-02
8.982063824666880469e-02
2.465553508837131369e-01
8.945663901539691043e-02
8.799478828733715841e-02
-1.020140663612991751e-02
8.677074070293738783e-02
1.129662097915725971e-01
2.464395260359407702e-01
8.039790437529321931e-02
7.593027554506930066e-02
-1.030311530663158455e-02
6.420551063995355578e-02
9.102530546524129074e-02
2.464095793898681552e-01
8.926734600005090114e-02
8.730061852040214843e-02
-1.022994254720220077e-02
8.786731553488910662e-02
1.122026916753118553e-01
2.464413851237591546e-01
8.103678384082849129e-02
7.604151919475070354e-02
-1.033680703340124699e-02
6.435149421231323164e-02
9.141705083274223598e-02
2.461432488841721888e-01
8.925491462035703427e-02
8.708302122425214120e-02
-1.023322333160476758e-02
8.748027716920186991e-02
1.110912429573727989e-01
2.462184698877326605e-01
8.124809127259499664e-02
7.601275227773172938e-02
-1.035958294556073821e-02
6.441759295548793451e-02
9.089688277376292702e-02
2.458761568581672163e-01
8.927607592900627109e-02
8.668293805662243001e-02
-1.024035023832724038e-02
8.682144322735849129e-02
1.108936666955810668e-01
2.459185768279345263e-01
8.151712183679396539e-02
7.613351197550963234e-02
-1.040400060260269349e-02
6.453191118791173908e-02
9.113168639274765725e-02
2.458204113631302645e-01
8.938966512159517153e-02
8.633536822580784031e-02
-1.026171908144599999e-02
8.579453758792741913e-02
1.103233121818123635e-01
2.482724907685856519e-01
8.195823351310232985e-02
7.610918719184493753e-02
-1.043060826323423049e-02
6.455840813817120827e-02
9.168051576317295948e-02
2.481418260999713743e-01
8.947459581620639812e-02
8.615488961338196860e-02
-1.026863296262948977e-02
8.536683979532161404e-02
1.102520369317384064e-01
2.478974299643425250e-01
8.211367019954168844e-02
7.636802241348003562e-02
-1.045856174508183467e-02
6.521294787970419171e-02
9.253415764125907939e-02
2.480201167476498714e-01
8.777655677467104123e-02
8.523710544299334391e-02
-1.031015409178058159e-02
8.346274779267440214e-02
1.090577281348081157e-01
2.478591576818165165e-01
8.133874739065144466e-02
7.663630575715832394e-02
-1.049288301256644761e-02
6.563066308395507087e-02
9.334041325266989597e-02
2.476255646540407862e-01
8.761693488081274961e-02
8.510173403492368727e-02
-1.030587229404783360e-02
8.328560277613816787e-02
1.091825424834622776e-01
2.475573957241157530e-01
8.145259323671419360e-02
7.672277475612233888e-02
-1.051373306225954728e-02
6.582969368692982715e-02
9.389335260284888129e-02
2.474498043815164250e-01
8.766877852344087674e-02
8.612923813115576366e-02
-1.031632945841624328e-02
8.248590934985286505e-02
1.089489607290146933e-01
2.473786904804934350e-01
8.179751412637868702e-02
7.801196461433362872e-02
-1.051758493556433777e-02
6.602081239777705945e-02
9.453091786164723176e-02
2.473576470912294267e-01
8.770430200082487970e-02
8.554258202885288431e-02
-1.034884553902077828e-02
8.120368746428449636e-02
1.081756223646745535e-01
2.471014778468385020e-01
8.231937182386155072e-02
7.849180969058261459e-02
-1.034544502349939686e-02
6.671314531147976012e-02
9.539195064780096878e-02
2.472469083115270694e-01
8.757587991777185388e-02
8.491073000420516770e-02
-1.035174390778831159e-02
7.980778906546392992e-02
1.072177000427340932e-01
2.471602047239948308e-01
8.297644827913314147e-02
7.865582746112793899e-02
-1.037494378206051983e-02
6.687886722780828075e-02
9.586463376762743849e-02
2.469202405579132287e-01
8.754367885032617036e-02
8.462292867188533907e-02
-1.035692586652024391e-02
8.179924165692542548e-02
1.070491835722832685e-01
2.468700314137236007e-01
8.319036330075973984e-02
7.874240535556303877e-02
-1.040176575293019767e-02
6.946641599073427598e-02
9.629899038876534034e-02
2.466360878954451663e-01
8.750522797981119538e-02
8.431358474728674335e-02
-1.036837100932474706e-02
8.130213404185682169e-02
1.070453116530312998e-01
2.466761233566064637e-01
8.342525675156696463e-02
7.868124233803847067e-02
-1.041500525164499799e-02
6.951938615352039330e-02
9.673486852133722502e-02
2.464915571665416971e-01
8.760689600761970008e-02
8.410081972421940000e-02
-1.038098575882615178e-02
8.076147453968994527e-02
1.058503284071978801e-01
2.462149358938072741e-01
8.358473551052256201e-02
7.889581560234686097e-02
-1.044483040956234801e-02
7.003326610369109417e-02
9.650099688573200718e-02
2.462766327382190090e-01
8.748066926353191552e-02
8.340634066561719573e-02
-1.040068011705748072e-02
7.942787840084210294e-02
1.050219499646300458e-01
2.462499689933449476e-01
8.423880777809140963e-02
7.893336576329480769e-02
-1.046745201995680913e-02
6.997140386454649141e-02
9.677244968300674488e-02
2.486436792417936470e-01
8.762905250668659440e-02
8.315263371458718467e-02
-1.039263097544701649e-02
7.910839067178457307e-02
1.050839354029072942e-01
2.484835131620951598e-01
8.442536045554029089e-02
7.890535089054061257e-02
-1.045913865586532189e-02
7.027490044040729522e-02
9.734717402701507927e-02
2.484138283866292041e-01
8.759609916502582305e-02
8.284451399325876153e-02
-1.042821141968713894e-02
7.814152875587759839e-02
1.044565093796023525e-01
2.482131902205202412e-01
8.323685035933781062e-02
7.916543563434402797e-02
-1.049730959524988738e-02
7.055147308185094612e-02
9.790344386310514957e-02
2.480690669573135387e-01
8.592628271454742783e-02
8.265292229569973226e-02
-1.043323158692186295e-02
7.778363249109279676e-02
1.045621024117365516e-01
2.480425056200755707e-01
8.346287884005906821e-02
7.899912388287175236e-02
-1.051491996884650580e-02
7.018235042236312116e-02
9.785809511250379011e-02
2.477398401882342505e-01
8.607810312373972983e-02
8.269351837382690751e-02
-1.043010382989389973e-02
7.801949673798512508e-02
1.050687579263645949e-01
2.478295660383855736e-01
8.343260988992412530e-02
7.990573683899973578e-02
-1.052256406190508684e-02
6.950903976975637832e-02
9.758699595900297008e-02
2.476634702011205891e-01
8.646686320248210544e-02
8.395625104901174862e-02
-1.043180356113094370e-02
7.775311929329700722e-02
1.051336450372436643e-01
2.475541274686768878e-01
8.359715330292422086e-02
8.000467230966940013e-02
-1.052283244813457738e-02
6.975091250036805079e-02
9.810325361534019684e-02
2.474796941549421980e-01
8.646699313027517153e-02
8.357124695371309642e-02
-1.038150944429268308e-02
7.678331136500463061e-02
1.046057675581952701e-01
2.474206867527151688e-01
8.403984144295201242e-02
8.004670690849338688e-02
-1.037192767295333148e-02
6.978021055004135498e-02
9.845423128798634627e-02
2.471589879605177731e-01
8.649005983481142246e-02
8.334717845762090738e-02
-1.038579670342512640e-02
7.656029849690901279e-02
1.047381180393000683e-01
2.471202632482023820e-01
8.414640087519438538e-02
7.994765833967504287e-02
-1.039861998593380812e-02
6.957305649358266897e-02
9.855955442205907580e-02
2.469221117214866479e-01
8.663062140906849229e-02
8.323019674351229968e-02
-1.039595438873710913e-02
7.883669660648653932e-02
1.047991278206355514e-01
2.469172938465962752e-01
8.430095603581767849e-02
7.983997579937478217e-02
-1.042532598721118177e-02
7.161409043270686170e-02
9.845773350815274771e-02
2.467279752057980058e-01
8.683178002155964026e-02
8.301249302556112930e-02
-1.040783829368029968e-02
7.842551995874594284e-02
1.047816029485331146e-01
2.465767526011847788e-01
8.445539832459886265e-02
7.995668326433950923e-02
-1.043575779644788717e-02
7.214208092606155809e-02
9.830053323263884812e-02
2.465111757338990794e-01
8.675316322899773169e-02
8.258795248359135366e-02
-1.042256828856061475e-02
7.753843224722686833e-02
1.032225285011744431e-01
2.462953264056526037e-01
8.480769504460622388e-02
8.006187325275807010e-02
-1.045396260080821808e-02
7.238541650017085716e-02
9.881968546020562794e-02
2.461953319604359702e-01
8.670064341535650698e-02
8.229118569939741779e-02
-1.043580201653483523e-02
7.695968341666545309e-02
1.029764683674584957e-01
2.485887783176938259e-01
8.511268530899505913e-02
8.013011668944471089e-02
-1.046995830255642926e-02
7.257705094564770310e-02
9.928501336869600957e-02
2.485854640402866411e-01
8.673230569819509461e-02
8.181982468698947852e-02
-1.045495958927135371e-02
7.598727024396219332e-02
1.025374502528102472e-01
2.484598945281065729e-01
8.557892901580238521e-02
8.019296013386774391e-02
-1.048629719159925762e-02
7.257795381075426988e-02
9.961045886116477732e-02
2.482696706102943129e-01
8.678265605979772201e-02
8.174612586895887989e-02
-1.046083880105480243e-02
7.591554149054309530e-02
1.027655424413163737e-01
2.481000074629308438e-01
8.402540268304176108e-02
8.010294365750898760e-02
-1.049040588241495313e-02
7.264575025089092808e-02
1.000507800401914532e-01
2.481032563081181641e-01
8.526263170349962506e-02
8.128439320606137275e-02
-1.047141249853796030e-02
7.504324332370404527e-02
1.022680673198124446e-01
2.480072200522267512e-01
8.445583034143856749e-02
8.016453776912618734e-02
-1.049784646619539470e-02
7.275393987116274275e-02
1.004228604884814940e-01
2.477979667972605715e-01
8.528418436705580141e-02
8.245057997608841449e-02
-1.047723168146585601e-02
7.472744500925881939e-02
1.022737348294791293e-01
2.476227122935381053e-01
8.459003499455615416e-02
8.165078126346582421e-02
-1.048915196232903975e-02
7.320654008480967367e-02
1.011259749533516272e-01
2.476118900580198123e-01
8.519892050723754107e-02
8.208717643329468960e-02
-1.049513652850512894e-02
7.382080340101590532e-02
1.017937807532347666e-01
2.476402288867635970e-01
8.507571945405115188e-02
8.154552348241519977e-02
-1.038516195109076036e-02
7.260223689755559984e-02
1.007962743667772249e-01
2.472198018410489140e-01
8.541296498220320166e-02
8.236000046781347117e-02
-1.038968636275209613e-02
7.454535806211007309e-02
1.027413163163098664e-01
2.472644078839718040e-01
8.484171000045473421e-02
8.111649442883192562e-02
-1.040046618100255379e-02
7.187277709273001691e-02
1.005026608348714989e-01
2.471320732570681522e-01
8.579329279108111050e-02
8.229955130803702501e-02
-1.040198559592310501e-02
7.433294551522512394e-02
1.029099131644622966e-01
2.471140609321610393e-01
8.497856650890404928e-02
8.088365639295008735e-02
-1.041848880125500511e-02
7.378335296299806667e-02
1.003182795948612677e-01
2.468937083411689437e-01
8.603947278320578373e-02
8.220812713646163949e-02
-1.041260043878850829e-02
7.681227333834977911e-02
1.032789067845318876e-01
2.468559731384236400e-01
8.501938906723330303e-02
8.066675597294625799e-02
-1.043352697122455763e-02
7.334734674387000108e-02
1.002366688256973309e-01
2.466993728056529056e-01
8.630526269347663093e-02
8.219470084429369994e-02
-1.042944753891040383e-02
7.657801536179749402e-02
1.022366460487089956e-01
2.463724521784513566e-01
8.509156101009847373e-02
8.082236512758213254e-02
-1.044679585630267811e-02
7.393573074843215465e-02
1.001058944898492453e-01
2.464631676208645372e-01
8.614022477861284222e-02
8.167163595937032561e-02
-1.044318962530890391e-02
7.553764025596593212e-02
1.015579003946638359e-01
2.463842089927976153e-01
8.562211466563574014e-02
8.077236848346044940e-02
-1.046047835937753689e-02
