3.719738996422668809e+00
-9.183971660502396328e-02
1.053172153878469297e+00
4.654633434256920665e-01
3.327843018875771275e-01
-3.317866745824921137e-02
2.819349805440108520e-02
8.603881625598518157e-02
1.432764456523513003e-02
5.003998535541455406e-02
3.850044651310598198e-02
3.939919724859683448e-02
4.315494772536142276e-02
3.836860266442902734e-02
4.039056650090915024e-02
4.047975545922487262e-02
4.115341325592280358e-02
3.910881037316099595e-02
3.971743269158604234e-02
4.058041132314552102e-02
4.073043962971149845e-02
4.169528809301340649e-02
3.939663962343874226e-02
4.014759221645684828e-02
4.059352916455395005e-02
4.135560287536379359e-02
3.918953891863809907e-02
3.983676824338332201e-02
4.033552202751038152e-02
4.118916610929654332e-02
3.860305113474427063e-02
4.008884571774373740e-02
3.989339904891051058e-02
4.083123609061626441e-02
4.145395825304146187e-02
3.919640438500768265e-02
4.002007397337146999e-02
4.040136696983018944e-02
4.120688024868955635e-02
3.905341008992941482e-02
3.971761661520646636e-02
4.020639003087471408e-02
4.090996849069757080e-02
4.140683219388845149e-02
3.949961169903062896e-02
3.989286992181157593e-02
4.066895923921295258e-02
4.136163598397094021e-02
3.913131768383110165e-02
3.986722712927902312e-02
4.039829030683743383e-02
4.102231471300762933e-02
4.165855843202325576e-02
3.952175314057535666e-02
4.021892791411733892e-02
4.073336821092315985e-02
4.140364831134397960e-02
3.929816833736653886e-02
3.991643436991219873e-02
4.052316961640457793e-02
4.111845071294734782e-02
3.906809298921634643e-02
3.964497335525359045e-02
4.028977997775122499e-02
4.084168092920656412e-02
4.151946123336901218e-02
3.936696797155060656e-02
4.005734990745067614e-02
4.057926531692148536e-02
4.126441311144406210e-02
3.911969380034777816e-02
3.979843197209013972e-02
4.032838723186609603e-02
4.101248708472623322e-02
4.153944198448449726e-02
3.954795910692351923e-02
4.007437247318697271e-02
4.075842485807905369e-02
4.128674354490569076e-02
3.929453661878157256e-02
3.982152540623702663e-02
4.050541606944969147e-02
4.103287295190045925e-02
3.904219834762381186e-02
3.956865529731529857e-02
4.025196589054554075e-02
4.077966513543258148e-02
4.146460589332474217e-02
3.931595357630386645e-02
3.999887671485183316e-02
4.052643213980881842e-02
4.121097380462405285e-02
3.906342289593400102e-02
3.974585863378882894e-02
4.027316895821041881e-02
4.095748237585822293e-02
4.148552816143489391e-02
3.949302811323798790e-02
4.002003857213887184e-02
4.070415481685605436e-02
4.123190228102231042e-02
3.924034064532789384e-02
3.976707005336896361e-02
4.045078289685462986e-02
4.097843405860558674e-02
4.166378910895257581e-02
3.951425422038101765e-02
4.019751279004300792e-02
4.072512645935488090e-02
4.141001496384182079e-02
3.926159390234237878e-02
3.994439697741187373e-02
4.047192009636790128e-02
4.115640149677153581e-02
3.900908812581819346e-02
3.969143603899964734e-02
4.021867382526634477e-02
4.090294768217617172e-02
4.143093028321381127e-02
3.943862949726837513e-02
3.996558254314223207e-02
4.064965248802597519e-02
4.117733684246950576e-02
3.918597833526517304e-02
3.971264555102711757e-02
4.039626074976343517e-02
4.092390331528380359e-02
4.160915843226651450e-02
3.945986306425883910e-02
4.014302403006925202e-02
4.067063035080796529e-02
4.135541827109700391e-02
3.920723661429140888e-02
3.988994105914905192e-02
4.041740325752418705e-02
4.110183941885725556e-02
3.895476402723305198e-02
3.963701345958098310e-02
4.016419051183768574e-02
4.084841972190648290e-02
4.137633806215761795e-02
3.938424103780383684e-02
3.991113178500400177e-02
4.059510423130429507e-02
4.112277907365914642e-02
3.913162299563967272e-02
3.965822808332966631e-02
4.034174623412779825e-02
4.086937987141316120e-02
4.155453468760560848e-02
3.940547956174546285e-02
4.008854210368851395e-02
4.061614152117831028e-02
4.130082969190414927e-02
3.915288564038096886e-02
3.983549305818042535e-02
4.036289333257450651e-02
4.104728458264884222e-02
4.157543809446042488e-02
3.958259823042244857e-02
4.010971400915969154e-02
4.079389958219475226e-02
4.132175346244931075e-02
3.932985891465941991e-02
3.985668877645186930e-02
4.054056309614410131e-02
4.106822867993934617e-02
3.907727475246867282e-02
3.960381810540279657e-02
4.028723820553716667e-02
4.081486446654065958e-02
4.149991798445080288e-02
3.935110326237031830e-02
4.003406757856195486e-02
4.056166014441524997e-02
4.124624809635706740e-02
3.909854238671600646e-02
3.978105167141358922e-02
4.030839079301935801e-02
4.099273732179833235e-02
4.152082607735237824e-02
3.952819080820882403e-02
4.005524411618829189e-02
4.073938727238337471e-02
4.126717582666160344e-02
3.927548450255023693e-02
3.980225251752066151e-02
4.048602939635580211e-02
4.101368568948488003e-02
3.902293347087523734e-02
3.954941543350348060e-02
4.023273763872579900e-02
4.076035577104564211e-02
4.144530981145336940e-02
3.929673351889999278e-02
3.997960022466561653e-02
4.050716304102579268e-02
4.119167353501126255e-02
3.904420648799799415e-02
3.972661767497054353e-02
4.025389536970251647e-02
4.093819718159950882e-02
4.146622192087402736e-02
3.947379001840453649e-02
4.000078187046950118e-02
4.068488201196329007e-02
4.121260589231690030e-02
3.922111707285244608e-02
3.974782364607699209e-02
4.043150258938500025e-02
4.095915025550111999e-02
4.164447028970489489e-02
3.949501993570424252e-02
4.017824400786343397e-02
4.070585493054051929e-02
4.139070833509603947e-02
3.924237137783883472e-02
3.992513996857376124e-02
4.045264139854223839e-02
4.113710674840920928e-02
3.898987776440088898e-02
3.967219035531924926e-02
4.019940729501086940e-02
4.088366487296587332e-02
4.141162477863619129e-02
3.941939662997188953e-02
3.994632674290028718e-02
4.063036314732214327e-02
4.115804338032845455e-02
3.916675678335843763e-02
3.969340197191603692e-02
4.037698298248388468e-02
4.090462237731318229e-02
4.158984158625802369e-02
3.944063176190393261e-02
4.012375760965141563e-02
4.065136155372545829e-02
4.133611424957066294e-02
3.918801640656811858e-02
3.987068691884020771e-02
4.039812692442219105e-02
4.108254722986564439e-02
3.893555613449180969e-02
3.961777066174642509e-02
4.014492591061253474e-02
4.082914017180300226e-02
4.135703512508515090e-02
3.936501010223433794e-02
3.989187923289706783e-02
4.057581688112620738e-02
4.110348854637244781e-02
3.911240387378020489e-02
3.963898739515880204e-02
4.032247023216495307e-02
4.085010183913002912e-02
4.153522090110553511e-02
3.938625028388585692e-02
4.006927857917490926e-02
4.059687530144988343e-02
4.128152797817669084e-02
3.913366861882606323e-02
3.981624057659881311e-02
4.034361997180459236e-02
4.102799516997535784e-02
4.155612559471615064e-02
3.956335835498970416e-02
4.009045175883484829e-02
4.077462264524283481e-02
4.130245306553927825e-02
3.931063074404042568e-02
3.983743841341525621e-02
4.052127869229295992e-02
4.104894061419110673e-02
3.905805802812481464e-02
3.958457992551469434e-02
4.026796517861998270e-02
4.079558851751882015e-02
4.148060726158720596e-02
3.933187638639931011e-02
4.001480644364393408e-02
4.054239672564350500e-02
4.122694891658015143e-02
3.907932770712764514e-02
3.976180228396695299e-02
4.028911958945611410e-02
4.097345056318826839e-02
4.150151657521930493e-02
3.950895267724071486e-02
4.003598528455617339e-02
4.072011221613988652e-02
4.124787845330662311e-02
3.925625886885051458e-02
3.978300469095905068e-02
4.046674739409075044e-02
4.099440053920628407e-02
4.167978480668894925e-02
3.953018020885049055e-02
4.021346663671495486e-02
4.074108287460554562e-02
4.142600143631108844e-02
3.927750923098724534e-02
3.996034168826214511e-02
4.048788267771304128e-02
4.117237700437922227e-02
3.902499438220533023e-02
3.970737074086499313e-02
4.023462656842021617e-02
4.091891340813463840e-02
4.144691463490681599e-02
3.945455482356426818e-02
3.998152521513641255e-02
4.066560994563118286e-02
4.119331099379799216e-02
3.920189395728427423e-02
3.972857846758712924e-02
4.041222285959052835e-02
4.093986787422750073e-02
4.162515168040428759e-02
3.947578690428352882e-02
4.015897618865251623e-02
4.068658427626628549e-02
4.137140260445416190e-02
3.922314995771997159e-02
3.990588340456439204e-02
4.043336389696998434e-02
4.111781288158125602e-02
3.897066798434787455e-02
3.965294620924557367e-02
4.018014092525831749e-02
4.086438357950125666e-02
4.139232045140932292e-02
3.940016349761338993e-02
3.992707307210188045e-02
4.061107372768509027e-02
4.113875123093869296e-02
3.914753642975102310e-02
3.967415926736515830e-02
4.035770561064451478e-02
4.088534261191786173e-02
4.157052587162886337e-02
3.942140106756691909e-02
4.010449230503451701e-02
4.063209345759991042e-02
4.131681127199236803e-02
3.916879747350924396e-02
3.985143284620101811e-02
4.037885220567315886e-02
4.106325556546042144e-02
4.159142850220036436e-02
3.959852896331338828e-02
4.012566220343788403e-02
4.080986136798748359e-02
4.133773325489790290e-02
3.934578006857424731e-02
3.987262747952093761e-02
4.055653055732959950e-02
4.108419889927124313e-02
3.909318552945217906e-02
3.961974751534390327e-02
4.030319562577754089e-02
4.083082439628275134e-02
4.151590790337974374e-02
3.936702235315230058e-02
4.005001528865364396e-02
4.057761038821091487e-02
4.126222712288638017e-02
3.911445201971906760e-02
3.979699007763385504e-02
4.032434681936367810e-02
4.100870668809748071e-02
4.153681440973217703e-02
3.954411865273189941e-02
4.007119104150483335e-02
4.075534625939087469e-02
4.128315379180853145e-02
3.929140345406488544e-02
3.981818907453717887e-02
4.050199477611195892e-02
4.102965391032573073e-02
3.903884189403070137e-02
3.956534273717645517e-02
4.024869316802168195e-02
4.077631356697695303e-02
4.146129715036848962e-02
3.931265085242152679e-02
3.999554567635900393e-02
4.052312717152883881e-02
4.120765077608957994e-02
3.906011372343266841e-02
3.974255397276880292e-02
4.026984924240566838e-02
4.095416456497449897e-02
4.148220776903824292e-02
3.948971619460860116e-02
4.001672641926967006e-02
4.070083899596507737e-02
4.122858187066869018e-02
3.923703334781689089e-02
3.976375849771303372e-02
4.044746584205621831e-02
4.097511596772632908e-02
4.166046548073146921e-02
3.951094477166468971e-02
4.019419756356452239e-02
4.072181059908146911e-02
4.140669348088278634e-02
3.925828643270527774e-02
3.994108363980425347e-02
4.046860328842770416e-02
4.115308164449838629e-02
3.900578308761191298e-02
3.968812445776312425e-02
4.021535910995147067e-02
4.089962993729112650e-02
4.142760852643363051e-02
3.943532079583141753e-02
