3.059768701427662219e+00
1.070758575372236177e+00
1.391801424427365985e+00
7.652989272310893876e-01
5.073614691129624960e-02
3.381574069828763296e-02
3.011944463297278052e-01
-1.765710835375043641e-02
-1.164757935206709068e-02
1.785926045856443545e-01
1.045054027576063430e-02
2.308839285551084197e-01
-2.577380749608344356e-03
1.548097528720177862e-01
4.795584747754912114e-03
2.225755629725339468e-01
5.589623351869767859e-04
1.692619288972458946e-01
4.289407736334677548e-03
2.165610034557400865e-01
1.732798540553716175e-03
1.750017999631013066e-01
4.764879753071511043e-03
2.159469688104382334e-01
2.592283677777550144e-03
1.784612521347983538e-01
5.029781478601839245e-03
2.130533551317872476e-01
1.612794373246991117e-03
1.806987423723621367e-01
5.295436518365728533e-03
2.106066799042103366e-01
2.167637608539080274e-03
1.852477088874061872e-01
5.540485711426589022e-03
2.083854807554147426e-01
2.767849340078147244e-03
1.865443807488597339e-01
4.179050012545790921e-03
2.064380501747514474e-01
3.260058300576594570e-03
1.872786135559521281e-01
4.426341435707241423e-03
2.078527919073391017e-01
3.656207917172772486e-03
1.875957908913416794e-01
4.679197900426007584e-03
2.063838201645403214e-01
2.391353956849258822e-03
1.878935952561834322e-01
4.981642972714278583e-03
2.053777145804395465e-01
2.891120057758850281e-03
1.915227286756599756e-01
5.265425662116220151e-03
2.039567340639412141e-01
3.290488676060028539e-03
1.916634135074720136e-01
3.906723176089477167e-03
2.027431515554143915e-01
3.710282266855019495e-03
1.920868964001107571e-01
4.128404254269654391e-03
2.045241926319102121e-01
4.094570590084196417e-03
1.917917549907958708e-01
4.469450325316190464e-03
2.037845159039392562e-01
2.744678195872606724e-03
1.914573714093327772e-01
4.710251293385175897e-03
2.024716640648432098e-01
3.173628402930124114e-03
1.946507058039593507e-01
5.060516613471545411e-03
2.016457518217179834e-01
3.433078059218434841e-03
1.937559972787569751e-01
3.668498369108937063e-03
2.007166782710479991e-01
3.914477217968597572e-03
1.938999303323568901e-01
3.864509957146572416e-03
2.023050502819018770e-01
4.274748208458785913e-03
1.940515487191760702e-01
4.230957357595029576e-03
2.014536193837733469e-01
2.917059072731452429e-03
1.934303240277952252e-01
4.511952646165683090e-03
2.007881246433984856e-01
3.351503446838240922e-03
1.965446912263908996e-01
4.780729491719537538e-03
1.994964177604564570e-01
3.682431082251049620e-03
1.964632930924124221e-01
3.479485163706677597e-03
1.987344042311273706e-01
4.051153285365011181e-03
1.959046551332399022e-01
3.681445531426935647e-03
2.007614002326308378e-01
4.435190202618809197e-03
1.958403083584126514e-01
3.960177985072865781e-03
1.997315016563131207e-01
3.127467512350563979e-03
1.955697994521643224e-01
4.266547854638834403e-03
1.988760843709272419e-01
3.507149793089588130e-03
1.985138302359975015e-01
4.614136852457789706e-03
1.981597130440597154e-01
3.823663852281310779e-03
1.982411022900425757e-01
3.304517861879130436e-03
1.975019626036453035e-01
4.187092689030880860e-03
1.976531489349256654e-01
3.621318223803279834e-03
1.999792340417265724e-01
4.467782771483762294e-03
1.967338852900564206e-01
3.921842797955155113e-03
1.992432726483859828e-01
3.065678998600575994e-03
1.962047354652479703e-01
4.255866113331044712e-03
1.988178555015085447e-01
3.420046844176356793e-03
1.986284353986177420e-01
4.579932388324312043e-03
1.981634893667498787e-01
3.763072940374217416e-03
1.980019380063693379e-01
3.204377641252370221e-03
1.973869625843471254e-01
4.110237965799623527e-03
1.976451649578528369e-01
3.545847240116639654e-03
1.998789031671391880e-01
4.423212378752615359e-03
1.969429783594328076e-01
3.818106594529836750e-03
1.990462301309000315e-01
3.081164300135233458e-03
1.963920663146791756e-01
4.148611970417805106e-03
1.984215863568517257e-01
3.419600369722871746e-03
1.991335866769444463e-01
4.492489110215491799e-03
1.976866695569073351e-01
3.713691822404147254e-03
1.986992180603397717e-01
4.827947498616300126e-03
1.969057637195824328e-01
4.118332814566416644e-03
1.981638888153809397e-01
3.424878050436182264e-03
1.962095815985161196e-01
4.418579157420866876e-03
1.975379872765042344e-01
3.779879723264635560e-03
1.988730264491890831e-01
4.736879917841003984e-03
1.967311035177000678e-01
4.106624948205864212e-03
1.984441628776281996e-01
3.395201808710925084e-03
1.961841450319442570e-01
4.468664230860890964e-03
1.978555497948229214e-01
3.700375426156986107e-03
1.986007958210616042e-01
4.769820232350135795e-03
1.974609718242846812e-01
4.174175735094549922e-03
1.981406939303412273e-01
3.380169402270989665e-03
1.964718454807381498e-01
4.448448034011879063e-03
1.976941971020168831e-01
3.671873467027631822e-03
1.987441027165659513e-01
4.773437412075922162e-03
1.973605408536855677e-01
4.036867356092613268e-03
1.978660378466355896e-01
3.298641286863726076e-03
1.964037946213714747e-01
4.400606167042070763e-03
1.977542454445629372e-01
3.728014805687587807e-03
1.991504942546785950e-01
4.735467031767207069e-03
1.971611311574057168e-01
4.025527280102221030e-03
1.984966450259826598e-01
3.359642148439373130e-03
1.962611308499526419e-01
4.319108785848550618e-03
1.977259383322662600e-01
3.693252239292508718e-03
1.988778779486992110e-01
4.674774271798637013e-03
1.971293026345713184e-01
3.992720072386622687e-03
1.983084107268793250e-01
3.276163234697048593e-03
1.962315094749568223e-01
4.326286576325569233e-03
1.978715648365923507e-01
3.647783751061874080e-03
1.989955137460049928e-01
4.647049439892259222e-03
1.973669144941239129e-01
3.978351019441858476e-03
1.983242597238201177e-01
3.312076957881384190e-03
1.964603447973652106e-01
4.283572853602764241e-03
1.976793395923850949e-01
3.636384797309018604e-03
1.991832671283856881e-01
4.635614434593635091e-03
1.970736032669285764e-01
3.959587890559943153e-03
1.984150713104256281e-01
3.267869726809778663e-03
1.964522056824925256e-01
4.298878637219634598e-03
1.981806813055601579e-01
3.750274527510247778e-03
1.994859301825280817e-01
4.580893038681064372e-03
1.970635714459579857e-01
3.967856127537867927e-03
1.985399476849875611e-01
3.296014981342375305e-03
1.967190196693432980e-01
4.247166987282037509e-03
1.979221499327614986e-01
3.607498622481754291e-03
1.991416527750025089e-01
4.563027920920390175e-03
1.971671418665373876e-01
3.965385631040783954e-03
1.988253688684878950e-01
3.205680221856533826e-03
1.964623199398506936e-01
4.357893159475243611e-03
1.987177026549137027e-01
3.505267773546760779e-03
1.985043213763570125e-01
4.596602801199459187e-03
1.977885256974914185e-01
3.820701477885724614e-03
1.980267792350924594e-01
3.269344668273992116e-03
1.970848119777049157e-01
4.160724384666462938e-03
1.973944834597753661e-01
3.584063854971105811e-03
1.997853561970215353e-01
4.506175183551536234e-03
1.968914371765197735e-01
3.909541845121988768e-03
1.988722969783277561e-01
3.192737421799447979e-03
1.965745101641617198e-01
4.210095570937650959e-03
1.981211260766362059e-01
3.559553925924125589e-03
1.995068726478309573e-01
4.522973331550238230e-03
1.972821407596604959e-01
3.857363979798987541e-03
1.986092569467970970e-01
3.199426223343640897e-03
1.969024576304318486e-01
4.162223408607310798e-03
1.980305368957909207e-01
3.493810665194989340e-03
1.991681290564750462e-01
4.459719855817500210e-03
1.972948572865492467e-01
3.819114668294244785e-03
1.987592356866209053e-01
3.173845832692805125e-03
1.966810431487386879e-01
4.154522460166072684e-03
1.982248205759394033e-01
3.504047647666967084e-03
1.996151596955297869e-01
4.489176654745687459e-03
1.973752904386252560e-01
3.779341117076526289e-03
1.989564792727822606e-01
3.145475172253546937e-03
1.967355284007937244e-01
4.073768169718022802e-03
1.980105256853276763e-01
3.531375366615269185e-03
1.999855425159177968e-01
4.428123561927205243e-03
1.970599239675617509e-01
3.806876338295519038e-03
1.993786462619401012e-01
4.778676059053216241e-03
1.964878064228059718e-01
4.109032163913740529e-03
1.983408411274384386e-01
3.399724151696187965e-03
1.959004273675145902e-01
4.449005265244609930e-03
1.978041931456750724e-01
3.716937039750029242e-03
1.986518289907363288e-01
4.804215153499050844e-03
1.970039762644799075e-01
3.944028919439658554e-03
1.975950155509615669e-01
3.539176190723172279e-03
1.971189445638892868e-01
4.361387616370560050e-03
1.968094866427416711e-01
3.814303556491469016e-03
1.997770530284394830e-01
4.754924439600590955e-03
1.965013643807532184e-01
4.095303428478819924e-03
1.987938297977729918e-01
3.321968487502179046e-03
1.956848587516318849e-01
4.471576739761957964e-03
1.981543674642198272e-01
3.687250217249716470e-03
1.984825186727450230e-01
4.756961648752501895e-03
1.975576696128467369e-01
3.969821982309024166e-03
1.976280766711384362e-01
3.455312238025094740e-03
1.969240666337824797e-01
4.337921668321739754e-03
1.972174560743989447e-01
3.743486992087320143e-03
1.995669774203407409e-01
4.623115215299108960e-03
1.963705835053559667e-01
4.086146039360071328e-03
1.990647815501541129e-01
3.316733710875853502e-03
1.958753463706164877e-01
4.412694120328311542e-03
1.981440438950143601e-01
3.611726934633900220e-03
1.985093088950831142e-01
4.727616317577081409e-03
1.974672248033167987e-01
3.940262399894964296e-03
1.978174706998314381e-01
3.323913449160864272e-03
1.967598349424707904e-01
4.321541706014397910e-03
1.973136138973372589e-01
3.571914133060597948e-03
1.990421413418796415e-01
4.657472428614732422e-03
1.972408894039762717e-01
4.029978434153855260e-03
1.984753993852265141e-01
3.314891330019158200e-03
1.964456364683303258e-01
4.321001795365960255e-03
1.977332321590574427e-01
3.587948523353305663e-03
1.990628121841160891e-01
4.724941954217191237e-03
1.976447469397185908e-01
3.876284294161401207e-03
1.979119155178190870e-01
3.409219150461204051e-03
1.974749062449635828e-01
4.165109566537969488e-03
1.967744386866232265e-01
3.712021827515990871e-03
2.002156989808072940e-01
4.523099190146012694e-03
1.961693215144077185e-01
3.982022452081880604e-03
1.993393209357807727e-01
3.242841924873260655e-03
1.959607854809900518e-01
4.347818845558272527e-03
1.985121584246141713e-01
3.595042468306823558e-03
1.987745572940970984e-01
4.558516227622246009e-03
1.973290051988545180e-01
3.892078665254910391e-03
1.984304462391784929e-01
3.263696723081419785e-03
1.967219986171181434e-01
4.215689994375548810e-03
1.976702008589154291e-01
3.662155260460431272e-03
1.996634294544896715e-01
4.460776492705482814e-03
1.966548310969961910e-01
4.023698795623815994e-03
1.994216905771122594e-01
3.077667347500228755e-03
1.957815663700583908e-01
4.341683888013717942e-03
1.991673638301146299e-01
3.439983237921245829e-03
1.980888749539709281e-01
4.612983637713348462e-03
1.984520581511034498e-01
3.940319567624468548e-03
1.981202617715144276e-01
3.145657633899735708e-03
1.966437320728521287e-01
4.171183449970507218e-03
1.979622813651183699e-01
3.551989587793707992e-03
1.993781774218303382e-01
4.512148846581423567e-03
1.970814324625373981e-01
3.814734339033974686e-03
1.987388517793116927e-01
3.230644001702116276e-03
1.968544055774858192e-01
4.193723632773739551e-03
1.978835956626817660e-01
3.527899587182074803e-03
1.996339690232797615e-01
4.545248749408850944e-03
1.973996860394509889e-01
3.828952760303760972e-03
1.986229632681078272e-01
