2.234333999130058146e+00
2.260731847403137262e+00
1.682547284334399817e+00
7.362789324911903077e-02
5.068187391601521874e-01
3.849721944653355377e-01
3.388409290493463698e-03
7.181608907378063400e-02
4.810309892815482768e-02
2.141799890485492353e-01
-7.114145174659900796e-03
1.203617470064411443e-01
8.095420169681162570e-02
1.772844701832827774e-01
-1.599216641044198112e-02
2.144865589433874939e-02
-2.861013049369243860e-03
2.178656900032792665e-01
9.079491048409807363e-02
7.731091579304365247e-02
-1.208017827788703848e-02
7.726385269616595219e-02
5.916934114045878379e-02
2.139978613955277331e-01
-9.463823612787268524e-03
1.070735413375398792e-01
7.524318746114870560e-02
1.891782535233687557e-01
-1.644484151387627657e-02
4.169513244785285483e-02
2.400876455171393684e-02
2.297211164831346186e-01
7.413013939012516595e-03
1.922051946760800489e-01
9.193168626941117250e-02
7.596496613654865615e-02
1.903984283195752497e-02
1.581232762554165075e-02
2.401029435781507071e-01
1.815008979060068334e-02
2.333393632062595868e-01
7.753377296024013821e-02
1.136803451714064606e-01
-1.148102081400695536e-02
1.192724153079464111e-01
8.243791649540532784e-02
1.783279722548051227e-01
-1.623862831868346651e-02
2.164762795170135923e-02
-4.117649512933639275e-03
2.090336224074027804e-01
9.240312529821723131e-02
3.999455574381441392e-02
3.209393243261613599e-02
2.742966967263560374e-02
2.366737567868112124e-01
1.193593232303702574e-02
2.064863852452147042e-01
8.820831846764987105e-02
4.205307725223342286e-02
3.105313220715563011e-02
2.595151422179383174e-02
2.376846742174126281e-01
1.235848306881483054e-02
2.101550721492491114e-01
8.696074728130151477e-02
4.861754541562579579e-02
1.220175465777667209e-02
-3.584243678039335593e-03
2.150321572475460963e-01
9.075736043194237990e-02
7.172955664937866183e-02
-1.086474289704332866e-02
4.932442371736330683e-02
3.549409364967322927e-02
2.272121061967429800e-01
3.456834880975678034e-03
1.725607263026620319e-01
9.244213521079458484e-02
1.102476320456823589e-01
5.467807786873580059e-03
2.320263988120453225e-04
2.412230329996083722e-01
7.604953017215257405e-02
1.083507526833037554e-01
-1.349347445575603890e-02
6.371095006227465996e-02
4.807996499015332326e-02
2.206311494912202020e-01
-3.534280331722989242e-03
1.388977415834228846e-01
8.684710567481826460e-02
1.572095198546213657e-01
-1.161830885348623041e-02
-1.097223604009406762e-03
3.127480787083816716e-02
1.577949012161052739e-02
2.333717038288564138e-01
1.264977995573038534e-02
2.134520348092572295e-01
8.605374065530478622e-02
6.603312337299595269e-02
-7.771060599184032892e-03
2.942366998729196298e-02
1.015218161170009653e-02
2.370970813665591592e-01
1.575169121557018839e-02
2.258117307146733643e-01
8.062566881204040470e-02
1.100451750003974688e-01
-8.954033290402653444e-03
1.438066530167863011e-01
8.960284942722104851e-02
1.503471804609910201e-01
-9.966926567242904642e-03
-5.069675396391632241e-03
6.256937951818261623e-02
5.094675306756789313e-02
2.221602637668323166e-01
-2.967904596676385759e-03
1.370920695845956883e-01
8.609068478578545125e-02
1.584715008880992482e-01
-1.231621935491074293e-02
-1.482150408002656621e-04
3.067292626382334825e-02
1.391110202176516764e-02
2.349902085174210287e-01
1.279137888760136302e-02
2.153204372276041334e-01
8.564124940989997770e-02
8.228786872947882469e-02
-1.236458876881628595e-02
9.126440667138428775e-02
6.868904306808493176e-02
2.021614716221027397e-01
-1.392223495788228078e-02
7.441811356042832282e-02
5.528684852240284275e-02
2.143521713499139669e-01
-8.284327943103120956e-03
1.148053837871151617e-01
7.806544328457573623e-02
1.835481165158630024e-01
-1.640148145960374296e-02
3.142005877658426982e-02
1.162314757503760815e-02
2.343647508749088781e-01
1.290471182888750130e-02
2.137107761143453022e-01
8.608502646254204138e-02
6.955805205412125825e-02
-1.007388857791358464e-02
4.493897790414178722e-02
3.048720672975169591e-02
2.299040167809114354e-01
5.526852356593298793e-03
1.827381107242036506e-01
9.186444374070304453e-02
9.014587953609112803e-02
1.228755193249780539e-02
9.979224225513557561e-03
2.418325769155674210e-01
2.045598182670007106e-02
2.383671220994281192e-01
7.045111073921650480e-02
1.059289307507922523e-01
-1.326650415626162705e-02
5.591139891821083480e-02
4.108434886606666947e-02
2.244578346773084543e-01
2.001813511840445318e-04
1.576572659112376318e-01
9.084998851362230399e-02
1.330876646970827748e-01
-3.204345002678989779e-03
-8.536992933340989756e-03
1.507121229163156662e-01
9.312363168421800008e-02
1.421584125105071483e-01
-7.171832962744945777e-03
-8.364902054657657321e-03
1.095901604769310145e-01
7.975442646769873023e-02
1.896634199245624541e-01
-1.648304664609694103e-02
4.039535208191143839e-02
2.327523354967347968e-02
2.317387876159887339e-01
8.179109380191441209e-03
1.932954449112860851e-01
9.053515085465717316e-02
7.201464252864338278e-02
1.992327239958905857e-02
1.645296335732649232e-02
2.391572820662191678e-01
1.784869096549995468e-02
2.305732550467329556e-01
7.933433732228184487e-02
1.124339508358229711e-01
-1.041004404918541987e-02
1.330754169273195009e-01
8.694057088286752388e-02
1.655117457122544100e-01
-1.350871415242464735e-02
5.905800898926607742e-03
4.155346532868456691e-03
4.020409958079116004e-03
5.843598050174246029e-03
-1.858337811456864646e-03
2.895182373431863521e-02
1.123409595031744229e-02
2.350423731908586333e-01
1.375406676657244150e-02
2.184413661162327713e-01
8.446235661672980843e-02
9.390990125668183253e-02
-1.062063717248730443e-02
1.282355270426536187e-01
8.567101803702129037e-02
1.679347563900067952e-01
-1.482142670851558861e-02
1.027939818533123509e-02
-4.525843398131155527e-03
4.564212459669753780e-02
3.336358556635353467e-02
2.307091309419073977e-01
5.300742973155766688e-03
1.794926742576601897e-01
9.124719834224079285e-02
9.782806640162780565e-02
9.963834941497929504e-03
6.128270705274709192e-03
2.499782457009733228e-01
3.873584980503579078e-02
2.272699989456766212e-01
1.068925489217397579e-02
2.064230097092480398e-01
8.839827067590798337e-02
4.265239064564099736e-02
3.091812380181636552e-02
2.579531284049197196e-02
2.378992888532571182e-01
1.243485174756482452e-02
2.106541995777932996e-01
8.679269365582187312e-02
5.155900754966293020e-02
7.701170345120553033e-03
-8.850732844846477543e-03
1.477763284830168333e-01
9.271843479576094560e-02
1.462771059028600273e-01
-8.458453687965725512e-03
-7.751677040242557770e-03
9.332196282246488228e-02
7.185417235244875855e-02
2.024827367728191940e-01
-1.439578571020833433e-02
7.024440112068089381e-02
5.299929571315610544e-02
2.166826385452227111e-01
-6.426621887123394258e-03
1.190297322924227519e-01
8.007113967948763233e-02
1.780011849840142102e-01
-1.619678761072669559e-02
2.226223419632971864e-02
-3.408122508000461549e-03
2.149831019753011829e-01
9.064605732416100570e-02
7.128361733821038382e-02
-1.060384186096887185e-02
4.740456717567692602e-02
3.334019712652566692e-02
2.281093391575569340e-01
4.390434834601693662e-03
1.775280093863408903e-01
9.243902547692464666e-02
1.023669913619084659e-01
8.662259970454380328e-03
4.765117031500861952e-03
2.525796647637923997e-01
5.271449195331463777e-02
7.128926665295799714e-02
1.553837322225496038e-02
9.284194260231665163e-03
2.413860361888454098e-01
2.034436248690473653e-02
2.367089582818345528e-01
7.282280751806397001e-02
1.099894715059710759e-01
-1.333518206063203856e-02
8.343853082850262448e-02
6.339808622567341678e-02
2.092481278087254537e-01
-1.164590516209168883e-02
9.188941899551464343e-02
6.755746368975298899e-02
2.014843984036334135e-01
-1.409202528048734276e-02
7.035787894156017575e-02
5.216188175911884439e-02
2.177113823023431038e-01
-6.518860140035324068e-03
1.214350075608905954e-01
8.037187638167851700e-02
1.753848731803112904e-01
-1.588885322941701456e-02
2.065987596106105134e-02
-6.147773260809148189e-03
1.892966758803306671e-01
9.501690812191540547e-02
8.311660506608989363e-02
1.599457014831130036e-02
1.267685768564429626e-02
2.399462426101993118e-01
1.977489284364061101e-02
2.362326339897204974e-01
7.511307738140068913e-02
1.115775471906016031e-01
-1.306642368079422890e-02
9.040747020029316072e-02
6.887697733248748788e-02
2.029087667756053481e-01
-1.433073362478306557e-02
7.262706196014107052e-02
5.414225101004661173e-02
2.160098940647258159e-01
-7.493352219231541773e-03
1.152332921506948049e-01
7.802346973294921328e-02
1.811081836932952882e-01
-1.645512282895687101e-02
2.979586561762124705e-02
8.077658963164431605e-03
2.489993029094437205e-01
3.423104267322130134e-02
2.393875088545545093e-01
2.652783831774618850e-02
2.480913228071326415e-01
5.449763905792601171e-02
8.420102424233842642e-02
-1.239920592747624506e-02
9.076739274140505076e-02
6.816544285326345265e-02
2.045388626709888080e-01
-1.377107373928317113e-02
7.757030619154607620e-02
5.789074533504506848e-02
2.124803919114061079e-01
-9.524301967438680155e-03
1.033806102716878922e-01
7.270970753363606431e-02
1.917484959165753899e-01
-1.610818584406266407e-02
5.047029083916840242e-02
3.369892125124940296e-02
2.270435278912165400e-01
2.828248007848374081e-03
1.704461230862285570e-01
9.198682874346557348e-02
1.111678047065787767e-01
4.149798692192790614e-03
5.339529238632279712e-04
2.416820603351851893e-01
7.576760840847737710e-02
1.082110647271476850e-01
-1.343953359944863660e-02
6.939887582287765366e-02
5.277254600485010994e-02
2.186738801117516506e-01
-6.172552038406992417e-03
1.252737755345296189e-01
8.281702438668807342e-02
1.709251343779117083e-01
-1.537559455258298222e-02
1.264944779848276371e-02
-8.479393906392462821e-03
8.304795464300518404e-02
6.584537967696540983e-02
2.091275018219721504e-01
-1.149520215978025624e-02
8.890211981972909183e-02
6.510420040024024468e-02
2.048082988790864145e-01
-1.330099914870849429e-02
7.876749484994383099e-02
5.771556508375710881e-02
2.110423414936591358e-01
-9.991000993187278828e-03
1.036648296611197839e-01
7.317852168912383770e-02
1.932328632372547206e-01
-1.609158895418652882e-02
5.051240512405774652e-02
3.492542585953725687e-02
2.274179068390670688e-01
3.034737262685971958e-03
1.679544010785783137e-01
9.109961235702133953e-02
1.156983020981374732e-01
2.637229051872962138e-03
-2.531805023900255726e-03
2.260940317047429593e-01
8.792160230969428558e-02
1.011427855846506740e-01
-9.526203945741400572e-03
1.439202395971710680e-01
9.019574461376060615e-02
1.509128284016876265e-01
-9.990070585010420515e-03
-5.744872390864658174e-03
6.873392097003755419e-02
5.468847157606567672e-02
2.193230491472846211e-01
-5.920699055243977549e-03
1.258412547855056463e-01
8.305744852565456748e-02
1.700948953701968969e-01
-1.527813868166699382e-02
1.175070659926772537e-02
-7.703943812797805178e-03
7.131362411275068980e-02
5.777790376435641001e-02
2.168157206463375841e-01
-8.091850404404032221e-03
1.153376483868875091e-01
7.869517244221919949e-02
1.817390053247436854e-01
-1.649763360140113488e-02
2.778133736377208507e-02
5.325606520885373119e-03
2.518262723182424501e-01
5.136853089970448011e-02
9.919551585580146935e-02
3.943287373955289658e-03
-4.104804168711093798e-03
2.121044720432248010e-01
9.292369764233332496e-02
4.341554641760105027e-02
2.257133852675565627e-02
1.293262892360269936e-02
2.379798472306892676e-01
1.669846311529276511e-02
2.296352097960516481e-01
8.021329038988357640e-02
1.114533760591815692e-01
-9.805211136875989150e-03
1.389019547240049612e-01
8.883298066595859965e-02
1.568874348632888216e-01
-1.185803616565181406e-02
-1.920059141812675320e-03
3.979110925891553990e-02
2.610276113818478516e-02
2.323650811797017268e-01
8.100202360916089472e-03
1.947626575868127707e-01
9.066123110036093669e-02
6.721496811282373640e-02
2.125920795389091636e-02
1.868721773322757837e-02
2.399338519929249403e-01
1.734506239451309717e-02
2.259408430987597804e-01
8.059134567273192051e-02
1.100023402998395877e-01
-8.990816106253043255e-03
1.444285495565626742e-01
8.942650514309566367e-02
1.502203242264676664e-01
-9.709807098411064874e-03
-5.130824087554193037e-03
6.432620026690485937e-02
5.211120423698097776e-02
2.215245612254570229e-01
-3.831842821262111069e-03
1.333517280966795837e-01
8.469430021551435650e-02
1.616992599580358014e-01
-1.345202894681959971e-02
