3.381374016686796491e+00
5.287234896149257679e-01
1.273481802873341451e+00
7.729574986748699583e-01
6.296788817364054602e-02
1.147748168941182256e-01
1.222204247292662249e-01
1.058458615343127740e-01
-1.245337169132403228e-02
1.826054742933475028e-01
-2.283586233666745277e-02
8.190468203708284323e-02
-1.055071260145439352e-02
7.543190313634090538e-02
-1.053483984437238868e-02
7.778185949156667112e-02
-1.089657157021912612e-02
7.999913247148102147e-02
-1.240380204307337496e-02
8.423150870293837078e-02
-1.343870218750611335e-02
8.465817137914326274e-02
-1.423240795529071012e-02
8.460651782644217078e-02
-1.346870002024755202e-02
8.454631941922131910e-02
-1.413426759728612578e-02
8.680279118807326943e-02
-1.458949164029998621e-02
8.597871473496628003e-02
-1.365931502358918789e-02
8.514168192222545950e-02
-1.405703439896953573e-02
8.702019115368306301e-02
-1.442724487990419344e-02
8.608053472775303860e-02
-1.346246220360864873e-02
8.520406305042180217e-02
-1.387275008370798812e-02
8.717639813536129378e-02
-1.427975974716841345e-02
8.627909080575432710e-02
-1.465105589960795547e-02
8.551881461284116526e-02
-1.376560715690182402e-02
8.468891264044182965e-02
-1.414291428951549960e-02
8.660139928994219083e-02
-1.455802873270157539e-02
8.595545364009457567e-02
-1.364547016552830616e-02
8.507662747589533891e-02
-1.404759683111575161e-02
8.747701170839934648e-02
-1.461022359487628916e-02
8.648783282987615451e-02
-1.351714932271065595e-02
8.510545332230715077e-02
-1.398444092797303598e-02
8.749479646363128582e-02
-1.438330856765260464e-02
8.646471797713115026e-02
-1.470307205588012450e-02
8.540556931359712112e-02
-1.372866568661640016e-02
8.446705039182919594e-02
-1.407806590912476057e-02
8.624534886319576432e-02
-1.449932447700148959e-02
8.569749261765080561e-02
-1.363491778193545723e-02
8.485302165189451129e-02
-1.401889431654485679e-02
8.666025163646992602e-02
-1.435656377219582738e-02
8.557643430969394394e-02
-1.332844628605769216e-02
8.513443665683595452e-02
-1.393644682123460973e-02
8.725452127398980462e-02
-1.432351169842230668e-02
8.616986968073964137e-02
-1.466970017083191538e-02
8.532810775022975358e-02
-1.375952784136967588e-02
8.455053373225859814e-02
-1.417831080645045976e-02
8.655676352632268866e-02
-1.454583636957586246e-02
8.567513772315941967e-02
-1.364445576574204767e-02
8.488023889071327766e-02
-1.406195219242346514e-02
8.690423922197318407e-02
-1.445552522704557884e-02
8.597326844194716489e-02
-1.350088596476207124e-02
8.503108481523530271e-02
-1.390095447796506865e-02
8.702236610141299289e-02
-1.430171565043803980e-02
8.616043083936493485e-02
-1.332573550552557627e-02
8.499497448178292003e-02
-1.367377503115313128e-02
8.425199042541056671e-02
-1.412329518676833096e-02
8.632217656023868924e-02
-1.451947337418141998e-02
8.556083520049843905e-02
-1.374535157327322690e-02
8.531783988740353208e-02
-1.422120573964021084e-02
8.726141753035403237e-02
-1.458594183898281188e-02
8.629972192135326736e-02
-1.362137330269246396e-02
8.556098669983190630e-02
-1.410413190174717932e-02
8.752109197973875765e-02
-1.447554731860726043e-02
8.663615004521785234e-02
-1.342787309480208968e-02
8.556746007707247137e-02
-1.389488436781404976e-02
8.475700940629976587e-02
-1.433039733162690468e-02
8.689500808315339664e-02
-1.466009949010737765e-02
8.581144244318444914e-02
-1.377841121011468342e-02
8.511071700116498717e-02
-1.415324647825236086e-02
8.691849289609251961e-02
-1.449520951215255669e-02
8.582046190272331343e-02
-1.351214273503751478e-02
8.474775795956476787e-02
-1.380597527378085547e-02
8.646797481513923689e-02
-1.414322049331572656e-02
8.558082303674634239e-02
-1.329640427582269233e-02
8.512495214472484695e-02
-1.375218977873080353e-02
8.426384661049729496e-02
-1.417050586074161504e-02
8.643459815854498407e-02
-1.462374022826770127e-02
8.564009359327692805e-02
-1.372448961682784171e-02
8.486889760781593517e-02
-1.412214958464412702e-02
8.677020730130102777e-02
-1.450839791700545348e-02
8.590747107341988043e-02
-1.357240817761105889e-02
8.506032054289972000e-02
-1.395174633506226364e-02
8.686294414311369894e-02
-1.429497145198652119e-02
8.589786139474087090e-02
-1.343201270749548766e-02
8.543089772006298710e-02
-1.387343680539231128e-02
8.454077788965475015e-02
-1.425534267831686519e-02
8.652622426269312994e-02
-1.468234715679664001e-02
8.586476850537697048e-02
-1.385123087574778415e-02
8.515919516396323885e-02
-1.428175004477367019e-02
8.701828589775695288e-02
-1.457051676835671022e-02
8.592212330526147190e-02
-1.355866056997504301e-02
8.531078857703948415e-02
-1.410485309881111607e-02
8.735643275050002099e-02
-1.440661120180572116e-02
8.614802021255967002e-02
-1.346083010469491942e-02
8.522158619607086982e-02
-1.382562645951423627e-02
8.713533431064543477e-02
-1.422438027022173389e-02
8.621763099007592746e-02
-1.450750661374889186e-02
8.499191101759959177e-02
-1.363357528033623707e-02
8.458941383075793685e-02
-1.412184015174321704e-02
8.658049417080024290e-02
-1.450726483361728346e-02
8.548984206823789789e-02
-1.352621414961439547e-02
8.478515871454793407e-02
-1.397552166056838588e-02
8.684681741641166186e-02
-1.435326693786715194e-02
8.584869882070307601e-02
-1.335763130497013076e-02
8.494427896240082376e-02
-1.382843980241383469e-02
8.720820055859564157e-02
-1.425983764871736718e-02
8.623599361368736171e-02
-1.463742756227631898e-02
8.547703194685021821e-02
-1.375441775808117911e-02
8.475679038752936822e-02
-1.419983072220599822e-02
8.678652093076778817e-02
-1.458162534638931737e-02
8.596478160977047422e-02
-1.368049502299203968e-02
8.511859054510993727e-02
-1.408960380993596120e-02
8.704182107150186531e-02
-1.443534171339389167e-02
8.589511665894858372e-02
-1.342699765349265537e-02
8.500155072398637990e-02
-1.383647153631791665e-02
8.709205104838806111e-02
-1.426015376574284524e-02
8.628975745364374228e-02
-1.462597681881671122e-02
8.525627726384571448e-02
-1.369367491877498955e-02
8.431032263952253913e-02
-1.403723017177297208e-02
8.658384888419523584e-02
-1.457087742117983524e-02
8.573214573303679364e-02
-1.358555044452440519e-02
8.517129380007505690e-02
-1.420498028191947461e-02
8.726300296456367123e-02
-1.452447704040995581e-02
8.619420204180963663e-02
-1.352718910895097000e-02
8.511860811064776711e-02
-1.383074396894879397e-02
8.679499161692533216e-02
-1.420170354985424849e-02
8.628434352522842965e-02
-1.470435963872804112e-02
8.557107841824115879e-02
-1.383224850565720199e-02
8.483422774372956221e-02
-1.426193003518704851e-02
8.676287734907849047e-02
-1.462875718549522426e-02
8.591802717219365615e-02
-1.371836472054574138e-02
8.495271849985960855e-02
-1.406565262515281980e-02
8.677120232486323914e-02
-1.441967511503693122e-02
8.567150036330084539e-02
-1.340693253432491926e-02
8.484709322062661263e-02
-1.385566811475725732e-02
8.702465396382563778e-02
-1.432007795584272665e-02
8.624537621217544248e-02
-1.333633610732604981e-02
8.535736599549965942e-02
-1.377971090726148179e-02
8.460304907468711721e-02
-1.428860834635869992e-02
8.704459038608089450e-02
-1.473101833128587571e-02
8.649804780733824638e-02
-1.390891301309207795e-02
8.540109526711849031e-02
-1.419975125287798595e-02
8.703147212526735066e-02
-1.450572244480684975e-02
8.599622526436784264e-02
-1.354170407313475682e-02
8.506576488450366680e-02
-1.394548957316822657e-02
8.716241528793788884e-02
-1.436852728513618796e-02
8.643343371286944798e-02
-1.343699969082974392e-02
8.528376292242706436e-02
-1.378389414014882103e-02
8.421799507996610701e-02
-1.412250059424862911e-02
8.627377724366901146e-02
-1.451015641391490904e-02
8.570507927000658999e-02
-1.371670035976968807e-02
8.486641513328979647e-02
-1.410304967969107544e-02
8.696828934322593796e-02
-1.450959430115195820e-02
8.604278291659887834e-02
-1.351036243206638066e-02
8.485911379504457175e-02
-1.387031243151789876e-02
8.675909612923046743e-02
-1.427126500092453995e-02
8.591921902115995380e-02
-1.334610900667401907e-02
8.519613267180334293e-02
-1.373039856290517169e-02
8.422305948927866215e-02
-1.416269304712913096e-02
8.615495255097882499e-02
-1.452981295340541150e-02
8.539447625522660068e-02
-1.365995475314954813e-02
8.499643326368641616e-02
-1.419231760540666867e-02
8.681634877489194380e-02
-1.450994725010763126e-02
8.602404600631531617e-02
-1.361338115314868549e-02
8.518990552421099038e-02
-1.403425152871509533e-02
8.721651652502786234e-02
-1.442981632225762145e-02
8.626623324860210884e-02
-1.342989538775027705e-02
8.514614285055463472e-02
-1.380698013121359896e-02
8.445545017615690986e-02
-1.425292444014137488e-02
8.641047859012626620e-02
-1.462982789863285712e-02
8.565800357998748504e-02
-1.371889893985220668e-02
8.474089010579066716e-02
-1.412006129522658769e-02
8.663413641240261254e-02
-1.448238830678860029e-02
8.571891433639856894e-02
-1.349300931284076049e-02
8.475146289048558768e-02
-1.388916140444062738e-02
8.664375389275866257e-02
-1.430149242037657628e-02
8.617861407193252998e-02
-1.343487287048268988e-02
8.515719126291707020e-02
-1.381905340350751341e-02
8.738649604101419999e-02
-1.427527355425151079e-02
8.635248687909617693e-02
-1.462527260724444736e-02
8.545559007975184196e-02
-1.371845885925259551e-02
8.473412316116354925e-02
-1.414517360118088506e-02
8.674842679738833939e-02
-1.454278296437068810e-02
8.591862524469967566e-02
-1.357717210115349030e-02
8.471346871107207632e-02
-1.382033376060591567e-02
8.629264851437307149e-02
-1.425329633324132206e-02
8.565786775748532311e-02
-1.331574392146954097e-02
8.510810678943553365e-02
-1.385525868446739993e-02
8.728086799857903699e-02
-1.430299818627157535e-02
8.639250665231398840e-02
-1.466944768885687124e-02
8.552237423938302552e-02
-1.372078955825111087e-02
8.448431150023051617e-02
-1.401936455109129183e-02
8.619124026332998512e-02
-1.446479740169689769e-02
8.571033017800433473e-02
-1.359784163102255132e-02
8.499327779463961008e-02
-1.404323350442644204e-02
8.691877372993306317e-02
-1.431616956028469723e-02
8.560879895447127963e-02
-1.341137150900879524e-02
8.525160860998969026e-02
-1.400322361851215509e-02
8.757895821339647946e-02
-1.437313309149190407e-02
8.640558115843445519e-02
-1.471434309787109790e-02
8.558814286577877406e-02
-1.379117520487115923e-02
8.467364381291195286e-02
-1.417102740328222976e-02
8.664777238859186492e-02
-1.455596345207327280e-02
8.563425433468346837e-02
-1.357224401179357026e-02
8.471317784128359896e-02
-1.395762056740875064e-02
8.661852007160050770e-02
-1.433278217464261511e-02
8.571591996255946422e-02
-1.340236333890656127e-02
8.492974584913078051e-02
-1.380560034206829156e-02
8.697219786624682536e-02
-1.426827168113068214e-02
8.623576393295473430e-02
-1.464909799036062145e-02
8.570710644842730042e-02
-1.386269567260666781e-02
8.490569335138077600e-02
-1.429294856755449969e-02
8.688384521446052000e-02
-1.463928860939026251e-02
8.581074959547961567e-02
-1.360662190952778572e-02
8.538162943817023676e-02
-1.431406381571349168e-02
8.793509251136126526e-02
-1.472273087457597052e-02
8.658675706233474878e-02
-1.360061900674472933e-02
8.516456695692237178e-02
-1.391314578435315537e-02
8.713224216110615483e-02
