4.035829753138324705e+00
8.456373756833344968e-02
6.936019271547111398e-01
1.764301607950924666e-01
4.255343349204978032e-01
1.573609969304232137e-01
-2.013368057614151399e-02
9.156295960477706108e-02
8.164081396250173761e-02
5.485825469830288292e-02
6.629735602726928578e-02
7.036701636918989144e-02
6.496268398906301922e-02
6.491414518913787846e-02
6.793870606781166055e-02
6.617171565517032672e-02
6.488088233322822362e-02
6.735480306302647768e-02
6.614761104025879135e-02
6.484488754635624186e-02
6.707517886338935920e-02
6.603345995136337965e-02
6.798444480988775906e-02
6.685144492400990623e-02
6.600181997462536976e-02
6.782820598147307201e-02
6.662739473886866715e-02
6.574185742275356903e-02
6.772847959167010989e-02
6.666772292540926181e-02
6.544018032614454250e-02
6.761941445747951529e-02
6.652967964766030862e-02
6.543107987625521038e-02
6.737194000571426755e-02
6.637459485788450853e-02
6.521526791351488217e-02
6.729567148470365356e-02
6.626875773614228360e-02
6.505401064713424442e-02
6.705018388964496812e-02
6.612520415934096396e-02
6.484520449806864539e-02
6.712858309393002210e-02
6.583925069360514748e-02
6.801706138465055118e-02
6.676308392595235730e-02
6.595933574564816215e-02
6.773767260455751393e-02
6.674014705554089100e-02
6.554546209033673687e-02
6.785698961521378914e-02
6.640921879542401041e-02
6.563662355897989520e-02
6.746559759093546937e-02
6.643520338964963023e-02
6.534742629488449195e-02
6.743874835130730938e-02
6.626512489609100165e-02
6.529935405236104995e-02
6.723265192250774125e-02
6.616618723414993686e-02
6.495674562954548148e-02
6.734460369614556075e-02
6.595399824512404585e-02
6.485021720765644926e-02
6.711865283753505607e-02
6.576313061815936001e-02
6.797066988257524645e-02
6.677494165840590357e-02
6.571424003807059544e-02
6.778208539908796293e-02
6.672414148710527348e-02
6.566136002511764602e-02
6.766418603211921123e-02
6.648606914662355538e-02
6.545110241089542591e-02
6.744804831212762586e-02
6.642664356192651276e-02
6.525196456569204440e-02
6.729922143775460275e-02
6.640597428930133939e-02
6.499982148354707667e-02
6.721030583740877917e-02
6.622652311277572867e-02
6.502211280418795925e-02
6.691410046659557187e-02
6.621861587180921660e-02
6.794212890674111716e-02
6.695942896318912707e-02
6.576871846518807241e-02
6.797909702567882240e-02
6.667724586971544853e-02
6.579103114903828153e-02
6.770512642710799223e-02
6.673873035256872033e-02
6.547291588231712867e-02
6.763282249736767004e-02
6.657628764044501435e-02
6.537907494270800424e-02
6.759633569154616106e-02
6.623976803640536926e-02
6.535451613657011771e-02
6.733305036034738233e-02
6.619723647076711237e-02
6.515355307712235311e-02
6.721118390453448277e-02
6.615594540302574544e-02
6.501924406604178697e-02
6.698586158299231486e-02
6.583172473108761524e-02
6.816940152639670847e-02
6.673867523687425363e-02
6.598262453727776755e-02
6.775423978256078783e-02
6.674245674748502388e-02
6.566188438652048598e-02
6.771818288750380832e-02
6.672567357387884646e-02
6.537184209310120675e-02
6.758047338008529858e-02
6.651211615300497981e-02
6.537876996989089307e-02
6.748062125395148936e-02
6.643053937127942066e-02
6.518899436012398629e-02
6.731152902524838166e-02
6.624204569449353153e-02
6.517021682055945675e-02
6.710680176754731108e-02
6.590816942998951877e-02
6.499323696819077345e-02
6.720349716361140313e-02
6.583222181541868723e-02
6.792077037719561339e-02
6.700673162715582720e-02
6.568907606922691489e-02
6.784901900189385660e-02
6.655804167015079431e-02
6.565035813000327791e-02
6.768365301584181037e-02
6.665672043718180728e-02
6.543657839533249809e-02
6.745376369802384697e-02
6.653058559468010003e-02
6.539502296393633063e-02
6.710117033587836843e-02
6.639292733704679761e-02
6.515373278884947772e-02
6.744030961868237306e-02
6.609304138612742685e-02
6.501428333270893589e-02
6.716141503731837270e-02
6.583328152096733221e-02
6.491612851059012923e-02
6.703325194728212977e-02
6.590710944917788083e-02
6.794320624000856068e-02
6.670934810230741419e-02
6.575761885539198326e-02
6.803842512109098406e-02
6.651547612026696699e-02
6.557394475432774816e-02
6.776335642448849672e-02
6.655900684207405327e-02
6.544050248552445159e-02
6.741138750712431793e-02
6.651161566513581758e-02
6.534095535302794633e-02
6.728902855421831086e-02
6.625401700573205210e-02
6.520627086773024550e-02
6.717452945034708967e-02
6.612704643843343721e-02
6.491692247578119412e-02
6.741509320181357512e-02
6.593898942473080949e-02
6.795526398356993569e-02
6.690523052809066451e-02
6.596892905469477209e-02
6.783790589193396114e-02
6.682366345264008356e-02
6.563027618540367980e-02
6.772140150943407877e-02
6.654950570840885427e-02
6.578609106340871371e-02
6.735671346233636225e-02
6.650542514520201010e-02
6.544101627586577929e-02
6.750823924705592893e-02
6.627594868225573921e-02
6.529297494561153714e-02
6.722090766274604889e-02
6.625862731793100147e-02
6.514071640776120109e-02
6.714479006698265140e-02
6.602505019470397696e-02
6.500374220206976694e-02
6.700206279308047741e-02
6.591543345933584264e-02
6.788956701047665909e-02
6.696005788939612957e-02
6.582303429582346543e-02
6.785399248021209417e-02
6.657649347759024561e-02
6.570313912752491492e-02
6.761958277814514306e-02
6.673851397352464909e-02
6.546636839077349390e-02
6.757061471497224914e-02
6.650517989358585569e-02
6.532762623887711229e-02
6.733269693307390724e-02
6.641999984663286838e-02
6.511758666708440668e-02
6.731003004074978535e-02
6.611092129328716149e-02
6.522931620351998805e-02
6.698004750163052967e-02
6.620993063537951306e-02
6.472782328046539080e-02
6.719639255985576654e-02
6.586464362072530498e-02
6.792204955571133629e-02
6.690587826249956571e-02
6.563906348613091080e-02
6.806312051444038391e-02
6.663178133851818674e-02
6.547744982710437811e-02
6.792412301872283176e-02
6.644076993974737388e-02
6.548559925643160362e-02
6.749518368207223229e-02
6.635876204482769880e-02
6.545383206984292657e-02
6.735180346559732634e-02
6.627677154926139846e-02
6.520484844891349940e-02
6.722859161904562453e-02
6.611935928582550470e-02
6.511949319199605846e-02
6.709587018875294573e-02
6.596630327321749421e-02
6.499790200993998956e-02
6.693629980956448955e-02
6.587553929828099397e-02
6.802141515083642842e-02
6.680490896553384350e-02
6.573083987117597782e-02
6.776164825350318444e-02
6.676433879113816139e-02
6.561511504364102298e-02
6.759782645459179451e-02
6.653850044775252992e-02
6.534912852208088485e-02
6.766388652455464225e-02
6.642227278343186547e-02
6.522692751656480881e-02
6.749631047753734681e-02
6.603339589906731533e-02
6.512775354608120459e-02
6.730546668791569098e-02
6.607995289257467819e-02
6.491280104364612058e-02
6.707514989331112010e-02
6.597535785658027729e-02
6.809531183098684048e-02
6.692306504187531258e-02
6.586785620775434391e-02
6.786285909170726438e-02
6.680799349820604194e-02
6.572118711953862935e-02
6.770425606422150744e-02
6.660713435880805111e-02
6.549643800736613952e-02
6.782218446145929502e-02
6.645361840992010383e-02
6.533425729432433549e-02
6.742005277058384094e-02
6.637740010311023175e-02
6.520849052077590247e-02
6.746039176232693224e-02
6.613952326254592118e-02
6.508894814016702446e-02
6.717784793709777325e-02
6.602233192082368474e-02
6.525434763379631131e-02
6.692667549460816490e-02
6.596664245509947788e-02
6.803350336680236143e-02
6.673733040546081519e-02
6.587538934532247148e-02
6.787224805833928787e-02
6.675307657994615507e-02
6.561428396534538243e-02
6.764921982518626309e-02
6.673503456900953257e-02
6.544058529604689090e-02
6.759256469529731359e-02
6.656165921520690310e-02
6.535291721031438739e-02
6.733832211162618653e-02
6.634754988572902357e-02
6.535656035052642143e-02
6.723826836741002289e-02
6.622174002544028992e-02
6.515017951318041733e-02
6.707168600589168139e-02
6.612607602665863948e-02
6.489052145753552991e-02
6.699114367970988859e-02
6.594381471683150031e-02
6.789500787172610130e-02
6.702438419110848256e-02
6.573401492717312333e-02
6.776245755737878018e-02
6.675396744415891537e-02
6.562602436926610883e-02
6.773871419220726942e-02
6.651555147087558073e-02
6.551006877570836329e-02
6.748909614131731738e-02
6.649636933603778055e-02
6.536870324432436652e-02
6.731735697284177422e-02
6.634379133220026648e-02
6.506990662218894994e-02
6.740351175914952031e-02
6.610685306088655289e-02
6.496149172276538541e-02
6.712065477022208237e-02
6.604206888736902092e-02
6.483890381062235031e-02
6.697045613635449479e-02
6.589030178266377935e-02
6.788085540699126397e-02
6.689475652184151411e-02
6.581877576704239785e-02
6.756491267243996957e-02
6.677163837370599098e-02
6.563749216150292776e-02
6.751960867008052758e-02
6.655346145346294207e-02
6.564244846070269035e-02
6.724847829470941007e-02
6.640217000589000718e-02
6.539134197541762727e-02
6.730848228274044498e-02
6.614176048656331131e-02
6.531722965704409023e-02
6.709782051589650853e-02
6.629044642911713359e-02
6.497539653202821786e-02
6.699117877343717387e-02
6.589936924287698172e-02
6.821132763680520794e-02
6.692592025704892367e-02
6.581759218832264335e-02
6.787385226704512053e-02
6.679993582198892610e-02
6.570741080878937657e-02
6.764865464123892558e-02
6.681121168012978118e-02
6.536702161663798805e-02
6.777976833993432093e-02
6.640151621051243458e-02
6.538045056484041717e-02
6.743916997682194991e-02
6.634343177519656798e-02
6.526024641759876899e-02
6.735946388822017239e-02
6.610132102844479274e-02
6.515210057525806786e-02
6.717903314591104624e-02
6.600833068965500372e-02
6.503074495290026014e-02
6.721126003692971806e-02
6.578848673693143967e-02
6.799616381178745506e-02
6.692728207997972190e-02
6.576083938880412927e-02
6.778934956663927591e-02
6.679211004404747576e-02
6.562986863024751483e-02
6.771657360193755748e-02
6.653928595795628731e-02
6.550714683491001833e-02
6.757715552981016782e-02
6.643296222828752595e-02
6.533464869664687424e-02
6.746902735676627016e-02
6.627694438346344585e-02
6.520666999723577495e-02
6.724760176476859974e-02
6.631504965679241304e-02
6.501288332680110749e-02
6.704105702869073147e-02
6.610277536661086917e-02
6.498260201577488182e-02
6.697370833489045550e-02
