1.780992202560829796e+00
2.795859208874068802e+00
1.794653621705842639e+00
1.163768611904580919e-01
4.388372195803208475e-01
3.384404357585288903e-01
2.234735030297780312e-01
9.850020562105339661e-02
-4.811890274581526877e-03
-7.531804832855798666e-03
9.442325383662826532e-02
1.060972065423493454e-01
2.371314098153635974e-01
5.082206455448868426e-02
7.274957688953759272e-02
5.548456954368934796e-03
2.325381956923548432e-01
1.019532120615891518e-01
9.919340418017311145e-02
-1.166201472082424757e-02
4.203370324903683841e-02
5.447035520138395620e-02
2.413709812002675925e-01
7.105887581850926782e-02
4.444882075250250475e-02
1.489137726417318845e-03
-7.519211977447906071e-03
1.302380702343590435e-01
1.245547170087960148e-01
2.252842708996110888e-01
3.539092606408503205e-02
7.040395596616688678e-02
-8.424314179571842226e-03
2.158166870409368443e-02
2.117085571133128785e-02
2.366561803370383077e-01
7.788412765169064333e-02
6.479682688515386868e-02
-4.898590849804434696e-03
7.203794156161018054e-04
6.328810093597477676e-03
-7.445826335394248839e-03
1.371872428877242422e-01
1.273841148796434064e-01
2.208669757238203579e-01
3.225614930701915795e-02
1.339769321428873616e-01
-1.396539791405672143e-03
1.788036389180643337e-01
1.321904231039526256e-01
1.893059552215725083e-01
1.222215765053048971e-02
2.252799735239356949e-01
1.094964054834912520e-01
1.161617850986201711e-01
-1.197960645078669471e-02
7.040457593879415055e-02
8.619410047534402375e-02
2.428875486210174128e-01
6.054244795652543448e-02
6.131435974194949373e-02
-4.441769148963540213e-03
1.787843253119031361e-01
1.328003879789854402e-01
1.896718451829016161e-01
1.231953440970126774e-02
2.255679452514879335e-01
1.103604430212728194e-01
1.186630748196212393e-01
-1.178757977445962432e-02
7.797223038833883679e-02
9.212462217089910366e-02
2.406478417593944097e-01
5.719444348399983780e-02
6.432163786842103048e-02
-6.794409222004920909e-04
2.063893598290389431e-01
1.289976654109409315e-01
1.589022160638307590e-01
-2.104600286687570258e-03
1.638447264953031834e-01
1.307862634924397693e-01
2.010084214332423791e-01
1.819512992862674233e-02
2.300988672084552933e-01
8.299514392965982867e-02
8.245973298003855811e-02
-9.433726128502618186e-03
1.965917123246833584e-02
1.780077745951362880e-02
2.351376251435934872e-01
7.877682870862301456e-02
6.757655798933964730e-02
-5.834578617424094477e-03
2.083675360894387402e-03
1.408633861988569345e-04
5.936478047315557095e-03
-7.775691140469646705e-03
1.256407781168793480e-01
1.231567153191396174e-01
2.268984670898238354e-01
3.747319377661914586e-02
5.771146994633943872e-02
-6.984836683436511720e-03
1.512081025724028582e-01
1.305722936155667702e-01
2.118239168027115649e-01
2.574769602368415580e-02
2.038288261694026493e-01
4.336132501153390495e-02
8.435962222446527492e-02
-1.040803515970938412e-02
3.926849217931190072e-02
5.168247695939739983e-02
2.426192363056389190e-01
7.245441491202170292e-02
4.655610532521237133e-02
1.816547319143085610e-03
-7.724766213672333397e-03
1.215575935891467230e-01
1.207580371540755426e-01
2.279361998083515861e-01
3.931306580993617489e-02
6.653340840512665666e-02
-1.308377250100493591e-04
2.078416977439919433e-01
1.268137306725085067e-01
1.550228199425364162e-01
-3.164416289259401778e-03
1.584626243991567873e-01
1.303185350195815995e-01
2.061045318220336708e-01
2.207989922582652420e-02
2.216738915563404855e-01
6.462372893460091583e-02
7.446201440981217723e-02
-8.616692443024639991e-03
1.474640504261878586e-02
8.474120548391892577e-03
2.350062269502492251e-01
8.058668920050482409e-02
7.281270148084861837e-02
-6.572872018335841962e-03
7.566458650572547087e-03
-7.117882975084753247e-03
1.460958461149405307e-01
1.298521677334595614e-01
2.162896001890116660e-01
2.827584715105600777e-02
1.824491019067326913e-01
2.552434653872614687e-02
1.606820565742236029e-01
1.135116027495349650e-02
2.302158332146627129e-01
1.034385173602428987e-01
1.046141375510835636e-01
-1.201703631295263607e-02
5.165918703536793999e-02
6.640703414673775062e-02
2.422246247646300255e-01
6.751083230992754869e-02
3.739996919168249445e-02
3.962483827778929754e-03
-5.037945060607101205e-03
1.768933766592955537e-01
1.340649889323288768e-01
1.910261057010690100e-01
1.224232229331317229e-02
2.266577322023937135e-01
1.081320197972364394e-01
1.148364973640335629e-01
-1.205057851710519129e-02
6.799933074534530997e-02
8.314829410781028607e-02
2.414375716944057726e-01
6.134369970734228350e-02
5.946260752142962236e-02
-5.987948801689560972e-03
1.609919272776798860e-01
1.313870079046824124e-01
2.041542947905143901e-01
2.115329539067159828e-02
2.272403348832182923e-01
7.213552267701282827e-02
7.550852149844688999e-02
-7.964480050620694612e-03
1.398849984072994372e-02
7.792433053990134931e-03
2.342182891662117072e-01
8.114719992378492675e-02
7.282623472316614166e-02
-6.952291723052282310e-03
7.430810789399840133e-03
-6.770550530282756253e-03
1.518195754130518549e-01
1.301711004600058230e-01
2.116188890118018695e-01
2.561608422376896940e-02
2.078108342449693779e-01
4.530546022599611644e-02
8.238013500433015446e-02
-1.013771842253637090e-02
3.498764275163242232e-02
4.578899911008627727e-02
2.417070338976029520e-01
7.403801454989937525e-02
5.003199074108449773e-02
4.718569620791486507e-04
-7.830015716813012658e-03
9.577541366184449956e-02
1.071095433189215851e-01
2.367991724007892929e-01
5.035772925838920278e-02
7.341984603640287765e-02
6.155574170306188017e-03
2.332481613578091251e-01
9.839525654871882077e-02
9.395290262226881073e-02
-1.115312143817984679e-02
3.408386634666345227e-02
4.319880822309236923e-02
2.396407516385563874e-01
7.380606990289673153e-02
5.276279854292689753e-02
-1.025560417972123071e-03
-7.271459326923412902e-03
8.215654194982557890e-02
9.711477162116947948e-02
2.412482266136791453e-01
5.574540942881001104e-02
6.911280639529987502e-02
3.279480825200175101e-03
2.280744735474149465e-01
1.138611836560271678e-01
1.193598356507911684e-01
-1.186435727063113107e-02
7.517644324946254342e-02
9.083219355631426406e-02
2.416939962801042396e-01
5.867564289897776730e-02
6.441345989128692551e-02
-1.325492433903405990e-03
2.017519850195139963e-01
1.294173596051374497e-01
1.630060147675043702e-01
4.571115164156446843e-05
1.734788066765878822e-01
1.306544970342092271e-01
1.920808171504482520e-01
1.465225783720034564e-02
2.304364771258327338e-01
1.011683244220952516e-01
1.032112430670429903e-01
-1.186629634075747619e-02
5.002576918273210493e-02
6.387791866472120050e-02
2.425888098491554290e-01
6.800443839285183478e-02
3.893442036638873616e-02
3.760913392850865396e-03
-5.732481332617664523e-03
1.685142923002757032e-01
1.336002727546657110e-01
1.992218767869681495e-01
1.761452049638530248e-02
2.314116396701609846e-01
9.055471890334687579e-02
8.876643750116963716e-02
-1.049706857626315701e-02
2.856011708292240103e-02
3.405248308002895019e-02
2.385669954466064779e-01
7.572195030046273423e-02
5.688305556508254507e-02
-2.669777587404429699e-03
-5.023496346148708346e-03
4.449154870924395405e-02
6.149609466583186301e-02
2.430974042960521997e-01
6.938632802755827222e-02
4.051601759090402155e-02
3.386591125877080454e-03
-6.233544087100239932e-03
1.607210180914575293e-01
1.326163300590439964e-01
2.055018365435056504e-01
2.133133749270875457e-02
2.271049803628897024e-01
7.192347953220115664e-02
7.527284966833584778e-02
-8.215714668095888337e-03
1.492999495084697432e-02
7.384909819472242065e-03
2.332841269751065039e-01
7.994096301962259898e-02
7.303918267501946504e-02
-7.378993243093309728e-03
9.357266512075652215e-03
-5.380261266623803662e-03
1.711710700830252896e-01
1.330899893769733888e-01
1.959417241879828631e-01
1.634248679611461502e-02
2.318183963212461229e-01
9.630261536575997205e-02
9.424412796075852528e-02
-1.104760662854373070e-02
3.595951996887838953e-02
4.502154400511917953e-02
2.405981772004868458e-01
7.290506764506438087e-02
5.062053919838632732e-02
-2.333008415346016391e-04
-7.370700144011593444e-03
8.805971152927810630e-02
1.026950570206031643e-01
2.400819017801677224e-01
5.357200377395608670e-02
7.141410749831707261e-02
4.482236976030652686e-03
2.304897420803102559e-01
1.059116076163684889e-01
1.056982699419519722e-01
-1.211982430719275340e-02
5.004487777115251834e-02
6.476941704964872537e-02
2.413655343180190482e-01
6.834424264414144801e-02
3.885416118140995467e-02
3.252965624800800530e-03
-5.243240371565002431e-03
1.750389921416403705e-01
1.345701590580711815e-01
1.940424960352499506e-01
1.457501220578295148e-02
2.313306233983965232e-01
1.015327959828701138e-01
1.027881384504453210e-01
-1.169084671530494328e-02
4.707074310703848741e-02
6.189186473433390401e-02
2.433039588313741786e-01
6.961579616001972726e-02
4.034751307691429589e-02
3.872316136191858785e-03
-5.999238607450569499e-03
1.631357730716847532e-01
1.324779447482564987e-01
2.028450042268658826e-01
2.025935073885410873e-02
2.291497984871404547e-01
7.699962807899565775e-02
7.767517797947484648e-02
-8.314916531738563224e-03
1.543510925993569691e-02
1.113616264479996322e-02
2.348061287234557981e-01
8.060862776835962806e-02
7.095972174979384151e-02
-6.471493234299142625e-03
5.602540292090463399e-03
-8.071503565409386682e-03
1.039434347253651858e-01
1.114985706516663511e-01
2.347644414566938120e-01
4.682838092414860764e-02
7.293060460468317463e-02
5.328166755742665128e-03
2.324922445911242197e-01
1.026265246126827207e-01
1.008651556977045588e-01
-1.173995575704200531e-02
4.462274780286566017e-02
5.743130459365468343e-02
2.419359753481990505e-01
7.003113686745654487e-02
4.268760730322431612e-02
2.301146054890664504e-03
-7.022150517240813988e-03
1.437679268040148728e-01
1.295463361660154356e-01
2.165954394665143001e-01
2.929780046658372536e-02
1.832055316029476688e-01
2.550675947100651195e-02
1.562975278432565396e-01
9.542008264792289918e-03
2.274620240730740872e-01
1.111076779412905752e-01
1.161579189239983212e-01
-1.197941093315883429e-02
7.256204937478696881e-02
8.707775105285263384e-02
2.418205200573457503e-01
5.928707382395911885e-02
6.087763936311241242e-02
-4.147049645356032377e-03
1.815837267951797562e-01
1.333567302137952937e-01
1.881394509419115624e-01
1.114770642775870374e-02
2.236143019277628818e-01
1.122965242010680181e-01
1.222702362826967593e-01
-1.147649050805783950e-02
8.242394563452642986e-02
9.576361389376823741e-02
2.389620084266165512e-01
5.558153197863324041e-02
6.793938119795721320e-02
1.846384492460297327e-03
2.186913773753106360e-01
1.208776208951938269e-01
1.364072662694993665e-01
-8.981471232330666410e-03
1.145267922691359519e-01
1.150458783276187558e-01
2.300629778615516652e-01
4.196274774448911088e-02
6.680256186104016614e-02
-5.367979454053443868e-05
2.091717244676142839e-01
1.262368869946717542e-01
1.538099553750353343e-01
-3.824189922047452686e-03
1.551752983817474285e-01
1.294961253313600125e-01
2.090229323573447040e-01
2.368082886309837848e-02
2.146917159182170076e-01
5.436675393087118252e-02
7.681157757785191109e-02
-9.344752571828622220e-03
2.164244832379842720e-02
2.233890177462853621e-02
2.357017607721094699e-01
7.828988163198982719e-02
6.466641036581993740e-02
-5.206697126927513353e-03
-5.341531638670018838e-04
1.037816774363621575e-02
-1.053867978050466135e-03
2.123327989331428300e-01
1.261247676464648526e-01
1.499845592205028832e-01
-5.510164715995980941e-03
1.416259073372191646e-01
1.254027796764025648e-01
2.167314608043113822e-01
2.993723024995115223e-02
1.688931005895593640e-01
1.618485430699096589e-02
2.301693559896684227e-01
7.845389549215092684e-02
7.761194850176628135e-02
-8.492805183807974889e-03
1.598248119300425818e-02
9.624225442428064811e-03
2.339419780724604214e-01
7.965324137024165640e-02
7.157137379464897919e-02
-6.956949577247418734e-03
7.709321782091223263e-03
-7.696157608443255325e-03
1.291101636970566069e-01
1.240924836513932622e-01
2.236767334799758811e-01
3.592683815148869919e-02
7.630969532237144581e-02
-1.000966194384730196e-02
2.958905021219874337e-02
3.690613059529247730e-02
2.406519183550913654e-01
7.578498714419561189e-02
5.560405370206274872e-02
-1.218975460712982701e-03
-6.429127941700846401e-03
5.959761092118048137e-02
7.686761852571324938e-02
2.425404408967916092e-01
6.478308102751108299e-02
5.230390814337156080e-02
-9.792843012126434266e-03
9.304776434612312130e-02
1.044421998084564124e-01
2.374090252295295023e-01
5.139136300343742636e-02
7.245655041247782424e-02
5.353721202859746016e-03
2.320772033859422045e-01
1.032238069586160073e-01
1.013853272648404941e-01
-1.183818319772291829e-02
4.522747509986056041e-02
5.838469420671623528e-02
2.416403805217333112e-01
6.988223571234278286e-02
4.199271827611992386e-02
2.310402668466055975e-03
-6.962039640032625584e-03
