2.422477861180367675e+00
2.014440727253960617e+00
1.616316715468057996e+00
2.612406761260446797e-01
4.636625701617981266e-01
2.348808460419152810e-01
2.352898506487379610e-02
5.295057662549898514e-02
2.415903871738336872e-01
-1.299470735232093575e-02
7.922912991807185001e-02
4.344790905956454757e-02
1.938973521047298032e-01
-1.568668064122183750e-02
2.367377663022454583e-03
2.799888470314605346e-02
1.410171792812313189e-03
2.488327924589348594e-01
5.824369506602965901e-02
8.133899973214728241e-02
2.759621476932249545e-02
1.714730397955617491e-02
2.347901026437028693e-01
-1.107665468709644746e-02
9.059880392102784286e-02
4.954895392498054330e-02
1.818947442188292296e-01
-1.170932882335610006e-02
-6.834590144204212570e-03
8.058653719956844486e-02
4.894738768806537743e-02
1.926362755319430686e-01
-1.519621662854840800e-02
1.203973836080206913e-03
3.514387523737916297e-02
9.560354004917663573e-03
2.540303691396303409e-01
1.164159230055645741e-02
1.979533069234983012e-01
7.325344992970782287e-02
1.067499007019488966e-01
-1.367458681235029366e-02
6.491337851513576118e-02
3.569268506341714831e-02
2.061932605275948183e-01
-1.813257832929164592e-02
2.094960083339076837e-02
-1.057153505179960970e-02
1.203753706514072153e-01
6.845975177971576342e-02
1.480494645543582732e-01
3.550226180131328332e-03
-9.379227433882378990e-04
2.406852849824025475e-01
6.313384931551822843e-02
7.284010276251473570e-02
1.298323794871567710e-02
-5.269061937148055569e-03
2.079433519322847757e-01
7.559113029160689778e-02
1.158757281310397319e-01
-1.392854498042411446e-02
5.211230212095896430e-02
2.340467213261402182e-02
2.181267292096525923e-01
-1.757480945691283075e-02
4.467448418108055375e-02
1.395729413392718041e-02
2.236077317445341883e-01
-1.565540497393529823e-02
6.413014344913950393e-02
3.339755133168394868e-02
2.069475890329637302e-01
-1.824400986585332160e-02
2.081558133968143889e-02
-1.040493396664309358e-02
1.249346954680099764e-01
6.937565756569138986e-02
1.398063248108049050e-01
6.181316686867780602e-03
2.282987640927204749e-03
2.554877760592552116e-01
4.782836590409764860e-02
2.152751938500818973e-01
-1.696225139349958125e-02
5.372808672452484419e-02
2.331702801578817291e-02
2.158395565344916611e-01
-1.794747898024202926e-02
4.070712148707703038e-02
1.042269042770275003e-02
2.517118257066193743e-01
8.575227313718968708e-03
1.848554140600157103e-01
7.451099544754884174e-02
6.533936939999221427e-02
5.562739249647270443e-03
-8.331138499002561579e-03
8.531799736094816677e-02
5.193245076691378748e-02
1.890219977611209967e-01
-1.360792707751785034e-02
-3.243030942464426858e-03
5.454001312539778767e-02
2.886285553587687042e-02
2.150055773823697503e-01
-1.812634684766431872e-02
3.642295725586468247e-02
5.931635034258630861e-03
2.608988721697958479e-01
3.824293461440979314e-02
2.533031852411640750e-01
1.763419848120198474e-02
2.251846898354077364e-01
6.478303051287992442e-02
8.236981388235219137e-02
7.840598033511381876e-03
-9.079601230064272832e-03
1.651637984459153330e-01
7.787941999206569876e-02
7.328020846499286312e-02
3.332479128013782904e-02
2.377305912549861067e-02
2.299839878519062686e-01
-1.418728606958561886e-02
7.547937179879370129e-02
4.000330803600818386e-02
1.989072208794315788e-01
-1.719062272318275589e-02
8.477291626085176404e-03
7.203775257542746613e-03
2.179065416773102136e-03
1.615717467771975169e-02
-9.998545327053309090e-03
1.131730107303905997e-01
6.511851964679853111e-02
1.559566441700982464e-01
-6.478171791962656495e-04
-5.360841952231373483e-03
2.121275941432207990e-01
7.497624832038593534e-02
1.149638166651339027e-01
-1.270652340364649552e-02
3.425100353270561782e-02
4.474400600387219012e-03
2.571367740472998431e-01
4.514005872212278891e-02
2.265513465701493867e-01
-1.243121732115674317e-02
8.778685014328194147e-02
4.939477684588210182e-02
1.848250945271566748e-01
-1.296748043094184642e-02
-5.360778231707307925e-03
7.359451817193719825e-02
4.384595512336425527e-02
2.012832534375325055e-01
-1.745011234335309622e-02
9.852699521471389860e-03
3.902089046631979606e-03
1.155808065279291356e-02
-6.773314467002994332e-03
6.438057568905290740e-02
3.826148629696730918e-02
2.074307247004293364e-01
-1.821603299146933724e-02
1.958057007322906370e-02
-1.016356313110417312e-02
1.107979445858485179e-01
6.436144217583852911e-02
1.585242858458464354e-01
-1.970423095092761583e-03
-6.427117052199921021e-03
2.015020591894159108e-01
7.721300921534102191e-02
1.131038514753167912e-01
-1.425946555338307095e-02
6.623249995707833349e-02
3.662773539689245100e-02
2.064612373342602225e-01
-1.791424150430071319e-02
1.918079364093408859e-02
-1.032610207683602385e-02
1.110441880873152681e-01
6.512993471447647842e-02
1.584538670410503558e-01
-1.939034086067369447e-03
-5.747293090739160649e-03
2.092269422286531788e-01
7.672131702990742097e-02
1.167406434487655298e-01
-1.428561803957219094e-02
5.190753671175296624e-02
2.394858881862095210e-02
2.161096628259881747e-01
-1.783273413743513905e-02
4.373311463067353078e-02
1.231340735608682166e-02
2.432538529531483862e-01
-3.111102067156987141e-03
1.299281495198527925e-01
6.624888106728665793e-02
1.323288962707911964e-01
9.455535780820659153e-03
5.539751816558005984e-03
2.606282445222320998e-01
3.211314452325117474e-02
2.528499626251834442e-01
3.561724262768772853e-02
2.550613036190831351e-01
2.197439703239616529e-02
2.360937142190482896e-01
6.057815326864990357e-02
1.085832359044967277e-01
-9.067208404082521128e-03
1.610962364705369881e-02
-9.754809880742398853e-03
1.004684667693521161e-01
5.936298640773415847e-02
1.740775117436582364e-01
-8.780405834735251214e-03
-9.327271185457342018e-03
1.353373338292237216e-01
7.311924769347317998e-02
1.281320066124412294e-01
1.271321400991189988e-02
7.982539581141544910e-03
2.570611136158062471e-01
1.416780644707594031e-02
2.046848300485907823e-01
7.076229062694207317e-02
1.147706425789618012e-01
-1.389049978541359587e-02
5.203822654801407849e-02
2.540902282224981323e-02
2.166813831458736239e-01
-1.786680131003244576e-02
4.112709160549094661e-02
9.900178856933998517e-03
2.537010056038857542e-01
9.977164682574712201e-03
1.906755426714589752e-01
7.339853441750338048e-02
9.594288622949496970e-02
-1.285090617827273213e-02
5.359951033635149131e-02
2.555492092152623559e-02
2.157536680841152243e-01
-1.798977943276461669e-02
3.947984989203254247e-02
9.406435823429138560e-03
2.581790217247950103e-01
1.656855480778168105e-02
2.151085644322867640e-01
6.976898196657541074e-02
1.105173726297520170e-01
-8.881850973332855448e-03
1.402126188557552972e-02
-8.101789592729620459e-03
7.679616139089814886e-02
4.584369134091657166e-02
1.983790809606473804e-01
-1.691148238225279390e-02
5.934049248935342226e-03
1.484602995739600466e-02
-9.805429449709336664e-03
9.859516412420331333e-02
5.812501095071761353e-02
1.745832495141988183e-01
-8.179054546615681376e-03
-9.379518071187717063e-03
1.291787074840559102e-01
7.081353099609864754e-02
1.350754216596552759e-01
8.794992848785924966e-03
5.094572752951552139e-03
2.605126965616131884e-01
3.484894898798356067e-02
2.535307293451495858e-01
2.701827584657623058e-02
2.498986221506865890e-01
4.811948299539076102e-02
2.035939499522725071e-01
-1.810236811135718452e-02
3.003860852463640513e-02
-3.039582517549584660e-03
2.232888007667603869e-01
7.118083361506322149e-02
9.775339734836963057e-02
-3.607216288915131297e-04
-7.044643550817083523e-03
7.780961202609777694e-02
4.783321330766972246e-02
1.956947393398275059e-01
-1.601735282884928988e-02
2.849581930641403686e-03
2.547163286824589631e-02
-1.869756663299377642e-03
2.314152277365876809e-01
6.931388545714654847e-02
7.498820859392249516e-02
1.313705083610053337e-02
-5.379327354890327782e-03
2.086862708040495007e-01
7.683673577615258987e-02
1.163063875230279237e-01
-1.377214756580482508e-02
5.018626772048586510e-02
2.301583175067082460e-02
2.186935261176131129e-01
-1.761557515110158748e-02
4.551731878588954894e-02
1.500584760062012753e-02
2.212461851254257095e-01
-1.663390379350610654e-02
5.745200965561175072e-02
2.708250146648136236e-02
2.132349145544541191e-01
-1.826791752441896816e-02
3.293619010472776526e-02
1.297144830104436652e-04
2.394946848549272256e-01
6.332089186778236400e-02
6.328307623713723407e-02
1.793485217978484439e-02
1.897310854189964780e-04
2.426398873875851847e-01
6.140872198586318220e-02
1.097538659978240655e-01
-1.090258565124585174e-02
2.555215160909488081e-02
-6.959475485535089254e-03
1.923878490100099925e-01
7.864783698035279769e-02
8.982036078912690458e-02
-1.112328873491067599e-02
4.336874750222344255e-02
1.670667675562308857e-02
2.232515494730867578e-01
-1.627844434543111035e-02
5.955535169845631305e-02
2.835800847142065650e-02
2.115910767242681623e-01
-1.821398314150386374e-02
3.046166173788309589e-02
-2.237190229830994959e-03
2.269426909172264917e-01
6.982274759505542605e-02
8.372445114440819902e-02
7.243163752177192438e-03
-9.069082086746596896e-03
1.667151463655465182e-01
7.841765841537060022e-02
7.503575679845977953e-02
3.221468933620535297e-02
2.389663392630524130e-02
2.316852300767298922e-01
-1.377289328764582342e-02
7.536879562485898632e-02
3.999909476667128094e-02
1.975285756032116868e-01
-1.650902587154464557e-02
6.945874822446980630e-03
9.479885066415991157e-03
-3.116814817698825187e-03
4.281266889046003721e-02
1.787589797078515189e-02
2.218992481419281015e-01
-1.620408555262950467e-02
6.032814156302322012e-02
2.892442957004781254e-02
2.110114213039234188e-01
-1.820114602353765584e-02
2.962624126576856448e-02
-3.376761802018638826e-03
2.198449344356711577e-01
7.225481863558949613e-02
1.048214926078604170e-01
-5.134642439470605765e-03
4.933357563144495639e-04
3.125080609485139660e-02
3.178568398843339970e-03
2.547052103267075651e-01
5.143474364338678634e-02
1.896920720303494345e-01
-1.608575998317204880e-02
1.011302051019702559e-02
1.481984120419731687e-03
1.820476326194001016e-02
-9.939655428569523984e-03
1.510049280111336878e-01
7.643828643189616578e-02
1.025466044920908815e-01
2.310037717084856626e-02
1.682268121916141029e-02
2.372453085106284165e-01
-9.350648207428761266e-03
9.894173011905221804e-02
5.424331925255868048e-02
1.725174742335025824e-01
-8.091903364040144500e-03
-9.105029780233784426e-03
1.301989907396282342e-01
7.142265499990706201e-02
1.326626347498238712e-01
9.396995987312355136e-03
5.412679343782797470e-03
2.602544239398967285e-01
2.926453791013699374e-02
2.490778873736178012e-01
4.450839900326242216e-02
2.282633067874493271e-01
-1.157270631985800324e-02
9.059460240272373954e-02
4.979853296761858200e-02
1.820365912780292639e-01
-1.167328924321984519e-02
-6.598512492657741813e-03
7.820533970816331837e-02
4.756261425127559367e-02
1.949367265046187125e-01
-1.582418192522225958e-02
3.675878096573050816e-03
2.463501737753307635e-02
-3.989674876392676657e-03
2.171030826894308485e-01
7.333606115319224461e-02
1.103781140485952661e-01
-8.652110242938788193e-03
1.066518802869497601e-02
-8.694266614531185895e-04
3.132707262305470253e-02
4.119959761603850593e-03
2.565067301365933639e-01
4.475214597971526043e-02
2.337996441916168899e-01
-8.053706045448767031e-03
1.103992598915779638e-01
6.036220719929512313e-02
1.599442959424456079e-01
-2.049783152697695968e-03
-7.229730076783621312e-03
1.909408309072041787e-01
7.784220697433150149e-02
8.558003324216784113e-02
-9.880868412700846704e-03
3.470322414243304232e-02
7.369018665673418046e-03
2.614428852614196219e-01
2.881227163584945683e-02
2.491238000144088693e-01
4.629577227999209788e-02
2.079185072189728700e-01
-1.790311425160648687e-02
3.860638295052034458e-02
8.629249703619766912e-03
2.601187182061607261e-01
2.168110519198795244e-02
2.322570960638188908e-01
6.260567468184685680e-02
5.890868219160514535e-02
2.062160585937634558e-02
2.611013407056776443e-03
2.536125445923476107e-01
5.085740057322458985e-02
1.802307648962067632e-01
-1.379777735026034395e-02
5.717334309275337242e-04
3.213781006890718828e-02
5.526072690216533162e-03
2.595628244712179789e-01
3.672974330084608635e-02
2.550478839934389730e-01
