3.460095575810948620e+00
3.868350888404683552e-01
1.230502959958456266e+00
7.276628073468403013e-01
1.393302691813559369e-01
9.226981894819397123e-02
1.798310819582193687e-01
1.317803482924975178e-01
-1.167108060446060344e-02
1.819531433050060043e-01
-2.093883920881311339e-02
5.961097125756589787e-02
9.722244268346818402e-03
4.095187203699776624e-02
1.585551544021359532e-02
3.816152356487113873e-02
1.797581266766558328e-02
3.691783111777367093e-02
1.943926431362685836e-02
3.595035064990610707e-02
2.105601841171836006e-02
3.527545319511483923e-02
2.218683761005812993e-02
3.489919230013201201e-02
2.079389348897233911e-02
3.226123312620289563e-02
2.182904395572615036e-02
3.190380889918297685e-02
2.289105020832140486e-02
3.156617445529952271e-02
2.382186891152569819e-02
3.150758452635502027e-02
2.459081436179698377e-02
3.137992312638004933e-02
2.568797440075280131e-02
3.100507566806865942e-02
2.649001845422413806e-02
2.871872479007905876e-02
2.477503069755533985e-02
2.884378521553380634e-02
2.538201651460371411e-02
2.912283369809526637e-02
2.597223343785061769e-02
2.903007174205190360e-02
2.680173733827626373e-02
2.901442975631969221e-02
2.749764242675025588e-02
2.916259879986236175e-02
2.805248285747933418e-02
2.709178714063021493e-02
2.598872470924821348e-02
2.770053836147575582e-02
2.626394627228506237e-02
2.798589701141505556e-02
2.696052119793339308e-02
2.799342138802401320e-02
2.760173258131303278e-02
2.830276728914105783e-02
2.787389204518313235e-02
2.869632382741334545e-02
2.835838133142132289e-02
2.907009236185287282e-02
2.648264902568461115e-02
2.688033189366594022e-02
2.712801418456881747e-02
2.691020032068117823e-02
2.760390224122256930e-02
2.716463761539609362e-02
2.813367312206457166e-02
2.758308621649720530e-02
2.840770564996429257e-02
2.791694768058482212e-02
2.893155241126600663e-02
2.824739554275157091e-02
2.677531891636532324e-02
2.674485626461354723e-02
2.664981126401935047e-02
2.744050164006723441e-02
2.693209807338746778e-02
2.774362364671060024e-02
2.745834322688392448e-02
2.802703860919862622e-02
2.809898008956504198e-02
2.803154701568878748e-02
2.865067981258111879e-02
2.841315466209711621e-02
2.656288387775031234e-02
2.650030825108459082e-02
2.695000553169617230e-02
2.685864401199903467e-02
2.734650661235841010e-02
2.715841148363398738e-02
2.782304913762071938e-02
2.753171635615134921e-02
2.818530917718795048e-02
2.785048923664553561e-02
2.867319119514089021e-02
2.820717701598429716e-02
2.920858229225955019e-02
2.608768312494934641e-02
2.726327669550259597e-02
2.650783900302179988e-02
2.761287314328820033e-02
2.670770786526175528e-02
2.813156149538338646e-02
2.699645288242361052e-02
2.847400098212873182e-02
2.754493277995033115e-02
2.865179160529331137e-02
2.809316416318042436e-02
2.902700622111011736e-02
2.608995115806990450e-02
2.702682971508805349e-02
2.654961993737372378e-02
2.736217959626656773e-02
2.701644839223127717e-02
2.755661616584217932e-02
2.736676020972433551e-02
2.795658560759612526e-02
2.788814187220312740e-02
2.814463134203557329e-02
2.840803357637088772e-02
2.852952115155765744e-02
2.897936022536481970e-02
2.634194337959284635e-02
2.693964467415126129e-02
2.673713216383876573e-02
2.733528818306843466e-02
2.720774539130718303e-02
2.756691659824134569e-02
2.768908443303486761e-02
2.789436083757758367e-02
2.813454077359872629e-02
2.819986484467150792e-02
2.839862019470516113e-02
2.900444095127026334e-02
2.613683723485944049e-02
2.697483303454803472e-02
2.664813627444897678e-02
2.712099658292531357e-02
2.725585756796754591e-02
2.742916763672186009e-02
2.781796985961818014e-02
2.753889050494100210e-02
2.854131968535380745e-02
2.764336789761377700e-02
2.881480277319708322e-02
2.817407235401350740e-02
2.913268468634988909e-02
2.619036146733779574e-02
2.720445226051108542e-02
2.661874154397980002e-02
2.750659464725306591e-02
2.702594279129530083e-02
2.782884697236902641e-02
2.746620480033544476e-02
2.818521514237205816e-02
2.793642888620155584e-02
2.844927501834480787e-02
2.844753123761816979e-02
2.877863462709470341e-02
2.637550609124623621e-02
2.687172087366856282e-02
2.684515011807636631e-02
2.710008256493862816e-02
2.739198763576727869e-02
2.750499900468943160e-02
2.750969542224154102e-02
2.811583225434235306e-02
2.789937121297535183e-02
2.827189523414131919e-02
2.840260721881341169e-02
2.856852035241859780e-02
2.672602389167262268e-02
2.630330448679874672e-02
2.712144288870736719e-02
2.672202013172864099e-02
2.744172741350839329e-02
2.719162540291462926e-02
2.782870370609674682e-02
2.748970865596104748e-02
2.811414527213427356e-02
2.805433855461628503e-02
2.835870643081430179e-02
2.857685447633998704e-02
2.851003870227194689e-02
2.701751990633510098e-02
2.625007058758187239e-02
2.752030614044213494e-02
2.655364766867042078e-02
2.781788010797345279e-02
2.717936164970464682e-02
2.795371730260839960e-02
2.770190086762996245e-02
2.843349823689369019e-02
2.787727004648698700e-02
2.883342552241465948e-02
2.828890430282569868e-02
2.677332238413690849e-02
2.635287759893390272e-02
2.707862869514831433e-02
2.685848102451315889e-02
2.733653525939335610e-02
2.738372056178051128e-02
2.755632823756634653e-02
2.790267250257134901e-02
2.807729275087429005e-02
2.803534821973543284e-02
2.855863854565903609e-02
2.836476204083568028e-02
2.900008545694839762e-02
2.636196927856414990e-02
2.691385922190624169e-02
2.687122466255779246e-02
2.723545379352749346e-02
2.729142140054982568e-02
2.759646790114086978e-02
2.786387481387397544e-02
2.770159163308468994e-02
2.831778944038631715e-02
2.810860718284324822e-02
2.861565543538534609e-02
2.844255534044096492e-02
2.661521868444989211e-02
2.648431545913753835e-02
2.700265705470652339e-02
2.698597983520960308e-02
2.736189669125161858e-02
2.729196516824997434e-02
2.778692868011889416e-02
2.767062272244039459e-02
2.819079482983384566e-02
2.803195590218752337e-02
2.853657531774054026e-02
2.848281438460253945e-02
2.885753699480619189e-02
2.667801357261154888e-02
2.682236146618749775e-02
2.690728946497927127e-02
2.722998138274426369e-02
2.729450976583751298e-02
2.762882590254267523e-02
2.790153421500352060e-02
2.765233736266300285e-02
2.847382096364051152e-02
2.790082737641487801e-02
2.885736689834092830e-02
2.861207272203557597e-02
2.652145529002491314e-02
2.666741552708008431e-02
2.695861300348728271e-02
2.721842194808511001e-02
2.704663805685251360e-02
2.770447936648800721e-02
2.741788220442342022e-02
2.800881115060093601e-02
2.793335001232426923e-02
2.824915990659142978e-02
2.848657160333926616e-02
2.851028153922644665e-02
2.651810181696888022e-02
2.656274053991589112e-02
2.688778182197579594e-02
2.712987579826893481e-02
2.696860570372791588e-02
2.769297517232647068e-02
2.721996902966986737e-02
2.818016372533900527e-02
2.756972212115928883e-02
2.858838792554265276e-02
2.798173221720292453e-02
2.884868581379994648e-02
2.844630923535373945e-02
2.686230967907212580e-02
2.634852078737807968e-02
2.726701243255636939e-02
2.689506307139900160e-02
2.755790633594058792e-02
2.743730042236825623e-02
2.770136912895451720e-02
2.786684610011462560e-02
2.807012727343184688e-02
2.833856678841394430e-02
2.833877095312925531e-02
2.885003398557851526e-02
2.639247174400057711e-02
2.664092810870721112e-02
2.695898358756977642e-02
2.691560322376299053e-02
2.732209412647361446e-02
2.756149399480568515e-02
2.742149367211567379e-02
2.791168150412945415e-02
2.786803219435618484e-02
2.853163385205785899e-02
2.797304504498823383e-02
2.903935897499904106e-02
2.824053927722582416e-02
2.707526462635057724e-02
2.633448860652107260e-02
2.729192215135573668e-02
2.688184429361500927e-02
2.762278387021332993e-02
2.718074976853820240e-02
2.812811844330120187e-02
2.751718055028998591e-02
2.828898790627114301e-02
2.817829341537577553e-02
2.854744165316761353e-02
2.857430791975193451e-02
2.656711415549191380e-02
2.670686007867824341e-02
2.687210922922551176e-02
2.712204562758696591e-02
2.713395660711476545e-02
2.763745813561081788e-02
2.744658078785974786e-02
2.806727626764663266e-02
2.781150722107731191e-02
2.833928677339240393e-02
2.831351929284500399e-02
2.876118405610940051e-02
2.878648410391990847e-02
2.654637025489130914e-02
2.692099518120714963e-02
2.676838909913536318e-02
2.729529241289901584e-02
2.716353683258732402e-02
2.768851080521944619e-02
2.768009471111531478e-02
2.800110840653768224e-02
2.806198386962312913e-02
2.831982119154978148e-02
2.856791828829103805e-02
2.869589608122690566e-02
2.641124362860361452e-02
2.689731790765862579e-02
2.685925777368352793e-02
2.705406458472933359e-02
2.735397238027734851e-02
2.740725826045934538e-02
2.756580896968353900e-02
2.807027886417304621e-02
2.776793244823982237e-02
2.851031035912368616e-02
2.816771127013472861e-02
2.877779915219028789e-02
2.654493031251544538e-02
2.642499095164014059e-02
2.710730138781398957e-02
2.679781601901051052e-02
2.762493956748260024e-02
2.691139520056729656e-02
2.801475327572251414e-02
2.732898413219959910e-02
2.840455884117253776e-02
2.780898323930399221e-02
2.875258636495412606e-02
2.826312072032556577e-02
2.892983725431461095e-02
2.641118469423021919e-02
2.678343312178512250e-02
2.690189112188495421e-02
2.738439716073993307e-02
2.701543833885294149e-02
2.778890352842216388e-02
2.744509309103121755e-02
2.814368279996703331e-02
2.778196892031626480e-02
2.865322716244916856e-02
2.808344289119426435e-02
2.904024317946312522e-02
2.608769067379736184e-02
2.709731783835496108e-02
2.642391527880241439e-02
2.736341427149723352e-02
2.698331695559824314e-02
2.764960862903016736e-02
2.739431719764365974e-02
2.811723743421165253e-02
2.785708981962188927e-02
2.828418808092873077e-02
2.831734942179000777e-02
2.875139309911295751e-02
2.848381052833930116e-02
2.687253539903184177e-02
2.651168125138604614e-02
2.735510619259365686e-02
2.671661879354796099e-02
2.794771507324366605e-02
2.695509363854135115e-02
2.833743228603467779e-02
2.722522521048226229e-02
2.866879739996859924e-02
2.782680294706564930e-02
2.886673245431603876e-02
2.833640841440827202e-02
2.672637437958005555e-02
2.660237747925656149e-02
2.704437810006942236e-02
2.708794518488425937e-02
2.717048339284267033e-02
2.761830576098070478e-02
2.747561195400252676e-02
2.815212920212278175e-02
2.754526420488728755e-02
2.866554792066623031e-02
2.795021996153570359e-02
2.899090030822305125e-02
2.844400670019283164e-02
2.718964641834154330e-02
2.615932712594371684e-02
2.762910293518967830e-02
2.656283490676702649e-02
2.794042323577079420e-02
2.737824684097060063e-02
2.792857459035522419e-02
2.796440531266232432e-02
2.802955745740511387e-02
2.846885799688349261e-02
2.833626729633392100e-02
2.890276786966032574e-02
2.639034693236045476e-02
2.672242307542899153e-02
2.714798684000828410e-02
2.677568992327261990e-02
2.761089245851792995e-02
2.708076672815439012e-02
