1.985038576487412776e+00
2.570626385490185406e+00
1.756109798536080291e+00
-7.199047995190283045e-02
4.938464947034734709e-01
4.147031689757141315e-01
1.365893457360655427e-01
5.490983502172962216e-02
-6.647148164489843913e-03
2.386968304613901193e-02
1.483616328907258475e-02
2.363494686325852134e-01
5.055498131652713667e-02
1.041053040120579753e-01
1.914588222830720509e-03
2.151540828352442869e-01
1.085952927746388630e-01
9.830855540105236379e-02
-4.203709561529028922e-03
-7.086753821079774807e-03
8.141290161007583293e-02
8.142654021216476357e-02
2.285272416848806443e-01
2.517723551070008559e-02
2.368969917537063208e-01
6.487930988368829921e-02
9.691644264709314838e-02
4.904393488283203748e-03
2.328852093255250055e-01
9.643172876915122316e-02
5.557234545716603635e-02
1.122851254764793000e-02
7.017765467242333827e-03
2.400926608533371920e-01
5.640809938199040086e-02
1.038407408817207667e-01
3.882714989831580199e-03
2.247411873254582804e-01
1.030041596444030844e-01
7.616945250335696582e-02
3.303248493448685506e-03
-4.044387481050644613e-03
2.014410714172714112e-01
1.144625346347794004e-01
1.267498781331132807e-01
-1.226498250906958923e-02
1.334872335639405473e-02
-4.418585493499476574e-03
1.933139113667208531e-01
1.162685651753074950e-01
1.358875810181544574e-01
-1.342268501757604322e-02
2.707573233633082249e-02
1.908729568297800466e-02
2.381683931267133403e-01
4.771343514286961046e-02
1.034887407134525705e-01
1.188522229625725568e-03
2.091346800475198664e-01
1.108948364616415966e-01
1.081770694439225522e-01
-7.661212755982820324e-03
-2.001817434937944954e-03
2.852003066186209815e-02
2.498179259635675137e-02
2.394864498258021113e-01
4.728632454690927245e-02
1.049217971785410541e-01
-2.636051426620033937e-04
2.001416911648289942e-01
1.136827043374363383e-01
1.234111362207261087e-01
-1.154146425686857803e-02
1.188694539291100527e-02
-7.565772754400615016e-03
1.553293197215843691e-01
1.143720152829180020e-01
1.821119716451274628e-01
-8.225225738310843956e-03
1.188317144518156732e-01
1.019809894370612702e-01
2.071188175689407662e-01
7.070385982986169236e-03
1.982888096419940238e-01
1.114832342767242274e-01
1.259121044536277434e-01
-1.187354573488865438e-02
1.544988104793744779e-02
-2.533200193795595665e-03
2.138358300541209345e-01
1.124099544540202722e-01
1.048278008461467209e-01
-7.055032532842996432e-03
-4.687419378646213303e-03
4.608496097575650458e-02
4.980872582542241606e-02
2.382355953238458612e-01
3.955985330748210821e-02
1.331479239243439916e-01
-1.322115634902505145e-02
7.006243416234718413e-02
6.973853384834557967e-02
2.316006982250002066e-01
3.002098103463087669e-02
2.251321646227896767e-01
4.104082486073974689e-02
5.002421820180081441e-02
8.319365842061473074e-03
3.845373810245499187e-04
2.322613593641338903e-01
9.969889383260602256e-02
6.163815175972665872e-02
9.388440674347181894e-03
4.764939234181531091e-03
2.420572570128435019e-01
7.296234918552672866e-02
9.772691403535135879e-02
5.774805692156608113e-03
2.352239404460714500e-01
9.335996923783149160e-02
4.618222192087390043e-02
1.449833510578416029e-02
1.174014488954092453e-02
2.404171024397366019e-01
5.355647187026357087e-02
1.042092356347773668e-01
3.021180863768297385e-03
2.197147485776231590e-01
1.062708345297727064e-01
8.747012663670541976e-02
-8.319442114674705305e-04
-7.912211860412002654e-03
1.408937124338212610e-01
1.113141984182332289e-01
1.949014030763336902e-01
-2.336516629593528641e-03
1.545165512880774250e-01
1.124653564834852265e-01
1.782555662922482020e-01
-8.345991985821461442e-03
1.154513534833604832e-01
9.960757587349833297e-02
2.108938149614447699e-01
8.608010030592083695e-03
2.076867185084854128e-01
1.086319226602165539e-01
1.125429465176349397e-01
-9.293901969461674378e-03
5.698123032641362953e-04
1.120287823564545919e-02
-5.347092186946343292e-03
1.842392983975468246e-01
1.169111110521352109e-01
1.484587629585890634e-01
-1.421705121547944990e-02
4.721968023829219846e-02
4.676406121675487360e-02
2.381004917729833692e-01
3.874369976971739349e-02
1.333730644689804512e-01
-1.306344096366209538e-02
7.169282217008346447e-02
7.319889415134428479e-02
2.315492546295033760e-01
2.812918179190890267e-02
2.306692044404063113e-01
4.747905483435624352e-02
1.010377334220429746e-01
3.497557780795145649e-03
2.285822792955859994e-01
1.023712947795785005e-01
7.063832144642942512e-02
4.453444303010666884e-03
-1.085109503747991571e-03
2.222469510587236075e-01
1.071336459059900326e-01
8.503228937933897391e-02
4.116491706034068783e-04
-7.329625038451964905e-03
1.572449564169559055e-01
1.146081704049202454e-01
1.792528127028413520e-01
-7.974679626149269729e-03
1.156435784246749726e-01
1.003142228712883277e-01
2.096794231437661971e-01
8.468503146950728117e-03
2.054882277087566600e-01
1.095698993341852473e-01
1.150498005304976257e-01
-9.146310451506305811e-03
3.902867267523304692e-03
3.336374635126959729e-03
-1.074761430028721432e-04
8.740966681602228838e-03
-8.407938434439805528e-03
1.322301405321100465e-01
1.093177287312949303e-01
2.001735546130185839e-01
1.451362084292388485e-03
1.738118551128556011e-01
1.131243877430625627e-01
1.606605694736724377e-01
-1.343520573359482766e-02
7.050149536166663844e-02
7.222577104463358266e-02
2.310806964887930082e-01
2.869554910640297399e-02
2.293971231282984635e-01
4.634438245683331070e-02
1.006533565409588049e-01
3.553065651366392030e-03
2.272451524764630693e-01
1.015664494444240007e-01
7.340715278116204112e-02
5.114940853836256150e-03
-1.976318609844857251e-03
2.145009009552507062e-01
1.109268181223763139e-01
9.964985500859496748e-02
-4.981771002974162005e-03
-6.848625936105134059e-03
7.463468550686899738e-02
7.692097060534829056e-02
2.325277861305844740e-01
2.683023864565309280e-02
2.342449805993315204e-01
5.285182593300102177e-02
1.002938418462934050e-01
4.492412140474250602e-03
2.285144929121947777e-01
1.003502538841277436e-01
6.623094643398134973e-02
6.821348363490374600e-03
1.436373151425203443e-03
2.379605447426230425e-01
9.330389497491492490e-02
4.339270103230394304e-02
1.452424551407531343e-02
1.393721447955658527e-02
2.383822499492979641e-01
5.389467332933567389e-02
1.047525402851368637e-01
2.565886346877786772e-03
2.195990627593634170e-01
1.063781800824793039e-01
9.015181844866428096e-02
-1.172037806193661214e-03
-8.074107480066572071e-03
1.298756144877106222e-01
1.085511661799196531e-01
2.027202098156678789e-01
3.759607641273917528e-03
1.821159409728317635e-01
1.136583174439563110e-01
1.488226149095329132e-01
-1.418762833243121350e-02
4.971580089571055877e-02
4.980922000380465925e-02
2.377749709465337147e-01
3.767726115933571485e-02
1.508511619354829247e-01
-9.298106831998859123e-03
1.150296060291769173e-01
1.004424461100961313e-01
2.104039475632466238e-01
8.784388953662899263e-03
2.070223645332334717e-01
1.090678782124293450e-01
1.125786777969728369e-01
-8.412959887566903022e-03
1.856775626219899899e-03
9.801907959156190564e-03
-7.089390188580232260e-03
1.603950499184246259e-01
1.162490525273618264e-01
1.747729288720061558e-01
-1.007450653018351211e-02
1.037743068731345197e-01
9.356925101007894374e-02
2.182935134416008616e-01
1.377251196382447279e-02
2.267223531349510934e-01
9.836626055754957298e-02
7.094466224372533714e-02
4.013578920145472254e-03
-1.643461512287245968e-03
2.179272563067641277e-01
1.093549645138904014e-01
9.385525777006961667e-02
-2.771662787820656192e-03
-8.078941503607823052e-03
1.084732294264761643e-01
9.843506948672225976e-02
2.176668215595557732e-01
1.322224739721552036e-02
2.192632789822172301e-01
1.033413643581586466e-01
8.414910334707095818e-02
-1.594198452614921466e-04
-7.427192150742159202e-03
1.541115707347174568e-01
1.147688665343157832e-01
1.828586014319153741e-01
-7.744845740907214254e-03
1.239611728758484993e-01
1.020059549044769059e-01
2.050912665074880181e-01
6.051440304854320551e-03
1.926870429189757594e-01
1.127328266472711893e-01
1.338498819916973392e-01
-1.327491976788153054e-02
2.572309495668585397e-02
1.711879177393624968e-02
2.379874024030433632e-01
4.837065342862770234e-02
1.052961326322945368e-01
1.644756294715043424e-03
2.114296694855902770e-01
1.102874071461513727e-01
1.036070623513206113e-01
-6.395026587519270049e-03
-4.927998782540542189e-03
5.050610286537340898e-02
5.418428853870974754e-02
2.382672940818682805e-01
3.748920886942881670e-02
1.597617344220505775e-01
-6.440841474491266691e-03
1.350449091149409364e-01
1.082358756536950239e-01
1.957707046354154046e-01
-1.132557923773408915e-04
1.640824176095942444e-01
1.129404965307130998e-01
1.705066418224319147e-01
-1.138131042110591788e-02
9.538539060842156359e-02
8.799980020248245050e-02
2.234227948031237698e-01
1.873943129567545371e-02
2.338636842291179629e-01
8.853654885922131179e-02
4.012699895748640666e-02
1.580016902688074348e-02
1.401098301533485607e-02
2.394040882754121802e-01
5.304551627658644908e-02
1.054772247740606989e-01
2.090197883045071328e-03
2.202306276951441766e-01
1.077263648687179082e-01
9.044501603500508524e-02
-2.469718924622759521e-03
-8.273993686287509780e-03
1.189794178858549628e-01
1.043611541202122683e-01
2.096509300273639576e-01
7.265127813624695091e-03
2.016832823728217372e-01
1.103549025342994983e-01
1.228674963176947382e-01
-1.169322452412319482e-02
1.040939882498184352e-02
-8.271116446971999575e-03
1.375538765288394638e-01
1.111126630226223488e-01
1.957830509863176527e-01
-9.285828438568209621e-04
1.609080819129102558e-01
1.121940363409192759e-01
1.744800500282960021e-01
-1.043074357990414827e-02
1.049640537713861788e-01
9.422097289690495314e-02
2.171029083634160861e-01
1.451113084965337252e-02
2.251262329144826380e-01
9.934969357549822133e-02
7.150396868061337230e-02
4.753204398518929251e-03
-2.059812902127173585e-03
2.179250142756613828e-01
1.092894847511632905e-01
9.737010650256186506e-02
-4.534306244412347232e-03
-7.972450603400939306e-03
9.162174913808880661e-02
9.033553638214059101e-02
2.243811035178727709e-01
1.941753498821172097e-02
2.365196953675127722e-01
8.434866421762486632e-02
5.153455744662210208e-02
-5.565330578628743287e-03
1.880465945123147714e-02
5.566032284294589877e-03
2.403419544939887631e-01
6.403838433877198644e-02
1.028700701576259757e-01
5.413361384457854655e-03
2.325282224075136961e-01
9.656817362161533580e-02
5.527784648881159391e-02
1.106540035749179959e-02
7.140953155910970129e-03
2.397788531154222136e-01
5.501633368369310273e-02
1.036420413596215728e-01
4.010455484139267314e-03
2.246136330914285661e-01
1.031712903967709344e-01
7.564162085835579585e-02
3.254346757989516181e-03
-3.738315456246306227e-03
2.035925639844805568e-01
1.141947798664346148e-01
1.226198035844654199e-01
-1.064763265213967275e-02
8.662810832107745510e-03
-8.804482608569318830e-03
1.031772255505282176e-01
9.703428586750051377e-02
2.182379649576541014e-01
1.423145475966772558e-02
2.256951177372733819e-01
9.923705695999289478e-02
7.217731810211437671e-02
4.986612369966123351e-03
-2.232382472510003983e-03
2.180210741382913042e-01
1.107304460269391833e-01
9.718529442397808027e-02
-4.531295153292294944e-03
-7.598433209635863279e-03
8.517617279657913043e-02
8.540710405275016293e-02
2.278735856551818983e-01
2.220406515463183711e-02
2.392980244438953075e-01
7.273065828737598770e-02
8.776651230912192736e-02
1.858724548233386172e-03
2.183522505471094666e-01
1.075108970754688476e-01
8.986864560735710605e-02
-1.889731587252325290e-03
-8.194250406388561836e-03
1.260560879160629866e-01
1.067109299515831555e-01
2.056208108336849416e-01
4.167550837603367642e-03
1.892569725544612225e-01
1.139311261885199850e-01
1.409416688520835903e-01
-1.412928051131831161e-02
3.659599843541586767e-02
3.481223711607959320e-02
2.377745242910776491e-01
4.374928498876367450e-02
4.551251363597692834e-02
3.011078741622151642e-03
-8.220240692257674980e-03
1.035091134444693084e-01
9.537574224394830547e-02
2.186090932346594351e-01
1.537255102675801934e-02
2.266910371807816793e-01
9.793669154518686026e-02
6.632585874913156376e-02
6.427070961207194573e-03
8.833898815256500513e-04
2.350667303003891040e-01
9.672152023085504868e-02
5.278346699831956701e-02
1.266482905926069429e-02
9.330311033134100485e-03
2.380665636874516600e-01
5.568264074447814432e-02
1.042875342645176034e-01
3.486517205990410234e-03
2.238106041700680393e-01
1.038613073627238370e-01
7.978378054723052337e-02
2.296416578794670087e-03
-5.600152659517521926e-03
1.855358702443105356e-01
1.162997493010632655e-01
1.482840897800851709e-01
-1.427953779746087351e-02
