2.153325341296953965e+00
2.383097289489868764e+00
1.713064132939956297e+00
-1.262053179418468063e-02
5.113244690504649137e-01
4.151534979449923446e-01
5.365101757307189773e-02
2.300871396730015395e-01
7.567241479685082872e-02
1.003763297230817336e-01
-4.330300399268531032e-03
1.830493394280555963e-01
1.033867927495852601e-01
1.171823901926583311e-01
-2.679782321621739134e-03
-8.285115095678150313e-03
1.482364248993027767e-01
1.005038669992705941e-01
1.646309072294910303e-01
-1.555245594318102435e-02
2.709561082351332612e-02
9.908909846881901878e-03
2.347394380435085526e-01
2.736622767421404909e-02
2.429401832999598110e-01
4.884933086581864231e-02
4.962575575017239005e-02
1.848742206053890363e-02
1.281072324167946419e-02
2.385451973323567398e-01
3.136964025886328222e-02
2.358412099366255232e-01
3.404073840913388049e-02
2.268737663695606921e-01
2.123681961446194019e-02
2.418415034361792171e-01
6.864724663623573975e-02
1.093811986778714385e-01
-1.014877279018053073e-02
1.262111012186545866e-01
9.285954735181722874e-02
1.837172575107587080e-01
-1.459051588674098801e-02
6.376076547155634655e-02
5.282034289184559667e-02
2.260981117880256352e-01
9.535181680242262037e-03
2.071225445482472449e-01
9.693076539212468201e-02
7.223123982704507395e-02
1.414379990504763089e-02
1.075984937815847864e-02
2.401841852014181544e-01
3.337467286527733001e-02
2.283585125273668304e-01
2.386442106780098382e-02
2.455936233364724441e-01
6.168749668420697718e-02
9.966100823313243928e-02
-1.282953539241517456e-02
7.712732489451579188e-02
6.579241298896852663e-02
2.199931090905249964e-01
3.369948930223207705e-03
1.784708068533456815e-01
1.006289488200815818e-01
1.220720016577326317e-01
-4.782981490938832507e-03
-8.428301079397949175e-03
1.081206259241435097e-01
8.724942985500867831e-02
2.000362432648252198e-01
-9.702759710483371824e-03
1.041761984310349831e-01
8.074955948840417674e-02
2.029690530529484060e-01
-7.323136222245929181e-03
1.172967414042421497e-01
8.735224004990209401e-02
1.920931684638411963e-01
-1.260218450919776620e-02
8.603071250583463336e-02
7.107860680264257991e-02
2.157244762489894108e-01
-6.662876999366657005e-04
1.562426910557046245e-01
9.933366631835448268e-02
1.521254501925966840e-01
-1.353316373218224448e-02
1.053541552181063226e-02
-8.351255519282825210e-03
8.652367230369398254e-02
7.478211068518109128e-02
2.164986137995716375e-01
-8.084098256186510872e-04
1.552744918451572087e-01
9.916987103003868653e-02
1.534457538562058188e-01
-1.378619606009350365e-02
1.180022895674460483e-02
-9.071639990870183912e-03
1.081833179905851150e-01
8.708788978568984818e-02
2.017020702077580441e-01
-9.724644878702023640e-03
1.054935263335652906e-01
8.283388437828924367e-02
2.019203206355431601e-01
-8.854998534657803483e-03
1.095172468945778826e-01
8.403069928657132259e-02
1.978950879329271495e-01
-1.029487196785408912e-02
1.014483137841479948e-01
7.909727322352648471e-02
2.051148396581498612e-01
-6.240700941005988475e-03
1.243824259630351842e-01
9.004199255474928942e-02
1.860647927976397109e-01
-1.421312966933879068e-02
7.101548786461084339e-02
5.986134758043103882e-02
2.217911438704720795e-01
6.166093321228770241e-03
1.901613007878559525e-01
1.003922064439423945e-01
1.037986078086414604e-01
2.078965127443065108e-03
-3.985085777582499447e-03
2.083364039414662972e-01
1.011241253701540554e-01
7.584915849563908519e-02
1.181081959628842333e-02
9.668139528299906499e-03
2.409951488083053872e-01
3.505659556127442567e-02
2.264911072794233426e-01
2.107952710697207424e-02
2.415446068736898932e-01
6.925162633662691747e-02
1.098027286701756811e-01
-9.762487655836097483e-03
1.301926257302560563e-01
9.435318681496285276e-02
1.797767011959532923e-01
-1.516928755126988569e-02
5.550001242622719377e-02
4.509522400968053735e-02
2.292159507644958294e-01
1.344916638300230026e-02
2.219080281685718026e-01
9.124096950775362203e-02
4.036521290770824638e-02
2.078893180212875239e-02
1.408754379019318964e-02
2.385508284636410070e-01
3.028154827207778926e-02
2.386228937593240784e-01
3.814942946300105275e-02
2.011711299523389063e-01
4.225196271214703113e-04
1.705952112361217299e-01
1.012614156396092896e-01
1.339749168434899163e-01
-8.677793160689381557e-03
-5.135153637869216588e-03
5.651196478345273111e-02
4.989160220956732894e-02
2.299523424843266661e-01
1.295767256312458857e-02
2.199442242543903636e-01
9.221159944437368194e-02
4.223507202288315915e-02
2.564444548353815578e-02
2.238533162135931953e-02
2.386504318901586374e-01
2.779797187142132864e-02
2.431992004363963955e-01
4.927456636188658201e-02
5.298556191800816995e-02
4.200424553807012747e-04
-3.782338992736530674e-03
3.876258509363473409e-02
3.163945744564729962e-02
2.347915905158017014e-01
2.173308090207135002e-02
2.414874744117745109e-01
7.331734717215444841e-02
1.108984529398335528e-01
-6.680706680106894210e-03
1.582236349208051562e-01
1.009505267351931551e-01
1.512130963127889249e-01
-1.315268764491622430e-02
1.034089440329314866e-02
-8.042133238600146505e-03
7.433486349075144051e-02
6.492918351920216880e-02
2.223352619893074755e-01
5.991617899258436242e-03
1.854338550521142381e-01
1.001703160679010829e-01
1.122128840551171597e-01
-8.865136329589090418e-04
-7.667108971809119891e-03
1.619087508976997658e-01
1.026778266932142913e-01
1.467607637571882173e-01
-1.229396174864112040e-02
3.545665204750165101e-03
6.839130907318433615e-03
-5.173690703160760407e-03
4.584117843215498173e-02
3.981170838106638799e-02
2.332960346998285139e-01
1.827225626857590518e-02
2.342848467494719200e-01
8.261855428096850917e-02
9.915267570668734320e-02
-3.695175434589505203e-03
1.854371847783828908e-01
1.028044210945767145e-01
1.141817518633847645e-01
-1.358140374661500477e-03
-7.922556092430473734e-03
1.564014399130783661e-01
1.019119649777440184e-01
1.538009763044686784e-01
-1.379049361979990326e-02
1.077285065218320029e-02
-8.658111980905209074e-03
9.193429075840690856e-02
7.844019927602553788e-02
2.128248785126091169e-01
-3.238142039158849617e-03
1.420776556195246509e-01
9.669822019901054555e-02
1.681350787580297435e-01
-1.560569858834852733e-02
3.238784025847183529e-02
1.934084245325833756e-02
2.350561718518766607e-01
2.501493610436338055e-02
2.451257414508829502e-01
6.166997464621074704e-02
9.974358302891161987e-02
-1.282961350304687165e-02
7.794369007206519706e-02
6.664135652330997750e-02
2.192161533536059470e-01
2.996295042742323084e-03
1.761987990735703336e-01
1.008218586008305800e-01
1.266151303553665897e-01
-5.983738376032497405e-03
-7.926068514604487150e-03
9.176121628368610894e-02
7.870125777572449521e-02
2.112821555592317990e-01
-3.119906092564106535e-03
1.412146847132673411e-01
9.524375460632729384e-02
1.699193133302881187e-01
-1.555134555979583409e-02
3.794559834028658069e-02
2.572289927862698306e-02
2.334369018579028898e-01
2.204394257462793938e-02
2.419817039069917519e-01
7.022140752192185253e-02
1.101126481937993451e-01
-9.911803790269785655e-03
1.303096655385156399e-01
9.388102560375263805e-02
1.807134911608041794e-01
-1.515943929396840542e-02
5.469277433235397723e-02
4.592728471382223621e-02
2.293174074633457793e-01
1.405715043234705489e-02
2.207674101164438796e-01
9.173624734014031168e-02
4.180973911387830810e-02
2.628253830480456812e-02
2.253288696704331198e-02
2.391296070688353481e-01
2.889318965648108445e-02
2.438541186453812848e-01
4.950779913614340721e-02
7.697798195195663939e-02
-1.150837266453103198e-02
1.040689407867267241e-01
8.398658218778165541e-02
2.044675017580024623e-01
-8.279114034008064338e-03
1.148843984280054353e-01
8.718192604948521440e-02
1.943081050056964243e-01
-1.199889905496357573e-02
8.797191428822742632e-02
7.207886367497085001e-02
2.131413841793554642e-01
-1.544722551749507086e-03
1.486608727734964885e-01
9.728054194381768882e-02
1.594453455868942438e-01
-1.506027915526760540e-02
2.136274828933714537e-02
1.007402047511802992e-04
2.326217372414525197e-01
8.841125410762418202e-02
9.297500305719688662e-02
-5.675239675553368779e-03
1.718495314877535596e-01
1.023029974337246600e-01
1.313579121792536886e-01
-8.366133493442999558e-03
-5.860101220318519877e-03
6.868709683970528057e-02
6.196148757428541348e-02
2.259507405256471757e-01
7.320563342317522836e-03
1.941878219444198583e-01
9.999857352016854051e-02
9.634309207790379970e-02
4.732314687911431429e-03
-2.477804579167273936e-04
2.341983974974038429e-01
8.955988281518978411e-02
9.083399975212724797e-02
-6.617594855593984630e-03
1.699725133410099620e-01
1.027528408792465348e-01
1.361168806182547486e-01
-9.169299199360646593e-03
-3.058083157954650730e-03
4.098281380054639988e-02
3.452287774529299441e-02
2.347253342700296452e-01
2.066139184572861331e-02
2.397915905918382440e-01
7.619296063640662586e-02
1.102567776573319669e-01
-4.502602922181840953e-03
1.758046623614870352e-01
1.025548369564607543e-01
1.285514475057993045e-01
-6.506078685978327301e-03
-7.054503386505208209e-03
8.047922405174123828e-02
7.061902943865742965e-02
2.191625796210219246e-01
1.973759060908113032e-03
1.664730365807108869e-01
9.944260010662651916e-02
1.375851857838574777e-01
-1.031488036091973010e-02
-1.580021313694197384e-03
3.555617473857908967e-02
2.690693996292291626e-02
2.347940088262832348e-01
2.320032261152864261e-02
2.428766787669810190e-01
6.711330226639504459e-02
1.068766290914378442e-01
-1.166845885213755631e-02
1.075367703865715285e-01
8.478336882866986668e-02
2.002284983656882345e-01
-9.557237284894520846e-03
1.035324525967698944e-01
8.155817489002212262e-02
2.016511210255715891e-01
-8.172748871532600073e-03
1.133207664169013779e-01
8.533543833273231349e-02
1.955774336118955570e-01
-1.149276222372156916e-02
9.575966506489436147e-02
7.683713534083581875e-02
2.077635796898491538e-01
-4.987478321870924061e-03
1.344418895572801753e-01
9.421245491341806444e-02
1.767239010497632656e-01
-1.551336287126310609e-02
4.734903443202627404e-02
3.753138076468598427e-02
2.322475565737862901e-01
1.754489201168223447e-02
2.303766049719845332e-01
8.363418326513391565e-02
9.543864202301854949e-02
-4.835265025306968376e-03
1.792095496137763311e-01
1.027773662204042315e-01
1.242901531926800252e-01
-4.830298985682853277e-03
-8.161874211104274204e-03
1.038716155495429394e-01
8.576221033353045864e-02
2.043487933821213076e-01
-8.132396719172808180e-03
1.135102394484864968e-01
8.585254776892876916e-02
1.946224638865563239e-01
-1.159299032614383163e-02
9.201022359468627454e-02
7.359845199188690124e-02
2.116017654052888552e-01
-2.125942479857299318e-03
1.463683563381220631e-01
9.662414326812188148e-02
1.642311027857295547e-01
-1.520440658498138295e-02
2.857582715376669191e-02
1.275445233009379897e-02
2.344422211040157467e-01
2.672387064788046482e-02
2.434790353280870123e-01
5.282540430078795646e-02
1.016360038989260056e-01
-1.250984249275775666e-02
8.857542438244740690e-02
7.433135000623157518e-02
2.134543023956622099e-01
-1.755048633195601575e-03
1.472217638897118375e-01
9.687985177893237987e-02
1.610467195897863912e-01
-1.523364120618287375e-02
2.368855956326348239e-02
4.077982132428575879e-03
2.473552460171826173e-01
6.709862372713304435e-02
1.016989679069111030e-01
-1.276646021606108600e-02
7.954396226274101922e-02
6.870026292832859260e-02
2.181882721817844928e-01
2.398068986927574114e-03
1.694747116095643713e-01
9.987859596980627752e-02
1.362833550499724655e-01
-9.085693325615012972e-03
-2.606188045524874403e-03
3.955038892323785304e-02
3.288800465326829903e-02
2.354027325684056038e-01
2.123836392773225182e-02
2.390879804899593564e-01
7.334326438032466589e-02
1.113175541055771156e-01
-6.573038306021967113e-03
1.612613760266496943e-01
1.008688034694738139e-01
1.486747121430062046e-01
-1.321222088146870727e-02
7.655050983368556772e-03
-2.555516384424576237e-03
2.701543925410106878e-02
1.517359794085730573e-02
2.368823621459309470e-01
2.765890820365175112e-02
2.447864568851965961e-01
5.128865186796803532e-02
1.054444917920565883e-01
-1.038834073609275037e-02
1.246136860403360969e-01
9.204963697123280664e-02
1.864794123783159452e-01
-1.422743650812396607e-02
7.073056060683929891e-02
5.963380799100563567e-02
2.219398945802882051e-01
6.313438450788836157e-03
1.905676947535682453e-01
1.002181613898101287e-01
1.029274221987375726e-01
2.369826835540950888e-03
-3.603973823946999069e-03
2.115395990457821229e-01
1.003324231902307656e-01
6.911849356645691222e-02
