3.038629476885467362e+00
1.125491975032068881e+00
1.406464229496023233e+00
7.510211634107198941e-01
7.661591200720851980e-02
1.208476329113769218e-02
2.972014932481198968e-01
-2.448342185072464525e-02
-7.528049795738345207e-04
7.987117404469130932e-02
-5.053431559139187797e-03
2.175588736720847349e-01
6.785957143170729192e-03
1.991402754008757270e-01
7.886453135137687365e-03
2.124692741315650224e-01
5.889619202457964039e-03
1.979131966186762903e-01
8.460433948493738254e-03
2.123604902214193957e-01
6.253945824223464123e-03
1.963131015410333746e-01
7.312110213995977326e-03
2.122210917019363152e-01
6.516247829172375911e-03
1.975513458038550274e-01
7.924710274660830278e-03
2.127118707572297207e-01
5.022516938389023911e-03
1.946794523503669327e-01
8.533051101224469609e-03
2.171734559955277033e-01
5.109444181725573270e-03
1.912826213257279584e-01
7.468791096910135097e-03
2.182681311244618616e-01
5.226163609161530929e-03
1.879282582420202519e-01
8.096277117053261863e-03
2.196278453954541576e-01
5.216204108094174563e-03
1.871461862328854531e-01
8.691328509523102430e-03
2.212544473276480961e-01
3.370991521764666893e-03
1.825984851450270507e-01
9.291924877124355803e-03
2.264545619190955206e-01
3.200914754853062885e-03
1.775178044983643788e-01
8.200747441698848922e-03
2.285292842279730841e-01
3.022158799323220943e-03
1.756587419923463234e-01
8.497614178560743137e-03
2.295244601457247513e-01
3.031454733939946411e-03
1.722275954055170200e-01
8.930758020754088131e-03
2.303366587000029164e-01
1.364056937503136963e-03
1.687961548711911508e-01
9.259070586452575191e-03
2.337496417867273024e-01
1.581142418782661551e-03
1.663559347557463930e-01
8.127090804876287156e-03
2.339214398059571431e-01
1.740342476167834520e-03
1.665981902969558281e-01
8.386542743900056440e-03
2.336959317475542086e-01
3.170412617442925837e-04
1.651037992560572820e-01
8.753315124550369378e-03
2.333292594435124045e-01
6.607920601932101151e-04
1.635890544864875285e-01
9.141654536006287024e-03
2.357833060830342442e-01
1.064848817618313731e-03
1.624910688853118401e-01
8.006589734934246860e-03
2.352791356258293609e-01
1.433138581031187173e-03
1.641090919127105030e-01
8.344166953461306518e-03
2.344540108265507627e-01
1.455444968556365501e-04
1.636008912297470808e-01
8.875024277595136568e-03
2.371198791995511868e-01
4.766640253368137174e-04
1.618983115155942787e-01
9.132109576381046423e-03
2.361995863907316029e-01
1.099205582158722938e-03
1.617461743660139617e-01
8.050924688992853323e-03
2.351362792894823861e-01
1.560779380959893391e-03
1.642519018196687275e-01
8.440679988156261221e-03
2.341254204548260387e-01
2.633013454694694026e-04
1.634963344920131456e-01
8.861135250061928648e-03
2.364742763807973769e-01
7.144429162159894988e-04
1.625674961256325934e-01
7.711775753416111323e-03
2.356222979646111770e-01
1.254942886260816681e-03
1.621238258503135687e-01
8.175107319519019783e-03
2.347945173535737062e-01
1.599609517703630933e-03
1.642159338479278197e-01
8.517109615200649242e-03
2.338353638721970829e-01
4.362739380950469981e-04
1.636621497408629611e-01
8.936400909336103537e-03
2.362114116385436446e-01
8.415760142996696509e-04
1.630325730466117562e-01
7.879905298902596666e-03
2.355398365789893311e-01
1.149851274198935170e-03
1.644975223450191315e-01
8.139048094069269157e-03
2.346028648402743444e-01
1.792517181260906657e-03
1.647005857459516720e-01
8.738568944451696047e-03
2.338974699765020426e-01
2.998896127270559570e-04
1.626180385701729292e-01
9.022296304473695350e-03
2.366124588007453566e-01
8.210931072011209801e-04
1.615452555225069253e-01
7.836295526767851627e-03
2.356602093564322820e-01
1.349736016689638204e-03
1.645076407375310190e-01
8.233101474033090172e-03
2.346068524444390735e-01
4.675380250851143057e-05
1.637864906567765011e-01
8.790622358369915013e-03
2.340303921982964386e-01
3.888974862542651789e-04
1.623723962786446373e-01
9.091201166437138520e-03
2.363226983754300181e-01
9.302491036861188986e-04
1.618557166892830301e-01
8.021551253017247807e-03
2.354316823571847017e-01
1.254732310080747910e-03
1.635086000452264654e-01
8.283903235226253853e-03
2.345904753038836055e-01
7.306282952197588887e-05
1.634808259032442534e-01
8.745434895025230859e-03
2.365257826674581065e-01
5.596828851831268156e-04
1.628040118495895916e-01
9.159643159572555121e-03
2.358356012875407470e-01
1.100769921204154764e-03
1.623388303858298021e-01
8.029950388501728292e-03
2.348710103253011383e-01
1.647763366811805978e-03
1.649280510993151594e-01
8.575939506996622941e-03
2.343295288380735086e-01
1.346385286814575201e-04
1.630358676884555436e-01
8.837091605201310984e-03
2.368012296855727672e-01
6.655355194009223135e-04
1.626860685225715586e-01
7.724295381806041590e-03
2.355566259426727371e-01
1.137253877966331976e-03
1.618419627335893340e-01
8.127312873242573121e-03
2.347140550971228423e-01
1.644859538419671946e-03
1.645533938425957077e-01
8.647276317470253826e-03
2.342969170223198616e-01
2.396775919009758128e-04
1.629459736735344721e-01
9.017054916017022692e-03
2.370136930932761066e-01
6.254713624401497807e-04
1.615439207531552679e-01
7.749931714900491070e-03
2.359863966219032938e-01
1.130329936156278595e-03
1.641422506912433021e-01
8.190819122006573472e-03
2.351396372635400633e-01
1.673471261428777224e-03
1.635957358899960412e-01
8.616296453041398518e-03
2.341424795820648275e-01
3.020941566098784246e-04
1.628853134755080534e-01
9.019451194041194081e-03
2.367333779836043872e-01
7.594144028505646783e-04
1.617069362154957279e-01
7.918202964402300259e-03
2.360915132615266643e-01
1.161740396060175623e-03
1.638375946316470988e-01
8.256905160515148195e-03
2.349356472096434389e-01
-1.146947240063984907e-04
1.633466099973948094e-01
8.596414949494791957e-03
2.336350828891084752e-01
5.411200814550234679e-04
1.632876903328732698e-01
9.243626709900712446e-03
2.366963063090701258e-01
8.595199135136540394e-04
1.614747590919687892e-01
7.902497941976650842e-03
2.353021822445336975e-01
1.210287647602101280e-03
1.635396562220010896e-01
8.262312708177541737e-03
2.345316816385264458e-01
7.844933247750643032e-05
1.636905069780041078e-01
8.762524058768796087e-03
2.368529342941019245e-01
6.054244033801082017e-04
1.627976981556380764e-01
9.088382394539826908e-03
2.357150298114839837e-01
1.163288958948921308e-03
1.625518481768433166e-01
8.061805449499017881e-03
2.347489954611043927e-01
1.468610019350697661e-03
1.643400048246617950e-01
8.478139298932988593e-03
2.344552651491217388e-01
1.324610459688055353e-04
1.635724412984967402e-01
8.865834793195744717e-03
2.367484708429316020e-01
6.216236970570656814e-04
1.623819193355053314e-01
7.668570246139268243e-03
2.358129110071129353e-01
1.138266285390337638e-03
1.617243475798908758e-01
7.963168839649247335e-03
2.346605985023119678e-01
1.812986870564068688e-03
1.653881633714369692e-01
8.541716178810169341e-03
2.335254376579070645e-01
4.411032384481019565e-04
1.643752638656959253e-01
9.005356250257157830e-03
2.360313584435697609e-01
7.137734547068221198e-04
1.626849044184699722e-01
7.806993960314742576e-03
2.355895832001660695e-01
1.203627693592999957e-03
1.645767407826490836e-01
8.060758763642004998e-03
2.344861575652024410e-01
1.846763522806313179e-03
1.646795520161500881e-01
8.569450767848079548e-03
2.335731120582505982e-01
5.353926394694092684e-04
1.639932831545644065e-01
9.025280704726829084e-03
2.361955442389883641e-01
8.739879436307617516e-04
1.625380707020903093e-01
7.894417556193581570e-03
2.355338339972380401e-01
1.255839052024464945e-03
1.647277367922659053e-01
8.263114018317488374e-03
2.345392100026328641e-01
-1.314051312459279912e-04
1.635843713452764803e-01
8.638054971913271263e-03
2.337845451910698369e-01
4.281675054120682306e-04
1.629263653066602424e-01
9.059785676667642812e-03
2.361759556456001219e-01
9.751702502687937830e-04
1.625620340413806986e-01
7.920771049138216127e-03
2.351223019105538881e-01
1.511547733459735893e-03
1.649101410702778492e-01
8.289154458147866833e-03
2.341488929231939353e-01
2.635614204385387403e-04
1.644405744833292438e-01
8.759481894624290832e-03
2.364746620037427582e-01
6.134139355176379017e-04
1.637123435111344782e-01
9.305062559569698966e-03
2.362397013498557519e-01
9.971060310704142442e-04
1.616709309131890149e-01
7.962790719104877180e-03
2.351554686975766417e-01
1.510719468219816862e-03
1.644114502202011496e-01
8.452153530849892266e-03
2.343887707872806536e-01
1.040080576468573915e-04
1.635219833233833575e-01
8.778575375354232338e-03
2.365699495693365240e-01
7.037288213531164155e-04
1.628906182552282700e-01
7.646201916862577219e-03
2.357222261199795332e-01
1.185618689913080486e-03
1.623887510138475598e-01
8.182816381578705139e-03
2.351091105415816784e-01
1.596259204240008632e-03
1.641539135151725282e-01
8.540570550224099722e-03
2.343223971387330962e-01
2.283464460784705337e-04
1.631294345595072637e-01
8.924551076866266142e-03
2.367235286239735559e-01
6.837956660650763114e-04
1.622640200585150627e-01
7.848793027364860120e-03
2.361929792554590679e-01
1.030528068763740535e-03
1.607148549111032110e-01
8.102515187463313340e-03
2.349121733180001836e-01
1.580229308088238350e-03
1.638514486179597496e-01
8.542627940370365464e-03
2.339900822625909371e-01
3.377486034858989683e-04
1.630486041776368078e-01
8.966638356043207803e-03
2.364388675115240146e-01
8.031003579415819243e-04
1.622419153279122117e-01
7.907262554173215968e-03
2.359745583212981279e-01
1.257534670952260803e-03
1.643124955207275750e-01
8.150954287269723819e-03
2.345395402016879072e-01
1.826929576371128048e-03
1.641508170522008037e-01
8.636151607321625179e-03
2.336765740603814201e-01
5.038479932242719006e-04
1.632902593742180108e-01
9.034046204931100305e-03
2.360609740181511818e-01
1.049016890042804486e-03
1.628032592907524556e-01
7.951061921241828201e-03
2.354577539493967198e-01
1.383235837976084376e-03
1.643918919087554997e-01
8.274207827202673116e-03
2.343933221416545643e-01
9.621614064867769697e-05
1.639928048316341702e-01
8.697673993293093125e-03
2.333793184600800874e-01
6.385029444436799394e-04
1.637393204162045646e-01
9.148805924157787928e-03
2.356047348644476069e-01
1.157089038077829335e-03
1.629187008035589967e-01
8.033616009202890554e-03
2.348341563861111037e-01
1.568232854206280278e-03
1.649740111471426074e-01
8.430032109401762452e-03
2.339851431588817476e-01
2.709692739872723508e-04
1.643259549450418466e-01
8.936760621321274134e-03
2.368504981356656658e-01
5.806038745235615967e-04
1.624496166433025135e-01
9.165005937945107373e-03
2.358689710906773374e-01
1.119798230206288034e-03
1.621242625236966883e-01
8.090210998777994794e-03
2.350618374979603631e-01
1.517429059414900343e-03
1.640704898340511753e-01
8.559116907491233495e-03
2.345449243183829469e-01
1.394139003388639164e-04
1.632329139620204705e-01
8.851381781350439390e-03
2.365360718340480395e-01
8.099875046667132268e-04
1.630193411641974177e-01
7.801017121297257328e-03
2.356537145300379721e-01
1.134165589686325724e-03
1.615729169833737267e-01
8.122964484470061169e-03
2.348945436037079837e-01
1.655634805034572870e-03
1.639701317119240664e-01
8.548726214508771404e-03
2.343051634588342869e-01
2.804182404862382884e-04
1.631036855997414214e-01
8.930921372691913440e-03
2.363004850323384698e-01
8.126175610018993023e-04
1.625707092316068803e-01
7.839714387917751104e-03
2.355814748237110012e-01
