3.927169636293667665e+00
-1.308174224724553691e-01
8.407649967749371012e-01
2.300092595419484798e-01
4.032446705279688626e-01
6.838127614625628958e-02
-2.306437172015341625e-02
1.514793492568902722e-01
4.605453304647651180e-02
3.275580571688849890e-02
7.330582530473449265e-02
5.189906854612255649e-02
5.122766997028711800e-02
5.767341663694534881e-02
5.384929991562006912e-02
5.387933664584370480e-02
5.469616030065767298e-02
5.381627437699838118e-02
5.382119413504783678e-02
5.671817884292942868e-02
5.653831625008588768e-02
5.645492976107732014e-02
5.619452527071241987e-02
5.617047287939017086e-02
5.583175784136065745e-02
5.600027743039211886e-02
5.550896975891207730e-02
5.548722084777217567e-02
5.539151163614904755e-02
5.510656166245094661e-02
5.507308990123097048e-02
5.483451443916440710e-02
5.468409014255989908e-02
5.455202057919309594e-02
5.450488668041501839e-02
5.421086955854670375e-02
5.396862516842775015e-02
5.394591319437792853e-02
5.684269886881402473e-02
5.656221293473655265e-02
5.652301211616778120e-02
5.623360695612815430e-02
5.628453464158740538e-02
5.585876735640440960e-02
5.581714990003718013e-02
5.576696466622764470e-02
5.561405811228922746e-02
5.526668179872427228e-02
5.526559259623535503e-02
5.508307102970311231e-02
5.489924954796193690e-02
5.471961072542845528e-02
5.475249138105769270e-02
5.434330637570295580e-02
5.429863124005278319e-02
5.428190778690492047e-02
5.395618141280994484e-02
5.387599740709662216e-02
5.676081578199802802e-02
5.645160412055044707e-02
5.649281443422580345e-02
5.614664500930251212e-02
5.624566878251555796e-02
5.569654879262148084e-02
5.591566070221146156e-02
5.558201070492098383e-02
5.548308443607458812e-02
5.535704345774067336e-02
5.506706309947208278e-02
5.503699545775492252e-02
5.463613074369214062e-02
5.470289139303153442e-02
5.460495734876538027e-02
5.443376563619265612e-02
5.400265082697236485e-02
5.420807631971143181e-02
5.394024737427109695e-02
5.675482018392453282e-02
5.655458818427044204e-02
5.642777278718531103e-02
5.625557027369874896e-02
5.614329645086971882e-02
5.593565275330125014e-02
5.594882308763074463e-02
5.555265858190958778e-02
5.555585114880391695e-02
5.528628066168891908e-02
5.514583767435148054e-02
5.510719380681031176e-02
5.485307499108572904e-02
5.478236715875284962e-02
5.453429422530210735e-02
5.448067843222816065e-02
5.431770764333236634e-02
5.401620917432863739e-02
5.403320055041840875e-02
5.378808516312558186e-02
5.658229664408301329e-02
5.668237242486930810e-02
5.632765551597327530e-02
5.609479556874188283e-02
5.620416898102721659e-02
5.585009636254370524e-02
5.567322002617118570e-02
5.565271654445146099e-02
5.537876071141725060e-02
5.526032907018797041e-02
5.521772136475017190e-02
5.475511769220071240e-02
5.490864392742235423e-02
5.464018167186993763e-02
5.446206454087290649e-02
5.432764979716478426e-02
5.429106048067196960e-02
5.401256603823208907e-02
5.393674997001671884e-02
5.672715055169835763e-02
5.652306142795343602e-02
5.625345814253242260e-02
5.628693000125124801e-02
5.620213651052972242e-02
5.586632397395391997e-02
5.592931509328306211e-02
5.554581728608455615e-02
5.557013289974534198e-02
5.530706627700815448e-02
5.520435615270617713e-02
5.495552642094431173e-02
5.481516047595106494e-02
5.472966794042220806e-02
5.459060532935004761e-02
5.460129018967281589e-02
5.415700927351869975e-02
5.395440111739067957e-02
5.408715099574984420e-02
5.372282998643294200e-02
5.664456155625933326e-02
5.652960409584812523e-02
5.634989977053650456e-02
5.615126695565192394e-02
5.603627084240618561e-02
5.587750014810881349e-02
5.569149814198365300e-02
5.552282227175953100e-02
5.548477218888956536e-02
5.516361844127941338e-02
5.517789253176095393e-02
5.482820067270835485e-02
5.529888831844625291e-02
5.441673888353414784e-02
5.451002522571446463e-02
5.438708995263254187e-02
5.422828543049272587e-02
5.398806008899209585e-02
5.396726889915723357e-02
5.670325495640234081e-02
5.651084749346892838e-02
5.643661895308931670e-02
5.630350057589460916e-02
5.607895674542334730e-02
5.597070160508846315e-02
5.594294530422139200e-02
5.550965439805566337e-02
5.561013564321911490e-02
5.511867075313184317e-02
5.524055544278089896e-02
5.503048553156519168e-02
5.473920916004006154e-02
5.476423040963165206e-02
5.436678646169911672e-02
5.451913802604298198e-02
5.426372033719534249e-02
5.402796368412649680e-02
5.394104707236134499e-02
5.681862862314224910e-02
5.664956763357764657e-02
5.656415308763473176e-02
5.621779526966330653e-02
5.625201796357559569e-02
5.607161400789161670e-02
5.586405442112769848e-02
5.564049465820902762e-02
5.554400940917426227e-02
5.547264666596562338e-02
5.522096388373631815e-02
5.495772871981642604e-02
5.502673358371849843e-02
5.485360762265527323e-02
5.440638983157174841e-02
5.466148018684313659e-02
5.421392283544396173e-02
5.419019878016405334e-02
5.403898252437021321e-02
5.377791093169048686e-02
5.681253730219497367e-02
5.640445510681590946e-02
5.650213387208575383e-02
5.622974484854964539e-02
5.608115845248926035e-02
5.585435654682562034e-02
5.574056090021543147e-02
5.562525540061660084e-02
5.543043928431462541e-02
5.531908767941164790e-02
5.502305362837817126e-02
5.510415556024034212e-02
5.494825823860220726e-02
5.468141226207792055e-02
5.455062680877503095e-02
5.424444203843009626e-02
5.439986746801461770e-02
5.390474882610597068e-02
5.394263862824209832e-02
5.665872235751615027e-02
5.668015473539849552e-02
5.638268643198525443e-02
5.660205677238051847e-02
5.591981388186240826e-02
5.607324826608284241e-02
5.578811557119509046e-02
5.561852020455421153e-02
5.555402295697756121e-02
5.534782177156179206e-02
5.521615731911208580e-02
5.498316622231977369e-02
5.486544797009382246e-02
5.519106233143616230e-02
5.442759269854413606e-02
5.444474422342934772e-02
5.437481579863896047e-02
5.419208094969369532e-02
5.389725622309735759e-02
5.395316260009090648e-02
5.646891628781622319e-02
5.668274863114151907e-02
5.637440519676951978e-02
5.626782107373394515e-02
5.595478776023078693e-02
5.611358838909945301e-02
5.550914577210172562e-02
5.578294139272420987e-02
5.522312738621298900e-02
5.541124239006607610e-02
5.515718390530743170e-02
5.487934931209310918e-02
5.485619812849662491e-02
5.470292043423610751e-02
5.459859358156878006e-02
5.426702371157626076e-02
5.417510504490076484e-02
5.406079958712277367e-02
5.397330913200356489e-02
5.670859826614921273e-02
5.654663020772429660e-02
5.648332339503559646e-02
5.630867878895805950e-02
5.603129007550312901e-02
5.601416232977461662e-02
5.574082865802064413e-02
5.558769041107542580e-02
5.557548732943029535e-02
5.527747222686326539e-02
5.499390884918988615e-02
5.525952854682067428e-02
5.481154582362893213e-02
5.469923342985123782e-02
5.461952350110808874e-02
5.434203853220663516e-02
5.444469685322064073e-02
5.408183700539104938e-02
5.393194428620547154e-02
5.387438082134542172e-02
5.664633487576063720e-02
5.664850356854656682e-02
5.621453024335151122e-02
5.615845945616822210e-02
5.617992852316942148e-02
5.570237660701611582e-02
5.572423398734926980e-02
5.592249312329441308e-02
5.526026853004040174e-02
5.527435384723865947e-02
5.517354759369009348e-02
5.500672998123949664e-02
5.477051114231232254e-02
5.476676284252782190e-02
5.447408305970160430e-02
5.423906244379662900e-02
5.428016733471816707e-02
5.403625319315633058e-02
5.381123061489326287e-02
5.671573419815975625e-02
5.654233390135972315e-02
5.647215840316056196e-02
5.618394049760497971e-02
5.605182066100284494e-02
5.597618910340654286e-02
5.571605323055928150e-02
5.567839889606887582e-02
5.531895747856185874e-02
5.544359076210191029e-02
5.522934914570833131e-02
5.502934164156046692e-02
5.495079841511219670e-02
5.458094218623883720e-02
5.443114937677418635e-02
5.448018366082105907e-02
5.429834823485679696e-02
5.425907501301070052e-02
5.385668128362135904e-02
5.675858880507454046e-02
5.666928556562426944e-02
5.658036259479323760e-02
5.619925230550362749e-02
5.615712543514017607e-02
5.603549784847999815e-02
5.578687973937684896e-02
5.571904238348247135e-02
5.550909406181193245e-02
5.544380066139484309e-02
5.525457992639207228e-02
5.516182022384986949e-02
5.489376264796937133e-02
5.465524928960036749e-02
5.475815889793170244e-02
5.454320672994815433e-02
5.423960536517353354e-02
5.422437840006188309e-02
5.401048600673595546e-02
5.381075862773527368e-02
5.692507932558786565e-02
5.641866211135820181e-02
5.622218096741939120e-02
5.636356112701661897e-02
5.598963511547511152e-02
5.602208853811073419e-02
5.574754805497159765e-02
5.558636713624838521e-02
5.548114065607801654e-02
5.535294831428813622e-02
5.521337305140250340e-02
5.501396277659769546e-02
5.478396606821076681e-02
5.467965080259627741e-02
5.457165139275381438e-02
5.445660495377395438e-02
5.427742256564946355e-02
5.394742274593282427e-02
5.392405367415915862e-02
5.673252978784266987e-02
5.665949515550265658e-02
5.644907772624092879e-02
5.636173645863559040e-02
5.612898424921040214e-02
5.597858015105580676e-02
5.572783897718032453e-02
5.564455565836248785e-02
5.556855170546286943e-02
5.517350409099769371e-02
5.539957057897450243e-02
5.486001854930161459e-02
5.497425424656859211e-02
5.471263509237224432e-02
5.469543742492510158e-02
5.452324936081025947e-02
5.422034863546624367e-02
5.426489601237716870e-02
5.394298006421401059e-02
5.386752057329289439e-02
5.671367928675589976e-02
5.653263042190645460e-02
5.635050138439962053e-02
5.626991859329967538e-02
5.578598034063041167e-02
5.597606321695323267e-02
5.589655796012507616e-02
5.553454958196293173e-02
5.522925290374908897e-02
5.547656712745527990e-02
5.490626158820984676e-02
5.512103071448916369e-02
5.471566090035733659e-02
5.461932069584829463e-02
5.466996453675797285e-02
5.421252448933522317e-02
5.431085175051987568e-02
5.405704976106402715e-02
5.374357250169728428e-02
5.699316210141297523e-02
5.657962280746378636e-02
5.635020402167073561e-02
5.636851407668688752e-02
5.591695469575668626e-02
5.606331798799558952e-02
5.583407363301726156e-02
5.572847100833508427e-02
5.545175179118257136e-02
5.533742717890778595e-02
5.528279138463042253e-02
5.490960225682468138e-02
5.495874095706475976e-02
5.468757983496352892e-02
5.467491415476757877e-02
5.440107034064458474e-02
5.425707794851775123e-02
5.393484455864963611e-02
