4.190097334249401229e+00
4.733733347365781108e-01
4.191663276608034172e-01
1.849952925516979985e-01
3.731630757670997278e-01
3.118473756567815558e-01
5.969162543180798336e-02
3.072720303358580929e-02
1.165871649453639886e-01
1.014053268698381916e-01
7.998179266152188882e-02
8.858363959332084259e-02
9.190853220012723535e-02
8.820355658797356113e-02
8.968356979671041063e-02
8.935369819069935438e-02
8.811130906627383241e-02
9.043867533954581817e-02
8.888478253801783413e-02
8.788555678039754182e-02
9.015997739841843939e-02
8.881368807861828030e-02
8.761546918173038212e-02
9.005865525924604265e-02
8.875962561745137647e-02
9.109188189412366354e-02
8.983640923544955470e-02
8.849247806041019015e-02
9.128990643773562952e-02
8.966541545957554260e-02
8.841979761313753516e-02
9.077282469595160386e-02
8.949800906579220838e-02
8.842286501752158467e-02
9.076195591974614563e-02
8.934816871114274750e-02
8.820192849918610800e-02
9.045625074623767081e-02
8.927552029773662412e-02
8.810776823352950426e-02
9.033948052003673568e-02
8.898702735830382737e-02
8.811684620046461580e-02
9.033222244641209153e-02
8.916621654697384769e-02
8.768845221326289352e-02
9.005957895123546664e-02
8.893446430137813552e-02
8.762523690303673785e-02
8.987886747468687432e-02
8.883896348409148214e-02
9.107737368405914580e-02
8.967953011949819642e-02
8.866478005307530663e-02
9.115238717193643869e-02
8.959267780916710389e-02
8.858714039482334934e-02
9.072062074847750401e-02
8.967123618697009357e-02
8.832959505661634736e-02
9.045647065414134935e-02
8.945972786777005303e-02
8.815050192029624809e-02
9.069182762450359037e-02
8.919132077890157273e-02
8.794267385866717801e-02
9.035871613923636414e-02
8.905375524817354949e-02
8.790027754479237676e-02
9.019061135615022429e-02
8.887301575523803843e-02
8.776433132860719799e-02
8.991795606826963327e-02
8.900675207554598067e-02
8.762349287506175644e-02
8.981261973582775615e-02
8.870411147185328082e-02
9.096419358292121005e-02
8.989796243630812644e-02
8.849151415278448674e-02
9.086258877734113004e-02
8.958006174515249775e-02
8.850080423376706362e-02
9.059473996457464984e-02
8.970996280907980736e-02
8.829644819913511078e-02
9.043713587006191323e-02
8.938098310938835667e-02
8.805653376796632181e-02
9.056475412442256678e-02
8.904655267983098421e-02
8.818435412453386191e-02
9.033229961973875122e-02
8.899596903671258552e-02
8.778144279443406139e-02
9.038994089827084855e-02
8.875273298799782329e-02
8.759448344993239766e-02
9.023565815739903462e-02
8.876110890253355312e-02
9.120201264635577343e-02
8.977504280534458203e-02
8.867607416976203139e-02
9.083727655724412042e-02
8.982473106354604830e-02
8.874392180679045727e-02
9.082441772322168150e-02
8.940169564259736745e-02
8.834587166493426680e-02
9.073694033431931039e-02
8.939227806736317616e-02
8.831119612263320373e-02
9.076403152776592320e-02
8.926288464524349819e-02
8.802237129192787279e-02
9.037378564515219370e-02
8.915670369625695868e-02
8.789014725443972109e-02
9.032218079901827013e-02
8.909330855588143416e-02
8.771155434676970730e-02
9.003134033278811788e-02
8.892673301585841961e-02
8.763768780388705992e-02
9.009611330084354996e-02
8.882444707184451727e-02
9.125358888598864016e-02
8.973728658321455942e-02
8.867241818458405922e-02
9.075647845022277727e-02
8.992166287069852659e-02
8.850680758071005627e-02
9.063371878364245848e-02
8.959693812442023897e-02
8.824362839183506890e-02
9.075305912879443049e-02
8.930683273080469720e-02
8.825261592348690454e-02
9.054299494295604822e-02
8.920916915701040950e-02
8.790504581181739219e-02
9.048992555742323141e-02
8.935251915077264961e-02
8.781017329439269603e-02
9.028043012721288785e-02
8.914351220748893689e-02
8.780945059320414969e-02
9.013015291360539083e-02
8.904516745619683871e-02
8.750701075048966660e-02
8.998787745422828777e-02
8.865300449900923030e-02
9.106158548071266456e-02
8.977787024174985198e-02
8.852099495141349528e-02
9.088611071602113733e-02
8.971737715610027253e-02
8.837572959858375210e-02
9.066130134464869816e-02
8.955165635462078444e-02
8.822775075726915772e-02
9.064512989374763630e-02
8.941864595206322486e-02
8.803270467404264443e-02
9.045773442771982975e-02
8.910881284990457285e-02
8.821131207126202411e-02
9.027576063210923651e-02
8.922039103567193374e-02
8.780045664291313834e-02
9.014665220581563609e-02
8.888511018915035145e-02
8.792397699598350491e-02
9.003795599915626058e-02
8.873621167995267289e-02
9.092706037370693051e-02
9.016266623744202680e-02
8.870706184048010590e-02
9.081160773149316023e-02
8.978033120601339179e-02
8.861658829715277075e-02
9.073450104982988540e-02
8.957258751937424712e-02
8.839761669877091443e-02
9.072595711281308817e-02
8.950232982094556700e-02
8.805382469719733041e-02
9.075154295836893037e-02
8.936448066457317041e-02
8.796055126752702624e-02
9.051099088178057861e-02
8.923741810095718596e-02
8.788607505805605402e-02
9.025537354423081304e-02
8.900398642925513859e-02
8.785698852348686194e-02
8.998162924044281197e-02
8.907301497556734116e-02
8.779172268117346745e-02
8.986340113446934785e-02
8.879736632210220859e-02
9.084812898353959720e-02
8.989841037918627764e-02
8.859783749954101839e-02
9.093436258266651695e-02
8.974351838733569953e-02
8.837581487031803684e-02
9.084149342755169776e-02
8.954528273865125509e-02
8.827384369750142235e-02
9.069409454072578647e-02
8.951223690292761659e-02
8.814458596390993550e-02
9.047224379191477761e-02
8.928259354610046383e-02
8.791618116094827851e-02
9.039722525942972542e-02
8.924648684805286392e-02
8.776398040479374552e-02
9.045394551058598409e-02
8.889245320452898724e-02
8.784341116724692089e-02
8.999845943514395152e-02
8.887391203111778826e-02
8.762536285801764135e-02
8.977260784216027634e-02
8.862733213646120656e-02
9.132953726974712971e-02
8.982664266272388787e-02
8.836559060605787830e-02
9.103476134401809750e-02
8.973993464310342505e-02
8.841247887613071232e-02
9.065556195413129736e-02
8.942600287844765239e-02
8.824651734341845688e-02
9.058800381858495010e-02
8.935760959152909411e-02
8.819088716742193301e-02
9.039293410748877600e-02
8.913510735909020710e-02
8.804466666693175347e-02
9.055857862807875636e-02
8.925541853526863800e-02
8.777773851775612368e-02
9.036212968571355475e-02
8.907314814300683337e-02
8.758742321302778744e-02
8.986380576238257867e-02
8.910456998032520448e-02
8.754820164029372687e-02
8.970583773405567396e-02
8.876696671181978637e-02
9.107116173842660922e-02
8.995877039069183345e-02
8.835341133005104874e-02
9.085259230145896481e-02
8.965195945738829719e-02
8.830187273329791198e-02
9.074355207835524406e-02
8.948798827918189036e-02
8.816514555603488512e-02
9.060498378263512342e-02
8.929772541637552574e-02
8.819069961505826560e-02
9.035497989905680316e-02
8.919992142272990809e-02
8.782152327495038047e-02
9.042698944729903043e-02
8.900084723212718651e-02
8.776663845062870895e-02
9.038672948948910102e-02
8.880373563359644784e-02
8.768480397763095402e-02
9.015037515397238133e-02
8.867406954320385115e-02
9.107146979541584642e-02
9.008832613681606871e-02
8.861787339797567997e-02
9.112457021324235629e-02
8.974048173758726599e-02
8.831354817767150811e-02
9.097567443006075727e-02
8.958099626232035595e-02
8.825628586492649530e-02
9.070847396102567350e-02
8.951423301973598923e-02
8.815547489738179143e-02
9.047679120698612354e-02
8.911652053414569064e-02
8.832149321964441469e-02
9.046789554359753460e-02
8.883322352593499283e-02
8.813928816239685604e-02
9.045150668008031247e-02
8.877803273287129815e-02
8.768361764970317163e-02
9.014604754853659807e-02
8.908951162271465385e-02
8.763001375821585781e-02
8.987932359236275315e-02
8.864231646397280340e-02
9.131819887728069574e-02
8.964280263763582668e-02
8.868337750343645298e-02
9.104691313329259239e-02
8.986353106535140134e-02
8.835981319074975859e-02
9.075254199401888711e-02
8.949328341385244523e-02
8.832017311037568263e-02
9.060125611681130176e-02
8.929870830238186008e-02
8.829982308943166991e-02
9.043083054924969111e-02
8.918927093568418396e-02
8.806614932185642675e-02
9.034941417435676803e-02
8.912358095463884800e-02
8.776452309542086272e-02
9.019313901858801164e-02
8.902339410306669976e-02
8.776894753921125891e-02
8.991496071001271739e-02
8.894920371916131829e-02
8.757780603379082540e-02
8.984159753554861461e-02
8.860535543141073722e-02
9.115592234508285152e-02
8.969837041116582310e-02
8.847495881570793808e-02
9.103410825356650360e-02
8.947949999802475018e-02
8.850909598326897609e-02
9.086471764237409598e-02
8.967670004342584433e-02
8.818716122814497516e-02
9.054602841793782386e-02
8.929732335181407576e-02
8.813922817403603560e-02
9.052136311251401946e-02
8.909391332921430540e-02
8.792510413796718327e-02
9.053281221518343080e-02
8.895153926265059185e-02
8.798319552920672026e-02
9.020083167072259767e-02
8.883099862356723386e-02
8.761129332543847459e-02
9.030186572415248303e-02
8.873753836933735706e-02
9.089282586748827220e-02
9.011730954088494061e-02
8.879444047573904764e-02
9.076874075640500861e-02
8.975837819438196863e-02
8.842582688079698994e-02
9.086549399564577967e-02
8.957678322528092596e-02
8.840963166963169972e-02
9.091354710864280042e-02
8.940273334940176952e-02
8.815631743370627715e-02
9.051902507421852317e-02
8.932713104315410935e-02
8.808794914616280280e-02
9.025394694903896009e-02
8.923833100419219233e-02
8.800693480320395667e-02
9.023634093965368641e-02
8.903470720533501748e-02
8.778007753358355036e-02
9.010203476467874839e-02
8.880227718806806003e-02
8.762612979403787417e-02
8.988350905982109285e-02
8.874948230423435058e-02
9.092867133499525634e-02
9.008513435967097083e-02
8.861252246887979522e-02
9.082530836229817106e-02
8.961234363896845856e-02
8.854744227407312929e-02
9.081893746824377944e-02
8.961191296870307799e-02
8.828772364528766903e-02
9.059575199901026554e-02
8.930545680073855019e-02
8.842797637516636167e-02
9.052257051009479638e-02
8.916294630149644573e-02
