1.515853851375536632e+00
3.093038384900466120e+00
1.794603581672804538e+00
4.255360093472339567e-01
3.979744263206917432e-01
1.639478558579359480e-01
2.554285017912469868e-01
2.862748364457533556e-01
9.295259183737498987e-02
4.031209344142402951e-02
-5.961935154315307732e-03
1.459429618826849767e-02
2.105209380862986882e-02
2.294876171866527814e-01
1.162213611475431119e-01
1.527384703509543085e-01
1.930131926236766660e-02
1.619820511845033451e-01
3.695719607116121352e-02
1.624947730991871675e-01
3.518108539228496923e-02
1.602156040125212177e-01
3.418872264877968054e-02
1.634738864212773035e-01
3.432312249369055129e-02
1.624757718168735876e-01
3.372838665507880279e-02
1.627333363639031916e-01
3.416803648546059419e-02
1.623744433732828285e-01
3.408917412747865944e-02
1.624443059367874920e-01
3.430092134454031105e-02
1.620546293971119600e-01
3.424933809795133177e-02
1.620453300608093450e-01
3.444914289362260157e-02
1.617799976815008367e-01
3.446417020263906061e-02
1.617214226973849311e-01
3.461727362404763697e-02
1.614767041166004502e-01
3.465599172009386358e-02
1.615086227836282362e-01
3.482958992627888800e-02
1.611237969554218386e-01
3.478923146761579710e-02
1.629752132707814605e-01
3.392101242768449237e-02
1.626882884480058411e-01
3.392608578913895029e-02
1.626680461161829905e-01
3.409182325259058066e-02
1.624239610301876913e-01
3.411520762287266473e-02
1.623183449143487667e-01
3.424395924543562064e-02
1.621389517726244400e-01
3.431241596780920666e-02
1.619961699688025336e-01
3.441223248546228936e-02
1.618363599394963548e-01
3.449715098058689366e-02
1.616844548917403257e-01
3.458925303354422331e-02
1.615292223174340513e-01
3.467838936963517360e-02
1.613755919297530095e-01
3.476909406089632310e-02
1.612214466449972683e-01
3.485939007575725168e-02
1.629187602515844158e-01
3.387596030419674775e-02
1.627636245834135909e-01
3.396455283595938013e-02
1.626086466690877252e-01
3.405337218236348384e-02
1.624537665896698679e-01
3.414236025802523666e-02
1.622990076425115946e-01
3.423154005599748917e-02
1.621443610033002636e-01
3.432090274063755858e-02
1.619898298983316887e-01
3.441045166879357076e-02
1.618354131901805215e-01
3.450018566686263721e-02
1.616811112652790927e-01
3.459010518683126173e-02
1.615269239968420978e-01
3.468021011753591454e-02
1.613728514213544907e-01
3.477050053521121842e-02
1.612188935189375338e-01
3.486097645372950027e-02
1.629161095741233634e-01
3.387743891447823896e-02
1.627610067266878902e-01
3.396606428124592653e-02
1.626060185983087270e-01
3.405487489615735552e-02
1.624511451451294830e-01
3.414387075864638854e-02
1.622963863904522130e-01
3.423305191979378326e-02
1.621417423192812457e-01
3.432241839894811797e-02
1.619872129404840988e-01
3.441197023502889918e-02
1.618327982501633899e-01
3.450170745476394130e-02
1.616784982412595717e-01
3.459163008772227210e-02
1.615243129247908305e-01
3.468173816997222048e-02
1.613702422869544295e-01
3.477203172591759872e-02
1.612162863394741019e-01
3.486251079397689745e-02
1.629134810414142320e-01
3.387893875606372285e-02
1.627583801461316704e-01
3.396756726747779398e-02
1.626033939619624391e-01
3.405638101865390149e-02
1.624485224404000061e-01
3.414538001493112873e-02
1.622937656353310443e-01
3.423456432056486143e-02
1.621391235184019008e-01
3.432393394304832090e-02
1.619845960667747053e-01
3.441348890992058929e-02
1.618301833220865960e-01
3.450322927578125531e-02
1.616758852617680153e-01
3.459315505114538003e-02
1.615217018859903542e-01
3.468326627394657802e-02
1.613676331870158021e-01
3.477356297035399252e-02
1.612136791891403131e-01
3.486404518512376677e-02
1.629108525417078124e-01
3.388043865107540076e-02
1.627557536030443119e-01
3.396907030816342932e-02
1.626007693496265838e-01
3.405788718937863280e-02
1.624458997824009820e-01
3.414688933234710788e-02
1.622911449163846886e-01
3.423607677314095127e-02
1.621365047238790269e-01
3.432544952840788088e-02
1.619819792421383631e-01
3.441500765163081621e-02
1.618275684241600731e-01
3.450475114445612779e-02
1.616732723162693230e-01
3.459468006964114273e-02
1.615190908654647872e-01
3.468479442393026385e-02
1.613650241299636190e-01
3.477509427656645669e-02
1.612110720581381995e-01
3.486557962173975067e-02
1.629082240857034347e-01
3.388193860778140887e-02
1.627531270895147542e-01
3.397057339864674452e-02
1.625981447674097746e-01
3.405939341312752555e-02
1.624432771542815845e-01
3.414839870189120830e-02
1.622885242263240324e-01
3.423758927750066017e-02
1.621338859818166334e-01
3.432696517597565861e-02
1.619793624326746062e-01
3.441652643389647714e-02
1.618249535685989948e-01
3.450627307525565290e-02
1.616706593959507110e-01
3.459620513553963994e-02
1.615164799000323725e-01
3.468632263854969783e-02
1.613624150968921422e-01
3.477662562635361332e-02
1.612084649711924556e-01
3.486711411826190488e-02
1.629055956591006216e-01
3.388343861282307190e-02
1.627505006031730872e-01
3.397207654059519050e-02
1.625955202241806119e-01
3.406089969402554402e-02
1.624406545584436146e-01
3.414990812371984652e-02
1.622859035666747995e-01
3.423910183467153423e-02
1.621312672702870938e-01
3.432848087634959855e-02
1.619767456662474514e-01
3.441804527417402504e-02
1.618223387399954638e-01
3.450779505344590131e-02
1.616680465174570591e-01
3.459773025942529390e-02
1.615138689539225569e-01
3.468785089869294569e-02
1.613598060955520885e-01
3.477815703210855591e-02
1.612058579190052687e-01
3.486864866967141069e-02
1.629029672623180103e-01
3.388493866934566556e-02
1.627478741517479344e-01
3.397357973687567534e-02
1.625928957120410245e-01
3.406240602699526360e-02
1.624380319939807971e-01
3.415141759779090347e-02
1.622832829449370462e-01
3.424061444736505033e-02
1.621286485901171637e-01
3.432999662841480781e-02
1.619741289242055404e-01
3.441956416467398250e-02
1.618197239483752659e-01
3.450931708917019669e-02
1.616654336581483664e-01
3.459925543043493312e-02
1.615112580492577277e-01
3.468937921916977196e-02
1.613571971330878263e-01
3.477968849127732742e-02
1.612032508899057248e-01
3.487018326846536009e-02
1.629003389040865057e-01
3.388643878374522633e-02
1.627452477262823494e-01
3.397508298290606576e-02
1.625902712409850182e-01
3.406391241781449308e-02
1.624354094573056129e-01
3.415292712135574449e-02
1.622806623532741799e-01
3.424212711259110031e-02
1.621260299456411813e-01
3.433151243502403221e-02
1.619715122176444144e-01
3.442108310884478550e-02
1.618171091858167654e-01
3.451083917572084214e-02
1.616628208416138468e-01
3.460078065941045444e-02
1.615086471737598728e-01
3.469090758834868227e-02
1.613545881988941999e-01
3.478122000331566183e-02
1.612006439080722608e-01
3.487171792678346594e-02
1.628977105690256333e-01
3.388793894369930559e-02
1.627426213396664934e-01
3.397658628650374046e-02
1.625876468057797786e-01
3.406541886217667736e-02
1.624327869584920869e-01
3.415443669960065848e-02
1.622780417936995623e-01
3.424363983016835700e-02
1.621234113270109412e-01
3.433302829236357934e-02
1.619688955539826392e-01
3.442260211231469580e-02
1.618144944568587484e-01
3.451236131373296157e-02
1.616602080553581344e-01
3.460230594081072086e-02
1.615060363313403080e-01
3.469243601192495419e-02
1.613519793002691216e-01
3.478275156890112130e-02
1.611980369509636857e-01
3.487325263559275940e-02
1.628950822760560357e-01
3.388943916250725108e-02
1.627399949867239792e-01
3.397808964129184206e-02
1.625850223904578840e-01
3.406692535324085114e-02
1.624301644807274736e-01
3.415594632894497495e-02
1.622754212757181180e-01
3.424515260714250386e-02
1.621207927493351630e-01
3.433454420449346539e-02
1.619662789142718162e-01
3.442412116276256928e-02
1.618118797562690947e-01
3.451388350502249819e-02
1.616575953014481037e-01
3.460383127585676954e-02
1.615034255211783842e-01
3.469396448813527600e-02
1.613493704336090573e-01
3.478428318803754998e-02
1.611954300280832031e-01
3.487478739747906092e-02
1.628924540116319930e-01
3.389093943306645262e-02
1.627373686650680218e-01
3.397959304952329757e-02
1.625823980193917828e-01
3.406843190349239520e-02
1.624275420498690892e-01
3.415745601437961826e-02
1.622728007848275866e-01
3.424666543139708030e-02
1.621181741900799556e-01
3.433606016454775200e-02
1.619636623129780406e-01
3.442564027229123857e-02
1.618092650982804193e-01
3.451540575186653331e-02
1.616549825807369056e-01
3.460535666191229265e-02
1.615008147488642687e-01
3.469549301980934253e-02
1.613467615975819336e-01
3.478581485858490974e-02
1.611928231306704595e-01
3.487632221067465954e-02
1.628898257855988518e-01
3.389243976043671003e-02
1.627347423812137983e-01
3.398109651175656304e-02
1.625797736683851913e-01
3.406993850005272939e-02
1.624249196568872400e-01
3.415896575825252968e-02
1.622701803192350689e-01
3.424817830473134150e-02
1.621155556846880508e-01
3.433757618841179471e-02
1.619610457282168181e-01
3.442715942335621004e-02
1.618066504815719453e-01
3.451692805979722500e-02
1.616523698829304412e-01
3.460688209469924004e-02
1.614982040097042160e-01
3.469702160731197305e-02
1.613441527902304551e-01
3.478734658025077475e-02
1.611902162777811842e-01
3.487785708226739945e-02
1.628871975894878310e-01
3.389394013680810391e-02
1.627321161181643216e-01
3.398260002275038660e-02
1.625771493642637067e-01
3.407144515837327164e-02
1.624222972790254627e-01
3.416047554524086205e-02
1.622675599026131843e-01
3.424969124227363743e-02
1.621129371925520701e-01
3.433909225360930878e-02
1.619584292070725129e-01
3.442867864492931557e-02
1.618040358631644693e-01
3.451845039875799104e-02
1.616497572462599064e-01
3.460840760154078322e-02
1.614955932875209998e-01
3.469855023494133189e-02
1.613415440298552050e-01
3.478887836403835726e-02
1.611876094526711600e-01
3.487939200212384488e-02
1.628845694115860221e-01
3.389544056121190918e-02
1.627294899087331215e-01
3.398410359927434010e-02
1.625745250842422773e-01
3.407295186138076248e-02
1.624196749416093044e-01
3.416198538995085521e-02
1.622649395082298718e-01
3.425120422671402987e-02
1.621103187533517176e-01
3.434060838288971462e-02
1.619558126853180846e-01
3.443019790116590151e-02
1.618014213055615769e-01
3.451997281120933181e-02
1.616471446238729737e-01
3.460993314670409576e-02
1.614929826127045054e-01
3.470007892555773688e-02
1.613389352966183021e-01
3.479041019596040146e-02
1.611850026619124909e-01
3.488092697701597467e-02
1.628819412850077419e-01
3.389694104619525583e-02
1.627268637148452934e-01
3.398560721723686839e-02
1.625719008356230622e-01
3.407445862098749945e-02
1.624170526438121209e-01
3.416349529085481451e-02
1.622623191414561683e-01
3.425271726026170999e-02
1.621077003398737615e-01
3.434212456412599757e-02
1.619531962105376921e-01
3.443171721840745936e-02
1.617988067784423001e-01
3.452149527191245015e-02
1.616445320319168100e-01
3.461145874475628215e-02
1.614903719669726068e-01
3.470160766915646872e-02
1.613363265885736642e-01
3.479194207863398058e-02
1.611823959022021246e-01
3.488246200703268296e-02
1.628793131852784848e-01
3.389844158236885591e-02
1.627242375662221185e-01
3.398711089424941850e-02
1.625692766203210571e-01
3.407596543073288659e-02
1.624144303732519001e-01
3.416500524318860643e-02
1.622596988181405353e-01
3.425423035307727238e-02
1.621050819560662937e-01
3.434364079409095438e-02
1.619505797664253510e-01
3.443323658804256504e-02
1.617961922860997048e-01
3.452301778710858970e-02
1.616419194712842566e-01
3.461298439505680613e-02
1.614877613623300068e-01
3.470313646918295192e-02
1.613337179120219733e-01
3.479347401228154169e-02
1.611797891685088913e-01
3.488399708702198676e-02
1.628766851269980165e-01
3.389994217704429824e-02
1.627216114362121102e-01
3.398861461724599770e-02
1.625666524386455425e-01
3.407747229796178473e-02
1.624118081404775371e-01
3.416651524994171463e-02
1.622570785281189365e-01
3.425574349751243225e-02
1.621024635994703089e-01
3.434515707473318608e-02
1.619479633639238358e-01
3.443475601652243312e-02
1.617935778155654147e-01
3.452454034924104520e-02
1.616393069554372675e-01
3.461451010543360740e-02
1.614851507748069903e-01
3.470466531352200956e-02
1.613311092859309459e-01
3.479500601026840056e-02
1.611771824749612392e-01
3.488553221862977782e-02
1.628740570916260288e-01
3.390144281885945632e-02
1.627189853431090238e-01
3.399011839723289907e-02
1.625640282929138314e-01
3.407897921811181563e-02
1.624091859340096033e-01
3.416802530654056147e-02
1.622544582618369591e-01
3.425725669377657767e-02
1.620998452875836437e-01
3.434667341553713366e-02
1.619453469900293263e-01
3.443627549298806934e-02
1.617909633752789011e-01
3.452606296400924368e-02
1.616366944670745154e-01
3.461603586840837632e-02
1.614825402258356357e-01
3.470619421404502747e-02
1.613285006935346322e-01
3.479653806007900613e-02
1.611745758079192736e-01
3.488706740150201990e-02
1.628714290910176221e-01
3.390294351638580006e-02
1.627163592939381842e-01
3.399162223456093923e-02
1.625614041769541940e-01
3.408048618764193682e-02
1.624065637703898668e-01
3.416953542126536375e-02
1.622518380301332108e-01
