4.166410470206261429e+00
4.089371565389760543e-01
4.671230321482420234e-01
1.812189513623140846e-01
4.002516226010788269e-01
2.874698111402835821e-01
3.754731938587077544e-02
3.547997988068411768e-02
1.155331729426482962e-01
9.494183983633631974e-02
7.538359722030103793e-02
8.313147849516372423e-02
8.826628470767652890e-02
8.391530429743783437e-02
8.541488975626018720e-02
8.523455330709689415e-02
8.683546949586294639e-02
8.523100724393398164e-02
8.397449636239009974e-02
8.591757860350586473e-02
8.474790911374106839e-02
8.644055980269371720e-02
8.499271205167163723e-02
8.368826530425771404e-02
8.583381889612110016e-02
8.417920411971380190e-02
8.629132940861909684e-02
8.480869505472828085e-02
8.714062229229743717e-02
8.540751640563827574e-02
8.389744995490523716e-02
8.603161672552275818e-02
8.447390984175105755e-02
8.676365968206120605e-02
8.539679949296233308e-02
8.373682493906524360e-02
8.566877465630033661e-02
8.432307248619838602e-02
8.643784727936437706e-02
8.492225586453838737e-02
8.354130554153166299e-02
8.552692400779872417e-02
8.398633520467513325e-02
8.618180980146533665e-02
8.475853245366540833e-02
8.667182683803414944e-02
8.516262650454535510e-02
8.391767173710754091e-02
8.599890342687198375e-02
8.442050402105544249e-02
8.646840657465201807e-02
8.500979505972625083e-02
8.348848210919269930e-02
8.570039379843391592e-02
8.407966457759910583e-02
8.616882491340388528e-02
8.479059903810887144e-02
8.672622595048314065e-02
8.538662003602669193e-02
8.413085538784341455e-02
8.595429529854786699e-02
8.439235693223520740e-02
8.662665901225921616e-02
8.506494656478087724e-02
8.357433000771292975e-02
8.595832861624591592e-02
8.417719904992421176e-02
8.632484162956491347e-02
8.492261112069719731e-02
8.673612171802896897e-02
8.556561908032672692e-02
8.421145262721332903e-02
8.599780147089884641e-02
8.460165688737393552e-02
8.658447435737483266e-02
8.516473095988831565e-02
8.366864354114264546e-02
8.591135454952211759e-02
8.431940683724187258e-02
8.634745168632922130e-02
8.487069883455418406e-02
8.351172376165359734e-02
8.561162577979990196e-02
8.390951541768001953e-02
8.638596503927087333e-02
8.460948054911315852e-02
8.675862505979028971e-02
8.514294343338375815e-02
8.374856728096286007e-02
8.586369897259737982e-02
8.446440193642131000e-02
8.656784141886464390e-02
8.494378494092666432e-02
8.353051054990910662e-02
8.571324623653737984e-02
8.414552244660980507e-02
8.624996880603695570e-02
8.472326320197048899e-02
8.671007523991430821e-02
8.546985222747069399e-02
8.386789781151078593e-02
8.597078115249613683e-02
8.456381551874216085e-02
8.656626970746103544e-02
8.508811914043853952e-02
8.357567044951252910e-02
8.556888852493538256e-02
8.450089926685286357e-02
8.630591114808260078e-02
8.484165968742843345e-02
8.675278598738866975e-02
8.568952487471409585e-02
8.400173942600776267e-02
8.593013646041458564e-02
8.464309634257206894e-02
8.670940755122941157e-02
8.514054068863255442e-02
8.386688581081205851e-02
8.570723109967082198e-02
8.453439647584176653e-02
8.643448786591297062e-02
8.482284241475987474e-02
8.346142564183008095e-02
8.554343863850190355e-02
8.403966023089202986e-02
8.614512362686410629e-02
8.458094798066261022e-02
8.695085660679476025e-02
8.526470043527356601e-02
8.356066875916112746e-02
8.609281155997329515e-02
8.448363815579833236e-02
8.641248944728488479e-02
8.497608773760471912e-02
8.355079856027869400e-02
8.558033412112463212e-02
8.416764746872668068e-02
8.615528320479401425e-02
8.476707821960237366e-02
8.680783406552347592e-02
8.523199468298085779e-02
8.378470262618922804e-02
8.624343213215082682e-02
8.450907344313200731e-02
8.646425089868806091e-02
8.511272047266817131e-02
8.361600464584811876e-02
8.571173102053708526e-02
8.430095678902910228e-02
8.633483142519890463e-02
8.480264350259349160e-02
8.691470776028362155e-02
8.563959982913024738e-02
8.399918125972480332e-02
8.601711615192067506e-02
8.452321211977938120e-02
8.651641888625972998e-02
8.532924449853893090e-02
8.394741409753515848e-02
8.575106198829138271e-02
8.424267132949887771e-02
8.653697860864392744e-02
8.496989792909315220e-02
8.344970243251632891e-02
8.547530042828775654e-02
8.408792847564329487e-02
8.613987711258366820e-02
8.487819980205070503e-02
8.674754228730607863e-02
8.543665027800231848e-02
8.379362672006793189e-02
8.582903706088736151e-02
8.445865283886987152e-02
8.670746434329308638e-02
8.491788310017082952e-02
8.363623846269971351e-02
8.560022243310473622e-02
8.400605178556758146e-02
8.636671757337008315e-02
8.472965754235838032e-02
8.677782697264359302e-02
8.541312096084696659e-02
8.384499874943013298e-02
8.594007971645664656e-02
8.444922754826650335e-02
8.674363746184779456e-02
8.496209030563274534e-02
8.372385447885771770e-02
8.592726809473523464e-02
8.425782445671439747e-02
8.617135684009119556e-02
8.492038546379872266e-02
8.679989732848791828e-02
8.555841337427015636e-02
8.406434496258910483e-02
8.602345559762683558e-02
8.445672170064996709e-02
8.664150591185404426e-02
8.533134280115602099e-02
8.356957864882545717e-02
8.599482319714137069e-02
8.438589624639325493e-02
8.633921244438011455e-02
8.507445072571807876e-02
8.330057123021249177e-02
8.568112388949129798e-02
8.410717513550179658e-02
8.590869828939801112e-02
8.495009729387996422e-02
8.656630084588920471e-02
8.548022542496122589e-02
8.376458101746139806e-02
8.583788939779465887e-02
8.446214173104520107e-02
8.654106942189349061e-02
8.501325465112311019e-02
8.378244625753700214e-02
8.553729542063059910e-02
8.422542977771758921e-02
8.618513547878836611e-02
8.472120898906397579e-02
8.679592918284108338e-02
8.523439470229338122e-02
8.416705480179854926e-02
8.591430006765318761e-02
8.452611569334221586e-02
8.655517415188912489e-02
8.515736416533839503e-02
8.367973908433992691e-02
8.582148309101565731e-02
8.400668256797585998e-02
8.651470656064458309e-02
8.481636744811225925e-02
8.708095720237331305e-02
8.537474877540023044e-02
8.405407829498548478e-02
8.602079741680404568e-02
8.468337374594615830e-02
8.659613119596451525e-02
8.518898762296531202e-02
8.381102470359784451e-02
8.571563812499839730e-02
8.432053638471780077e-02
8.639702133315707577e-02
8.491854548722421736e-02
8.336118159280769824e-02
8.562178242956924867e-02
8.430059568020001337e-02
8.613120610254301757e-02
8.457774429414201267e-02
8.669906788383911767e-02
8.530010235424054232e-02
8.398812236706473811e-02
8.590634012586774448e-02
8.432270346060670441e-02
8.649263795767211938e-02
8.499280228918804081e-02
8.368167825352731959e-02
8.547739860687131319e-02
8.441322922828338460e-02
8.613656107586459276e-02
8.472249944444987246e-02
8.686304365444995346e-02
8.547193416368288610e-02
8.380571383403531693e-02
8.586328040122583050e-02
8.448941425627014279e-02
8.664657667045869149e-02
8.494819455939657538e-02
8.388535477699492204e-02
8.573101664588614335e-02
8.435146239217211628e-02
8.625302056358236102e-02
8.483007543373115300e-02
8.682107191846177852e-02
8.559137529118422683e-02
8.402692135862699363e-02
8.601520894363931524e-02
8.449866152716468959e-02
8.681334755465898445e-02
8.514662986369764264e-02
8.378272296772577843e-02
8.572471768708639361e-02
8.430107579258118433e-02
8.650917875741807872e-02
8.512903096142741821e-02
8.347178781132894021e-02
8.544182142587970763e-02
8.413003144248863696e-02
8.612421688953690591e-02
8.458370699844353080e-02
8.671497057957813781e-02
8.542135972201019001e-02
8.383277802806302081e-02
8.593733053970525892e-02
8.434877894844870772e-02
8.646134147971377970e-02
8.519896821732092507e-02
8.332809541858149371e-02
8.580605419983210191e-02
8.419792551426236171e-02
8.624106400836885344e-02
8.474440131900108641e-02
8.679027356451932129e-02
8.539522650659052416e-02
8.403681159251623345e-02
8.582915332794931185e-02
8.458315729463697363e-02
8.662949728387797643e-02
8.505154301253158022e-02
8.375081866198695602e-02
8.590633336660441488e-02
8.424505342805684027e-02
8.618746714107208828e-02
8.496036543062587820e-02
8.688403230385467746e-02
8.536833158499503027e-02
8.421142065093525919e-02
8.611397964897754553e-02
8.449038426880078889e-02
8.666668093060433953e-02
8.533693731989500098e-02
8.362781763550869440e-02
8.568377585367932536e-02
8.448095099770855376e-02
8.646002030764873836e-02
8.510098774864470472e-02
8.344462947055444890e-02
8.555093603312205475e-02
8.412459729184099122e-02
8.597946463646689852e-02
8.465371662823226173e-02
8.681092061687170625e-02
8.529866646137286568e-02
8.393417377603060170e-02
8.561878584163623573e-02
8.465514927553235980e-02
8.651913319603464492e-02
8.490345182224851017e-02
8.354038605582883581e-02
8.564140695403102410e-02
8.409470626647447267e-02
8.640806030709503871e-02
8.467296162808826687e-02
8.668694274529603616e-02
8.550732444013739442e-02
8.400676843702695185e-02
8.579478212005518800e-02
8.435615994718917432e-02
8.685794055329035257e-02
8.511299114790429887e-02
8.348483367853980208e-02
8.577145086712589794e-02
8.441909527156600535e-02
8.640728395849164856e-02
8.475754416292197169e-02
8.690181240546743235e-02
8.559149613506206178e-02
8.394033819925837692e-02
8.589146757457637171e-02
8.469736606918198962e-02
8.658698466815063777e-02
8.525407927594697011e-02
8.376273962596657296e-02
8.585072666229839888e-02
8.435145456836319611e-02
8.630112407082313197e-02
8.494821402258383169e-02
8.343357372849767584e-02
8.560159529534597245e-02
8.409082950888101260e-02
8.630576457478073005e-02
8.465963232396257754e-02
8.674057382240189795e-02
8.533380335031587327e-02
8.380451447837700130e-02
8.595167846508315612e-02
8.427695384738707884e-02
8.647715388030455252e-02
8.503310184215384648e-02
8.358233369569550986e-02
8.565733493227362105e-02
8.406125477056189399e-02
8.634032016718803937e-02
8.472358465209048339e-02
8.686530580844267768e-02
8.532595549209046060e-02
8.391991349957067525e-02
8.589134103123029218e-02
8.452640425703103477e-02
8.654764286469483758e-02
8.512389829878772018e-02
