3.901718713585973664e+00
-1.744450245550774325e-01
8.810830231578199445e-01
2.563851506869749830e-01
3.968989018938817170e-01
4.706645227274550147e-02
-2.213862330380126156e-02
1.631526448912295479e-01
3.940191382661342029e-02
2.910378989395912691e-02
7.376035538776649914e-02
4.860980240718917184e-02
5.000771417026939059e-02
5.591348958095619659e-02
5.050236050919273273e-02
5.349423874237227428e-02
5.362759442823585715e-02
5.199362600273824825e-02
5.168704617528391276e-02
5.379980047173976015e-02
5.290369789928018457e-02
5.220168312811240829e-02
5.138852620317954645e-02
5.359563487704509244e-02
5.290534833893772299e-02
5.200789023835675901e-02
5.423128697064633769e-02
5.357575434274120668e-02
5.267932758453092862e-02
5.192551249897818522e-02
5.424973115947175767e-02
5.329962623568582775e-02
5.261877218530194855e-02
5.187843596253822326e-02
5.400780056753159281e-02
5.324989652063812084e-02
5.247538008509676499e-02
5.183437731138838822e-02
5.390902357843239956e-02
5.310579726343163387e-02
5.238648533929465834e-02
5.161447992296760989e-02
5.377433744296026413e-02
5.299744835411213106e-02
5.223979758643532145e-02
5.145744702924837100e-02
5.368048511164778130e-02
5.324234030112925953e-02
5.186323521543607928e-02
5.149640132112282692e-02
5.351055873201124302e-02
5.281342122207618311e-02
5.211491774886523043e-02
5.415755386673640204e-02
5.339064211124611159e-02
5.273443378448479379e-02
5.171112989939218030e-02
5.414076498694558176e-02
5.335543447995534649e-02
5.249785773397911554e-02
5.183542305814287099e-02
5.401886523438310939e-02
5.294627449200243335e-02
5.257688331379493929e-02
5.168333642378037524e-02
5.384956087634167055e-02
5.320231834975258645e-02
5.225898729630538975e-02
5.155108796808452465e-02
5.379451881538695884e-02
5.290959484821503023e-02
5.227884857111420036e-02
5.150184376524243046e-02
5.349814156496087575e-02
5.297490283806269296e-02
5.203453483554627834e-02
5.421105496071935981e-02
5.376618904486031580e-02
5.257698273201687894e-02
5.204416050215485146e-02
5.421762649252373500e-02
5.335559055882826973e-02
5.263247047263362732e-02
5.194611455941337136e-02
5.402599801545506647e-02
5.322883194991587935e-02
5.263359655858265707e-02
5.171503357216809815e-02
5.392019798383646673e-02
5.310220646834623581e-02
5.248321221052985874e-02
5.161026166998976261e-02
5.377460765063291070e-02
5.309281930512409903e-02
5.219951773409552132e-02
5.146031925547698421e-02
5.377141339749977322e-02
5.296762522842864834e-02
5.197920741557830043e-02
5.149047604368462566e-02
5.367966235389187019e-02
5.246947526420427110e-02
5.221385262534199156e-02
5.411566793742927928e-02
5.348896388312575356e-02
5.278355908098476823e-02
5.185795513067055496e-02
5.394253210272953458e-02
5.354114678200393856e-02
5.267363848550900285e-02
5.167815140253896600e-02
5.398100420462673132e-02
5.335956113700603132e-02
5.236120677908392279e-02
5.165679657812169423e-02
5.398972841358133656e-02
5.293119769025515786e-02
5.238584367604900982e-02
5.164849943143979411e-02
5.377797616678522963e-02
5.307603187802156786e-02
5.206266979026513697e-02
5.151475044397968439e-02
5.370344947741589881e-02
5.280284553584697893e-02
5.224374349772873544e-02
5.426407906375165652e-02
5.354684632177027226e-02
5.276056927549015174e-02
5.195435851729135468e-02
5.427700856563321546e-02
5.328860326367089451e-02
5.274258210488223797e-02
5.186000353316947559e-02
5.409891016694867022e-02
5.326502530186402740e-02
5.245721925389391915e-02
5.198854428829913221e-02
5.383647481374689153e-02
5.320750594402439554e-02
5.247315653775175281e-02
5.159833687028619192e-02
5.392655091915977972e-02
5.300609860663466066e-02
5.226665642610858059e-02
5.160678751071873238e-02
5.379482275625287885e-02
5.291974746274348551e-02
5.219506918620586688e-02
5.147962043722935366e-02
5.374492319541900737e-02
5.269678431625431092e-02
5.207924273458069964e-02
5.439231341011491888e-02
5.345707239268705779e-02
5.275338605060975183e-02
5.190342675708468217e-02
5.412373484962255260e-02
5.342384853087138452e-02
5.251109105104830033e-02
5.191776534621665717e-02
5.397053940527973825e-02
5.325855292832681886e-02
5.268559109941981650e-02
5.161184346794615851e-02
5.387965163880829855e-02
5.327288905516414097e-02
5.238765942174992973e-02
5.156600655096850450e-02
5.377849764674050292e-02
5.305453890501927311e-02
5.222470211376815247e-02
5.183754773139587213e-02
5.340663799235220721e-02
5.297363896546222056e-02
5.214936667013011368e-02
5.127974690403440394e-02
5.369718761905088039e-02
5.278450851348857192e-02
5.200620283428260965e-02
5.418282660489935620e-02
5.353479183582100787e-02
5.258331746609741508e-02
5.191659667546720536e-02
5.413526731741667014e-02
5.310319106868013894e-02
5.270543591809578876e-02
5.169858549522817620e-02
5.400888342299565992e-02
5.323123815117281055e-02
5.261172519829619004e-02
5.152362847698799958e-02
5.380079849303005118e-02
5.315604555568315126e-02
5.226983902531339571e-02
5.159596191691398492e-02
5.359935570083539103e-02
5.298999075823584287e-02
5.221484531579642652e-02
5.145688270716457929e-02
5.357582121583993884e-02
5.297019922813844817e-02
5.206208081455793862e-02
5.428104729993991906e-02
5.345675487597618958e-02
5.285732488345569469e-02
5.188301331818401252e-02
5.415415329732611166e-02
5.342498459518581211e-02
5.256050491201541552e-02
5.192362594834939310e-02
5.403882571589013056e-02
5.333271707419792729e-02
5.253194474122911684e-02
5.165334210880754423e-02
5.405364872589022568e-02
5.299695677332207783e-02
5.265321047838319307e-02
5.148082832016723925e-02
5.377780414484221311e-02
5.305449000221830469e-02
5.222497253453912969e-02
5.149713288642725206e-02
5.365581595068155685e-02
5.291543817108140119e-02
5.210246671274845753e-02
5.145355002470142908e-02
5.356544362836664769e-02
5.275750605353063394e-02
5.206225917693538263e-02
5.427463142812883473e-02
5.341451079203734381e-02
5.266022468012869495e-02
5.197171511804583866e-02
5.398469252443796607e-02
5.354447301549603022e-02
5.247117360483791182e-02
5.177032472599280705e-02
5.396960090296379353e-02
5.331460394824436011e-02
5.225965972697130257e-02
5.179161284039202062e-02
5.385961264003559512e-02
5.304908334457247160e-02
5.236077031575074592e-02
5.162803466393205143e-02
5.374860324948664558e-02
5.306714569345915428e-02
5.221134757843050311e-02
5.144798752018412552e-02
5.368758568334149051e-02
5.284055818807280314e-02
5.216975075956457875e-02
5.428309057985115232e-02
5.345587985051596103e-02
5.279351184303043149e-02
5.195173055396502815e-02
5.421669858209066106e-02
5.350437369585049618e-02
5.257483038306775408e-02
5.182972636875358280e-02
5.404987399244765012e-02
5.331538756610498808e-02
5.234400092221170447e-02
5.188941261184313453e-02
5.388856909003873763e-02
5.308665229076524328e-02
5.268424443115899553e-02
5.147538616871102229e-02
5.378888667476919988e-02
5.309636001590419679e-02
5.226604232619266183e-02
5.146565454357029945e-02
5.379904510398875878e-02
5.287394174120847029e-02
5.217066098065279572e-02
5.145690083916316243e-02
5.357823861404659160e-02
5.290434469857910327e-02
5.196206774502267617e-02
5.428821951808198570e-02
5.334234622215666688e-02
5.275806332582388958e-02
5.194538663780378512e-02
5.417635894737864166e-02
5.317255100780570592e-02
5.267699097422768456e-02
5.178924754300019001e-02
5.399660939046847102e-02
5.326232543514271278e-02
5.249357309824707191e-02
5.173464745521926672e-02
5.383445885415194532e-02
5.310628149701333151e-02
5.249433104438133713e-02
5.157536254895287581e-02
5.369219435273667185e-02
5.308508658536250507e-02
5.219110982191679793e-02
5.146066715048640966e-02
5.383776907436646497e-02
5.263866894596901796e-02
5.221062649872593858e-02
5.145726280902397642e-02
5.344723902844234625e-02
5.278319610183792449e-02
5.211078733684269826e-02
5.410957535813224611e-02
5.341548739120275530e-02
5.269009998154838142e-02
5.184422273430115691e-02
5.441373657360087240e-02
5.312180766061914972e-02
5.253953642280725228e-02
5.183893350361185037e-02
5.395004908542774119e-02
5.320966050849713219e-02
5.271830933845200046e-02
5.148854623518182155e-02
5.388016223884999067e-02
5.311053367836643391e-02
5.223834937783689708e-02
5.158091676894899918e-02
5.383571770700704834e-02
5.285681894864781294e-02
5.221204930550640139e-02
5.154723310344343917e-02
5.362664607768419939e-02
5.279204546554660399e-02
5.208072097752239338e-02
5.429171607411303890e-02
5.329396622384057619e-02
5.291678796615442021e-02
5.192609077967685893e-02
5.414008460518938970e-02
5.331766119048454711e-02
5.261365227279542200e-02
5.179286435370730052e-02
5.410273969434679225e-02
5.332976308327255083e-02
5.246339709398303852e-02
5.185998462531263287e-02
5.378870388054948770e-02
5.319160264612023820e-02
5.243720621187690500e-02
5.134962352259525575e-02
5.392618044480872175e-02
5.304810461208721295e-02
5.230508110464164584e-02
5.133718725728553950e-02
5.369105173473388837e-02
5.298890974132516862e-02
5.208122107192374173e-02
5.137307043140024176e-02
5.364182825696105217e-02
5.283866577267939263e-02
5.190232229080686543e-02
5.434502013144934529e-02
5.345546683554042167e-02
5.259721395333922384e-02
5.193860357513334358e-02
5.405064516913912070e-02
5.338459777401739770e-02
5.259187722263131831e-02
5.192355525864597587e-02
5.392749215285384812e-02
5.319041752554480584e-02
5.257066124301261467e-02
5.161668041753193770e-02
5.386314648898797575e-02
5.314384893389795250e-02
5.240216372614787954e-02
5.150037843986846053e-02
5.370815028149759918e-02
5.308556760626357424e-02
5.206002584788719384e-02
5.148378563016439008e-02
5.365007704548407919e-02
5.281449960029283019e-02
5.209564385753523430e-02
5.425884579867279456e-02
5.350551017102143925e-02
5.272097502912902883e-02
5.196366621468995195e-02
5.422654006494868895e-02
5.322478719204578462e-02
5.322882120003443601e-02
5.156986740521683765e-02
5.406849955940155883e-02
5.337867792903996239e-02
5.254614551901157227e-02
5.179110779442850504e-02
5.393694396221934001e-02
5.307199728053452192e-02
5.252858594213530297e-02
5.153923203155451327e-02
5.389322912184504877e-02
5.299686439606946659e-02
5.236511445627597267e-02
5.152310334741164177e-02
5.357715372290931810e-02
5.305379274027408054e-02
5.207339202252596333e-02
5.146766181269906565e-02
5.362439696517594390e-02
5.277884479955367164e-02
5.200736133318141496e-02
